           1           2  0.980555436545427     
           2           3  0.956513503454156     
           2           4  0.970035658704801     
           4           5  0.956613652818609     
           4           6  0.960070644169937     
           6           7  0.955973287254964     
           6           8  0.967909938365823     
           8           9  0.958233133864426     
           8          10  0.962211929860495     
          10          11  0.947474806555903     
           2          12  0.956400183331482     
          10          12  0.971082919606197     
          10          13   1.00058606113840     
           8          14  0.996592399681741     
           6          15   1.00030680422767     
           4          16  0.998636567901340     
           1          17  0.998168226026699     
           1          18  0.970096990453535     
           1          19  0.964000719236322     
          13          20  0.838707400150792     
          14          21  0.841868633883501     
          15          22  0.848032817548234     
          16          23  0.855723007596911     
          17          24  0.843976787482110     
