           1           2   1.43644783701432     
           2           3   1.44824640962267     
           1           4  0.107630891472089     
           3           4   1.39525043312475     
           2           5  0.110081777610715     
           4           5   1.39626345068001     
           1           6   1.43682991238161     
           3           6  0.109869538973341     
           5           6   1.44743980663872     
           4           7   1.03065030624026     
           7           8   1.38725643684636     
           8           9   1.45010707784044     
           7          10  0.105344680825220     
           9          10   1.43098031113986     
           8          11  0.108174237663015     
          10          11   1.43667975315373     
           7          12   1.37091083476766     
          11          12   1.41504697255182     
          12          13  0.937932595809571     
           1          14  0.970906208948633     
           2          15  0.969930963272204     
           3          16  0.969105636801462     
           5          17  0.970038755733041     
           6          18  0.970322799477698     
           8          19  0.966326753707948     
           9          20  0.967515867093624     
          10          21  0.967460953195765     
          11          22  0.965932180806881     
