           1           2   1.01791273874135     
           2           3   1.74971887543881     
           2           4   1.05880428054285     
           4           5  0.910614796057181     
           4           6  0.923094812223375     
           5           6   1.01256363601236     
           1           7  0.943296313589865     
           1           8  0.962728944504414     
           1           9  0.979822254296919     
           4          10  0.968504260299042     
           5          11  0.977503466778848     
           5          12  0.974143316079318     
           6          13  0.977241783638460     
           6          14  0.974725890401896     
