           1           2   1.02658558368387     
           2           3   1.28965788802519     
           3           4   1.54144651106684     
           4           5   1.24069971085350     
           5           6   1.29046106849723     
           6           7   1.54913439583539     
           7           8   1.32599799076301     
           6           9  0.117339146048929     
           8           9   1.55306950858448     
           5          10   1.25613427232931     
           9          10   1.28203018852861     
           2          11   1.52936086353305     
           4          11  0.108570228930964     
          10          11   1.27479971350339     
           4          12   1.02691122071923     
           1          13  0.971018907194581     
           1          14  0.971051401586871     
           1          15  0.985638913425546     
           3          16  0.966892843346301     
           6          17  0.966391782502992     
           7          18  0.971159831418232     
           8          19  0.971005529753822     
           9          20  0.968434312450212     
          11          21  0.966297612769918     
          12          22  0.969985180507835     
          12          23  0.970008794624732     
          12          24  0.984142520712642     
