           1           2   1.01902667507323     
           2           3  0.985846023110400     
           3           4   1.05481521784892     
           4           5   2.89238796845758     
           1           6  0.987402880352929     
           1           7  0.987404533172242     
           1           8  0.986555997240169     
           2           9  0.979407561676097     
           2          10  0.979406055014036     
           3          11  0.953944585070562     
           3          12  0.953936396523974     
           5          13  0.969564504919962     
