           1           2   1.00818543093814     
           2           3  0.967898775758825     
           2           4  0.997816013118368     
           4           5   1.00746533388254     
           5           6  0.997609796445384     
           6           7  0.964335167500987     
           6           8  0.973843058593536     
           8           9  0.960241396342954     
           2          10  0.997148847630641     
           8          10  0.991855957382496     
           8          11  0.978341571965100     
           6          12  0.982620922771347     
          12          13   1.00796714224184     
          12          14   1.00986243840866     
           1          15  0.986006760054347     
           1          16  0.986578325970891     
           1          17  0.986274540587174     
           4          18  0.975973231721700     
           4          19  0.976018314116822     
           5          20  0.972383325010270     
           5          21  0.974571901629228     
          10          22  0.974274815965819     
          10          23  0.975132888820048     
          11          24  0.865978580256107     
          12          25  0.962554221283234     
          13          26  0.983598497220594     
          13          27  0.986283838955729     
          13          28  0.986092540600130     
          14          29  0.984889751136232     
          14          30  0.986037423768831     
          14          31  0.983483854325647     
