           1           2  0.983666796771603     
           2           3  0.956359588863529     
           2           4  0.964929018021175     
           4           5  0.958651135449412     
           4           6  0.968072011377310     
           6           7  0.956069473805732     
           6           8  0.964876661872992     
           8           9  0.957133846136226     
           8          10  0.955035627243373     
          10          11  0.944658150226251     
           2          12  0.958120930978555     
          10          12  0.976158782348746     
          10          13  0.997912023419844     
           8          14  0.997655803738273     
           6          15   1.00384353434702     
           4          16   1.00526097389136     
           1          17  0.998357260412539     
           1          18  0.962618354764624     
           1          19  0.968877573148072     
          13          20  0.842091587751744     
          14          21  0.842574500262667     
          15          22  0.843965134061941     
          16          23  0.847687853082317     
          17          24  0.847860614970653     
