$hessian                                                                        
        0.4676534795  -0.0433149288   0.0132548166  -0.1691206898   0.0018487959
        0.0409848727  -0.0261410862   0.0129974727   0.0015077448  -0.0013392186
       -0.0015778719  -0.0004140757   0.0072388445   0.0080514525   0.0048500742
       -0.1036873125  -0.0466199907  -0.0193817227  -0.0421112316   0.0033901293
        0.0084144355  -0.0936952259   0.0862304041  -0.0416998919  -0.0157601069
       -0.0023829399   0.0044867409  -0.0056251912  -0.0001577951   0.0050495969
       -0.0007183580   0.0036259098  -0.0005618357   0.0001332942  -0.0002335349
       -0.0000548871   0.0000831558   0.0000973037  -0.0001706260   0.0002218738
        0.0014209141  -0.0001685096   0.0001954244   0.0040254947  -0.0007546659
       -0.0173276515  -0.0274008156  -0.0153420670
       -0.0433149288   0.5000529791  -0.0339411522  -0.0018321045  -0.0637204723
        0.0003713420   0.0292654170  -0.0041341980  -0.0053234587  -0.0015778715
        0.0017935743  -0.0007727356  -0.0080592317  -0.0384323659  -0.0091086786
       -0.0479631938  -0.1609308608  -0.0336048917   0.0033707308  -0.0422808700
        0.0100199757   0.0886980591  -0.1823166124   0.0703263926  -0.0227967844
       -0.0017916456   0.0064411090   0.0005229938   0.0012900892  -0.0010522126
        0.0040471441  -0.0046183812   0.0014681607  -0.0002083070   0.0007038736
       -0.0000373351   0.0002672459  -0.0001479434  -0.0001609638  -0.0006994482
        0.0028990250  -0.0019249304   0.0030566495  -0.0054212545   0.0014226356
       -0.0027763701  -0.0029449372  -0.0041232569
        0.0132548166  -0.0339411522   0.4763091455   0.0409847930  -0.0003777883
       -0.0814657906  -0.0093617002   0.0000395996   0.0043298336  -0.0004140748
       -0.0007727353   0.0008209602   0.0048514234   0.0091068115   0.0002068623
       -0.0362090050  -0.0620809855  -0.0802612781   0.0027487982   0.0035814930
       -0.2319968956  -0.0406390929   0.0679732665  -0.0767933620  -0.0099520149
       -0.0008504701   0.0032207132   0.0307948450   0.0002904669  -0.0160430094
       -0.0017848196   0.0023407749   0.0002536684  -0.0000071633   0.0002996189
       -0.0001266324   0.0001841915   0.0000923102  -0.0002973271   0.0003670347
        0.0040158348   0.0019352284  -0.0010567752   0.0030467761   0.0002186198
        0.0062387435   0.0072361791  -0.0003107364
       -0.1691206898  -0.0018321045   0.0409847930   0.4676677964   0.0433201545
        0.0132613309  -0.1036714691   0.0466109379  -0.0193749205   0.0072388506
       -0.0080592405   0.0048514249  -0.0013387343   0.0015784163  -0.0004139665
       -0.0261481487  -0.0129938483   0.0015083110  -0.0056252449   0.0001588376
        0.0050497655  -0.0157558747   0.0023851657   0.0044857602  -0.0937244372
       -0.0862443777  -0.0417134518  -0.0421123590  -0.0033903597   0.0084125792
       -0.0173225109   0.0274035592  -0.0153407386   0.0001942137  -0.0040264390
       -0.0007550172   0.0002217572  -0.0014204650  -0.0001682162   0.0000830820
       -0.0000973391  -0.0001706069   0.0001333803   0.0002336343  -0.0000548637
       -0.0007196116  -0.0036265315  -0.0005621833
        0.0018487959  -0.0637204723  -0.0003777883   0.0433201545   0.5000371792
        0.0339396983   0.0479544988  -0.1609487249   0.0336063014   0.0080514577
       -0.0384323424   0.0091067994   0.0015784163   0.0017930096   0.0007728449
       -0.0292615589  -0.0041272943   0.0053230117  -0.0005225168   0.0012901462
        0.0010517392   0.0227993099  -0.0017957152  -0.0064420051  -0.0887120515
       -0.1822845381  -0.0703216381  -0.0033708412  -0.0422794619  -0.0100173338
        0.0027786639  -0.0029499007   0.0041257702  -0.0030575610  -0.0054199695
       -0.0014226087   0.0006998774   0.0028991801   0.0019249885  -0.0002672846
       -0.0001478700   0.0001610075   0.0002084081   0.0007038027   0.0000373785
       -0.0040477685  -0.0046170284  -0.0014681656
        0.0409848727   0.0003713420  -0.0814657906   0.0132613309   0.0339396983
        0.4763099309  -0.0361973843   0.0620852079  -0.0802589388   0.0048500748
       -0.0091086777   0.0002068676  -0.0004139659   0.0007728460   0.0008210086
       -0.0093623417  -0.0000382344   0.0043299238   0.0307947648  -0.0002952240
       -0.0160429652  -0.0099513102   0.0008520130   0.0032206621  -0.0406523433
       -0.0679686494  -0.0767962104   0.0027479882  -0.0035779014  -0.2319969702
        0.0062376473  -0.0072372965  -0.0003107646  -0.0010574028  -0.0030467557
        0.0002184734   0.0003663674  -0.0040158570   0.0019351559   0.0001841699
       -0.0000923432  -0.0002973353  -0.0000071734  -0.0002995943  -0.0001266218
       -0.0017852945  -0.0023405738   0.0002535745
       -0.0261410862   0.0292654170  -0.0093617002  -0.1036714691   0.0479544988
       -0.0361973843   0.6073173230  -0.0000115753  -0.0155697813  -0.1036873149
       -0.0479631549  -0.0362089709  -0.0261481504  -0.0292615556  -0.0093623268
        0.0046660380  -0.0000003652  -0.0004374587   0.0016226059  -0.0000417994
       -0.0010098108  -0.0074942286   0.0008523421   0.0017980107   0.0061122117
       -0.0106886739   0.0044189636  -0.0017018682   0.0073908013  -0.0120787885
       -0.3503856186   0.0000239102   0.1210057989   0.0061127461   0.0106823180
        0.0044181422  -0.0017047490  -0.0073927268  -0.0120825673   0.0016225908
        0.0000415455  -0.0010099409  -0.0074944599  -0.0008509217   0.0017979226
        0.0009754294  -0.0000000603  -0.0001201083
        0.0129974727  -0.0041341980   0.0000395996   0.0466109379  -0.1609487249
        0.0620852079  -0.0000115753   0.4678366282   0.0000037062  -0.0466199844
       -0.1609307607  -0.0620809242  -0.0129938392  -0.0041272883  -0.0000382290
       -0.0000003660  -0.0002003473   0.0000000482  -0.0008587624   0.0002926664
       -0.0000358991   0.0000433944   0.0009022829  -0.0002518385   0.0106220642
       -0.0318927077   0.0088930503   0.0097038923  -0.0153405509   0.0214709692
        0.0000244682  -0.0451035564  -0.0000100744  -0.0106283197  -0.0318927405
       -0.0088944220  -0.0097057238  -0.0153364893  -0.0214687378   0.0008585427
        0.0002925058   0.0000360277  -0.0000420793   0.0009024226   0.0002515045
       -0.0000001222  -0.0003191419   0.0000000112
        0.0015077448  -0.0053234587   0.0043298336  -0.0193749205   0.0336063014
       -0.0802589388  -0.0155697813   0.0000037062   0.2372884673  -0.0193816886
       -0.0336048286  -0.0802612595   0.0015083292   0.0053230277   0.0043299248
       -0.0004374580   0.0000000485   0.0013053764  -0.0006770228  -0.0004058920
        0.0014409578   0.0021067354  -0.0004864185   0.0004101441   0.0041461037
       -0.0074480200   0.0037623338  -0.0190381281   0.0330086828  -0.0237125748
        0.0789010913  -0.0000066145  -0.0502414636   0.0041475957   0.0074465969
        0.0037626764  -0.0190438497  -0.0330052639  -0.0237137872  -0.0006770496
        0.0004059422   0.0014408762   0.0021067443   0.0004861298   0.0004100663
       -0.0002244458   0.0000000606  -0.0002926329
       -0.0013392186  -0.0015778715  -0.0004140748   0.0072388506   0.0080514577
        0.0048500748  -0.1036873149  -0.0466199844  -0.0193816886   0.4676535021
       -0.0433149880   0.0132547879  -0.1691206886   0.0018488122   0.0409848922
       -0.0261410968   0.0129974873   0.0015077327   0.0000831571   0.0000973041
       -0.0001706261   0.0001332962  -0.0002335346  -0.0000548862   0.0001954236
        0.0040254975  -0.0007546649   0.0002218741   0.0014209108  -0.0001685061
       -0.0173276664  -0.0274008122  -0.0153420571  -0.0936952364   0.0862304066
       -0.0416999046  -0.0421112247   0.0033901312   0.0084144066  -0.0056251860
       -0.0001577937   0.0050495979  -0.0157601124  -0.0023829374   0.0044867464
       -0.0007183589   0.0036259143  -0.0005618301
       -0.0015778719   0.0017935743  -0.0007727353  -0.0080592405  -0.0384323424
       -0.0091086777  -0.0479631549  -0.1609307607  -0.0336048286  -0.0433149880
        0.5000528194  -0.0339411770  -0.0018320899  -0.0637204703   0.0003713271
        0.0292654241  -0.0041342083  -0.0053234463   0.0002672456  -0.0001479426
       -0.0001609641  -0.0002083081   0.0007038721  -0.0000373360   0.0030566491
       -0.0054212528   0.0014226355  -0.0006994457   0.0028990235  -0.0019249269
       -0.0027763783  -0.0029449424  -0.0041232600   0.0886980584  -0.1823165757
        0.0703264054   0.0033707359  -0.0422808623   0.0100199318   0.0005230117
        0.0012900903  -0.0010522223  -0.0227967896  -0.0017916413   0.0064411167
        0.0040471422  -0.0046183808   0.0014681577
       -0.0004140757  -0.0007727356   0.0008209602   0.0048514249   0.0091067994
        0.0002068676  -0.0362089709  -0.0620809242  -0.0802612595   0.0132547879
       -0.0339411770   0.4763092551   0.0409848154  -0.0003778039  -0.0814658058
       -0.0093617158   0.0000396056   0.0043298377   0.0001841915   0.0000923101
       -0.0002973266  -0.0000071629   0.0002996192  -0.0001266310  -0.0010567739
        0.0030467674   0.0002186241   0.0003670343   0.0040158251   0.0019352243
        0.0062387575   0.0072362025  -0.0003107220  -0.0406391056   0.0679732820
       -0.0767933814   0.0027487725   0.0035814621  -0.2319969977   0.0307948451
        0.0002904538  -0.0160430212  -0.0099520008  -0.0008504663   0.0032207105
       -0.0017848234   0.0023407798   0.0002536656
        0.0072388445  -0.0080592317   0.0048514234  -0.0013387343   0.0015784163
       -0.0004139659  -0.0261481504  -0.0129938392   0.0015083292  -0.1691206886
       -0.0018320899   0.0409848154   0.4676678068   0.0433201587   0.0132613560
       -0.1036714748   0.0466109409  -0.0193749675   0.0002217567  -0.0014204693
       -0.0001682186   0.0001942144  -0.0040264365  -0.0007550173   0.0001333796
        0.0002336346  -0.0000548638   0.0000830813  -0.0000973388  -0.0001706081
       -0.0007196132  -0.0036265320  -0.0005621880  -0.0157558673   0.0023851666
        0.0044857601  -0.0056252380   0.0001588403   0.0050497635  -0.0421123605
       -0.0033903531   0.0084125373  -0.0937244603  -0.0862444211  -0.0417134023
       -0.0173224960   0.0274035543  -0.0153407532
        0.0080514525  -0.0384323659   0.0091068115   0.0015784163   0.0017930096
        0.0007728460  -0.0292615556  -0.0041272883   0.0053230277   0.0018488122
       -0.0637204703  -0.0003778039   0.0433201587   0.5000373559   0.0339396643
        0.0479545304  -0.1609487802   0.0336063746   0.0006998786   0.0028991811
        0.0019249925  -0.0030575606  -0.0054199732  -0.0014226083   0.0002084072
        0.0007038035   0.0000373779  -0.0002672845  -0.0001478705   0.0001610070
       -0.0040477712  -0.0046170280  -0.0014681680   0.0227993030  -0.0017957179
       -0.0064420079  -0.0005225065   0.0012901453   0.0010517332  -0.0033708349
       -0.0422794710  -0.0100174533  -0.0887121009  -0.1822846365  -0.0703215577
        0.0027786555  -0.0029498937   0.0041257644
        0.0048500742  -0.0091086786   0.0002068623  -0.0004139665   0.0007728449
        0.0008210086  -0.0093623268  -0.0000382290   0.0043299248   0.0409848922
        0.0003713271  -0.0814658058   0.0132613560   0.0339396643   0.4763098385
       -0.0361974334   0.0620852734  -0.0802589766   0.0003663678  -0.0040158675
        0.0019351598  -0.0010574026  -0.0030467607   0.0002184710  -0.0000071735
       -0.0002995941  -0.0001266226   0.0001841697  -0.0000923435  -0.0002973352
       -0.0017852916  -0.0023405690   0.0002535761  -0.0099513124   0.0008520147
        0.0032206657   0.0307947634  -0.0002952306  -0.0160429671   0.0027479440
       -0.0035780119  -0.2319969124  -0.0406522943  -0.0679685669  -0.0767961115
        0.0062376339  -0.0072372727  -0.0003107755
       -0.1036873125  -0.0479631938  -0.0362090050  -0.0261481487  -0.0292615589
       -0.0093623417   0.0046660380  -0.0000003660  -0.0004374580  -0.0261410968
        0.0292654241  -0.0093617158  -0.1036714748   0.0479545304  -0.0361974334
        0.6073178643  -0.0000115771  -0.0155693247  -0.0017047393  -0.0073927139
       -0.0120825692   0.0061127421   0.0106823219   0.0044181440  -0.0074944613
       -0.0008509242   0.0017979224   0.0016225917   0.0000415458  -0.0010099413
        0.0009754299  -0.0000000614  -0.0001201057  -0.0074942308   0.0008523446
        0.0017980118   0.0016226095  -0.0000417987  -0.0010098123  -0.0017018656
        0.0073907944  -0.0120787962   0.0061122109  -0.0106886790   0.0044189694
       -0.3503861568   0.0000239116   0.1210054555
       -0.0466199907  -0.1609308608  -0.0620809855  -0.0129938483  -0.0041272943
       -0.0000382344  -0.0000003652  -0.0002003473   0.0000000485   0.0129974873
       -0.0041342083   0.0000396056   0.0466109409  -0.1609487802   0.0620852734
       -0.0000115771   0.4678367421   0.0000036951  -0.0097057164  -0.0153364899
       -0.0214687542  -0.0106283184  -0.0318927383  -0.0088944281  -0.0000420822
        0.0009024222   0.0002515067   0.0008585419   0.0002925072   0.0000360283
       -0.0000001223  -0.0003191394   0.0000000113   0.0000433998   0.0009022826
       -0.0002518397  -0.0008587629   0.0002926684  -0.0000358988   0.0097038815
       -0.0153405308   0.0214709758   0.0106220655  -0.0318927002   0.0088930649
        0.0000244664  -0.0451035330  -0.0000100689
       -0.0193817227  -0.0336048917  -0.0802612781   0.0015083110   0.0053230117
        0.0043299238  -0.0004374587   0.0000000482   0.0013053764   0.0015077327
       -0.0053234463   0.0043298377  -0.0193749675   0.0336063746  -0.0802589766
       -0.0155693247   0.0000036951   0.2372882573  -0.0190438511  -0.0330052580
       -0.0237138146   0.0041475931   0.0074466015   0.0037626739   0.0021067389
        0.0004861295   0.0004100696  -0.0006770491   0.0004059405   0.0014408784
       -0.0002244458   0.0000000604  -0.0002926291   0.0021067326  -0.0004864188
        0.0004101465  -0.0006770218  -0.0004058923   0.0014409617  -0.0190381389
        0.0330086701  -0.0237126100   0.0041460975  -0.0074480123   0.0037623279
        0.0789007745  -0.0000066122  -0.0502411447
       -0.0421112316   0.0033707308   0.0027487982  -0.0056252449  -0.0005225168
        0.0307947648   0.0016226059  -0.0008587624  -0.0006770228   0.0000831571
        0.0002672456   0.0001841915   0.0002217567   0.0006998786   0.0003663678
       -0.0017047393  -0.0097057164  -0.0190438511   0.0525238018   0.0041745935
       -0.0024090376   0.0005509271   0.0024862527  -0.0156801203   0.0005715016
        0.0000090854   0.0004507686  -0.0063758308   0.0003638225   0.0034663155
        0.0002143999  -0.0001930538   0.0000102546  -0.0001136400  -0.0000325918
        0.0000230699  -0.0001798258  -0.0001695906  -0.0000482795   0.0000580943
       -0.0000798362   0.0005611898  -0.0001868654   0.0002784979   0.0000538998
        0.0004511333  -0.0000880389  -0.0008013093
        0.0033901293  -0.0422808700   0.0035814930   0.0001588376   0.0012901462
       -0.0002952240  -0.0000417994   0.0002926664  -0.0004058920   0.0000973041
       -0.0001479426   0.0000923101  -0.0014204693   0.0028991811  -0.0040158675
       -0.0073927139  -0.0153364899  -0.0330052580   0.0041745935   0.0536143381
        0.0056338058   0.0009682568  -0.0020661352   0.0255750767  -0.0003140976
       -0.0000639298   0.0004828380  -0.0003627187   0.0006932550   0.0000798561
       -0.0000505043  -0.0000795824   0.0000705001  -0.0000385203  -0.0000535068
        0.0000119085  -0.0001695909  -0.0000899936   0.0002085516   0.0000798770
        0.0004251510   0.0017001029  -0.0000413250   0.0004871418   0.0003038262
        0.0009627413   0.0004165707  -0.0000180276
        0.0084144355   0.0100199757  -0.2319968956   0.0050497655   0.0010517392
       -0.0160429652  -0.0010098108  -0.0000358991   0.0014409578  -0.0001706261
       -0.0001609641  -0.0002973266  -0.0001682186   0.0019249925   0.0019351598
       -0.0120825692  -0.0214687542  -0.0237138146  -0.0024090376   0.0056338058
        0.2840901376  -0.0012432480   0.0039358503  -0.0173324875  -0.0001936286
        0.0002615687   0.0002499230   0.0034662875  -0.0000804022  -0.0008772232
       -0.0003131632   0.0001678557   0.0001123766   0.0000162511  -0.0000623075
        0.0000040707  -0.0000482800   0.0002085516   0.0000451978   0.0005609116
       -0.0017002033   0.0007464611  -0.0000038929   0.0003010872   0.0002497669
        0.0001348239   0.0000031036   0.0013866614
       -0.0936952259   0.0886980591  -0.0406390929  -0.0157558747   0.0227993099
       -0.0099513102  -0.0074942286   0.0000433944   0.0021067354   0.0001332962
       -0.0002083081  -0.0000071629   0.0001942144  -0.0030575606  -0.0010574026
        0.0061127421  -0.0106283184   0.0041475931   0.0005509271   0.0009682568
       -0.0012432480   0.1099958245  -0.0991144657   0.0466047103   0.0000114105
        0.0002294356  -0.0003670235   0.0005715637   0.0003140391  -0.0001936335
       -0.0011062380   0.0016663051  -0.0002482954   0.0000317100  -0.0001046598
        0.0000259040  -0.0001136400  -0.0000385201   0.0000162511  -0.0001869228
        0.0000414063  -0.0000039830   0.0001514076  -0.0008076140   0.0001931731
        0.0005990336  -0.0008007595   0.0006167852
        0.0862304041  -0.1823166124   0.0679732665   0.0023851657  -0.0017957152
        0.0008520130   0.0008523421   0.0009022829  -0.0004864185  -0.0002335346
        0.0007038721   0.0002996192  -0.0040264365  -0.0054199732  -0.0030467607
        0.0106823219  -0.0318927383   0.0074466015   0.0024862527  -0.0020661352
        0.0039358503  -0.0991144657   0.2236950545  -0.0774281698  -0.0002293881
        0.0002072455   0.0000892389  -0.0000091873  -0.0000639704  -0.0002615418
        0.0000170246  -0.0002166467   0.0000241754  -0.0001046595   0.0000268493
       -0.0000142108  -0.0000325920  -0.0000535068  -0.0000623076  -0.0002783892
        0.0004871930  -0.0003010842   0.0008072460  -0.0021807332   0.0005205754
        0.0005678958  -0.0000164661   0.0004591532
       -0.0416998919   0.0703263926  -0.0767933620   0.0044857602  -0.0064420051
        0.0032206621   0.0017980107  -0.0002518385   0.0004101441  -0.0000548862
       -0.0000373360  -0.0001266310  -0.0007550173  -0.0014226083   0.0002184710
        0.0044181440  -0.0088944281   0.0037626739  -0.0156801203   0.0255750767
       -0.0173324875   0.0466047103  -0.0774281698   0.0852098729  -0.0003670662
       -0.0000891963  -0.0000516848   0.0004507300  -0.0004829022   0.0002499530
        0.0002199974  -0.0003414638   0.0002409368   0.0000259040  -0.0000142109
       -0.0000283072   0.0000230695   0.0000119089   0.0000040703   0.0000538102
       -0.0003038516   0.0002497136   0.0001931267  -0.0005206360   0.0003662041
        0.0002837187   0.0003152683   0.0003997706
       -0.0157601069  -0.0227967844  -0.0099520149  -0.0937244372  -0.0887120515
       -0.0406523433   0.0061122117   0.0106220642   0.0041461037   0.0001954236
        0.0030566491  -0.0010567739   0.0001333796   0.0002084072  -0.0000071735
       -0.0074944613  -0.0000420822   0.0021067389   0.0005715016  -0.0003140976
       -0.0001936286   0.0000114105  -0.0002293881  -0.0003670662   0.1100292431
        0.0991324268   0.0466202359   0.0005503190  -0.0009687186  -0.0012439883
        0.0005992269   0.0008006576   0.0006166741   0.0001514081   0.0008072462
        0.0001931271  -0.0001868651  -0.0000413249  -0.0000038927  -0.0001136019
        0.0000385659   0.0000163093   0.0000318211   0.0001046247   0.0000260332
       -0.0011064727  -0.0016661944  -0.0002483406
       -0.0023829399  -0.0017916456  -0.0008504701  -0.0862443777  -0.1822845381
       -0.0679686494  -0.0106886739  -0.0318927077  -0.0074480200   0.0040254975
       -0.0054212528   0.0030467674   0.0002336346   0.0007038035  -0.0002995941
       -0.0008509242   0.0009024222   0.0004861295   0.0000090854  -0.0000639298
        0.0002615687   0.0002294356   0.0002072455  -0.0000891963   0.0991324268
        0.2236586968   0.0774232517  -0.0024863471  -0.0020649129  -0.0039353043
       -0.0005680145  -0.0000165229  -0.0004592629  -0.0008076144  -0.0021807329
       -0.0005206362   0.0002784971   0.0004871408   0.0003010857   0.0000325986
       -0.0000535232   0.0000622982   0.0001046249   0.0000268239   0.0000141681
       -0.0000169089  -0.0002163667  -0.0000241360
        0.0044867409   0.0064411090   0.0032207132  -0.0417134518  -0.0703216381
       -0.0767962104   0.0044189636   0.0088930503   0.0037623338  -0.0007546649
        0.0014226355   0.0002186241  -0.0000548638   0.0000373779  -0.0001266226
        0.0017979224   0.0002515067   0.0004100696   0.0004507686   0.0004828380
        0.0002499230  -0.0003670235   0.0000892389  -0.0000516848   0.0466202359
        0.0774232517   0.0852134676  -0.0156844989  -0.0255721593  -0.0173331673
        0.0002836075  -0.0003152546   0.0003997197   0.0001931731   0.0005205751
        0.0003662034   0.0000539006   0.0003038278   0.0002497667   0.0000231085
       -0.0000118891   0.0000041136   0.0000260333   0.0000141681  -0.0000281848
        0.0002200486   0.0003413620   0.0002409353
       -0.0056251912   0.0005229938   0.0307948450  -0.0421123590  -0.0033708412
        0.0027479882  -0.0017018682   0.0097038923  -0.0190381281   0.0002218741
       -0.0006994457   0.0003670343   0.0000830813  -0.0002672845   0.0001841697
        0.0016225917   0.0008585419  -0.0006770491  -0.0063758308  -0.0003627187
        0.0034662875   0.0005715637  -0.0000091873   0.0004507300   0.0005503190
       -0.0024863471  -0.0156844989   0.0525225047  -0.0041743608  -0.0024098469
        0.0004510263   0.0000880520  -0.0008013209  -0.0001869225  -0.0002783881
        0.0000538104   0.0000580946   0.0000798769   0.0005609104  -0.0001797493
        0.0001696119  -0.0000482979  -0.0001136018   0.0000325987   0.0000231085
        0.0002144673   0.0001930059   0.0000102578
       -0.0001577951   0.0012900892   0.0002904669  -0.0033903597  -0.0422794619
       -0.0035779014   0.0073908013  -0.0153405509   0.0330086828   0.0014209108
        0.0028990235   0.0040158251  -0.0000973388  -0.0001478705  -0.0000923435
        0.0000415458   0.0002925072   0.0004059405   0.0003638225   0.0006932550
       -0.0000804022   0.0003140391  -0.0000639704  -0.0004829022  -0.0009687186
       -0.0020649129  -0.0255721593  -0.0041743608   0.0536160181  -0.0056383598
       -0.0009627349   0.0004167150   0.0000181433   0.0000414061   0.0004871919
       -0.0003038527  -0.0000798368   0.0004251510  -0.0017002010   0.0001696116
       -0.0000900407  -0.0002085438   0.0000385658  -0.0000535229  -0.0000118892
        0.0000504418  -0.0000796207  -0.0000705036
        0.0050495969  -0.0010522126  -0.0160430094   0.0084125792  -0.0100173338
       -0.2319969702  -0.0120787885   0.0214709692  -0.0237125748  -0.0001685061
       -0.0019249269   0.0019352243  -0.0001706081   0.0001610070  -0.0002973352
       -0.0010099413   0.0000360283   0.0014408784   0.0034663155   0.0000798561
       -0.0008772232  -0.0001936335  -0.0002615418   0.0002499530  -0.0012439883
       -0.0039353043  -0.0173331673  -0.0024098469  -0.0056383598   0.2840897088
        0.0001347953  -0.0000031438   0.0013866572  -0.0000039829  -0.0003010829
        0.0002497130   0.0005611893   0.0017001004   0.0007464593  -0.0000482976
       -0.0002085437   0.0000451959   0.0000163094   0.0000622981   0.0000041138
       -0.0003131922  -0.0001678094   0.0001123762
       -0.0007183580   0.0040471441  -0.0017848196  -0.0173225109   0.0027786639
        0.0062376473  -0.3503856186   0.0000244682   0.0789010913  -0.0173276664
       -0.0027763783   0.0062387575  -0.0007196132  -0.0040477712  -0.0017852916
        0.0009754299  -0.0000001223  -0.0002244458   0.0002143999  -0.0000505043
       -0.0003131632  -0.0011062380   0.0000170246   0.0002199974   0.0005992269
       -0.0005680145   0.0002836075   0.0004510263  -0.0009627349   0.0001347953
        0.3849153244  -0.0000258981  -0.0884288438   0.0005990319   0.0005678954
        0.0002837171   0.0004511319   0.0009627416   0.0001348228   0.0002144690
        0.0000504418  -0.0003131924  -0.0011064731  -0.0000169086   0.0002200495
        0.0002664379  -0.0000000472   0.0001952707
        0.0036259098  -0.0046183812   0.0023407749   0.0274035592  -0.0029499007
       -0.0072372965   0.0000239102  -0.0451035564  -0.0000066145  -0.0274008122
       -0.0029449424   0.0072362025  -0.0036265320  -0.0046170280  -0.0023405690
       -0.0000000614  -0.0003191394   0.0000000604  -0.0001930538  -0.0000795824
        0.0001678557   0.0016663051  -0.0002166467  -0.0003414638   0.0008006576
       -0.0000165229  -0.0003152546   0.0000880520   0.0004167150  -0.0000031438
       -0.0000258981   0.0602960264   0.0000075256  -0.0008007595  -0.0000164680
        0.0003152701  -0.0000880404   0.0004165709   0.0000031045   0.0001930055
       -0.0000796196  -0.0001678087  -0.0016661949  -0.0002163662   0.0003413638
       -0.0000000470   0.0000488417  -0.0000000067
       -0.0005618357   0.0014681607   0.0002536684  -0.0153407386   0.0041257702
       -0.0003107646   0.1210057989  -0.0000100744  -0.0502414636  -0.0153420571
       -0.0041232600  -0.0003107220  -0.0005621880  -0.0014681680   0.0002535761
       -0.0001201057   0.0000000113  -0.0002926291   0.0000102546   0.0000705001
        0.0001123766  -0.0002482954   0.0000241754   0.0002409368   0.0006166741
       -0.0004592629   0.0003997197  -0.0008013209   0.0000181433   0.0013866572
       -0.0884288438   0.0000075256   0.0465214000   0.0006167846   0.0004591520
        0.0003997667  -0.0008013121  -0.0000180266   0.0013866656   0.0000102582
       -0.0000705041   0.0001123783  -0.0002483414  -0.0000241362   0.0002409369
        0.0001952685  -0.0000000066  -0.0001525031
        0.0001332942  -0.0002083070  -0.0000071633   0.0001942137  -0.0030575610
       -0.0010574028   0.0061127461  -0.0106283197   0.0041475957  -0.0936952364
        0.0886980584  -0.0406391056  -0.0157558673   0.0227993030  -0.0099513124
       -0.0074942308   0.0000433998   0.0021067326  -0.0001136400  -0.0000385203
        0.0000162511   0.0000317100  -0.0001046595   0.0000259040   0.0001514081
       -0.0008076144   0.0001931731  -0.0001869225   0.0000414061  -0.0000039829
        0.0005990319  -0.0008007595   0.0006167846   0.1099958320  -0.0991144641
        0.0466047280   0.0005509248   0.0009682602  -0.0012432506   0.0005715632
        0.0003140380  -0.0001936334   0.0000114109   0.0002294357  -0.0003670239
       -0.0011062379   0.0016663044  -0.0002482943
       -0.0002335349   0.0007038736   0.0002996189  -0.0040264390  -0.0054199695
       -0.0030467557   0.0106823180  -0.0318927405   0.0074465969   0.0862304066
       -0.1823165757   0.0679732820   0.0023851666  -0.0017957179   0.0008520147
        0.0008523446   0.0009022826  -0.0004864188  -0.0000325918  -0.0000535068
       -0.0000623075  -0.0001046598   0.0000268493  -0.0000142109   0.0008072462
       -0.0021807329   0.0005205751  -0.0002783881   0.0004871919  -0.0003010829
        0.0005678954  -0.0000164680   0.0004591520  -0.0991144641   0.2236950169
       -0.0774281837   0.0024862510  -0.0020661303   0.0039358475  -0.0000091871
       -0.0000639713  -0.0002615417  -0.0002293883   0.0002072461   0.0000892389
        0.0000170245  -0.0002166476   0.0000241752
       -0.0000548871  -0.0000373351  -0.0001266324  -0.0007550172  -0.0014226087
        0.0002184734   0.0044181422  -0.0088944220   0.0037626764  -0.0416999046
        0.0703264054  -0.0767933814   0.0044857601  -0.0064420079   0.0032206657
        0.0017980118  -0.0002518397   0.0004101465   0.0000230699   0.0000119085
        0.0000040707   0.0000259040  -0.0000142108  -0.0000283072   0.0001931271
       -0.0005206362   0.0003662034   0.0000538104  -0.0003038527   0.0002497130
        0.0002837171   0.0003152701   0.0003997667   0.0466047280  -0.0774281837
        0.0852098924  -0.0156801221   0.0255750740  -0.0173324907   0.0004507294
       -0.0004829015   0.0002499523  -0.0003670659  -0.0000891966  -0.0000516842
        0.0002199968  -0.0003414629   0.0002409354
        0.0000831558   0.0002672459   0.0001841915   0.0002217572   0.0006998774
        0.0003663674  -0.0017047490  -0.0097057238  -0.0190438497  -0.0421112247
        0.0033707359   0.0027487725  -0.0056252380  -0.0005225065   0.0307947634
        0.0016226095  -0.0008587629  -0.0006770218  -0.0001798258  -0.0001695909
       -0.0000482800  -0.0001136400  -0.0000325920   0.0000230695  -0.0001868651
        0.0002784971   0.0000539006   0.0000580946  -0.0000798368   0.0005611893
        0.0004511319  -0.0000880404  -0.0008013121   0.0005509248   0.0024862510
       -0.0156801221   0.0525237985   0.0041745912  -0.0024090058  -0.0063758301
        0.0003638243   0.0034663154   0.0005715019   0.0000090854   0.0004507675
        0.0002143985  -0.0001930548   0.0000102543
        0.0000973037  -0.0001479434   0.0000923102  -0.0014204650   0.0028991801
       -0.0040158570  -0.0073927268  -0.0153364893  -0.0330052639   0.0033901312
       -0.0422808623   0.0035814621   0.0001588403   0.0012901453  -0.0002952306
       -0.0000417987   0.0002926684  -0.0004058923  -0.0001695906  -0.0000899936
        0.0002085516  -0.0000385201  -0.0000535068   0.0000119089  -0.0000413249
        0.0004871408   0.0003038278   0.0000798769   0.0004251510   0.0017001004
        0.0009627416   0.0004165709  -0.0000180266   0.0009682602  -0.0020661303
        0.0255750740   0.0041745912   0.0536143277   0.0056338433  -0.0003627173
        0.0006932545   0.0000798552  -0.0003140972  -0.0000639293   0.0004828371
       -0.0000505043  -0.0000795835   0.0000704999
       -0.0001706260  -0.0001609638  -0.0002973271  -0.0001682162   0.0019249885
        0.0019351559  -0.0120825673  -0.0214687378  -0.0237137872   0.0084144066
        0.0100199318  -0.2319969977   0.0050497635   0.0010517332  -0.0160429671
       -0.0010098123  -0.0000358988   0.0014409617  -0.0000482795   0.0002085516
        0.0000451978   0.0000162511  -0.0000623076   0.0000040703  -0.0000038927
        0.0003010857   0.0002497667   0.0005609104  -0.0017002010   0.0007464593
        0.0001348228   0.0000031045   0.0013866656  -0.0012432506   0.0039358475
       -0.0173324907  -0.0024090058   0.0056338433   0.2840902204   0.0034662882
       -0.0000804027  -0.0008772246  -0.0001936283   0.0002615688   0.0002499223
       -0.0003131638   0.0001678568   0.0001123745
        0.0002218738  -0.0006994482   0.0003670347   0.0000830820  -0.0002672846
        0.0001841699   0.0016225908   0.0008585427  -0.0006770496  -0.0056251860
        0.0005230117   0.0307948451  -0.0421123605  -0.0033708349   0.0027479440
       -0.0017018656   0.0097038815  -0.0190381389   0.0000580943   0.0000798770
        0.0005609116  -0.0001869228  -0.0002783892   0.0000538102  -0.0001136019
        0.0000325986   0.0000231085  -0.0001797493   0.0001696116  -0.0000482976
        0.0002144690   0.0001930055   0.0000102582   0.0005715632  -0.0000091871
        0.0004507294  -0.0063758301  -0.0003627173   0.0034662882   0.0525225005
       -0.0041743614  -0.0024097954   0.0005503156  -0.0024863559  -0.0156845015
        0.0004510270   0.0000880500  -0.0008013168
        0.0014209141   0.0028990250   0.0040158348  -0.0000973391  -0.0001478700
       -0.0000923432   0.0000415455   0.0002925058   0.0004059422  -0.0001577937
        0.0012900903   0.0002904538  -0.0033903531  -0.0422794710  -0.0035780119
        0.0073907944  -0.0153405308   0.0330086701  -0.0000798362   0.0004251510
       -0.0017002033   0.0000414063   0.0004871930  -0.0003038516   0.0000385659
       -0.0000535232  -0.0000118891   0.0001696119  -0.0000900407  -0.0002085437
        0.0000504418  -0.0000796196  -0.0000705041   0.0003140380  -0.0000639713
       -0.0004829015   0.0003638243   0.0006932545  -0.0000804027  -0.0041743614
        0.0536160215  -0.0056382288  -0.0009687244  -0.0020649289  -0.0255721663
       -0.0009627344   0.0004167143   0.0000181454
       -0.0001685096  -0.0019249304   0.0019352284  -0.0001706069   0.0001610075
       -0.0002973353  -0.0010099409   0.0000360277   0.0014408762   0.0050495979
       -0.0010522223  -0.0160430212   0.0084125373  -0.0100174533  -0.2319969124
       -0.0120787962   0.0214709758  -0.0237126100   0.0005611898   0.0017001029
        0.0007464611  -0.0000039830  -0.0003010842   0.0002497136   0.0000163093
        0.0000622982   0.0000041136  -0.0000482979  -0.0002085438   0.0000451959
       -0.0003131924  -0.0001678087   0.0001123783  -0.0001936334  -0.0002615417
        0.0002499523   0.0034663154   0.0000798552  -0.0008772246  -0.0024097954
       -0.0056382288   0.2840896777  -0.0012439912  -0.0039353116  -0.0173331445
        0.0001347972  -0.0000031426   0.0013866507
        0.0001954244   0.0030566495  -0.0010567752   0.0001333803   0.0002084081
       -0.0000071734  -0.0074944599  -0.0000420793   0.0021067443  -0.0157601124
       -0.0227967896  -0.0099520008  -0.0937244603  -0.0887121009  -0.0406522943
        0.0061122109   0.0106220655   0.0041460975  -0.0001868654  -0.0000413250
       -0.0000038929   0.0001514076   0.0008072460   0.0001931267   0.0000318211
        0.0001046249   0.0000260333  -0.0001136018   0.0000385658   0.0000163094
       -0.0011064731  -0.0016661949  -0.0002483414   0.0000114109  -0.0002293883
       -0.0003670659   0.0005715019  -0.0003140972  -0.0001936283   0.0005503156
       -0.0009687244  -0.0012439912   0.1100292705   0.0991324816   0.0466201778
        0.0005992296   0.0008006584   0.0006166745
        0.0040254947  -0.0054212545   0.0030467761   0.0002336343   0.0007038027
       -0.0002995943  -0.0008509217   0.0009024226   0.0004861298  -0.0023829374
       -0.0017916413  -0.0008504663  -0.0862444211  -0.1822846365  -0.0679685669
       -0.0106886790  -0.0318927002  -0.0074480123   0.0002784979   0.0004871418
        0.0003010872  -0.0008076140  -0.0021807332  -0.0005206360   0.0001046247
        0.0000268239   0.0000141681   0.0000325987  -0.0000535229   0.0000622981
       -0.0000169086  -0.0002163662  -0.0000241362   0.0002294357   0.0002072461
       -0.0000891966   0.0000090854  -0.0000639293   0.0002615688  -0.0024863559
       -0.0020649289  -0.0039353116   0.0991324816   0.2236587975   0.0774231563
       -0.0005680153  -0.0000165217  -0.0004592642
       -0.0007546659   0.0014226356   0.0002186198  -0.0000548637   0.0000373785
       -0.0001266218   0.0017979226   0.0002515045   0.0004100663   0.0044867464
        0.0064411167   0.0032207105  -0.0417134023  -0.0703215577  -0.0767961115
        0.0044189694   0.0088930649   0.0037623279   0.0000538998   0.0003038262
        0.0002497669   0.0001931731   0.0005205754   0.0003662041   0.0000260332
        0.0000141681  -0.0000281848   0.0000231085  -0.0000118892   0.0000041138
        0.0002200495   0.0003413638   0.0002409369  -0.0003670239   0.0000892389
       -0.0000516842   0.0004507675   0.0004828371   0.0002499223  -0.0156845015
       -0.0255721663  -0.0173331445   0.0466201778   0.0774231563   0.0852133543
        0.0002836094  -0.0003152526   0.0003997241
       -0.0173276515  -0.0027763701   0.0062387435  -0.0007196116  -0.0040477685
       -0.0017852945   0.0009754294  -0.0000001222  -0.0002244458  -0.0007183589
        0.0040471422  -0.0017848234  -0.0173224960   0.0027786555   0.0062376339
       -0.3503861568   0.0000244664   0.0789007745   0.0004511333   0.0009627413
        0.0001348239   0.0005990336   0.0005678958   0.0002837187  -0.0011064727
       -0.0000169089   0.0002200486   0.0002144673   0.0000504418  -0.0003131922
        0.0002664379  -0.0000000470   0.0001952685  -0.0011062379   0.0000170245
        0.0002199968   0.0002143985  -0.0000505043  -0.0003131638   0.0004510270
       -0.0009627344   0.0001347972   0.0005992296  -0.0005680153   0.0002836094
        0.3849158288  -0.0000258968  -0.0884284951
       -0.0274008156  -0.0029449372   0.0072361791  -0.0036265315  -0.0046170284
       -0.0023405738  -0.0000000603  -0.0003191419   0.0000000606   0.0036259143
       -0.0046183808   0.0023407798   0.0274035543  -0.0029498937  -0.0072372727
        0.0000239116  -0.0451035330  -0.0000066122  -0.0000880389   0.0004165707
        0.0000031036  -0.0008007595  -0.0000164661   0.0003152683  -0.0016661944
       -0.0002163667   0.0003413620   0.0001930059  -0.0000796207  -0.0001678094
       -0.0000000472   0.0000488417  -0.0000000066   0.0016663044  -0.0002166476
       -0.0003414629  -0.0001930548  -0.0000795835   0.0001678568   0.0000880500
        0.0004167143  -0.0000031426   0.0008006584  -0.0000165217  -0.0003152526
       -0.0000258968   0.0602959947   0.0000075225
       -0.0153420670  -0.0041232569  -0.0003107364  -0.0005621833  -0.0014681656
        0.0002535745  -0.0001201083   0.0000000112  -0.0002926329  -0.0005618301
        0.0014681577   0.0002536656  -0.0153407532   0.0041257644  -0.0003107755
        0.1210054555  -0.0000100689  -0.0502411447  -0.0008013093  -0.0000180276
        0.0013866614   0.0006167852   0.0004591532   0.0003997706  -0.0002483406
       -0.0000241360   0.0002409353   0.0000102578  -0.0000705036   0.0001123762
        0.0001952707  -0.0000000067  -0.0001525031  -0.0002482943   0.0000241752
        0.0002409354   0.0000102543   0.0000704999   0.0001123745  -0.0008013168
        0.0000181454   0.0013866507   0.0006166745  -0.0004592642   0.0003997241
       -0.0884284951   0.0000075225   0.0465211242
