$hessian                                                                        
        0.4635823689   0.0000259598  -0.0198108042  -0.1861290410   0.0001255323
       -0.0428101692  -0.0199614491   0.0040715255  -0.0029227183  -0.0024447664
        0.0016233601   0.0010618514  -0.0016802419  -0.0013552828   0.0004014226
       -0.0183377189  -0.0047696091  -0.0027096074  -0.0431032344   0.0002745378
       -0.0054236028  -0.0889645204  -0.0899443473   0.0316782994  -0.0967297649
        0.0898797721   0.0460067660  -0.0058682895   0.0000541007  -0.0037493713
        0.0001776587  -0.0001231840  -0.0001149814   0.0007773469  -0.0008930142
       -0.0008332920  -0.0000982365  -0.0001087439   0.0001415963  -0.0008158253
       -0.0002578134  -0.0001196446  -0.0004933066   0.0002048276   0.0000924665
       -0.0003822148   0.0000800198  -0.0000544346  -0.0001099947  -0.0001204873
       -0.0000345483   0.0005812298   0.0012328462  -0.0007992281
        0.0000259598   0.5206536381  -0.0003855166  -0.0000377211  -0.0627970721
        0.0002455065   0.0212608456  -0.0019649189   0.0053990104   0.0030161276
       -0.0029555026  -0.0014722970  -0.0026012813  -0.0029724963   0.0007492104
       -0.0228822002  -0.0029419717  -0.0053390025   0.0002953408  -0.0453060785
        0.0145086073  -0.0900679658  -0.2146288191   0.0587237488   0.0900154779
       -0.1899481832  -0.0734026210   0.0019757344   0.0010762920   0.0009698240
        0.0006290347   0.0000391175  -0.0000949165  -0.0000952414   0.0007249512
        0.0007520710   0.0000478556  -0.0000030426   0.0000186077   0.0012343576
        0.0003755029   0.0000303813  -0.0007111730   0.0001674412  -0.0000266657
       -0.0007039016   0.0001191116   0.0001312431  -0.0008299492  -0.0006710051
        0.0001106909  -0.0005713006   0.0010330356  -0.0009178821
       -0.0198108042  -0.0003855166   0.5147871593  -0.0436011055   0.0001907181
       -0.0817753242   0.0081995167  -0.0002762559   0.0025206703   0.0018871095
       -0.0007393834  -0.0005660992   0.0016460452   0.0005170483  -0.0003045042
        0.0049294438   0.0002228745   0.0014764211  -0.0056089310   0.0144438639
       -0.2791311272   0.0316120786   0.0589379472  -0.0648898565   0.0460961941
       -0.0736484321  -0.0816294830  -0.0301071696   0.0004647309  -0.0138393456
        0.0001348435  -0.0001455119   0.0000692003   0.0013602896  -0.0002880789
        0.0012856137   0.0002917760  -0.0000456209   0.0002437451   0.0005700336
        0.0000276622   0.0001647173   0.0003970820   0.0000325997   0.0000300103
        0.0002350665  -0.0000237762   0.0000167961   0.0001152321   0.0002152962
        0.0001457218   0.0016532991   0.0004998348   0.0013956847
       -0.1861290410  -0.0000377211  -0.0436011055   0.5083478798  -0.0031330554
       -0.0016604944  -0.0927744942   0.0486134396   0.0267739620  -0.0313652257
        0.0131498585   0.0114582765  -0.0251615871  -0.0134836608   0.0094796153
       -0.0855440584  -0.0464336486   0.0152098259  -0.0045491168   0.0003694963
       -0.0058288403  -0.0179248090  -0.0032605539  -0.0043568484  -0.0192182277
        0.0030942040  -0.0041807458  -0.0420177806   0.0004525355  -0.0032290519
        0.0030001141  -0.0035355683  -0.0014381095   0.0008124420  -0.0008099311
        0.0011300701   0.0002418529   0.0001389379   0.0005469481  -0.0060966900
       -0.0013244643  -0.0007193907  -0.0023684087   0.0005744362   0.0005368422
       -0.0039630398   0.0001786331   0.0003459326   0.0017231200   0.0011592765
       -0.0000071312   0.0029870701   0.0042877859  -0.0004597548
        0.0001255323  -0.0627970721   0.0001907181  -0.0031330554   0.4336981694
       -0.0087708270   0.0501183860  -0.1298619500  -0.0367199485   0.0069712716
       -0.0002310881   0.0001024786  -0.0083184728   0.0031891329  -0.0001744642
       -0.0457192318  -0.1425714671   0.0285919225   0.0017401834  -0.0001808585
        0.0008810853  -0.0254161359  -0.0018217500  -0.0073604529   0.0235358812
       -0.0014063446   0.0066074153   0.0005371588  -0.0422634535   0.0169989129
        0.0155960348  -0.0214090146  -0.0093323091   0.0024027646  -0.0021632294
       -0.0039564907  -0.0001875018   0.0004315382  -0.0000337625  -0.0006743214
       -0.0007608807   0.0004588864  -0.0001152260  -0.0001709451   0.0003281117
        0.0007638097  -0.0007598153  -0.0005800876  -0.0125111285  -0.0213332367
        0.0058374703  -0.0057159486  -0.0095877349   0.0069313413
       -0.0428101692   0.0002455065  -0.0817753242  -0.0016604944  -0.0087708270
        0.5374941173   0.0272894651  -0.0368398349  -0.0898270925   0.0002854377
        0.0028060044   0.0035036083   0.0035051361   0.0003317611   0.0009555027
        0.0163415546   0.0298323716  -0.0787277966  -0.0301209409   0.0004313911
       -0.0150487219   0.0074196006   0.0001248922   0.0026372120   0.0106024791
       -0.0003034209   0.0035812409  -0.0032836282   0.0168288544  -0.2620297014
       -0.0065867741   0.0084644277   0.0039861084   0.0175688598  -0.0227848812
       -0.0175951221  -0.0009039251   0.0000897826   0.0003523530  -0.0011896634
       -0.0000899472   0.0005855415  -0.0006513873   0.0001914093  -0.0003484590
        0.0005579751  -0.0003824352   0.0000470537  -0.0093172346  -0.0152660292
        0.0044375763   0.0129537089   0.0250909744  -0.0122280965
       -0.0199614491   0.0212608456   0.0081995167  -0.0927744942   0.0501183860
        0.0272894651   0.4288956999   0.0356628443   0.0132176217  -0.1774492843
       -0.0357294241  -0.0261763948  -0.0070669027  -0.0142154166  -0.0005033176
        0.0022304573  -0.0019286962  -0.0028354336   0.0009399301   0.0001249449
        0.0009715057   0.0011198862   0.0006545323   0.0002548431  -0.0056987903
        0.0008455803  -0.0013502587  -0.0004814037   0.0023728339   0.0018052370
       -0.0504211244  -0.0436698485   0.0205992303  -0.0454272889  -0.0024050860
       -0.0334955453  -0.0108296087  -0.0040603284  -0.0054851205  -0.0215708735
       -0.0063988727  -0.0032029164  -0.0005171751  -0.0005907306   0.0007337622
        0.0000986489  -0.0005585794  -0.0000919356  -0.0014350925  -0.0014842903
        0.0001670397   0.0003488652   0.0000013055  -0.0000972989
        0.0040715255  -0.0019649189  -0.0002762559   0.0486134396  -0.1298619500
       -0.0368398349   0.0356628443   0.5336087520  -0.0222981199  -0.0354673009
       -0.0710990180  -0.0066039277  -0.0214956381  -0.0210024131  -0.0061517818
        0.0029625621  -0.0345239449  -0.0090628850  -0.0006345878   0.0003487995
       -0.0001216754  -0.0006745632   0.0006927212  -0.0000037168  -0.0002709559
        0.0008391215  -0.0000855962   0.0014270031  -0.0017329553  -0.0026805003
       -0.0434486229  -0.2237997050   0.0887406618  -0.0021740510  -0.0460776936
       -0.0074292685   0.0028884080   0.0015474241  -0.0001470117   0.0115941971
        0.0045242757   0.0016360225  -0.0006852818  -0.0052943648   0.0004956904
       -0.0000213225  -0.0009974888  -0.0001524716  -0.0021025445  -0.0051876203
        0.0013598374  -0.0002451110  -0.0000190213  -0.0003791664
       -0.0029227183   0.0053990104   0.0025206703   0.0267739620  -0.0367199485
       -0.0898270925   0.0132176217  -0.0222981199   0.5272285581  -0.0259005789
       -0.0063571704  -0.0735330115   0.0037599863   0.0010696944   0.0029841576
       -0.0028833068   0.0030394016   0.0046667063  -0.0010535425   0.0010362651
        0.0009534500   0.0001270390   0.0000558927   0.0002078404  -0.0024077145
        0.0006088626   0.0002236535   0.0161475388  -0.0245506523  -0.0169059882
        0.0202025649   0.0871857569  -0.0866244543  -0.0329765320  -0.0075356691
       -0.2668447034  -0.0290960971  -0.0090581844  -0.0090834471   0.0160447427
        0.0051569162   0.0030448603   0.0003959530   0.0005513032   0.0003254733
       -0.0001411424   0.0005720527  -0.0000391901   0.0005816800   0.0014208119
        0.0004941143   0.0001305441   0.0004237771   0.0002084031
       -0.0024447664   0.0030161276   0.0018871095  -0.0313652257   0.0069712716
        0.0002854377  -0.1774492843  -0.0354673009  -0.0259005789   0.4976645950
       -0.0536540374  -0.0173331980  -0.0614597277   0.0022025564  -0.0002258875
       -0.0070474957   0.0208687043  -0.0028161627   0.0000793265   0.0000722911
        0.0003099859   0.0002156629   0.0002248316  -0.0000440609  -0.0012142295
        0.0001500381  -0.0003496126   0.0002859885  -0.0001970808  -0.0004789730
       -0.0082564016  -0.0029476302  -0.0013669422  -0.0094362184  -0.0017116426
       -0.0045000022  -0.0540093845   0.0126050394  -0.0466269481  -0.1424682047
        0.0701674539   0.0947810407   0.0011195136  -0.0159237859   0.0011847419
        0.0009045158  -0.0081497755   0.0012174235  -0.0028067079   0.0007750563
        0.0000255941  -0.0023119558   0.0009978829  -0.0000489671
        0.0016233601  -0.0029555026  -0.0007393834   0.0131498585  -0.0002310881
        0.0028060044  -0.0357294241  -0.0710990180  -0.0063571704  -0.0536540374
        0.4469401964   0.0057409202  -0.0008006692  -0.1793300269   0.0173717790
        0.0154411780  -0.0161594091  -0.0007534444   0.0000366663   0.0000122995
        0.0000051179  -0.0000551914   0.0000026418  -0.0000484284   0.0009592993
       -0.0000919480   0.0001692222   0.0002710443   0.0004702762   0.0002079186
       -0.0256211734  -0.0074606579  -0.0033724612  -0.0016848283   0.0004540806
       -0.0005635172   0.0125513012  -0.0501632859   0.0438296046   0.0703878767
       -0.0873414909  -0.0644654666  -0.0006723070  -0.0189403599   0.0018341105
        0.0009384007  -0.0120203972   0.0040128426   0.0021168867  -0.0011108136
        0.0005987973   0.0007417591  -0.0009754964  -0.0002764459
        0.0010618514  -0.0014722970  -0.0005660992   0.0114582765   0.0001024786
        0.0035036083  -0.0261763948  -0.0066039277  -0.0735330115  -0.0173331980
        0.0057409202   0.5338676375  -0.0002017138   0.0198147343  -0.0706765600
        0.0008168707  -0.0013699484   0.0020096350   0.0000815361  -0.0000633216
        0.0001502423   0.0000402343   0.0000781803  -0.0000654135   0.0006544958
       -0.0001760382   0.0002996183   0.0007275003  -0.0002310116   0.0005536460
        0.0105622852   0.0032984515   0.0018081891  -0.0295719765  -0.0075013981
       -0.0082894730  -0.0464600723   0.0434376724  -0.2543636952   0.0933670461
       -0.0633296199  -0.1311857726  -0.0004055764  -0.0188475964   0.0022855803
        0.0006938586   0.0278681989  -0.0055224844   0.0009756020  -0.0002885249
       -0.0002794493  -0.0002906252  -0.0004569525   0.0000038019
       -0.0016802419  -0.0026012813   0.0016460452  -0.0251615871  -0.0083184728
        0.0035051361  -0.0070669027  -0.0214956381   0.0037599863  -0.0614597277
       -0.0008006692  -0.0002017138   0.4761986528   0.0541732518   0.0037377132
       -0.1706839354   0.0328771035   0.0035611333   0.0001547000  -0.0000471639
        0.0003083578  -0.0009868723  -0.0001168983  -0.0003121115   0.0002479836
       -0.0001655936  -0.0000987575  -0.0001416398  -0.0001601396   0.0000849116
       -0.0046090104  -0.0012486809  -0.0003860047   0.0003294535  -0.0002029382
        0.0001293514   0.0010215208   0.0045416068  -0.0006242097   0.0004548829
        0.0185396213  -0.0016801294  -0.1116716948  -0.0605664565  -0.0903355670
       -0.0706393919  -0.0207290444   0.0763032881  -0.0081250484   0.0021521887
        0.0012668082  -0.0161811411   0.0041692047  -0.0006642376
       -0.0013552828  -0.0029724963   0.0005170483  -0.0134836608   0.0031891329
        0.0003317611  -0.0142154166  -0.0210024131   0.0010696944   0.0022025564
       -0.1793300269   0.0198147343   0.0541732518   0.4485386599   0.0074120683
        0.0285842334  -0.0706691603  -0.0009205764  -0.0000025773  -0.0000242044
       -0.0000005980  -0.0009058467  -0.0001529020  -0.0002690835   0.0000239935
       -0.0000266112   0.0000670519  -0.0002344128  -0.0001088491   0.0001716872
       -0.0028446232  -0.0014641092  -0.0013222631   0.0000338089   0.0001995626
        0.0000067380  -0.0009744583  -0.0124953873   0.0041206878   0.0004005004
       -0.0167894096   0.0017464358  -0.0599430622  -0.0885574292  -0.0766578366
       -0.0212007955  -0.0521506401   0.0461669213   0.0203980513  -0.0051456732
       -0.0021494275   0.0093437403  -0.0010380435  -0.0001050431
        0.0004014226   0.0007492104  -0.0003045042   0.0094796153  -0.0001744642
        0.0009555027  -0.0005033176  -0.0061517818   0.0029841576  -0.0002258875
        0.0173717790  -0.0706765600   0.0037377132   0.0074120683   0.5367697835
        0.0078859681  -0.0029330019  -0.0677276918  -0.0000092156   0.0000416621
        0.0000833897   0.0002380487  -0.0000180990   0.0002512510  -0.0000156548
        0.0000054334  -0.0000656710  -0.0001283664   0.0002410769   0.0000009780
       -0.0009242483  -0.0006428856   0.0005447401  -0.0001149323  -0.0000963704
        0.0002722986  -0.0004855536   0.0283337635  -0.0060400836   0.0005856666
       -0.0153816996   0.0020073969  -0.0893478187  -0.0755661553  -0.1604940277
        0.0754102652   0.0455888701  -0.2376167995   0.0174977505  -0.0059941636
       -0.0011961023  -0.0234814554   0.0072147579   0.0002519419
       -0.0183377189  -0.0228822002   0.0049294438  -0.0855440584  -0.0457192318
        0.0163415546   0.0022304573   0.0029625621  -0.0028833068  -0.0070474957
        0.0154411780   0.0008168707  -0.1706839354   0.0285842334   0.0078859681
        0.4273603403  -0.0332911277   0.0213795109   0.0007433095  -0.0003563026
        0.0009218214  -0.0056188797  -0.0010145884  -0.0015243510   0.0011389757
       -0.0006754446   0.0001793180   0.0003528046  -0.0021968148   0.0008454741
       -0.0016392028   0.0010264386   0.0002469620   0.0004229682   0.0000900716
       -0.0001029246  -0.0001675140   0.0001889169   0.0000908658  -0.0005862872
        0.0011873613  -0.0009413131  -0.0194904995   0.0059530297  -0.0004503724
       -0.0162622398   0.0051106674   0.0024000423  -0.0436059929   0.0229340862
        0.0185401976  -0.0632650313   0.0226571648  -0.0686757614
       -0.0047696091  -0.0029419717   0.0002228745  -0.0464336486  -0.1425714671
        0.0298323716  -0.0019286962  -0.0345239449   0.0030394016   0.0208687043
       -0.0161594091  -0.0013699484   0.0328771035  -0.0706691603  -0.0029330019
       -0.0332911277   0.5092139596   0.0235824296   0.0008798821   0.0005957377
        0.0001763771   0.0001486662   0.0008112340   0.0001667362   0.0006594716
        0.0006138749   0.0000641434  -0.0039052511  -0.0071992147   0.0040073462
        0.0027175260  -0.0045099539  -0.0022119807  -0.0003335834   0.0004242982
        0.0004633445   0.0003585735  -0.0012163916   0.0001592666   0.0002044292
       -0.0044303714   0.0008726239  -0.0093751987   0.0032197742   0.0007457703
       -0.0033569958   0.0023890684   0.0003153539   0.0221949751  -0.1690490144
       -0.1167505660   0.0224847791  -0.0639970480   0.0596174575
       -0.0027096074  -0.0053390025   0.0014764211   0.0152098259   0.0285919225
       -0.0787277966  -0.0028354336  -0.0090628850   0.0046667063  -0.0028161627
       -0.0007534444   0.0020096350   0.0035611333  -0.0009205764  -0.0677276918
        0.0213795109   0.0235824296   0.5285789324  -0.0009062258  -0.0012362705
        0.0007190259  -0.0020010152  -0.0004347257   0.0001878386   0.0001683813
        0.0000895241   0.0003048004   0.0140102391   0.0258534265  -0.0114223765
        0.0011316476  -0.0021411363   0.0001961236  -0.0000515018  -0.0004631911
        0.0005364889   0.0004277216   0.0002333878  -0.0001836818   0.0000572059
       -0.0002791372   0.0002218815  -0.0194908876   0.0042215406   0.0011183554
        0.0245924043  -0.0064175175  -0.0026822552   0.0182108565  -0.1152647073
       -0.1480965881  -0.0679380923   0.0597403629  -0.2311758191
       -0.0431032344   0.0002953408  -0.0056089310  -0.0045491168   0.0017401834
       -0.0301209409   0.0009399301  -0.0006345878  -0.0010535425   0.0000793265
        0.0000366663   0.0000815361   0.0001547000  -0.0000025773  -0.0000092156
        0.0007433095   0.0008798821  -0.0009062258   0.0513291802  -0.0003585881
        0.0088230798   0.0002987379  -0.0019068146   0.0147403773   0.0001880956
        0.0000500345   0.0161493848  -0.0058110924   0.0000888150  -0.0033625865
       -0.0000263666  -0.0000453241   0.0001266859  -0.0003342588   0.0003623491
        0.0004324159   0.0000816286  -0.0000002289   0.0000850545   0.0000451977
       -0.0000002633   0.0000502615   0.0000869804   0.0000340779   0.0000402591
        0.0000099284  -0.0000204305   0.0000297472   0.0000208250   0.0000415777
        0.0001806753  -0.0001537708  -0.0005601122   0.0003219647
        0.0002745378  -0.0453060785   0.0144438639   0.0003694963  -0.0001808585
        0.0004313911   0.0001249449   0.0003487995   0.0010362651   0.0000722911
        0.0000122995  -0.0000633216  -0.0000471639  -0.0000242044   0.0000416621
       -0.0003563026   0.0005957377  -0.0012362705  -0.0003585881   0.0489349545
       -0.0171616993  -0.0013809422  -0.0041209097   0.0297898032   0.0012439671
       -0.0000870386  -0.0273203125   0.0000945446   0.0005520004   0.0000462616
       -0.0000396660  -0.0001332399   0.0000625783   0.0004079625  -0.0000343818
       -0.0002521326  -0.0000400233  -0.0000646546  -0.0000493656   0.0000069275
       -0.0000397798  -0.0000174813   0.0000320145  -0.0000482036   0.0000129472
        0.0000161914  -0.0000070906   0.0000078949   0.0000449125  -0.0001096943
        0.0000253606  -0.0004651040  -0.0002876576   0.0002025553
       -0.0054236028   0.0145086073  -0.2791311272  -0.0058288403   0.0008810853
       -0.0150487219   0.0009715057  -0.0001216754   0.0009534500   0.0003099859
        0.0000051179   0.0001502423   0.0003083578  -0.0000005980   0.0000833897
        0.0009218214   0.0001763771   0.0007190259   0.0088230798  -0.0171616993
        0.3249279918   0.0017017271   0.0034470201  -0.0142824551   0.0019879827
       -0.0015651386  -0.0182537465  -0.0032791078   0.0000231272  -0.0009643846
        0.0000269273  -0.0000035405  -0.0001544977  -0.0004049285   0.0002588771
        0.0004659060   0.0001174642   0.0000008334  -0.0000164342  -0.0000068369
        0.0000299352   0.0000573852   0.0000746709  -0.0000115556  -0.0000129064
        0.0000100332  -0.0000305539   0.0000780679   0.0000925185   0.0000613081
       -0.0000562828  -0.0004027583  -0.0004975275   0.0004850975
       -0.0889645204  -0.0900679658   0.0316120786  -0.0179248090  -0.0254161359
        0.0074196006   0.0011198862  -0.0006745632   0.0001270390   0.0002156629
       -0.0000551914   0.0000402343  -0.0009868723  -0.0009058467   0.0002380487
       -0.0056188797   0.0001486662  -0.0020010152   0.0002987379  -0.0013809422
        0.0017017271   0.1056620776   0.1057972327  -0.0354311088   0.0066291039
        0.0124598864  -0.0037876443   0.0006542662  -0.0002359261   0.0002315782
       -0.0003094143   0.0003937056  -0.0002242867  -0.0001547114  -0.0000145353
        0.0001953427   0.0000213970  -0.0000334522  -0.0000206266   0.0000366980
        0.0000060366   0.0000134351  -0.0002447009   0.0000351336  -0.0000023886
       -0.0002154376   0.0000181113   0.0000474690  -0.0002223071  -0.0003676394
        0.0000164684   0.0000038231   0.0002934257  -0.0001759515
       -0.0899443473  -0.2146288191   0.0589379472  -0.0032605539  -0.0018217500
        0.0001248922   0.0006545323   0.0006927212   0.0000558927   0.0002248316
        0.0000026418   0.0000781803  -0.0001168983  -0.0001529020  -0.0000180990
       -0.0010145884   0.0008112340  -0.0004347257  -0.0019068146  -0.0041209097
        0.0034470201   0.1057972327   0.2475475057  -0.0689268495  -0.0103588024
       -0.0286221806   0.0072107681   0.0000788273   0.0000396204  -0.0002794786
       -0.0000944658   0.0001372377   0.0000096566  -0.0001382721  -0.0000800700
        0.0000923804  -0.0000221898   0.0000027859  -0.0000615813  -0.0000182782
        0.0000247315   0.0000155373  -0.0000770754  -0.0000116194  -0.0000209921
       -0.0000418216  -0.0000028361   0.0000200766   0.0001473892   0.0000231825
        0.0000836430   0.0000912947   0.0001594261  -0.0003342683
        0.0316782994   0.0587237488  -0.0648898565  -0.0043568484  -0.0073604529
        0.0026372120   0.0002548431  -0.0000037168   0.0002078404  -0.0000440609
       -0.0000484284  -0.0000654135  -0.0003121115  -0.0002690835   0.0002512510
       -0.0015243510   0.0001667362   0.0001878386   0.0147403773   0.0297898032
       -0.0142824551  -0.0354311088  -0.0689268495   0.0718831321  -0.0048070363
       -0.0114873970   0.0038009621  -0.0002828923  -0.0005082376   0.0002701388
        0.0000456855  -0.0000908312   0.0001630043   0.0000902986   0.0001635418
       -0.0002856857  -0.0000466765  -0.0000405460  -0.0000071762   0.0000329747
       -0.0000166002  -0.0000239933   0.0000015045  -0.0000148857   0.0000151117
       -0.0001077567   0.0000248862   0.0000103383   0.0001029484  -0.0000110973
        0.0000500184  -0.0000340892  -0.0000905900   0.0000777327
       -0.0967297649   0.0900154779   0.0460961941  -0.0192182277   0.0235358812
        0.0106024791  -0.0056987903  -0.0002709559  -0.0024077145  -0.0012142295
        0.0009592993   0.0006544958   0.0002479836   0.0000239935  -0.0000156548
        0.0011389757   0.0006594716   0.0001683813   0.0001880956   0.0012439671
        0.0019879827   0.0066291039  -0.0103588024  -0.0048070363   0.1149081146
       -0.1056413771  -0.0523487520   0.0006589939   0.0002036790   0.0002584756
       -0.0001196185   0.0001686927   0.0000379509   0.0001041657  -0.0001890891
       -0.0001910025   0.0000068763   0.0000353545  -0.0000260768  -0.0004970657
       -0.0001078627  -0.0000359216   0.0000257534  -0.0000067882  -0.0000296696
        0.0000553331   0.0000244584   0.0000074072  -0.0002782490  -0.0002184605
       -0.0003218788  -0.0002074502  -0.0000769393   0.0003703400
        0.0898797721  -0.1899481832  -0.0736484321   0.0030942040  -0.0014063446
       -0.0003034209   0.0008455803   0.0008391215   0.0006088626   0.0001500381
       -0.0000919480  -0.0001760382  -0.0001655936  -0.0000266112   0.0000054334
       -0.0006754446   0.0006138749   0.0000895241   0.0000500345  -0.0000870386
       -0.0015651386   0.0124598864  -0.0286221806  -0.0114873970  -0.1056413771
        0.2184853432   0.0861187432  -0.0000160635  -0.0000766983   0.0002337269
       -0.0001995187   0.0001154266  -0.0000821133  -0.0001406431   0.0000286051
        0.0002477006   0.0000299294  -0.0000307231   0.0000553652   0.0000739804
        0.0000156699   0.0000118095   0.0000317081   0.0000317690   0.0000367979
        0.0000101547  -0.0000077902  -0.0000291676   0.0001239646   0.0001160638
       -0.0000513777   0.0000893879   0.0000516439  -0.0000648778
        0.0460067660  -0.0734026210  -0.0816294830  -0.0041807458   0.0066074153
        0.0035812409  -0.0013502587  -0.0000855962   0.0002236535  -0.0003496126
        0.0001692222   0.0002996183  -0.0000987575   0.0000670519  -0.0000656710
        0.0001793180   0.0000641434   0.0003048004   0.0161493848  -0.0273203125
       -0.0182537465  -0.0037876443   0.0072107681   0.0038009621  -0.0523487520
        0.0861187432   0.0915823139  -0.0002725429   0.0004266941   0.0003579150
        0.0000485362   0.0000202801  -0.0000306458  -0.0001575088   0.0000634253
        0.0001288713   0.0000596260   0.0000380073   0.0000294173  -0.0001402176
       -0.0000123485  -0.0000064771  -0.0000264454   0.0000380030   0.0000176204
       -0.0000002942   0.0000022382  -0.0000358892   0.0000434513   0.0000524421
        0.0000998870   0.0002256977  -0.0000575557  -0.0004043874
       -0.0058682895   0.0019757344  -0.0301071696  -0.0420177806   0.0005371588
       -0.0032836282  -0.0004814037   0.0014270031   0.0161475388   0.0002859885
        0.0002710443   0.0007275003  -0.0001416398  -0.0002344128  -0.0001283664
        0.0003528046  -0.0039052511   0.0140102391  -0.0058110924   0.0000945446
       -0.0032791078   0.0006542662   0.0000788273  -0.0002828923   0.0006589939
       -0.0000160635  -0.0002725429   0.0544764739  -0.0005147927   0.0044491815
        0.0005500321  -0.0004751194  -0.0001672655  -0.0016594856   0.0022765649
        0.0016312255  -0.0004960802   0.0003293909  -0.0001747733   0.0000895794
       -0.0000254720  -0.0002422827  -0.0001616556  -0.0001281339  -0.0000066248
       -0.0000058841   0.0000644102  -0.0001767332   0.0007124762   0.0003823526
        0.0000251569  -0.0011373033  -0.0021377857   0.0011305446
        0.0000541007   0.0010762920   0.0004647309   0.0004525355  -0.0422634535
        0.0168288544   0.0023728339  -0.0017329553  -0.0245506523  -0.0001970808
        0.0004702762  -0.0002310116  -0.0001601396  -0.0001088491   0.0002410769
       -0.0021968148  -0.0071992147   0.0258534265   0.0000888150   0.0005520004
        0.0000231272  -0.0002359261   0.0000396204  -0.0005082376   0.0002036790
       -0.0000766983   0.0004266941  -0.0005147927   0.0560966326  -0.0187423240
       -0.0004593722   0.0004790962  -0.0007899399   0.0031797895  -0.0031453327
       -0.0032348939   0.0001302781   0.0000415692   0.0001069182  -0.0000895447
       -0.0001379023   0.0001214919   0.0000054240  -0.0001785185   0.0000655601
       -0.0001210673  -0.0000657594  -0.0001106206   0.0003876553   0.0004040647
        0.0010478117  -0.0029003726  -0.0042508680   0.0029879881
       -0.0037493713   0.0009698240  -0.0138393456  -0.0032290519   0.0169989129
       -0.2620297014   0.0018052370  -0.0026805003  -0.0169059882  -0.0004789730
        0.0002079186   0.0005536460   0.0000849116   0.0001716872   0.0000009780
        0.0008454741   0.0040073462  -0.0114223765  -0.0033625865   0.0000462616
       -0.0009643846   0.0002315782  -0.0002794786   0.0002701388   0.0002584756
        0.0002337269   0.0003579150   0.0044491815  -0.0187423240   0.3040578571
       -0.0004298830   0.0001197997   0.0006634202   0.0020327114  -0.0028946868
       -0.0016801643   0.0003388742  -0.0001071346   0.0002096885  -0.0000488000
        0.0000196754   0.0002166137   0.0001015105   0.0001359028  -0.0000099278
        0.0000516776  -0.0000408619   0.0000980051  -0.0003587568  -0.0004121934
        0.0011896076   0.0014577908   0.0022461243  -0.0007659816
        0.0001776587   0.0006290347   0.0001348435   0.0030001141   0.0155960348
       -0.0065867741  -0.0504211244  -0.0434486229   0.0202025649  -0.0082564016
       -0.0256211734   0.0105622852  -0.0046090104  -0.0028446232  -0.0009242483
       -0.0016392028   0.0027175260   0.0011316476  -0.0000263666  -0.0000396660
        0.0000269273  -0.0003094143  -0.0000944658   0.0000456855  -0.0001196185
       -0.0001995187   0.0000485362   0.0005500321  -0.0004593722  -0.0004298830
        0.0596014657   0.0516628374  -0.0228652420   0.0019701628   0.0031454192
       -0.0018041997   0.0010418375  -0.0002044651   0.0003185317  -0.0008874991
       -0.0000951746   0.0001064453  -0.0001969893  -0.0011860304   0.0000271677
       -0.0000972335  -0.0002916424   0.0000863769   0.0003243307   0.0007145829
       -0.0000753786  -0.0001027412   0.0000193196  -0.0000052862
       -0.0001231840   0.0000391175  -0.0001455119  -0.0035355683  -0.0214090146
        0.0084644277  -0.0436698485  -0.2237997050   0.0871857569  -0.0029476302
       -0.0074606579   0.0032984515  -0.0012486809  -0.0014641092  -0.0006428856
        0.0010264386  -0.0045099539  -0.0021411363  -0.0000453241  -0.0001332399
       -0.0000035405   0.0003937056   0.0001372377  -0.0000908312   0.0001686927
        0.0001154266   0.0000202801  -0.0004751194   0.0004790962   0.0001197997
        0.0516628374   0.2616853547  -0.0993347821  -0.0004271164  -0.0015578116
        0.0032616298   0.0002280702   0.0002213761  -0.0002421795  -0.0003517396
       -0.0003144483   0.0000900184  -0.0000864796  -0.0005590729   0.0000078423
        0.0000679485  -0.0001711963   0.0000008283  -0.0005570615  -0.0012847511
        0.0001583175  -0.0000799406  -0.0000136480  -0.0000064851
       -0.0001149814  -0.0000949165   0.0000692003  -0.0014381095  -0.0093323091
        0.0039861084   0.0205992303   0.0887406618  -0.0866244543  -0.0013669422
       -0.0033724612   0.0018081891  -0.0003860047  -0.0013222631   0.0005447401
        0.0002469620  -0.0022119807   0.0001961236   0.0001266859   0.0000625783
       -0.0001544977  -0.0002242867   0.0000096566   0.0001630043   0.0000379509
       -0.0000821133  -0.0000306458  -0.0001672655  -0.0007899399   0.0006634202
       -0.0228652420  -0.0993347821   0.0977636300   0.0061549705   0.0296202855
       -0.0193661258  -0.0005097161  -0.0008590779   0.0007802108   0.0001579757
       -0.0000359996  -0.0001681803  -0.0000464445  -0.0000697644   0.0000767391
       -0.0001097752  -0.0002664717   0.0000495536  -0.0000956879  -0.0003545203
        0.0001431126   0.0000006803  -0.0003065823   0.0000998716
        0.0007773469  -0.0000952414   0.0013602896   0.0008124420   0.0024027646
        0.0175688598  -0.0454272889  -0.0021740510  -0.0329765320  -0.0094362184
       -0.0016848283  -0.0295719765   0.0003294535   0.0000338089  -0.0001149323
        0.0004229682  -0.0003335834  -0.0000515018  -0.0003342588   0.0004079625
       -0.0004049285  -0.0001547114  -0.0001382721   0.0000902986   0.0001041657
       -0.0001406431  -0.0001575088  -0.0016594856   0.0031797895   0.0020327114
        0.0019701628  -0.0004271164   0.0061549705   0.0580858423   0.0010216128
        0.0392394800  -0.0060006934  -0.0024831187  -0.0026076035   0.0008649599
        0.0004279115  -0.0007787840  -0.0000534980   0.0000448298   0.0002339485
       -0.0002228566  -0.0000305667   0.0000537960  -0.0001241669  -0.0000103479
       -0.0000463173   0.0000458369  -0.0000009106  -0.0000242696
       -0.0008930142   0.0007249512  -0.0002880789  -0.0008099311  -0.0021632294
       -0.0227848812  -0.0024050860  -0.0460776936  -0.0075356691  -0.0017116426
        0.0004540806  -0.0075013981  -0.0002029382   0.0001995626  -0.0000963704
        0.0000900716   0.0004242982  -0.0004631911   0.0003623491  -0.0000343818
        0.0002588771  -0.0000145353  -0.0000800700   0.0001635418  -0.0001890891
        0.0000286051   0.0000634253   0.0022765649  -0.0031453327  -0.0028946868
        0.0031454192  -0.0015578116   0.0296202855   0.0010216128   0.0510827348
        0.0114733710  -0.0012969380   0.0001758996  -0.0007490054   0.0004890179
        0.0003426804   0.0002164660   0.0000572410  -0.0000090319   0.0001416971
       -0.0002016615  -0.0000696061   0.0000620122   0.0000587122   0.0000650269
        0.0002423393   0.0002238471  -0.0003606823   0.0000712658
       -0.0008332920   0.0007520710   0.0012856137   0.0011300701  -0.0039564907
       -0.0175951221  -0.0334955453  -0.0074292685  -0.2668447034  -0.0045000022
       -0.0005635172  -0.0082894730   0.0001293514   0.0000067380   0.0002722986
       -0.0001029246   0.0004633445   0.0005364889   0.0004324159  -0.0002521326
        0.0004659060   0.0001953427   0.0000923804  -0.0002856857  -0.0001910025
        0.0002477006   0.0001288713   0.0016312255  -0.0032348939  -0.0016801643
       -0.0018041997   0.0032616298  -0.0193661258   0.0392394800   0.0114733710
        0.3098568063  -0.0021709467  -0.0009102839   0.0000085324   0.0003127930
        0.0002663966   0.0009929103   0.0000397586   0.0000341555   0.0000982396
       -0.0001410733  -0.0000976711   0.0000662143   0.0000579328   0.0001022615
        0.0001641635   0.0000706161  -0.0002557911   0.0001852294
       -0.0000982365   0.0000478556   0.0002917760   0.0002418529  -0.0001875018
       -0.0009039251  -0.0108296087   0.0028884080  -0.0290960971  -0.0540093845
        0.0125513012  -0.0464600723   0.0010215208  -0.0009744583  -0.0004855536
       -0.0001675140   0.0003585735   0.0004277216   0.0000816286  -0.0000400233
        0.0001174642   0.0000213970  -0.0000221898  -0.0000466765   0.0000068763
        0.0000299294   0.0000596260  -0.0004960802   0.0001302781   0.0003388742
        0.0010418375   0.0002280702  -0.0005097161  -0.0060006934  -0.0012969380
       -0.0021709467   0.0644962313  -0.0100157904   0.0563364002   0.0038877179
       -0.0025579144   0.0212839412   0.0006891321  -0.0006164046   0.0005461892
        0.0002863938  -0.0005355826   0.0001770047  -0.0001319797   0.0000721446
        0.0000295937  -0.0000410911  -0.0000597573   0.0000643962
       -0.0001087439  -0.0000030426  -0.0000456209   0.0001389379   0.0004315382
        0.0000897826  -0.0040603284   0.0015474241  -0.0090581844   0.0126050394
       -0.0501632859   0.0434376724   0.0045416068  -0.0124953873   0.0283337635
        0.0001889169  -0.0012163916   0.0002333878  -0.0000002289  -0.0000646546
        0.0000008334  -0.0000334522   0.0000027859  -0.0000405460   0.0000353545
       -0.0000307231   0.0000380073   0.0003293909   0.0000415692  -0.0001071346
       -0.0002044651   0.0002213761  -0.0008590779  -0.0024831187   0.0001758996
       -0.0009102839  -0.0100157904   0.0639743037  -0.0506756629  -0.0016822366
        0.0031039845  -0.0137594078   0.0000685620   0.0006326506   0.0012907159
        0.0004877064  -0.0058530173   0.0020442758   0.0000057081  -0.0002011077
        0.0001061193   0.0001871413  -0.0001039217  -0.0001186395
        0.0001415963   0.0000186077   0.0002437451   0.0005469481  -0.0000337625
        0.0003523530  -0.0054851205  -0.0001470117  -0.0090834471  -0.0466269481
        0.0438296046  -0.2543636952  -0.0006242097   0.0041206878  -0.0060400836
        0.0000908658   0.0001592666  -0.0001836818   0.0000850545  -0.0000493656
       -0.0000164342  -0.0000206266  -0.0000615813  -0.0000071762  -0.0000260768
        0.0000553652   0.0000294173  -0.0001747733   0.0001069182   0.0002096885
        0.0003185317  -0.0002421795   0.0007802108  -0.0026076035  -0.0007490054
        0.0000085324   0.0563364002  -0.0506756629   0.2925115285  -0.0018009715
        0.0023133414  -0.0263766895   0.0001692427  -0.0006828887   0.0016290204
       -0.0003888337   0.0019852711   0.0002406488   0.0000323606   0.0000874362
        0.0000042464   0.0000341638  -0.0000350412   0.0000618165
       -0.0008158253   0.0012343576   0.0005700336  -0.0060966900  -0.0006743214
       -0.0011896634  -0.0215708735   0.0115941971   0.0160447427  -0.1424682047
        0.0703878767   0.0933670461   0.0004548829   0.0004005004   0.0005856666
       -0.0005862872   0.0002044292   0.0000572059   0.0000451977   0.0000069275
       -0.0000068369   0.0000366980  -0.0000182782   0.0000329747  -0.0004970657
        0.0000739804  -0.0001402176   0.0000895794  -0.0000895447  -0.0000488000
       -0.0008874991  -0.0003517396   0.0001579757   0.0008649599   0.0004890179
        0.0003127930   0.0038877179  -0.0016822366  -0.0018009715   0.1676930713
       -0.0814325481  -0.1076305329  -0.0004289007  -0.0000164253  -0.0000200516
        0.0005928011  -0.0002035506  -0.0002193638  -0.0001616779  -0.0000054333
       -0.0000319538  -0.0001518840   0.0000827910  -0.0000400469
       -0.0002578134   0.0003755029   0.0000276622  -0.0013244643  -0.0007608807
       -0.0000899472  -0.0063988727   0.0045242757   0.0051569162   0.0701674539
       -0.0873414909  -0.0633296199   0.0185396213  -0.0167894096  -0.0153816996
        0.0011873613  -0.0044303714  -0.0002791372  -0.0000002633  -0.0000397798
        0.0000299352   0.0000060366   0.0000247315  -0.0000166002  -0.0001078627
        0.0000156699  -0.0000123485  -0.0000254720  -0.0001379023   0.0000196754
       -0.0000951746  -0.0003144483  -0.0000359996   0.0004279115   0.0003426804
        0.0002663966  -0.0025579144   0.0031039845   0.0023133414  -0.0814325481
        0.1037532491   0.0719326124  -0.0000226693  -0.0024394470  -0.0001103154
        0.0006774587   0.0008030883  -0.0004559851   0.0009387627  -0.0004184869
       -0.0000592514   0.0002784489  -0.0002709653   0.0000243647
       -0.0001196446   0.0000303813   0.0001647173  -0.0007193907   0.0004588864
        0.0005855415  -0.0032029164   0.0016360225   0.0030448603   0.0947810407
       -0.0644654666  -0.1311857726  -0.0016801294   0.0017464358   0.0020073969
       -0.0009413131   0.0008726239   0.0002218815   0.0000502615  -0.0000174813
        0.0000573852   0.0000134351   0.0000155373  -0.0000239933  -0.0000359216
        0.0000118095  -0.0000064771  -0.0002422827   0.0001214919   0.0002166137
        0.0001064453   0.0000900184  -0.0001681803  -0.0007787840   0.0002164660
        0.0009929103   0.0212839412  -0.0137594078  -0.0263766895  -0.1076305329
        0.0719326124   0.1490167268  -0.0000515965  -0.0001481064   0.0000390619
       -0.0006060960   0.0010892763   0.0013792903  -0.0001507590   0.0001288541
        0.0000038531  -0.0000757570   0.0000400465   0.0000308740
       -0.0004933066  -0.0007111730   0.0003970820  -0.0023684087  -0.0001152260
       -0.0006513873  -0.0005171751  -0.0006852818   0.0003959530   0.0011195136
       -0.0006723070  -0.0004055764  -0.1116716948  -0.0599430622  -0.0893478187
       -0.0194904995  -0.0093751987  -0.0194908876   0.0000869804   0.0000320145
        0.0000746709  -0.0002447009  -0.0000770754   0.0000015045   0.0000257534
        0.0000317081  -0.0000264454  -0.0001616556   0.0000054240   0.0001015105
       -0.0001969893  -0.0000864796  -0.0000464445  -0.0000534980   0.0000572410
        0.0000397586   0.0006891321   0.0000685620   0.0001692427  -0.0004289007
       -0.0000226693  -0.0000515965   0.1316954259   0.0673333973   0.1032140962
        0.0059866350   0.0038462260   0.0065959596   0.0007557252  -0.0005022125
       -0.0006217130  -0.0047323364   0.0008161127  -0.0003479085
        0.0002048276   0.0001674412   0.0000325997   0.0005744362  -0.0001709451
        0.0001914093  -0.0005907306  -0.0052943648   0.0005513032  -0.0159237859
       -0.0189403599  -0.0188475964  -0.0605664565  -0.0885574292  -0.0755661553
        0.0059530297   0.0032197742   0.0042215406   0.0000340779  -0.0000482036
       -0.0000115556   0.0000351336  -0.0000116194  -0.0000148857  -0.0000067882
        0.0000317690   0.0000380030  -0.0001281339  -0.0001785185   0.0001359028
       -0.0011860304  -0.0005590729  -0.0000697644   0.0000448298  -0.0000090319
        0.0000341555  -0.0006164046   0.0006326506  -0.0006828887  -0.0000164253
       -0.0024394470  -0.0001481064   0.0673333973   0.1080576029   0.0857522254
        0.0024131885   0.0036897429   0.0032917213   0.0008062453   0.0007502113
        0.0006521648   0.0016355894  -0.0003401997   0.0004399272
        0.0000924665  -0.0000266657   0.0000300103   0.0005368422   0.0003281117
       -0.0003484590   0.0007337622   0.0004956904   0.0003254733   0.0011847419
        0.0018341105   0.0022855803  -0.0903355670  -0.0766578366  -0.1604940277
       -0.0004503724   0.0007457703   0.0011183554   0.0000402591   0.0000129472
       -0.0000129064  -0.0000023886  -0.0000209921   0.0000151117  -0.0000296696
        0.0000367979   0.0000176204  -0.0000066248   0.0000655601  -0.0000099278
        0.0000271677   0.0000078423   0.0000767391   0.0002339485   0.0001416971
        0.0000982396   0.0005461892   0.0012907159   0.0016290204  -0.0000200516
       -0.0001103154   0.0000390619   0.1032140962   0.0857522254   0.1824677401
       -0.0159400854  -0.0143016049  -0.0292913433   0.0007798695   0.0002425994
        0.0015311935  -0.0006045837   0.0001633463   0.0005225181
       -0.0003822148  -0.0007039016   0.0002350665  -0.0039630398   0.0007638097
        0.0005579751   0.0000986489  -0.0000213225  -0.0001411424   0.0009045158
        0.0009384007   0.0006938586  -0.0706393919  -0.0212007955   0.0754102652
       -0.0162622398  -0.0033569958   0.0245924043   0.0000099284   0.0000161914
        0.0000100332  -0.0002154376  -0.0000418216  -0.0001077567   0.0000553331
        0.0000101547  -0.0000002942  -0.0000058841  -0.0001210673   0.0000516776
       -0.0000972335   0.0000679485  -0.0001097752  -0.0002228566  -0.0002016615
       -0.0001410733   0.0002863938   0.0004877064  -0.0003888337   0.0005928011
        0.0006774587  -0.0006060960   0.0059866350   0.0024131885  -0.0159400854
        0.0869867493   0.0197286538  -0.0864123010  -0.0033164722   0.0007614050
        0.0009907454   0.0001837649  -0.0002173518   0.0013053320
        0.0000800198   0.0001191116  -0.0000237762   0.0001786331  -0.0007598153
       -0.0003824352  -0.0005585794  -0.0009974888   0.0005720527  -0.0081497755
       -0.0120203972   0.0278681989  -0.0207290444  -0.0521506401   0.0455888701
        0.0051106674   0.0023890684  -0.0064175175  -0.0000204305  -0.0000070906
       -0.0000305539   0.0000181113  -0.0000028361   0.0000248862   0.0000244584
       -0.0000077902   0.0000022382   0.0000644102  -0.0000657594  -0.0000408619
       -0.0002916424  -0.0001711963  -0.0002664717  -0.0000305667  -0.0000696061
       -0.0000976711  -0.0005355826  -0.0058530173   0.0019852711  -0.0002035506
        0.0008030883   0.0010892763   0.0038462260   0.0036897429  -0.0143016049
        0.0197286538   0.0647800981  -0.0548748302   0.0011293429  -0.0005905179
       -0.0002484142   0.0003386492   0.0009150460  -0.0004466566
       -0.0000544346   0.0001312431   0.0000167961   0.0003459326  -0.0005800876
        0.0000470537  -0.0000919356  -0.0001524716  -0.0000391901   0.0012174235
        0.0040128426  -0.0055224844   0.0763032881   0.0461669213  -0.2376167995
        0.0024000423   0.0003153539  -0.0026822552   0.0000297472   0.0000078949
        0.0000780679   0.0000474690   0.0000200766   0.0000103383   0.0000074072
       -0.0000291676  -0.0000358892  -0.0001767332  -0.0001106206   0.0000980051
        0.0000863769   0.0000008283   0.0000495536   0.0000537960   0.0000620122
        0.0000662143   0.0001770047   0.0020442758   0.0002406488  -0.0002193638
       -0.0004559851   0.0013792903   0.0065959596   0.0032917213  -0.0292913433
       -0.0864123010  -0.0548748302   0.2710962796   0.0009269583  -0.0000131730
        0.0000607306  -0.0012366369   0.0001631657   0.0020449835
       -0.0001099947  -0.0008299492   0.0001152321   0.0017231200  -0.0125111285
       -0.0093172346  -0.0014350925  -0.0021025445   0.0005816800  -0.0028067079
        0.0021168867   0.0009756020  -0.0081250484   0.0203980513   0.0174977505
       -0.0436059929   0.0221949751   0.0182108565   0.0000208250   0.0000449125
        0.0000925185  -0.0002223071   0.0001473892   0.0001029484  -0.0002782490
        0.0001239646   0.0000434513   0.0007124762   0.0003876553  -0.0003587568
        0.0003243307  -0.0005570615  -0.0000956879  -0.0001241669   0.0000587122
        0.0000579328  -0.0001319797   0.0000057081   0.0000323606  -0.0001616779
        0.0009387627  -0.0001507590   0.0007557252   0.0008062453   0.0007798695
       -0.0033164722   0.0011293429   0.0009269583   0.0546297542  -0.0256375289
       -0.0216941594   0.0021514580  -0.0067143932  -0.0078005629
       -0.0001204873  -0.0006710051   0.0002152962   0.0011592765  -0.0213332367
       -0.0152660292  -0.0014842903  -0.0051876203   0.0014208119   0.0007750563
       -0.0011108136  -0.0002885249   0.0021521887  -0.0051456732  -0.0059941636
        0.0229340862  -0.1690490144  -0.1152647073   0.0000415777  -0.0001096943
        0.0000613081  -0.0003676394   0.0000231825  -0.0000110973  -0.0002184605
        0.0001160638   0.0000524421   0.0003823526   0.0004040647  -0.0004121934
        0.0007145829  -0.0012847511  -0.0003545203  -0.0000103479   0.0000650269
        0.0001022615   0.0000721446  -0.0002011077   0.0000874362  -0.0000054333
       -0.0004184869   0.0001288541  -0.0005022125   0.0007502113   0.0002425994
        0.0007614050  -0.0005905179  -0.0000131730  -0.0256375289   0.1980945596
        0.1318151194  -0.0006462704   0.0056488126   0.0034782800
       -0.0000345483   0.0001106909   0.0001457218  -0.0000071312   0.0058374703
        0.0044375763   0.0001670397   0.0013598374   0.0004941143   0.0000255941
        0.0005987973  -0.0002794493   0.0012668082  -0.0021494275  -0.0011961023
        0.0185401976  -0.1167505660  -0.1480965881   0.0001806753   0.0000253606
       -0.0000562828   0.0000164684   0.0000836430   0.0000500184  -0.0003218788
       -0.0000513777   0.0000998870   0.0000251569   0.0010478117   0.0011896076
       -0.0000753786   0.0001583175   0.0001431126  -0.0000463173   0.0002423393
        0.0001641635   0.0000295937   0.0001061193   0.0000042464  -0.0000319538
       -0.0000592514   0.0000038531  -0.0006217130   0.0006521648   0.0015311935
        0.0009907454  -0.0002484142   0.0000607306  -0.0216941594   0.1318151194
        0.1684565508   0.0015908011  -0.0227786347  -0.0271523534
        0.0005812298  -0.0005713006   0.0016532991   0.0029870701  -0.0057159486
        0.0129537089   0.0003488652  -0.0002451110   0.0001305441  -0.0023119558
        0.0007417591  -0.0002906252  -0.0161811411   0.0093437403  -0.0234814554
       -0.0632650313   0.0224847791  -0.0679380923  -0.0001537708  -0.0004651040
       -0.0004027583   0.0000038231   0.0000912947  -0.0000340892  -0.0002074502
        0.0000893879   0.0002256977  -0.0011373033  -0.0029003726   0.0014577908
       -0.0001027412  -0.0000799406   0.0000006803   0.0000458369   0.0002238471
        0.0000706161  -0.0000410911   0.0001871413   0.0000341638  -0.0001518840
        0.0002784489  -0.0000757570  -0.0047323364   0.0016355894  -0.0006045837
        0.0001837649   0.0003386492  -0.0012366369   0.0021514580  -0.0006462704
        0.0015908011   0.0819826570  -0.0247905890   0.0759466961
        0.0012328462   0.0010330356   0.0004998348   0.0042877859  -0.0095877349
        0.0250909744   0.0000013055  -0.0000190213   0.0004237771   0.0009978829
       -0.0009754964  -0.0004569525   0.0041692047  -0.0010380435   0.0072147579
        0.0226571648  -0.0639970480   0.0597403629  -0.0005601122  -0.0002876576
       -0.0004975275   0.0002934257   0.0001594261  -0.0000905900  -0.0000769393
        0.0000516439  -0.0000575557  -0.0021377857  -0.0042508680   0.0022461243
        0.0000193196  -0.0000136480  -0.0003065823  -0.0000009106  -0.0003606823
       -0.0002557911  -0.0000597573  -0.0001039217  -0.0000350412   0.0000827910
       -0.0002709653   0.0000400465   0.0008161127  -0.0003401997   0.0001633463
       -0.0002173518   0.0009150460   0.0001631657  -0.0067143932   0.0056488126
       -0.0227786347  -0.0247905890   0.0734373226  -0.0711037149
       -0.0007992281  -0.0009178821   0.0013956847  -0.0004597548   0.0069313413
       -0.0122280965  -0.0000972989  -0.0003791664   0.0002084031  -0.0000489671
       -0.0002764459   0.0000038019  -0.0006642376  -0.0001050431   0.0002519419
       -0.0686757614   0.0596174575  -0.2311758191   0.0003219647   0.0002025553
        0.0004850975  -0.0001759515  -0.0003342683   0.0000777327   0.0003703400
       -0.0000648778  -0.0004043874   0.0011305446   0.0029879881  -0.0007659816
       -0.0000052862  -0.0000064851   0.0000998716  -0.0000242696   0.0000712658
        0.0001852294   0.0000643962  -0.0001186395   0.0000618165  -0.0000400469
        0.0000243647   0.0000308740  -0.0003479085   0.0004399272   0.0005225181
        0.0013053320  -0.0004466566   0.0020449835  -0.0078005629   0.0034782800
       -0.0271523534   0.0759466961  -0.0711037149   0.2663586831
