$hessian                                                                        
        0.5276713399  -0.0018975258   0.0093971866  -0.0610769640   0.0014329779
        0.0024761986   0.0012857132   0.0013177108  -0.0006102510  -0.0016957486
        0.0130105122  -0.0151447076  -0.0154905214  -0.0280102328   0.0235624827
        0.0004703247  -0.0001299865   0.0002888235  -0.2544022720  -0.0828979049
        0.0114810950  -0.0519991687  -0.0245412420  -0.0354096011  -0.1434342752
        0.1189015213   0.0048836193   0.0004035676  -0.0001939466  -0.0005173958
        0.0002434826  -0.0003317061   0.0005924106   0.0004091652   0.0002049303
       -0.0001117666  -0.0026829600   0.0037639020  -0.0009260956   0.0004579221
       -0.0004382470  -0.0004829831   0.0007244919   0.0007187108  -0.0005929216
       -0.0005984806  -0.0007545427   0.0005215057  -0.0003272366  -0.0000702244
        0.0002742847   0.0000416200  -0.0000847066   0.0003181156
       -0.0018975258   0.5022949548   0.0403450673   0.0001829157  -0.0950376347
        0.0506933927   0.0013272038   0.0052488919  -0.0106017471   0.0041108868
       -0.0173585879   0.0189453711  -0.0156614724  -0.0170197608   0.0168843424
        0.0003977783  -0.0002871962  -0.0005615565  -0.0829759932  -0.0739260150
        0.0033339960  -0.0242233751  -0.1202740272  -0.1096212290   0.1177866425
       -0.1819059588  -0.0067845621  -0.0001790522  -0.0009082948  -0.0036022352
       -0.0003622195   0.0008338425  -0.0011475528   0.0003543347   0.0002662805
       -0.0001944907   0.0029275233  -0.0034856910   0.0009133868  -0.0005519552
        0.0006112210   0.0009709935  -0.0006843338   0.0002449197   0.0001818421
       -0.0004301363   0.0006840803   0.0001619304  -0.0002618187   0.0000695265
       -0.0000135079   0.0001405971  -0.0000505507   0.0000965591
        0.0093971866   0.0403450673   0.4633901007   0.0025398508   0.0499953662
       -0.1419597237   0.0006271116   0.0104842920  -0.0299856546  -0.0019469970
        0.0053799301  -0.0040888757   0.0077878088   0.0077320099  -0.0014395020
       -0.0005904854  -0.0001112815   0.0006946991   0.0117157306   0.0036983516
       -0.0423538117  -0.0357318445  -0.1096537510  -0.1980990394   0.0050210009
       -0.0068978525  -0.0432272759  -0.0005557963  -0.0023601957  -0.0051780213
       -0.0001435816   0.0014046829   0.0008658364   0.0003465852   0.0005890735
        0.0000256935  -0.0000971718   0.0002445294   0.0005759076   0.0006490458
       -0.0006244973   0.0007321483   0.0003801246  -0.0002216281  -0.0000268788
        0.0007608495   0.0000198883   0.0000892079  -0.0000275020   0.0000069510
       -0.0000752335  -0.0001319158  -0.0000309360   0.0000604231
       -0.0610769640   0.0001829157   0.0025398508   0.4224045257  -0.0351443259
        0.0000410493  -0.0610763344   0.0002014263  -0.0024871613  -0.1174467980
        0.0627051081  -0.0001245744  -0.1139148237  -0.0412638418   0.0000542728
       -0.0384612466  -0.0053417268  -0.0000022656  -0.0057752846  -0.0154495516
        0.0211521431   0.0004962313   0.0030324206  -0.0046748116   0.0009196006
        0.0128096255  -0.0162536311   0.0004945802   0.0030561545   0.0046819959
        0.0009074541   0.0128669972   0.0162110395  -0.0057604608  -0.0155216462
       -0.0211035023   0.0006978258   0.0007241343  -0.0015349793   0.0006868478
        0.0007411633   0.0015344625  -0.0222236381   0.0158647041  -0.0000339986
        0.0015197350  -0.0009870035   0.0010648064   0.0015200779  -0.0009876786
       -0.0010635634  -0.0039113282   0.0025111247  -0.0000011329
        0.0014329779  -0.0950376347   0.0499953662  -0.0351443259   0.4749254882
       -0.0000067779   0.0014569695  -0.0953905029  -0.0501616591   0.0594600397
       -0.1249617243   0.0001224120  -0.0541466217  -0.1226990005   0.0000912777
        0.0057551962   0.0175099589  -0.0000282770  -0.0034312313  -0.0069675376
        0.0089576977   0.0008313049   0.0082708722  -0.0129529847   0.0010307225
       -0.0160801109   0.0184760634   0.0008161331   0.0082746825   0.0128355586
        0.0010486275  -0.0161522063  -0.0184246096  -0.0034313070  -0.0070070302
       -0.0089448738   0.0137680612  -0.0161436842   0.0036303650   0.0138291968
       -0.0162213262  -0.0035744767  -0.0087366711   0.0074361996  -0.0000158162
        0.0008491407   0.0005334575   0.0010238909   0.0008552669   0.0005289990
       -0.0010246311   0.0037565201  -0.0008189003   0.0000014745
        0.0024761986   0.0506933927  -0.1419597237   0.0000410493  -0.0000067779
        0.4625240329  -0.0024243385  -0.0508580855  -0.1416274458  -0.0001194439
        0.0001224146  -0.0643999962   0.0000689110   0.0000843837  -0.0459624460
       -0.0000145640  -0.0000236873  -0.0056171559   0.0015484936   0.0022031372
       -0.0020070434   0.0020845503   0.0118248522  -0.0266110662  -0.0016539020
        0.0025020726  -0.0008185756  -0.0020686621  -0.0119417747  -0.0266123916
        0.0016513327  -0.0024414287  -0.0007362525  -0.0015398034  -0.0021966851
       -0.0019846571  -0.0171723800   0.0190922824  -0.0024266612   0.0171268115
       -0.0190447174  -0.0023369635   0.0000078479  -0.0000076409  -0.0001024095
       -0.0014438349  -0.0005154779   0.0001714818   0.0014431432   0.0005117211
        0.0001698470  -0.0000114093   0.0000020188   0.0003374265
        0.0012857132   0.0013272038   0.0006271116  -0.0610763344   0.0014569695
       -0.0024243385   0.5276867629  -0.0019101166  -0.0093444378  -0.0017065474
        0.0130658784   0.0151021437  -0.0154640102  -0.0280840095  -0.0234782289
        0.0004668604  -0.0001294664  -0.0002873990   0.0004093347   0.0002058797
        0.0001112744   0.0004028480  -0.0001938040   0.0005218489   0.0002438627
       -0.0003327808  -0.0005916674  -0.0520436609  -0.0244866589   0.0355835864
       -0.1434385865   0.1188811922  -0.0053582121  -0.2543824624  -0.0829376844
       -0.0113362882   0.0004580214  -0.0004369818   0.0004842656  -0.0026839442
        0.0037669869   0.0009110271   0.0007243946   0.0007204587   0.0005908183
       -0.0003265388  -0.0000709018  -0.0002732262  -0.0005970171  -0.0007563582
       -0.0005199098   0.0000413040  -0.0000858067  -0.0003183683
        0.0013177108   0.0052488919   0.0104842920   0.0002014263  -0.0953905029
       -0.0508580855  -0.0019101166   0.5020199393  -0.0404752789   0.0041289085
       -0.0174406268  -0.0188964349  -0.0156660050  -0.0170999337  -0.0168461603
        0.0003996889  -0.0002847364   0.0005682913   0.0003530070   0.0002649554
        0.0001940501  -0.0001795013  -0.0008879000   0.0035872211  -0.0003624261
        0.0008330383   0.0011473574  -0.0241675857  -0.1195242469   0.1093371126
        0.1177693915  -0.1818498111   0.0073374320  -0.0830173847  -0.0739562836
       -0.0032803218  -0.0005534777   0.0006098973  -0.0009712076   0.0029285556
       -0.0034891272  -0.0008974219  -0.0006855362   0.0002452807  -0.0001833276
       -0.0002610905   0.0000702340   0.0000150342  -0.0004367376   0.0006823807
       -0.0001658822   0.0001411728  -0.0000514489  -0.0000966702
       -0.0006102510  -0.0106017471  -0.0299856546  -0.0024871613  -0.0501616591
       -0.1416274458  -0.0093444378  -0.0404752789   0.4636655607   0.0019343529
       -0.0053252812  -0.0039950135  -0.0077437798  -0.0076942100  -0.0013808508
        0.0005912847   0.0001128915   0.0006923255  -0.0003474780  -0.0005898481
        0.0000267456   0.0005600038   0.0023451702  -0.0051973120   0.0001443815
       -0.0014049793   0.0008665670   0.0359029011   0.1093686152  -0.1987971536
       -0.0054911155   0.0074504386  -0.0432857624  -0.0115698683  -0.0036439304
       -0.0423452883  -0.0006474623   0.0006246637   0.0007332025   0.0000851042
       -0.0002280318   0.0005804305  -0.0003773142   0.0002212408  -0.0000271198
        0.0000284251  -0.0000073095  -0.0000754532  -0.0007595936  -0.0000219086
        0.0000910778   0.0001320082   0.0000311640   0.0000611443
       -0.0016957486   0.0041108868  -0.0019469970  -0.1174467980   0.0594600397
       -0.0001194439  -0.0017065474   0.0041289085   0.0019343529   0.4993189934
        0.0476121671  -0.0000887764  -0.0420966377   0.0181913740  -0.0000389255
       -0.0044905965  -0.0028456502  -0.0000020321   0.0006036465  -0.0006142732
        0.0006003249   0.0000378764  -0.0002616942   0.0003325467   0.0005691761
       -0.0004073460   0.0001395427   0.0000375887  -0.0002619934  -0.0003321880
        0.0005687125  -0.0004052932  -0.0001355886   0.0006034812  -0.0006161792
       -0.0005982249  -0.0456770285  -0.0157063163   0.0217075722  -0.0456505186
       -0.0157107170  -0.0215571462  -0.2407779038  -0.0975345272   0.0001061899
       -0.0003703934   0.0000855917   0.0000667920  -0.0003699966   0.0000854737
       -0.0000673412  -0.0014573056   0.0006895485  -0.0000006575
        0.0130105122  -0.0173585879   0.0053799301   0.0627051081  -0.1249617243
        0.0001224146   0.0130658784  -0.0174406268  -0.0053252812   0.0476121671
        0.4857506910   0.0000807207  -0.0084982215   0.0100083297  -0.0000127883
       -0.0025561191  -0.0010965717   0.0000006117   0.0010139555   0.0002093127
       -0.0004452836  -0.0000201132   0.0006095593  -0.0007417070   0.0004181341
       -0.0022775062   0.0032140161  -0.0000190370   0.0006095741   0.0007422971
        0.0004226051  -0.0023015272  -0.0032186292   0.0010166032   0.0002109905
        0.0004472347  -0.0158237040  -0.1216723642   0.1127342267  -0.0158275009
       -0.1224474489  -0.1130276665  -0.0958678076  -0.0881847255   0.0000500470
       -0.0000615156   0.0000482085  -0.0000574684  -0.0000619724   0.0000478563
        0.0000574735  -0.0005289724   0.0002465605  -0.0000001482
       -0.0151447076   0.0189453711  -0.0040888757  -0.0001245744   0.0001224120
       -0.0643999962   0.0151021437  -0.0188964349  -0.0039950135  -0.0000887764
        0.0000807207   0.5253833332   0.0000000148  -0.0000060488   0.0028275916
        0.0000035140   0.0000017301   0.0006328804  -0.0008468962  -0.0001044140
        0.0005796881  -0.0004684827   0.0007646689   0.0007861800  -0.0006234392
        0.0037844765  -0.0038248792   0.0004683425  -0.0007641502   0.0007870011
        0.0006247922  -0.0037895888  -0.0038005313   0.0008433794   0.0001055383
        0.0005780793   0.0217057168   0.1122368419  -0.2050793032  -0.0215548109
       -0.1125302650  -0.2043352629   0.0001033941   0.0000496003  -0.0420842750
        0.0002113754   0.0000128180  -0.0000091029  -0.0002115467  -0.0000131239
       -0.0000088585   0.0000005613  -0.0000001521   0.0000513445
       -0.0154905214  -0.0156614724   0.0077878088  -0.1139148237  -0.0541466217
        0.0000689110  -0.0154640102  -0.0156660050  -0.0077437798  -0.0420966377
       -0.0084982215   0.0000000148   0.4193092938  -0.0230928038  -0.0000025640
       -0.1567381364   0.0730826988  -0.0000730290  -0.0011255239  -0.0029108390
        0.0034036446   0.0004056455   0.0009360311  -0.0003722891  -0.0002193714
       -0.0000253745  -0.0002890690   0.0004060520   0.0009380935   0.0003687037
       -0.0002194580  -0.0000235947   0.0002909851  -0.0011211345  -0.0029189608
       -0.0033896218   0.0013096947  -0.0007078822  -0.0005787567   0.0013105878
       -0.0007044241   0.0005828055  -0.0063552056   0.0038445261  -0.0000080626
       -0.0167028553   0.0176535857  -0.0111911463  -0.0167318254   0.0176866414
        0.0111634581  -0.0365617703   0.0102146231  -0.0000180134
       -0.0280102328  -0.0170197608   0.0077320099  -0.0412638418  -0.1226990005
        0.0000843837  -0.0280840095  -0.0170999337  -0.0076942100   0.0181913740
        0.0100083297  -0.0000060488  -0.0230928038   0.3093138891  -0.0002501134
        0.0584825850  -0.1290457768   0.0000941897  -0.0009317909  -0.0041893526
        0.0051811210   0.0005996319   0.0010723101  -0.0010481365   0.0006131612
        0.0000779152  -0.0006920335   0.0006005797   0.0010797008   0.0010503247
        0.0006130297   0.0000807947   0.0006936078  -0.0009339950  -0.0042202085
       -0.0051824794  -0.0001556767   0.0003967179  -0.0002082051  -0.0001558257
        0.0003997249   0.0002076312   0.0045038653  -0.0020088855   0.0000052285
        0.0280421152  -0.0186304220   0.0068007600   0.0280700027  -0.0186528023
       -0.0067586660  -0.0170881685   0.0111367604  -0.0000093638
        0.0235624827   0.0168843424  -0.0014395020   0.0000542728   0.0000912777
       -0.0459624460  -0.0234782289  -0.0168461603  -0.0013808508  -0.0000389255
       -0.0000127883   0.0028275916  -0.0000025640  -0.0002501134   0.0877618749
       -0.0000566057   0.0000883324  -0.0451876894   0.0017409079   0.0041561866
       -0.0043579172   0.0000311729  -0.0006639379   0.0021616303  -0.0001283402
       -0.0004258109   0.0004214840  -0.0000338060   0.0006688155   0.0021559242
        0.0001262981   0.0004252813   0.0004170004  -0.0017340875  -0.0041588206
       -0.0043305262   0.0004116805  -0.0006502615   0.0003195629  -0.0004097526
        0.0006495017   0.0003149642  -0.0000075335   0.0000037085   0.0001796570
       -0.0240505837   0.0150501486   0.0025292926   0.0240081585  -0.0150076850
        0.0025847038   0.0000054542  -0.0000020169   0.0009852457
        0.0004703247   0.0003977783  -0.0005904854  -0.0384612466   0.0057551962
       -0.0000145640   0.0004668604   0.0003996889   0.0005912847  -0.0044905965
       -0.0025561191   0.0000035140  -0.1567381364   0.0584825850  -0.0000566057
        0.4286566667   0.0523475842  -0.0000553938   0.0002005806   0.0005728482
       -0.0003368432  -0.0000798199  -0.0003247149  -0.0000215670  -0.0007317610
        0.0002079162   0.0004231286  -0.0000782971  -0.0003253904   0.0000224823
       -0.0007314122   0.0002054744  -0.0004252131   0.0001994440   0.0005741149
        0.0003358757  -0.0001807448  -0.0004165809   0.0002872349  -0.0001801435
       -0.0004177251  -0.0002860129  -0.0010542868   0.0013252615  -0.0000027897
       -0.0389804502   0.0034361815  -0.0088456362  -0.0389926691   0.0035108004
        0.0089532870  -0.1492943124  -0.1231748991   0.0000183038
       -0.0001299865  -0.0002871962  -0.0001112815  -0.0053417268   0.0175099589
       -0.0000236873  -0.0001294664  -0.0002847364   0.0001128915  -0.0028456502
       -0.0010965717   0.0000017301   0.0730826988  -0.1290457768   0.0000883324
        0.0523475842   0.4924553533  -0.0000103686  -0.0007261500  -0.0000154468
        0.0003257392  -0.0001800237   0.0002388566   0.0001981649  -0.0008847918
        0.0000170546  -0.0001932071  -0.0001810320   0.0002383301  -0.0001990988
       -0.0008864407   0.0000179590   0.0001941340  -0.0007260642  -0.0000163227
       -0.0003248197   0.0001462490   0.0003219672  -0.0003512235   0.0001457558
        0.0003233698   0.0003501361  -0.0010587138   0.0003658367  -0.0000005758
        0.0024361566  -0.1066991906   0.0972703819   0.0025162693  -0.1068693965
       -0.0973395432  -0.1175846678  -0.1671740484   0.0000122954
        0.0002888235  -0.0005615565   0.0006946991  -0.0000022656  -0.0000282770
       -0.0056171559  -0.0002873990   0.0005682913   0.0006923255  -0.0000020321
        0.0000006117   0.0006328804  -0.0000730290   0.0000941897  -0.0451876894
       -0.0000553938  -0.0000103686   0.4802819882   0.0001134386   0.0001709009
       -0.0002187931   0.0003561210  -0.0001340552  -0.0002875360   0.0006109231
        0.0004000397   0.0003371247  -0.0003568804   0.0001332808  -0.0002876302
       -0.0006065952  -0.0003985772   0.0003405556  -0.0001110672  -0.0001721958
       -0.0002169549  -0.0001301699   0.0000783437  -0.0000801600   0.0001296808
       -0.0000793144  -0.0000803119  -0.0000004719   0.0000006971   0.0002504654
       -0.0093856811   0.0983278787  -0.1940090205   0.0094978913  -0.0984023069
       -0.1938085190   0.0000141068   0.0000124179  -0.0434362681
       -0.2544022720  -0.0829759932   0.0117157306  -0.0057752846  -0.0034312313
        0.0015484936   0.0004093347   0.0003530070  -0.0003474780   0.0006036465
        0.0010139555  -0.0008468962  -0.0011255239  -0.0009317909   0.0017409079
        0.0002005806  -0.0007261500   0.0001134386   0.2940395358   0.0960998860
       -0.0126956872  -0.0085837115  -0.0044922795  -0.0017773278  -0.0261383455
       -0.0055967818   0.0008367141   0.0000262511   0.0001300962  -0.0001827886
       -0.0003169819  -0.0000003387   0.0000448650   0.0004828823   0.0000475721
        0.0001666135  -0.0000538318   0.0001970876  -0.0001571537  -0.0001201480
       -0.0001585047   0.0000007423   0.0003371042   0.0003989853  -0.0002316182
        0.0003243351   0.0000707327   0.0000546465   0.0000256600  -0.0000174435
       -0.0000039620   0.0000667689   0.0000191911   0.0000207594
       -0.0828979049  -0.0739260150   0.0036983516  -0.0154495516  -0.0069675376
        0.0022031372   0.0002058797   0.0002649554  -0.0005898481  -0.0006142732
        0.0002093127  -0.0001044140  -0.0029108390  -0.0041893526   0.0041561866
        0.0005728482  -0.0000154468   0.0001709009   0.0960998860   0.0854434236
       -0.0065335109  -0.0194414537  -0.0080956689  -0.0017635756   0.0236168407
        0.0076073910  -0.0012173903   0.0000191442  -0.0000726319  -0.0000971248
        0.0001100888  -0.0000647047   0.0000232996   0.0000469816   0.0002500397
       -0.0000187001   0.0000375471   0.0001630058  -0.0002304583  -0.0001382329
       -0.0002950841  -0.0001131491   0.0006419965  -0.0003863055   0.0007355629
        0.0001261685  -0.0000675987  -0.0002679112  -0.0000033522   0.0000050024
        0.0000561084  -0.0000217737   0.0001372152  -0.0001074648
        0.0114810950   0.0033339960  -0.0423538117   0.0211521431   0.0089576977
       -0.0020070434   0.0001112744   0.0001940501   0.0000267456   0.0006003249
       -0.0004452836   0.0005796881   0.0034036446   0.0051811210  -0.0043579172
       -0.0003368432   0.0003257392  -0.0002187931  -0.0126956872  -0.0065335109
        0.0483397549  -0.0251510855  -0.0108727584  -0.0001850275   0.0022157025
        0.0001187705   0.0007772495  -0.0001196261  -0.0000946119   0.0001627681
        0.0000535467  -0.0000287411  -0.0000530498  -0.0001661445   0.0000146572
       -0.0008099791   0.0001199022  -0.0002172822   0.0000311787  -0.0001519730
       -0.0000681320  -0.0000591138  -0.0003371073   0.0004861544  -0.0001141898
       -0.0001776326  -0.0002709237   0.0001306943   0.0000139868  -0.0000097330
        0.0000740344  -0.0000155208  -0.0000712093   0.0000368118
       -0.0519991687  -0.0242233751  -0.0357318445   0.0004962313   0.0008313049
        0.0020845503   0.0004028480  -0.0001795013   0.0005600038   0.0000378764
       -0.0000201132  -0.0004684827   0.0004056455   0.0005996319   0.0000311729
       -0.0000798199  -0.0001800237   0.0003561210  -0.0085837115  -0.0194414537
       -0.0251510855   0.0564946273   0.0279973666   0.0411299651   0.0031017037
        0.0138995404   0.0171037641   0.0002289181   0.0000026224   0.0001356619
       -0.0000373485  -0.0000075699  -0.0000391678   0.0000261067   0.0000196221
        0.0001192847  -0.0000657682   0.0000151000   0.0001743070   0.0000829766
        0.0005179797  -0.0001413677  -0.0001435557  -0.0001303553  -0.0001132380
       -0.0003535665   0.0002600318   0.0002051578   0.0000124244   0.0000242256
       -0.0002166185  -0.0000264190   0.0000149669  -0.0000381837
       -0.0245412420  -0.1202740272  -0.1096537510   0.0030324206   0.0082708722
        0.0118248522  -0.0001938040  -0.0008879000   0.0023451702  -0.0002616942
        0.0006095593   0.0007646689   0.0009360311   0.0010723101  -0.0006639379
       -0.0003247149   0.0002388566  -0.0001340552  -0.0044922795  -0.0080956689
       -0.0108727584   0.0279973666   0.1371364003   0.1268314581  -0.0026848445
       -0.0177383741  -0.0215166563   0.0000016129   0.0004907800   0.0007324388
       -0.0001645920  -0.0000360389   0.0000893420   0.0001308706  -0.0000717562
        0.0000952919  -0.0000299576  -0.0000601694  -0.0000617221   0.0002376730
       -0.0002442858   0.0002362263  -0.0000313968  -0.0001341812  -0.0000928916
        0.0003224174  -0.0001001576  -0.0001346653   0.0000463841  -0.0001350824
        0.0001254830   0.0000197492  -0.0000411368   0.0000855063
       -0.0354096011  -0.1096212290  -0.1980990394  -0.0046748116  -0.0129529847
       -0.0266110662   0.0005218489   0.0035872211  -0.0051973120   0.0003325467
       -0.0007417070   0.0007861800  -0.0003722891  -0.0010481365   0.0021616303
       -0.0000215670   0.0001981649  -0.0002875360  -0.0017773278  -0.0017635756
       -0.0001850275   0.0411299651   0.1268314581   0.2314188743   0.0002941335
       -0.0044343016  -0.0029293997  -0.0001342999  -0.0007402716  -0.0017139498
       -0.0001210098   0.0003377078   0.0002217567   0.0001823125   0.0000978181
        0.0001625030   0.0000849451  -0.0001726377   0.0002389080  -0.0001869212
        0.0006174705   0.0000979141  -0.0000369104  -0.0000216921  -0.0001269021
        0.0003346424  -0.0001661093  -0.0001108601  -0.0001216624   0.0000285369
        0.0001405333  -0.0000239939  -0.0000357324   0.0000327929
       -0.1434342752   0.1177866425   0.0050210009   0.0009196006   0.0010307225
       -0.0016539020   0.0002438627  -0.0003624261   0.0001443815   0.0005691761
        0.0004181341  -0.0006234392  -0.0002193714   0.0006131612  -0.0001283402
       -0.0007317610  -0.0008847918   0.0006109231  -0.0261383455   0.0236168407
        0.0022157025   0.0031017037  -0.0026848445   0.0002941335   0.1668370889
       -0.1382381044  -0.0061067222  -0.0000375375  -0.0001643612   0.0001213496
        0.0004134878  -0.0001023063  -0.0002327463  -0.0003169301   0.0001098984
       -0.0000541208   0.0000242657   0.0001939357  -0.0000184833  -0.0000526621
       -0.0001975008  -0.0000816916   0.0002240486  -0.0000345156   0.0001353559
       -0.0014824914  -0.0010949914   0.0003527198   0.0000496119   0.0000120016
        0.0000643268   0.0000305284  -0.0000174948  -0.0000604480
        0.1189015213  -0.1819059588  -0.0068978525   0.0128096255  -0.0160801109
        0.0025020726  -0.0003327808   0.0008330383  -0.0014049793  -0.0004073460
       -0.0022775062   0.0037844765  -0.0000253745   0.0000779152  -0.0004258109
        0.0002079162   0.0000170546   0.0004000397  -0.0055967818   0.0076073910
        0.0001187705   0.0138995404  -0.0177383741  -0.0044343016  -0.1382381044
        0.2094909076   0.0063878693  -0.0000073220  -0.0000377588  -0.0003370378
       -0.0001016397   0.0003987155   0.0001548092  -0.0000005403  -0.0000645834
        0.0000288768   0.0009059385  -0.0008775057   0.0002994874  -0.0001227204
        0.0003184053   0.0001075469  -0.0002377099   0.0000259704  -0.0000287153
       -0.0015975841  -0.0001322076  -0.0001631749  -0.0000990708   0.0000934632
        0.0000778158   0.0000424330   0.0002511444  -0.0001698924
        0.0048836193  -0.0067845621  -0.0432272759  -0.0162536311   0.0184760634
       -0.0008185756  -0.0005916674   0.0011473574   0.0008665670   0.0001395427
        0.0032140161  -0.0038248792  -0.0002890690  -0.0006920335   0.0004214840
        0.0004231286  -0.0001932071   0.0003371247   0.0008367141  -0.0012173903
        0.0007772495   0.0171037641  -0.0215166563  -0.0029293997  -0.0061067222
        0.0063878693   0.0494932665   0.0000389168  -0.0000887927   0.0002230579
        0.0002342906  -0.0001600580  -0.0008910758  -0.0000450751  -0.0000231423
       -0.0000531033  -0.0009640316   0.0012380272  -0.0001146174   0.0000972002
       -0.0000059272  -0.0001221805   0.0001138072  -0.0000708364  -0.0000831251
        0.0003450047   0.0002518679   0.0004185629   0.0001047390   0.0000900598
       -0.0003686352  -0.0000705309  -0.0000526551  -0.0001044447
        0.0004035676  -0.0001790522  -0.0005557963   0.0004945802   0.0008161331
       -0.0020686621  -0.0520436609  -0.0241675857   0.0359029011   0.0000375887
       -0.0000190370   0.0004683425   0.0004060520   0.0006005797  -0.0000338060
       -0.0000782971  -0.0001810320  -0.0003568804   0.0000262511   0.0000191442
       -0.0001196261   0.0002289181   0.0000016129  -0.0001342999  -0.0000375375
       -0.0000073220   0.0000389168   0.0565482757   0.0279333882  -0.0413340553
        0.0031118932   0.0138385391  -0.0171471980  -0.0086007541  -0.0193568201
        0.0252119601   0.0000827569   0.0005181134   0.0001400544  -0.0000656986
        0.0000142627  -0.0001745986  -0.0001436706  -0.0001299254   0.0001135875
        0.0000122309   0.0000245099   0.0002164111  -0.0003562575   0.0002590084
       -0.0002064482  -0.0000262382   0.0000154829   0.0000391975
       -0.0001939466  -0.0009082948  -0.0023601957   0.0030561545   0.0082746825
       -0.0119417747  -0.0244866589  -0.1195242469   0.1093686152  -0.0002619934
        0.0006095741  -0.0007641502   0.0009380935   0.0010797008   0.0006688155
       -0.0003253904   0.0002383301   0.0001332808   0.0001300962  -0.0000726319
       -0.0000946119   0.0000026224   0.0004907800  -0.0007402716  -0.0001643612
       -0.0000377588  -0.0000887927   0.0279333882   0.1362674528  -0.1264866737
       -0.0026991666  -0.0176487614   0.0215641556  -0.0044934249  -0.0080529097
        0.0108975451   0.0002376878  -0.0002475316  -0.0002358776  -0.0000302446
       -0.0000593594   0.0000633373  -0.0000312973  -0.0001336443   0.0000929154
        0.0000466559  -0.0001357470  -0.0001243267   0.0003217694  -0.0000978052
        0.0001335312   0.0000200160  -0.0000418292  -0.0000855213
       -0.0005173958  -0.0036022352  -0.0051780213   0.0046819959   0.0128355586
       -0.0266123916   0.0355835864   0.1093371126  -0.1987971536  -0.0003321880
        0.0007422971   0.0007870011   0.0003687037   0.0010503247   0.0021559242
        0.0000224823  -0.0001990988  -0.0002876302  -0.0001827886  -0.0000971248
        0.0001627681   0.0001356619   0.0007324388  -0.0017139498   0.0001213496
       -0.0003370378   0.0002230579  -0.0413340553  -0.1264866737   0.2322297864
       -0.0002806109   0.0044933621  -0.0030300496   0.0017873240   0.0017785558
       -0.0002109556   0.0001863212  -0.0006167681   0.0000975444  -0.0000849820
        0.0001735777   0.0002382512   0.0000369552   0.0000216891  -0.0001268612
        0.0001214538  -0.0000281772   0.0001403650  -0.0003377922   0.0001657020
       -0.0001110346   0.0000239789   0.0000364973   0.0000333493
        0.0002434826  -0.0003622195  -0.0001435816   0.0009074541   0.0010486275
        0.0016513327  -0.1434385865   0.1177693915  -0.0054911155   0.0005687125
        0.0004226051   0.0006247922  -0.0002194580   0.0006130297   0.0001262981
       -0.0007314122  -0.0008864407  -0.0006065952  -0.0003169819   0.0001100888
        0.0000535467  -0.0000373485  -0.0001645920  -0.0001210098   0.0004134878
       -0.0001016397   0.0002342906   0.0031118932  -0.0026991666  -0.0002806109
        0.1668399642  -0.1382135958   0.0066539703  -0.0261353536   0.0236059045
       -0.0023136439  -0.0000525465  -0.0001971202   0.0000824850   0.0000234917
        0.0001946443   0.0000177460   0.0002242045  -0.0000350139  -0.0001351061
        0.0000493847   0.0000114166  -0.0000653718  -0.0014809181  -0.0010977424
       -0.0003470295   0.0000305299  -0.0000181771   0.0000596028
       -0.0003317061   0.0008338425   0.0014046829   0.0128669972  -0.0161522063
       -0.0024414287   0.1188811922  -0.1818498111   0.0074504386  -0.0004052932
       -0.0023015272  -0.0037895888  -0.0000235947   0.0000807947   0.0004252813
        0.0002054744   0.0000179590  -0.0003985772  -0.0000003387  -0.0000647047
       -0.0000287411  -0.0000075699  -0.0000360389   0.0003377078  -0.0001023063
        0.0003987155  -0.0001600580   0.0138385391  -0.0176487614   0.0044933621
       -0.1382135958   0.2094396401  -0.0070253429  -0.0056006013   0.0076117945
       -0.0001459586  -0.0001230739   0.0003180458  -0.0001093162   0.0009093296
       -0.0008826851  -0.0002960807  -0.0002381415   0.0000262780   0.0000282770
       -0.0000999190   0.0000930710  -0.0000812247  -0.0015981231  -0.0001367178
        0.0001671108   0.0000427310   0.0002523114   0.0001694564
        0.0005924106  -0.0011475528   0.0008658364   0.0162110395  -0.0184246096
       -0.0007362525  -0.0053582121   0.0073374320  -0.0432857624  -0.0001355886
       -0.0032186292  -0.0038005313   0.0002909851   0.0006936078   0.0004170004
       -0.0004252131   0.0001941340   0.0003405556   0.0000448650   0.0000232996
       -0.0000530498  -0.0000391678   0.0000893420   0.0002217567  -0.0002327463
        0.0001548092  -0.0008910758  -0.0171471980   0.0215641556  -0.0030300496
        0.0066539703  -0.0070253429   0.0495515120  -0.0008352157   0.0012091069
        0.0007717399  -0.0000967460   0.0000042214  -0.0001216113   0.0009611230
       -0.0012352386  -0.0001090038  -0.0001127786   0.0000704531  -0.0000835380
       -0.0001052828  -0.0000914176  -0.0003691775  -0.0003367003  -0.0002488287
        0.0004178281   0.0000704557   0.0000510578  -0.0001061771
        0.0004091652   0.0003543347   0.0003465852  -0.0057604608  -0.0034313070
       -0.0015398034  -0.2543824624  -0.0830173847  -0.0115698683   0.0006034812
        0.0010166032   0.0008433794  -0.0011211345  -0.0009339950  -0.0017340875
        0.0001994440  -0.0007260642  -0.0001110672   0.0004828823   0.0000469816
       -0.0001661445   0.0000261067   0.0001308706   0.0001823125  -0.0003169301
       -0.0000005403  -0.0000450751  -0.0086007541  -0.0044934249   0.0017873240
       -0.0261353536  -0.0056006013  -0.0008352157   0.2940175210   0.0961437445
        0.0125273860  -0.0001201969  -0.0001584152  -0.0000001853  -0.0000540004
        0.0001973389   0.0001562809   0.0003366940   0.0004000277   0.0002306703
        0.0000258025  -0.0000172985   0.0000047669   0.0003233474   0.0000702988
       -0.0000562742   0.0000668485   0.0000188312  -0.0000209839
        0.0002049303   0.0002662805   0.0005890735  -0.0155216462  -0.0070070302
       -0.0021966851  -0.0829376844  -0.0739562836  -0.0036439304  -0.0006161792
        0.0002109905   0.0001055383  -0.0029189608  -0.0042202085  -0.0041588206
        0.0005741149  -0.0000163227  -0.0001721958   0.0000475721   0.0002500397
        0.0000146572   0.0000196221  -0.0000717562   0.0000978181   0.0001098984
       -0.0000645834  -0.0000231423  -0.0193568201  -0.0080529097   0.0017785558
        0.0236059045   0.0076117945   0.0012091069   0.0961437445   0.0854936181
        0.0064697208  -0.0001378638  -0.0002947162   0.0001137226   0.0000369881
        0.0001647314   0.0002301475   0.0006435730  -0.0003903918  -0.0007340521
       -0.0000032720   0.0000045420  -0.0000564438   0.0001280081  -0.0000657163
        0.0002694382  -0.0000219294   0.0001379219   0.0001074910
       -0.0001117666  -0.0001944907   0.0000256935  -0.0211035023  -0.0089448738
       -0.0019846571  -0.0113362882  -0.0032803218  -0.0423452883  -0.0005982249
        0.0004472347   0.0005780793  -0.0033896218  -0.0051824794  -0.0043305262
        0.0003358757  -0.0003248197  -0.0002169549   0.0001666135  -0.0000187001
       -0.0008099791   0.0001192847   0.0000952919   0.0001625030  -0.0000541208
        0.0000288768  -0.0000531033   0.0252119601   0.0108975451  -0.0002109556
       -0.0023136439  -0.0001459586   0.0007717399   0.0125273860   0.0064697208
        0.0483132285   0.0001524853   0.0000688757  -0.0000597064  -0.0001200209
        0.0002170212   0.0000294886   0.0003353432  -0.0004848079  -0.0001091692
       -0.0000140112   0.0000098477   0.0000742731   0.0001767015   0.0002710484
        0.0001289045   0.0000155506   0.0000709897   0.0000364296
       -0.0026829600   0.0029275233  -0.0000971718   0.0006978258   0.0137680612
       -0.0171723800   0.0004580214  -0.0005534777  -0.0006474623  -0.0456770285
       -0.0158237040   0.0217057168   0.0013096947  -0.0001556767   0.0004116805
       -0.0001807448   0.0001462490  -0.0001301699  -0.0000538318   0.0000375471
        0.0001199022  -0.0000657682  -0.0000299576   0.0000849451   0.0000242657
        0.0009059385  -0.0009640316   0.0000827569   0.0002376878   0.0001863212
       -0.0000525465  -0.0001230739  -0.0000967460  -0.0001201969  -0.0001378638
        0.0001524853   0.0502250924   0.0154386628  -0.0247886156   0.0011347941
        0.0015553483  -0.0031150803  -0.0053480198  -0.0180569053   0.0243616898
        0.0001013320  -0.0000699208   0.0000702648   0.0001053759  -0.0000332154
       -0.0000582165   0.0000419376  -0.0000332230  -0.0000231318
        0.0037639020  -0.0034856910   0.0002445294   0.0007241343  -0.0161436842
        0.0190922824  -0.0004369818   0.0006098973   0.0006246637  -0.0157063163
       -0.1216723642   0.1122368419  -0.0007078822   0.0003967179  -0.0006502615
       -0.0004165809   0.0003219672   0.0000783437   0.0001970876   0.0001630058
       -0.0002172822   0.0000151000  -0.0000601694  -0.0001726377   0.0001939357
       -0.0008775057   0.0012380272   0.0005181134  -0.0002475316  -0.0006167681
       -0.0001971202   0.0003180458   0.0000042214  -0.0001584152  -0.0002947162
        0.0000688757   0.0154386628   0.1410347213  -0.1313749693   0.0015748933
        0.0096019501  -0.0142612491  -0.0045611884  -0.0097012878   0.0137405374
       -0.0001038851   0.0000110853  -0.0000603016  -0.0000582569  -0.0000239563
        0.0000292908  -0.0000792021   0.0000495157  -0.0000041440
       -0.0009260956   0.0009133868   0.0005759076  -0.0015349793   0.0036303650
       -0.0024266612   0.0004842656  -0.0009712076   0.0007332025   0.0217075722
        0.1127342267  -0.2050793032  -0.0005787567  -0.0002082051   0.0003195629
        0.0002872349  -0.0003512235  -0.0000801600  -0.0001571537  -0.0002304583
        0.0000311787   0.0001743070  -0.0000617221   0.0002389080  -0.0000184833
        0.0002994874  -0.0001146174   0.0001400544  -0.0002358776   0.0000975444
        0.0000824850  -0.0001093162  -0.0001216113  -0.0000001853   0.0001137226
       -0.0000597064  -0.0247886156  -0.1313749693   0.2360740144   0.0031279792
        0.0141316503  -0.0283764792   0.0017405233   0.0019093281  -0.0018310456
        0.0001302777  -0.0000904769   0.0000454595   0.0001324425  -0.0000671448
       -0.0000216987  -0.0000028723  -0.0000315657  -0.0000044953
        0.0004579221  -0.0005519552   0.0006490458   0.0006868478   0.0138291968
        0.0171268115  -0.0026839442   0.0029285556   0.0000851042  -0.0456505186
       -0.0158275009  -0.0215548109   0.0013105878  -0.0001558257  -0.0004097526
       -0.0001801435   0.0001457558   0.0001296808  -0.0001201480  -0.0001382329
       -0.0001519730   0.0000829766   0.0002376730  -0.0001869212  -0.0000526621
       -0.0001227204   0.0000972002  -0.0000656986  -0.0000302446  -0.0000849820
        0.0000234917   0.0009093296   0.0009611230  -0.0000540004   0.0000369881
       -0.0001200209   0.0011347941   0.0015748933   0.0031279792   0.0501934253
        0.0154404033   0.0246217273  -0.0053319100  -0.0181392130  -0.0243013966
        0.0001056075  -0.0000335270   0.0000584189   0.0001014006  -0.0000701409
       -0.0000702701   0.0000419719  -0.0000334349   0.0000230365
       -0.0004382470   0.0006112210  -0.0006244973   0.0007411633  -0.0162213262
       -0.0190447174   0.0037669869  -0.0034891272  -0.0002280318  -0.0157107170
       -0.1224474489  -0.1125302650  -0.0007044241   0.0003997249   0.0006495017
       -0.0004177251   0.0003233698  -0.0000793144  -0.0001585047  -0.0002950841
       -0.0000681320   0.0005179797  -0.0002442858   0.0006174705  -0.0001975008
        0.0003184053  -0.0000059272   0.0000142627  -0.0000593594   0.0001735777
        0.0001946443  -0.0008826851  -0.0012352386   0.0001973389   0.0001647314
        0.0002170212   0.0015553483   0.0096019501   0.0141316503   0.0154404033
        0.1419382140   0.1317082235  -0.0045585570  -0.0097548095  -0.0137161581
       -0.0000589261  -0.0000241095  -0.0000296525  -0.0001044535   0.0000111503
        0.0000605298  -0.0000790722   0.0000494689   0.0000039595
       -0.0004829831   0.0009709935   0.0007321483   0.0015344625  -0.0035744767
       -0.0023369635   0.0009110271  -0.0008974219   0.0005804305  -0.0215571462
       -0.1130276665  -0.2043352629   0.0005828055   0.0002076312   0.0003149642
       -0.0002860129   0.0003501361  -0.0000803119   0.0000007423  -0.0001131491
       -0.0000591138  -0.0001413677   0.0002362263   0.0000979141  -0.0000816916
        0.0001075469  -0.0001221805  -0.0001745986   0.0000633373   0.0002382512
        0.0000177460  -0.0002960807  -0.0001090038   0.0001562809   0.0002301475
        0.0000294886  -0.0031150803  -0.0142612491  -0.0283764792   0.0246217273
        0.1317082235   0.2352009528  -0.0017269008  -0.0018932818  -0.0017930927
       -0.0001321511   0.0000671421  -0.0000220043  -0.0001300200   0.0000904623
        0.0000447320   0.0000031606   0.0000314788  -0.0000044692
        0.0007244919  -0.0006843338   0.0003801246  -0.0222236381  -0.0087366711
        0.0000078479   0.0007243946  -0.0006855362  -0.0003773142  -0.2407779038
       -0.0958678076   0.0001033941  -0.0063552056   0.0045038653  -0.0000075335
       -0.0010542868  -0.0010587138  -0.0000004719   0.0003371042   0.0006419965
       -0.0003371073  -0.0001435557  -0.0000313968  -0.0000369104   0.0002240486
       -0.0002377099   0.0001138072  -0.0001436706  -0.0000312973   0.0000369552
        0.0002242045  -0.0002381415  -0.0001127786   0.0003366940   0.0006435730
        0.0003353432  -0.0053480198  -0.0045611884   0.0017405233  -0.0053319100
       -0.0045585570  -0.0017269008   0.2791716556   0.1106603867  -0.0001187021
       -0.0000048622   0.0000103347  -0.0000181537  -0.0000047013   0.0000101944
        0.0000180898  -0.0003548396   0.0002210028  -0.0000002128
        0.0007187108   0.0002449197  -0.0002216281   0.0158647041   0.0074361996
       -0.0000076409   0.0007204587   0.0002452807   0.0002212408  -0.0975345272
       -0.0881847255   0.0000496003   0.0038445261  -0.0020088855   0.0000037085
        0.0013252615   0.0003658367   0.0000006971   0.0003989853  -0.0003863055
        0.0004861544  -0.0001303553  -0.0001341812  -0.0000216921  -0.0000345156
        0.0000259704  -0.0000708364  -0.0001299254  -0.0001336443   0.0000216891
       -0.0000350139   0.0000262780   0.0000704531   0.0004000277  -0.0003903918
       -0.0004848079  -0.0180569053  -0.0097012878   0.0019093281  -0.0181392130
       -0.0097548095  -0.0018932818   0.1106603867   0.1022860615  -0.0000629723
       -0.0000740207   0.0000748904  -0.0000610689  -0.0000741515   0.0000749758
        0.0000609212   0.0002755669  -0.0000861816   0.0000001359
       -0.0005929216   0.0001818421  -0.0000268788  -0.0000339986  -0.0000158162
       -0.0001024095   0.0005908183  -0.0001833276  -0.0000271198   0.0001061899
        0.0000500470  -0.0420842750  -0.0000080626   0.0000052285   0.0001796570
       -0.0000027897  -0.0000005758   0.0002504654  -0.0002316182   0.0007355629
       -0.0001141898  -0.0001132380  -0.0000928916  -0.0001269021   0.0001353559
       -0.0000287153  -0.0000831251   0.0001135875   0.0000929154  -0.0001268612
       -0.0001351061   0.0000282770  -0.0000835380   0.0002306703  -0.0007340521
       -0.0001091692   0.0243616898   0.0137405374  -0.0018310456  -0.0243013966
       -0.0137161581  -0.0017930927  -0.0001187021  -0.0000629723   0.0460774530
        0.0000259164  -0.0000315391   0.0000027099  -0.0000258071   0.0000314481
        0.0000024119  -0.0000005875   0.0000001896  -0.0000040906
       -0.0005984806  -0.0004301363   0.0007608495   0.0015197350   0.0008491407
       -0.0014438349  -0.0003265388  -0.0002610905   0.0000284251  -0.0003703934
       -0.0000615156   0.0002113754  -0.0167028553   0.0280421152  -0.0240505837
       -0.0389804502   0.0024361566  -0.0093856811   0.0003243351   0.0001261685
       -0.0001776326  -0.0003535665   0.0003224174   0.0003346424  -0.0014824914
       -0.0015975841   0.0003450047   0.0000122309   0.0000466559   0.0001214538
        0.0000493847  -0.0000999190  -0.0001052828   0.0000258025  -0.0000032720
       -0.0000140112   0.0001013320  -0.0001038851   0.0001302777   0.0001056075
       -0.0000589261  -0.0001321511  -0.0000048622  -0.0000740207   0.0000259164
        0.0546059226  -0.0148196661   0.0159808360   0.0015610276  -0.0011161724
       -0.0006847791   0.0005142605  -0.0131964666   0.0180551754
       -0.0007545427   0.0006840803   0.0000198883  -0.0009870035   0.0005334575
       -0.0005154779  -0.0000709018   0.0000702340  -0.0000073095   0.0000855917
        0.0000482085   0.0000128180   0.0176535857  -0.0186304220   0.0150501486
        0.0034361815  -0.1066991906   0.0983278787   0.0000707327  -0.0000675987
       -0.0002709237   0.0002600318  -0.0001001576  -0.0001661093  -0.0010949914
       -0.0001322076   0.0002518679   0.0000245099  -0.0001357470  -0.0000281772
        0.0000114166   0.0000930710  -0.0000914176  -0.0000172985   0.0000045420
        0.0000098477  -0.0000699208   0.0000110853  -0.0000904769  -0.0000335270
       -0.0000241095   0.0000671421   0.0000103347   0.0000748904  -0.0000315391
       -0.0148196661   0.1318801382  -0.1203360888  -0.0011052070   0.0084100956
       -0.0138861163  -0.0025993257  -0.0160203697   0.0216840450
        0.0005215057   0.0001619304   0.0000892079   0.0010648064   0.0010238909
        0.0001714818  -0.0002732262   0.0000150342  -0.0000754532   0.0000667920
       -0.0000574684  -0.0000091029  -0.0111911463   0.0068007600   0.0025292926
       -0.0088456362   0.0972703819  -0.1940090205   0.0000546465  -0.0002679112
        0.0001306943   0.0002051578  -0.0001346653  -0.0001108601   0.0003527198
       -0.0001631749   0.0004185629   0.0002164111  -0.0001243267   0.0001403650
       -0.0000653718  -0.0000812247  -0.0003691775   0.0000047669  -0.0000564438
        0.0000742731   0.0000702648  -0.0000603016   0.0000454595   0.0000584189
       -0.0000296525  -0.0000220043  -0.0000181537  -0.0000610689   0.0000027099
        0.0159808360  -0.1203360888   0.2229610491   0.0007089093   0.0138487989
       -0.0299163192   0.0010882990   0.0022515304  -0.0020511584
       -0.0003272366  -0.0002618187  -0.0000275020   0.0015200779   0.0008552669
        0.0014431432  -0.0005970171  -0.0004367376  -0.0007595936  -0.0003699966
       -0.0000619724  -0.0002115467  -0.0167318254   0.0280700027   0.0240081585
       -0.0389926691   0.0025162693   0.0094978913   0.0000256600  -0.0000033522
        0.0000139868   0.0000124244   0.0000463841  -0.0001216624   0.0000496119
       -0.0000990708   0.0001047390  -0.0003562575   0.0003217694  -0.0003377922
       -0.0014809181  -0.0015981231  -0.0003367003   0.0003233474   0.0001280081
        0.0001767015   0.0001053759  -0.0000582569   0.0001324425   0.0001014006
       -0.0001044535  -0.0001300200  -0.0000047013  -0.0000741515  -0.0000258071
        0.0015610276  -0.0011052070   0.0007089093   0.0546343598  -0.0149229740
       -0.0160946702   0.0005273364  -0.0132115829  -0.0180406775
       -0.0000702244   0.0000695265   0.0000069510  -0.0009876786   0.0005289990
        0.0005117211  -0.0007563582   0.0006823807  -0.0000219086   0.0000854737
        0.0000478563  -0.0000131239   0.0176866414  -0.0186528023  -0.0150076850
        0.0035108004  -0.1068693965  -0.0984023069  -0.0000174435   0.0000050024
       -0.0000097330   0.0000242256  -0.0001350824   0.0000285369   0.0000120016
        0.0000934632   0.0000900598   0.0002590084  -0.0000978052   0.0001657020
       -0.0010977424  -0.0001367178  -0.0002488287   0.0000702988  -0.0000657163
        0.0002710484  -0.0000332154  -0.0000239563  -0.0000671448  -0.0000701409
        0.0000111503   0.0000904623   0.0000101944   0.0000749758   0.0000314481
       -0.0011161724   0.0084100956   0.0138487989  -0.0149229740   0.1321016772
        0.1204005758  -0.0025866945  -0.0160436501  -0.0216745734
        0.0002742847  -0.0000135079  -0.0000752335  -0.0010635634  -0.0010246311
        0.0001698470  -0.0005199098  -0.0001658822   0.0000910778  -0.0000673412
        0.0000574735  -0.0000088585   0.0111634581  -0.0067586660   0.0025847038
        0.0089532870  -0.0973395432  -0.1938085190  -0.0000039620   0.0000561084
        0.0000740344  -0.0002166185   0.0001254830   0.0001405333   0.0000643268
        0.0000778158  -0.0003686352  -0.0002064482   0.0001335312  -0.0001110346
       -0.0003470295   0.0001671108   0.0004178281  -0.0000562742   0.0002694382
        0.0001289045  -0.0000582165   0.0000292908  -0.0000216987  -0.0000702701
        0.0000605298   0.0000447320   0.0000180898   0.0000609212   0.0000024119
       -0.0006847791  -0.0138861163  -0.0299163192  -0.0160946702   0.1204005758
        0.2227011516  -0.0010843637  -0.0022499318  -0.0020449257
        0.0000416200   0.0001405971  -0.0001319158  -0.0039113282   0.0037565201
       -0.0000114093   0.0000413040   0.0001411728   0.0001320082  -0.0014573056
       -0.0005289724   0.0000005613  -0.0365617703  -0.0170881685   0.0000054542
       -0.1492943124  -0.1175846678   0.0000141068   0.0000667689  -0.0000217737
       -0.0000155208  -0.0000264190   0.0000197492  -0.0000239939   0.0000305284
        0.0000424330  -0.0000705309  -0.0000262382   0.0000200160   0.0000239789
        0.0000305299   0.0000427310   0.0000704557   0.0000668485  -0.0000219294
        0.0000155506   0.0000419376  -0.0000792021  -0.0000028723   0.0000419719
       -0.0000790722   0.0000031606  -0.0003548396   0.0002755669  -0.0000005875
        0.0005142605  -0.0025993257   0.0010882990   0.0005273364  -0.0025866945
       -0.0010843637   0.1902291071   0.1361510203  -0.0000123811
       -0.0000847066  -0.0000505507  -0.0000309360   0.0025111247  -0.0008189003
        0.0000020188  -0.0000858067  -0.0000514489   0.0000311640   0.0006895485
        0.0002465605  -0.0000001521   0.0102146231   0.0111367604  -0.0000020169
       -0.1231748991  -0.1671740484   0.0000124179   0.0000191911   0.0001372152
       -0.0000712093   0.0000149669  -0.0000411368  -0.0000357324  -0.0000174948
        0.0002511444  -0.0000526551   0.0000154829  -0.0000418292   0.0000364973
       -0.0000181771   0.0002523114   0.0000510578   0.0000188312   0.0001379219
        0.0000709897  -0.0000332230   0.0000495157  -0.0000315657  -0.0000334349
        0.0000494689   0.0000314788   0.0002210028  -0.0000861816   0.0000001896
       -0.0131964666  -0.0160203697   0.0022515304  -0.0132115829  -0.0160436501
       -0.0022499318   0.1361510203   0.1880672172  -0.0000131450
        0.0003181156   0.0000965591   0.0000604231  -0.0000011329   0.0000014745
        0.0003374265  -0.0003183683  -0.0000966702   0.0000611443  -0.0000006575
       -0.0000001482   0.0000513445  -0.0000180134  -0.0000093638   0.0009852457
        0.0000183038   0.0000122954  -0.0434362681   0.0000207594  -0.0001074648
        0.0000368118  -0.0000381837   0.0000855063   0.0000327929  -0.0000604480
       -0.0001698924  -0.0001044447   0.0000391975  -0.0000855213   0.0000333493
        0.0000596028   0.0001694564  -0.0001061771  -0.0000209839   0.0001074910
        0.0000364296  -0.0000231318  -0.0000041440  -0.0000044953   0.0000230365
        0.0000039595  -0.0000044692  -0.0000002128   0.0000001359  -0.0000040906
        0.0180551754   0.0216840450  -0.0020511584  -0.0180406775  -0.0216745734
       -0.0020449257  -0.0000123811  -0.0000131450   0.0461210614
