           1           2  0.978138073387158     
           2           3  0.954303028778725     
           2           4  0.969209346988493     
           4           5  0.956369691006326     
           4           6  0.966938950879210     
           6           7  0.955616019284362     
           6           8  0.959591539065370     
           8           9  0.956379602670974     
           8          10  0.948720037785790     
          10          11  0.950163093912342     
           2          12  0.960787159228556     
          10          12  0.953211383781701     
          10          13   1.01699934354998     
           8          14  0.997580627628182     
           6          15   1.00953371008020     
           4          16  0.994463254551609     
           1          17   1.00285537120578     
           1          18  0.968079862695324     
           1          19  0.969390229272853     
          13          20  0.834428314807187     
          14          21  0.849531159757954     
          15          22  0.816039180945195     
          16          23  0.848608992745589     
          17          24  0.849778626614055     
