$hessian                                                                        
        0.5013662583  -0.0066083009  -0.0332054382  -0.0905537401  -0.0097937309
       -0.0597034195  -0.0271739148  -0.0060435923  -0.0212394985  -0.0004329891
       -0.0013758660  -0.0001560072   0.0000516407   0.0001432207   0.0015245917
        0.0000700567   0.0000036210  -0.0000459830  -0.0000843324   0.0001012174
        0.0016660018  -0.0009111066   0.0014699275  -0.0004286676   0.0002055338
        0.0001171786  -0.0007640355  -0.0477727881  -0.0231249897   0.0206446059
       -0.2691999546  -0.0224571907   0.0519279216  -0.0704707764   0.0665726051
        0.0359437811   0.0012359088   0.0006545176  -0.0009125368   0.0043936934
        0.0008068351   0.0055485438  -0.0002024324  -0.0001267443  -0.0005352493
       -0.0001128864   0.0000041048   0.0000100528  -0.0001096858  -0.0000480467
       -0.0003251199  -0.0001292307  -0.0000337025   0.0000088698   0.0000481422
        0.0000438833  -0.0000446663  -0.0001400246  -0.0000220803   0.0001542699
       -0.0000773718  -0.0002828666  -0.0000680168
       -0.0066083009   0.5163054494  -0.0113810795  -0.0093798030  -0.0686922737
       -0.0182799302  -0.0044456730   0.0005945678  -0.0026185248   0.0009862942
       -0.0006996947  -0.0006107903  -0.0004311539  -0.0001519033   0.0001462913
        0.0000692519   0.0001399938  -0.0000184828   0.0001725606  -0.0000539259
        0.0002144338  -0.0003812518  -0.0005233848   0.0003797597   0.0002698712
        0.0002149045   0.0006244205  -0.0232200526  -0.1854599924   0.1152918514
       -0.0224830773  -0.0468089674   0.0056496007   0.0668979552  -0.2119701254
       -0.0858115418   0.0109251100   0.0028682433   0.0206824770  -0.0119612366
       -0.0058029708  -0.0237143880   0.0002250648   0.0001533792   0.0000418724
        0.0000059512   0.0000440001   0.0000162260  -0.0000002312   0.0000691914
       -0.0000225519  -0.0000386175   0.0000463280  -0.0000465273  -0.0001351300
        0.0000448429  -0.0000722872  -0.0005424610  -0.0006204784  -0.0003944380
        0.0000749296   0.0003028165  -0.0000763911
       -0.0332054382  -0.0113810795   0.4693605277  -0.0495421287  -0.0165821698
       -0.1577956399  -0.0086105910  -0.0007743978   0.0050560650   0.0016974183
       -0.0007322470  -0.0002551785  -0.0004595946  -0.0000557946   0.0000342964
        0.0001603512  -0.0000417233  -0.0000197064  -0.0006317163   0.0000676320
       -0.0000930633   0.0015755202   0.0009172455  -0.0004685807   0.0000504899
       -0.0001885547  -0.0003471691   0.0206647021   0.1152096866  -0.1366641786
        0.0519832775   0.0057256305  -0.0527747140   0.0359962852  -0.0859852694
       -0.0877111058  -0.0116328157  -0.0004186219  -0.0224233901  -0.0083033381
       -0.0061465154  -0.0163961024   0.0000622383  -0.0000906732   0.0001341870
        0.0000691987  -0.0000723529   0.0000041320   0.0000834674   0.0000050834
        0.0000201798   0.0000786662   0.0000792756   0.0000254591  -0.0000096410
        0.0000378007   0.0000465297   0.0000929305   0.0002821184   0.0002477703
       -0.0001192821   0.0001449264   0.0000196816
       -0.0905537401  -0.0093798030  -0.0495421287   0.4604507083  -0.0198225562
       -0.0325285594  -0.1967229133  -0.0121868431   0.0303542506  -0.0279851922
        0.0065791333   0.0056421163   0.0009981081   0.0033181505   0.0009250419
       -0.0009541026  -0.0003687390   0.0002572761   0.0011754140  -0.0018162255
        0.0010238215  -0.0170056567  -0.0089588639   0.0054346660  -0.0001873105
        0.0010179470   0.0001422658   0.0010365079   0.0016103792  -0.0000477311
       -0.0192173984  -0.0056457414  -0.0261102546   0.0042283263   0.0001288894
        0.0053739198  -0.0449868359  -0.0210562530   0.0212650363  -0.0696589504
        0.0677146813   0.0390220390   0.0004681394  -0.0016302896  -0.0007946686
       -0.0008692765  -0.0000312047   0.0001928676   0.0000473432  -0.0000599964
       -0.0003527779  -0.0005504986   0.0000830615   0.0000097152  -0.0001811976
        0.0004231144  -0.0000158727   0.0000079497  -0.0002673770  -0.0000703686
        0.0004605759   0.0003485362  -0.0001806547
       -0.0097937309  -0.0686922737  -0.0165821698  -0.0198225562   0.5420230413
       -0.0071361337  -0.0128117655  -0.0684141489   0.0038337473   0.0232231328
       -0.0001310834  -0.0039684818   0.0030533825  -0.0032309601   0.0009297752
       -0.0000661666  -0.0003456535   0.0000970513  -0.0015968005  -0.0040782419
        0.0012576323  -0.0250269281  -0.0039769449   0.0050461595  -0.0001863290
        0.0004447196  -0.0007207916   0.0112646412   0.0032876409   0.0198286157
       -0.0026417103  -0.0001848419  -0.0031998715  -0.0123542779  -0.0059796718
       -0.0233063930  -0.0217522983  -0.1867251161   0.1075696757   0.0682148746
       -0.2034697862  -0.0830995656   0.0017395490   0.0008344257  -0.0010809113
        0.0013401227  -0.0001851656  -0.0003946228  -0.0000226265   0.0001139201
       -0.0002375365  -0.0014265176  -0.0003467376   0.0003749830  -0.0001999064
        0.0001051431   0.0002079694  -0.0003999538  -0.0002849743   0.0001884138
       -0.0007341353  -0.0007632907   0.0003924543
       -0.0597034195  -0.0182799302  -0.1577956399  -0.0325285594  -0.0071361337
        0.4636339397   0.0386561224   0.0042858540  -0.0660898902   0.0039779670
       -0.0003483515   0.0003824046   0.0019389099   0.0002762511   0.0066493564
       -0.0001674870   0.0002255446  -0.0001905244   0.0025554022   0.0017276076
        0.0065582470   0.0059332383   0.0020226186  -0.0001838814  -0.0000129419
       -0.0002135866  -0.0031061778  -0.0109220832  -0.0003562980  -0.0209824099
       -0.0005363133  -0.0000349986   0.0018029770  -0.0074149009  -0.0060044649
       -0.0157997841   0.0205672587   0.1079550236  -0.1242925324   0.0390435317
       -0.0840226406  -0.0871906723  -0.0011972475   0.0001186519  -0.0020165059
       -0.0000443924   0.0001078369  -0.0000066336  -0.0005302289  -0.0001783102
       -0.0015099564   0.0001828763  -0.0001084794  -0.0001912421   0.0002242201
       -0.0001160901   0.0000550981   0.0000701310   0.0008140414   0.0003406429
       -0.0000920836  -0.0007341459  -0.0000668154
       -0.0271739148  -0.0044456730  -0.0086105910  -0.1967229133  -0.0128117655
        0.0386561224   0.5968660037  -0.0166185840  -0.0881231344  -0.1612754529
        0.1432523845   0.0096035181  -0.0419872269   0.0192009929   0.0067595535
        0.0039277365   0.0061645030  -0.0027046221  -0.0244887196  -0.0279575428
        0.0082566482  -0.1233672497  -0.1114936712   0.0264272757   0.0059118877
        0.0115965550  -0.0028660139   0.0006836336   0.0002681486   0.0005752104
       -0.0016142043  -0.0004143878  -0.0024986826   0.0008389229   0.0002027910
        0.0007877273  -0.0101143857  -0.0056941007   0.0028310728  -0.0157597719
        0.0037494792   0.0036596147   0.0058807301  -0.0097366826   0.0006391399
       -0.0050053293  -0.0000446711   0.0028841741   0.0009769351   0.0001610487
       -0.0001508189  -0.0052482779  -0.0006649530   0.0029722959  -0.0017495458
        0.0031295589   0.0004836848  -0.0001505937   0.0012578247  -0.0004777180
       -0.0004282639   0.0008987452   0.0008955432
       -0.0060435923   0.0005945678  -0.0007743978  -0.0121868431  -0.0684141489
        0.0042858540  -0.0166185840   0.6428408533  -0.0467066575   0.0684463722
       -0.2451990356   0.0061757826   0.0768159158   0.0336295153  -0.0202870901
        0.0048040342  -0.0658174888   0.0052637089  -0.0821994874   0.0207823900
        0.0155245420  -0.0407192586  -0.2518248477   0.0292401489  -0.0041324105
       -0.0310543148   0.0043488022   0.0007727002   0.0000385105   0.0003707123
       -0.0006973811   0.0004190003  -0.0008318586  -0.0008768199  -0.0002625744
       -0.0000768227  -0.0239859624  -0.0056061247   0.0069930487   0.0243147039
        0.0007467963  -0.0062533282   0.0124237210  -0.0272961413   0.0003250378
       -0.0007558834   0.0012949213   0.0008165922   0.0001807673  -0.0006792102
        0.0000205946   0.0001891064   0.0010894683   0.0005930274   0.0024858405
       -0.0045711358   0.0001108590  -0.0012410042  -0.0003282195   0.0001622277
       -0.0009759344  -0.0003827814   0.0006992167
       -0.0212394985  -0.0026185248   0.0050560650   0.0303542506   0.0038337473
       -0.0660898902  -0.0881231344  -0.0467066575   0.1735392669   0.0168935500
       -0.0101917911  -0.0515361633   0.0013057197  -0.0073642940   0.0005016268
       -0.0023097554   0.0050235926  -0.0050939041   0.0140172554   0.0034893785
       -0.0036645609   0.0194478008   0.0445310050  -0.0611900260  -0.0009729513
        0.0004199154   0.0006910430  -0.0005378031   0.0000643955   0.0006599441
       -0.0042163839  -0.0010809272  -0.0040445127  -0.0006051080   0.0000362622
        0.0005822887   0.0184853435   0.0041178010  -0.0038997231   0.0135702109
        0.0000128263  -0.0024476779  -0.0023294429   0.0052494545   0.0009451241
        0.0028353705   0.0007146675   0.0071791279  -0.0002280109   0.0000395936
        0.0000730746   0.0027506708   0.0007698837   0.0070830229   0.0002773769
       -0.0000616560   0.0008902528   0.0001398002  -0.0000033308   0.0005035963
        0.0004847392  -0.0002753417   0.0002620250
       -0.0004329891   0.0009862942   0.0016974183  -0.0279851922   0.0232231328
        0.0039779670  -0.1612754529   0.0684463722   0.0168935500   0.6466586295
       -0.0034490528  -0.1158271874  -0.3226129387   0.0275391341   0.0578297121
       -0.0261336190  -0.0866246589   0.0151194502  -0.0508564350   0.0280439339
        0.0068476613   0.0542150535   0.0365849945  -0.0159886042   0.0003512635
       -0.0032974011   0.0020491261  -0.0001793844   0.0000490431  -0.0002782525
       -0.0003328385  -0.0000835919  -0.0005439711   0.0001094637   0.0000570522
        0.0001496680  -0.0000202458   0.0022369821  -0.0006926471  -0.0056166334
        0.0000550790   0.0011946885  -0.0865726489  -0.0924769667   0.0214659988
       -0.0188533476   0.0014960434   0.0040550885   0.0003514099  -0.0022694807
        0.0018271932  -0.0002679335   0.0005427235  -0.0000324518   0.0001364406
       -0.0007341754   0.0001452251  -0.0003350303  -0.0005333586  -0.0000289542
       -0.0003475714   0.0002079011   0.0001393214
       -0.0013758660  -0.0006996947  -0.0007322470   0.0065791333  -0.0001310834
       -0.0003483515   0.1432523845  -0.2451990356  -0.0101917911  -0.0034490528
        0.6445589302  -0.0551530677  -0.0497081244  -0.0944053325   0.0156611116
       -0.0282707713   0.0203325499   0.0041662937   0.0254807868  -0.0109538339
       -0.0048250075  -0.0179101323  -0.0640994800   0.0105016082  -0.0029478619
       -0.0025880024   0.0016650972   0.0001727864  -0.0001920995   0.0000951789
       -0.0004089290  -0.0000166591  -0.0000391536  -0.0001553366   0.0003371189
       -0.0003144797  -0.0020521564   0.0008181201   0.0004967191  -0.0006694743
        0.0002664998   0.0003171772  -0.0922421739  -0.2431425909   0.0424632696
        0.0254069830  -0.0008763539  -0.0053908588  -0.0029865021  -0.0043872179
        0.0019407600   0.0006559548   0.0007514121  -0.0002041932   0.0007509448
       -0.0010687712  -0.0001280964  -0.0000064918   0.0003106875  -0.0001328573
       -0.0001161007   0.0003848364   0.0001528883
       -0.0001560072  -0.0006107903  -0.0002551785   0.0056421163  -0.0039684818
        0.0003824046   0.0096035181   0.0061757826  -0.0515361633  -0.1158271874
       -0.0551530677   0.1467076820   0.0653775159  -0.0012432907  -0.0606383001
        0.0089703673   0.0172776545  -0.0023266782   0.0076007765  -0.0056436861
       -0.0061894612  -0.0103280971  -0.0016132052   0.0023878133   0.0016362329
        0.0018529922   0.0065143603   0.0000724502   0.0000672254   0.0001520638
       -0.0000365677   0.0000808298   0.0002010713   0.0000299011   0.0001275446
        0.0001988398   0.0002109017  -0.0009499665   0.0004823488   0.0020217021
       -0.0006100739  -0.0001601714   0.0214565716   0.0423575030  -0.0433956308
        0.0015840440  -0.0001761016   0.0001759843   0.0019485004   0.0017616061
        0.0072641438  -0.0000530079  -0.0002179769  -0.0001526560   0.0000052293
        0.0001823557   0.0001894703   0.0006603225  -0.0009369193   0.0000503221
       -0.0004192829   0.0012400658  -0.0000522652
        0.0000516407  -0.0004311539  -0.0004595946   0.0009981081   0.0030533825
        0.0019389099  -0.0419872269   0.0768159158   0.0013057197  -0.3226129387
       -0.0497081244   0.0653775159   0.6360857841  -0.0199857140  -0.1122510715
       -0.1339419908  -0.0501445926   0.0240239723   0.0557544168  -0.0201459955
       -0.0095339765  -0.0417064299  -0.0315893743   0.0113356695  -0.0006654096
        0.0005859795  -0.0001417562   0.0000172972  -0.0000192152   0.0002216654
        0.0002348110  -0.0000460559   0.0000344045  -0.0001117129  -0.0001088157
       -0.0000486610   0.0003594233  -0.0001773660  -0.0001126995  -0.0010200130
        0.0001253868   0.0000092953  -0.0148274949  -0.0029609452   0.0036100314
       -0.1207775676   0.1167760599   0.0069773169  -0.0156515479  -0.0264775023
        0.0063071980  -0.0005525289   0.0039351023   0.0014664549   0.0001351498
       -0.0000289451  -0.0000514920   0.0002182528   0.0003574177   0.0001299014
       -0.0000000226   0.0001745556  -0.0001388038
        0.0001432207  -0.0001519033  -0.0000557946   0.0033181505  -0.0032309601
        0.0002762511   0.0192009929   0.0336295153  -0.0073642940   0.0275391341
       -0.0944053325  -0.0012432907  -0.0199857140   0.6648424334  -0.0528211657
       -0.1276706557  -0.2858063174   0.0525550311   0.0382176592  -0.0674235161
       -0.0011362970  -0.0324304055  -0.0171081282   0.0083667820   0.0006210772
       -0.0004296482  -0.0002809919   0.0000447510   0.0000367122  -0.0000127793
       -0.0000561225  -0.0000178253   0.0000651364   0.0000070289  -0.0000608344
        0.0000015374  -0.0001497356  -0.0003477589   0.0000958337   0.0008669562
        0.0001277791  -0.0002309330  -0.0271746531  -0.0041489615   0.0064154961
        0.1167906766  -0.2200454179  -0.0060677829  -0.0023691625  -0.0027083575
        0.0009282307   0.0031961629  -0.0035610959   0.0004870229   0.0001294002
        0.0004107041  -0.0000909617  -0.0001088853   0.0002383335   0.0000067129
       -0.0001298764   0.0001605797   0.0001062566
        0.0015245917   0.0001462913   0.0000342964   0.0009250419   0.0009297752
        0.0066493564   0.0067595535  -0.0202870901   0.0005016268   0.0578297121
        0.0156611116  -0.0606383001  -0.1122510715  -0.0528211657   0.1444441215
        0.0321387520   0.0356656549  -0.0577673173  -0.0158931271   0.0115430651
        0.0036434482   0.0114141599   0.0081532268  -0.0085795014   0.0000283417
       -0.0000836222  -0.0001531612   0.0000097452  -0.0000142098  -0.0000789932
        0.0002526913   0.0001417075   0.0003368540   0.0000819989  -0.0000169222
       -0.0000959475  -0.0003635675  -0.0002816071   0.0001327225  -0.0008087383
        0.0000032535   0.0002779390   0.0061615715   0.0011296230  -0.0007963672
        0.0069526419  -0.0061251207  -0.0345238379   0.0037650209   0.0060971818
       -0.0009834627   0.0015217874   0.0003307486   0.0075476008  -0.0000270319
       -0.0000213134   0.0000609507  -0.0000348644  -0.0000749669  -0.0000285917
        0.0000127909  -0.0000756213   0.0000165640
        0.0000700567   0.0000692519   0.0001603512  -0.0009541026  -0.0000661666
       -0.0001674870   0.0039277365   0.0048040342  -0.0023097554  -0.0261336190
       -0.0282707713   0.0089703673  -0.1339419908  -0.1276706557   0.0321387520
        0.6486366537  -0.0085651492  -0.1157986312  -0.1687457130   0.1517366222
        0.0110836171  -0.0415434293   0.0191806399   0.0070520864  -0.0036359332
       -0.0002786852   0.0023713836  -0.0000149776  -0.0000031864   0.0000788493
        0.0000925564  -0.0000015233  -0.0000293353  -0.0000005082  -0.0000194725
        0.0000971646   0.0001598080   0.0001975907  -0.0001284053   0.0001996232
       -0.0000958230  -0.0000770334  -0.0053038807  -0.0006549100   0.0029650288
        0.0060043031   0.0152767693  -0.0028152362  -0.2838946191  -0.0162392214
        0.0563033427   0.0060868267  -0.0101508354  -0.0001633004   0.0000364393
       -0.0004512017   0.0000357332  -0.0002615303   0.0004717883   0.0003224760
       -0.0007836997   0.0007309053  -0.0000899678
        0.0000036210   0.0001399938  -0.0000417233  -0.0003687390  -0.0003456535
        0.0002255446   0.0061645030  -0.0658174888   0.0050235926  -0.0866246589
        0.0203325499   0.0172776545  -0.0501445926  -0.2858063174   0.0356656549
       -0.0085651492   0.6512622786  -0.0534599109   0.0746056164  -0.2586313903
        0.0051144283   0.0769884101   0.0340548215  -0.0203915396  -0.0014423719
        0.0010094834   0.0013482105  -0.0000847303   0.0000623249  -0.0001813711
        0.0000131452   0.0001139793   0.0000279754   0.0000426389   0.0001239039
        0.0001760967  -0.0001592412   0.0002962803  -0.0002729599   0.0000682935
        0.0000084429  -0.0000695079   0.0000775819   0.0014966826   0.0007281452
       -0.0088250682  -0.0259553252   0.0046237007  -0.0162411732  -0.0451569318
        0.0047028082   0.0140417618  -0.0267002597  -0.0002482943  -0.0001822445
        0.0000888633   0.0000241387   0.0003318957  -0.0004698741  -0.0002925371
        0.0003005015  -0.0001063636   0.0000198938
       -0.0000459830  -0.0000184828  -0.0000197064   0.0002572761   0.0000970513
       -0.0001905244  -0.0027046221   0.0052637089  -0.0050939041   0.0151194502
        0.0041662937  -0.0023266782   0.0240239723   0.0525550311  -0.0577673173
       -0.1157986312  -0.0534599109   0.1455000709   0.0190252698  -0.0114559165
       -0.0495583825   0.0010312890  -0.0077930438   0.0001477040   0.0026950923
        0.0008608677   0.0070586746   0.0000310834  -0.0000405457   0.0000033424
       -0.0000355568  -0.0000226610   0.0000035888  -0.0000031220   0.0000052903
       -0.0000475242   0.0000388197  -0.0001082723   0.0000692684  -0.0000377055
        0.0000304606   0.0000138255   0.0028793386   0.0008308492   0.0071900093
       -0.0002964863  -0.0005872288   0.0005526873   0.0563113425   0.0047467243
       -0.0464358162  -0.0026288555   0.0049992364   0.0006323392  -0.0000198784
        0.0000256069  -0.0000106589   0.0012087624  -0.0012099643  -0.0000447166
       -0.0010508556   0.0011149056   0.0003237183
       -0.0000843324   0.0001725606  -0.0006317163   0.0011754140  -0.0015968005
        0.0025554022  -0.0244887196  -0.0821994874   0.0140172554  -0.0508564350
        0.0254807868   0.0076007765   0.0557544168   0.0382176592  -0.0158931271
       -0.1687457130   0.0746056164   0.0190252698   0.6263557935  -0.0183361032
       -0.1095213368  -0.3038777823   0.0288282296   0.0520721738  -0.0246745129
        0.0071928955   0.0055354289  -0.0001553550   0.0000515005  -0.0001082954
        0.0002039958   0.0001423536   0.0000920650   0.0000057225   0.0000988270
        0.0001658123  -0.0009478656  -0.0000045775  -0.0001575902   0.0000774522
       -0.0000256290  -0.0003206365  -0.0002435752   0.0006759406   0.0000272944
        0.0003718892  -0.0029506713   0.0019213941  -0.0203378604   0.0242151054
        0.0021150753  -0.0886034664  -0.0942604994   0.0215930236   0.0008259110
       -0.0021255086   0.0000622488  -0.0010886181   0.0012054819   0.0002964941
       -0.0006663591   0.0006123199  -0.0004470122
        0.0001012174  -0.0000539259   0.0000676320  -0.0018162255  -0.0040782419
        0.0017276076  -0.0279575428   0.0207823900   0.0034893785   0.0280439339
       -0.0109538339  -0.0056436861  -0.0201459955  -0.0674235161   0.0115430651
        0.1517366222  -0.2586313903  -0.0114559165  -0.0183361032   0.6655188807
       -0.0522701486  -0.0486540213  -0.0921127257   0.0151306778   0.0256337910
       -0.0043128358  -0.0047599949   0.0000696181  -0.0000549292   0.0000511789
        0.0000992382  -0.0000264294  -0.0000474469  -0.0000582700   0.0000101314
        0.0000245009  -0.0010766589  -0.0003253791   0.0003664775   0.0003244109
       -0.0002160525  -0.0000478744   0.0005695979   0.0007070102  -0.0002656713
       -0.0022178515  -0.0044054680   0.0017687216   0.0002613853   0.0007008715
       -0.0000722427  -0.0944073210  -0.2410413952   0.0418046297   0.0028783284
        0.0007793730  -0.0007389474   0.0026744173  -0.0025625825  -0.0001445870
        0.0022774294  -0.0022999514  -0.0005273538
        0.0016660018   0.0002144338  -0.0000930633   0.0010238215   0.0012576323
        0.0065582470   0.0082566482   0.0155245420  -0.0036645609   0.0068476613
       -0.0048250075  -0.0061894612  -0.0095339765  -0.0011362970   0.0036434482
        0.0110836171   0.0051144283  -0.0495583825  -0.1095213368  -0.0522701486
        0.1441443160   0.0604534850  -0.0016672229  -0.0615940569   0.0034826520
       -0.0006017161   0.0021251649   0.0000755228   0.0000157300  -0.0000836437
        0.0002909222   0.0000564825   0.0003543194   0.0000199235  -0.0000041469
       -0.0000772772  -0.0006400446  -0.0001349377   0.0003242406  -0.0005570832
       -0.0001362554   0.0001656945  -0.0000408340  -0.0002427721  -0.0001176979
        0.0018832980   0.0018995774   0.0072855792   0.0045273552  -0.0052984537
        0.0001048906   0.0215693441   0.0417992831  -0.0428785730  -0.0004946896
        0.0003215509  -0.0000401943  -0.0005551444   0.0006279178  -0.0002464728
        0.0001628564  -0.0005146202  -0.0001625169
       -0.0009111066  -0.0003812518   0.0015755202  -0.0170056567  -0.0250269281
        0.0059332383  -0.1233672497  -0.0407192586   0.0194478008   0.0542150535
       -0.0179101323  -0.0103280971  -0.0417064299  -0.0324304055   0.0114141599
       -0.0415434293   0.0769884101   0.0010312890  -0.3038777823  -0.0486540213
        0.0604534850   0.6213640530  -0.0028053130  -0.1035176496  -0.1069543166
        0.0699868298   0.0026770250  -0.0000518309  -0.0000009390  -0.0001940367
       -0.0004709759  -0.0000419268  -0.0007361114  -0.0000372617   0.0000054421
       -0.0000579114  -0.0047898296  -0.0010456002   0.0016623623   0.0004458267
       -0.0004198780   0.0004527023  -0.0009016973   0.0037146252   0.0013895845
       -0.0001167308  -0.0007842890   0.0001589649  -0.0003559034   0.0029251685
        0.0014710637  -0.0148330773  -0.0040623441   0.0038084296   0.0081903624
       -0.0126845797  -0.0003471131  -0.0179581078   0.0218860365  -0.0004564723
       -0.0093339099   0.0114603553   0.0041617662
        0.0014699275  -0.0005233848   0.0009172455  -0.0089588639  -0.0039769449
        0.0020226186  -0.1114936712  -0.2518248477   0.0445310050   0.0365849945
       -0.0640994800  -0.0016132052  -0.0315893743  -0.0171081282   0.0081532268
        0.0191806399   0.0340548215  -0.0077930438   0.0288282296  -0.0921127257
       -0.0016672229  -0.0028053130   0.6150289249  -0.0462358128   0.0631310620
       -0.1725483867  -0.0020843685   0.0000600905   0.0003965205   0.0002850146
        0.0003676862  -0.0000350717   0.0000332677  -0.0001312051  -0.0003637161
       -0.0002093243   0.0002482184   0.0001129622  -0.0000133113   0.0013949408
       -0.0000531305  -0.0007056057   0.0030064617  -0.0034919002   0.0004950951
       -0.0008115034   0.0006063022   0.0001906159   0.0035502799  -0.0035534164
        0.0003946097  -0.0261422944  -0.0059111645   0.0065464942   0.0097649349
       -0.0268370559   0.0002766119   0.0057794315  -0.0006614391   0.0011254383
        0.0085653279  -0.0070987387  -0.0046493488
       -0.0004286676   0.0003797597  -0.0004685807   0.0054346660   0.0050461595
       -0.0001838814   0.0264272757   0.0292401489  -0.0611900260  -0.0159886042
        0.0105016082   0.0023878133   0.0113356695   0.0083667820  -0.0085795014
        0.0070520864  -0.0203915396   0.0001477040   0.0520721738   0.0151306778
       -0.0615940569  -0.1035176496  -0.0462358128   0.1751190982   0.0043570368
       -0.0045104391  -0.0604434571  -0.0001568337  -0.0000645799  -0.0000233423
       -0.0000164766   0.0000781153   0.0001295133   0.0000409108  -0.0000308073
        0.0000056527   0.0019249685   0.0007898421  -0.0002718786  -0.0001400917
        0.0004179593   0.0002269441   0.0016485948   0.0004053172   0.0075191088
        0.0001280528   0.0001199386   0.0000212052   0.0014687071   0.0005206038
        0.0075814453   0.0061510755   0.0016162164  -0.0004663051  -0.0036661827
        0.0072271321   0.0004188188  -0.0097605071   0.0152090550   0.0012099759
        0.0156337953  -0.0238161372  -0.0015462503
        0.0002055338   0.0002698712   0.0000504899  -0.0001873105  -0.0001863290
       -0.0000129419   0.0059118877  -0.0041324105  -0.0009729513   0.0003512635
       -0.0029478619   0.0016362329  -0.0006654096   0.0006210772   0.0000283417
       -0.0036359332  -0.0014423719   0.0026950923  -0.0246745129   0.0256337910
        0.0034826520  -0.1069543166   0.0631310620   0.0043570368   0.5067425452
        0.0278667055  -0.0022620063  -0.0001887237  -0.0005641365   0.0000857431
        0.0000819243  -0.0000695962   0.0000510211  -0.0000792903  -0.0001917708
       -0.0001846583   0.0001862935  -0.0004310332  -0.0001262514   0.0000274791
       -0.0013427438  -0.0005720258   0.0002699184  -0.0007103787   0.0000044879
        0.0000326081   0.0000870639  -0.0003808230  -0.0010937303   0.0012498932
        0.0001035983   0.0006249252   0.0021023986  -0.0008652968  -0.1238726631
       -0.1075778199   0.0368188612  -0.1881651049  -0.0120541896  -0.1167064066
       -0.0649173838   0.0106887793   0.0727698040
        0.0001171786   0.0002149045  -0.0001885547   0.0010179470   0.0004447196
       -0.0002135866   0.0115965550  -0.0310543148   0.0004199154  -0.0032974011
       -0.0025880024   0.0018529922   0.0005859795  -0.0004296482  -0.0000836222
       -0.0002786852   0.0010094834   0.0008608677   0.0071928955  -0.0043128358
       -0.0006017161   0.0699868298  -0.1725483867  -0.0045104391   0.0278667055
        0.4847776088  -0.0081000201  -0.0001172543  -0.0002303022   0.0000814472
       -0.0000371790  -0.0000813313   0.0000038351  -0.0000666731  -0.0000197250
        0.0000945766   0.0003693969  -0.0002787744  -0.0003040599  -0.0001333712
       -0.0008752423   0.0002907736   0.0007392854  -0.0012835287  -0.0000512987
       -0.0000296607   0.0000927896  -0.0002312489  -0.0000696333  -0.0000643641
       -0.0000281257  -0.0019538517   0.0014277288  -0.0001014894  -0.1082020124
       -0.1859257799   0.0504436719  -0.0143083461  -0.0420324626  -0.0080251151
        0.0090212950  -0.0462425363  -0.0316088030
       -0.0007640355   0.0006244205  -0.0003471691   0.0001422658  -0.0007207916
       -0.0031061778  -0.0028660139   0.0043488022   0.0006910430   0.0020491261
        0.0016650972   0.0065143603  -0.0001417562  -0.0002809919  -0.0001531612
        0.0023713836   0.0013482105   0.0070586746   0.0055354289  -0.0047599949
        0.0021251649   0.0026770250  -0.0020843685  -0.0604434571  -0.0022620063
       -0.0081000201   0.4912714920  -0.0001172824  -0.0005577646  -0.0000186532
       -0.0001824802  -0.0001445978  -0.0000366192  -0.0000068628   0.0000051035
        0.0002002917   0.0001130960  -0.0000128491   0.0001134694   0.0006072651
        0.0014944673   0.0004983774  -0.0002062735   0.0002887303  -0.0000562971
       -0.0003886939  -0.0002097687  -0.0016289183   0.0002108892  -0.0002602161
       -0.0001182462  -0.0004167689  -0.0008509059  -0.0022127250   0.0371409001
        0.0501742347  -0.0617583648  -0.1182179137  -0.0069498522  -0.1323520725
        0.0747227074  -0.0350169447  -0.2462410118
       -0.0477727881  -0.0232200526   0.0206647021   0.0010365079   0.0112646412
       -0.0109220832   0.0006836336   0.0007727002  -0.0005378031  -0.0001793844
        0.0001727864   0.0000724502   0.0000172972   0.0000447510   0.0000097452
       -0.0000149776  -0.0000847303   0.0000310834  -0.0001553550   0.0000696181
        0.0000755228  -0.0000518309   0.0000600905  -0.0001568337  -0.0001887237
       -0.0001172543  -0.0001172824   0.0527195155   0.0278863647  -0.0209711675
       -0.0075713477  -0.0260454451   0.0209746900   0.0017389595   0.0099522681
       -0.0061449928  -0.0010798383  -0.0000937297  -0.0035621414   0.0002514990
        0.0000754723   0.0006249570   0.0000548384  -0.0001037107   0.0000125696
        0.0000465355  -0.0000343488  -0.0000084809   0.0000392912  -0.0000113053
       -0.0000113261   0.0000494259   0.0000056443  -0.0000161802   0.0000048532
       -0.0000164570   0.0000403861   0.0003133946  -0.0006200848  -0.0001607836
        0.0000584943   0.0000427819   0.0001029686
       -0.0231249897  -0.1854599924   0.1152096866   0.0016103792   0.0032876409
       -0.0003562980   0.0002681486   0.0000385105   0.0000643955   0.0000490431
       -0.0001920995   0.0000672254  -0.0000192152   0.0000367122  -0.0000142098
       -0.0000031864   0.0000623249  -0.0000405457   0.0000515005  -0.0000549292
        0.0000157300  -0.0000009390   0.0003965205  -0.0000645799  -0.0005641365
       -0.0002303022  -0.0005577646   0.0278863647   0.2137690827  -0.1342412482
       -0.0025562800  -0.0045733837   0.0038989156  -0.0030772508  -0.0281658375
        0.0169572433  -0.0002751915   0.0010704802  -0.0005611163  -0.0001069532
        0.0005863942  -0.0003511099  -0.0001366328   0.0000104443  -0.0000339986
       -0.0000120329  -0.0000334701   0.0000111777   0.0000319106  -0.0000144753
       -0.0000070357  -0.0000080128   0.0000007554   0.0000303333   0.0000810017
       -0.0000530743   0.0001089313  -0.0001993201  -0.0004591334  -0.0001859934
        0.0001057925  -0.0000221683   0.0000502613
        0.0206446059   0.1152918514  -0.1366641786  -0.0000477311   0.0198286157
       -0.0209824099   0.0005752104   0.0003707123   0.0006599441  -0.0002782525
        0.0000951789   0.0001520638   0.0002216654  -0.0000127793  -0.0000789932
        0.0000788493  -0.0001813711   0.0000033424  -0.0001082954   0.0000511789
       -0.0000836437  -0.0001940367   0.0002850146  -0.0000233423   0.0000857431
        0.0000814472  -0.0000186532  -0.0209711675  -0.1342412482   0.1601927096
        0.0039696347   0.0084629020  -0.0059057000  -0.0013141331  -0.0090521397
        0.0079302156  -0.0033895707  -0.0005133634  -0.0058195764   0.0004885197
        0.0005354272   0.0004741001   0.0000955582  -0.0000794240  -0.0000404313
        0.0000387453   0.0000060108  -0.0000157230   0.0000176733  -0.0000053505
        0.0000049810   0.0000433504   0.0000034823  -0.0000138871   0.0002004489
        0.0000730500   0.0000820025  -0.0001537170  -0.0009703288   0.0002760840
       -0.0000031007  -0.0000288663  -0.0001289043
       -0.2691999546  -0.0224830773   0.0519832775  -0.0192173984  -0.0026417103
       -0.0005363133  -0.0016142043  -0.0006973811  -0.0042163839  -0.0003328385
       -0.0004089290  -0.0000365677   0.0002348110  -0.0000561225   0.0002526913
        0.0000925564   0.0000131452  -0.0000355568   0.0002039958   0.0000992382
        0.0002909222  -0.0004709759   0.0003676862  -0.0000164766   0.0000819243
       -0.0000371790  -0.0001824802  -0.0075713477  -0.0025562800   0.0039696347
        0.3123660301   0.0268670093  -0.0576718552  -0.0149801157   0.0013610026
        0.0054976013   0.0002476168   0.0003361289   0.0003139793   0.0004988577
       -0.0001122714   0.0004166432  -0.0000313616   0.0000064543  -0.0000695184
       -0.0000623871   0.0000570632   0.0000041741  -0.0000816341  -0.0000083309
       -0.0000523699  -0.0000580110  -0.0000693774   0.0000223999   0.0000411497
        0.0000214603   0.0000199722  -0.0001439117  -0.0000062871   0.0000992248
       -0.0000028015  -0.0000522421  -0.0000529983
       -0.0224571907  -0.0468089674   0.0057256305  -0.0056457414  -0.0001848419
       -0.0000349986  -0.0004143878   0.0004190003  -0.0010809272  -0.0000835919
       -0.0000166591   0.0000808298  -0.0000460559  -0.0000178253   0.0001417075
       -0.0000015233   0.0001139793  -0.0000226610   0.0001423536  -0.0000264294
        0.0000564825  -0.0000419268  -0.0000350717   0.0000781153  -0.0000695962
       -0.0000813313  -0.0001445978  -0.0260454451  -0.0045733837   0.0084629020
        0.0268670093   0.0502430784  -0.0056076614   0.0279208283   0.0006434524
       -0.0078397256   0.0005549690   0.0001251843   0.0001590853  -0.0005183425
       -0.0000158346   0.0000364572  -0.0000366502   0.0000350684  -0.0000923683
       -0.0000267398   0.0000137345   0.0000155557  -0.0000155734  -0.0000101855
       -0.0000223186  -0.0000009041  -0.0000088847  -0.0000077013   0.0000046701
        0.0000228021  -0.0000165234  -0.0000614733   0.0001641554   0.0001361647
       -0.0000246880  -0.0000010407  -0.0000234474
        0.0519279216   0.0056496007  -0.0527747140  -0.0261102546  -0.0031998715
        0.0018029770  -0.0024986826  -0.0008318586  -0.0040445127  -0.0005439711
       -0.0000391536   0.0002010713   0.0000344045   0.0000651364   0.0003368540
       -0.0000293353   0.0000279754   0.0000035888   0.0000920650  -0.0000474469
        0.0003543194  -0.0007361114   0.0000332677   0.0001295133   0.0000510211
        0.0000038351  -0.0000366192   0.0209746900   0.0038989156  -0.0059057000
       -0.0576718552  -0.0056076614   0.0624842472   0.0149342071   0.0000611112
       -0.0035675898  -0.0002289256  -0.0000612238   0.0006171092  -0.0001764420
        0.0001685265   0.0006657117   0.0000118958   0.0000016301  -0.0001602027
       -0.0000338851   0.0000145370  -0.0000004250  -0.0000276249  -0.0000061483
       -0.0000759431  -0.0000459979  -0.0000241318  -0.0000068915   0.0000058299
        0.0000130837   0.0000078361   0.0000560147  -0.0001161428  -0.0000418901
        0.0000150359  -0.0000039806   0.0000112599
       -0.0704707764   0.0668979552   0.0359962852   0.0042283263  -0.0123542779
       -0.0074149009   0.0008389229  -0.0008768199  -0.0006051080   0.0001094637
       -0.0001553366   0.0000299011  -0.0001117129   0.0000070289   0.0000819989
       -0.0000005082   0.0000426389  -0.0000031220   0.0000057225  -0.0000582700
        0.0000199235  -0.0000372617  -0.0001312051   0.0000409108  -0.0000792903
       -0.0000666731  -0.0000068628   0.0017389595  -0.0030772508  -0.0013141331
       -0.0149801157   0.0279208283   0.0149342071   0.0792533691  -0.0774537427
       -0.0389579894   0.0003056581  -0.0000624610   0.0005080368  -0.0008996708
       -0.0010868389  -0.0031191374   0.0000081642   0.0002335915  -0.0001929442
        0.0000384518   0.0000041890  -0.0000156984   0.0000465172   0.0000297779
       -0.0000180532   0.0000325778   0.0000474481  -0.0000067124  -0.0000042783
        0.0000434572   0.0000029560  -0.0000039717   0.0000475172   0.0000260605
       -0.0000185469   0.0000484437   0.0000143819
        0.0665726051  -0.2119701254  -0.0859852694   0.0001288894  -0.0059796718
       -0.0060044649   0.0002027910  -0.0002625744   0.0000362622   0.0000570522
        0.0003371189   0.0001275446  -0.0001088157  -0.0000608344  -0.0000169222
       -0.0000194725   0.0001239039   0.0000052903   0.0000988270   0.0000101314
       -0.0000041469   0.0000054421  -0.0003637161  -0.0000308073  -0.0001917708
       -0.0000197250   0.0000051035   0.0099522681  -0.0281658375  -0.0090521397
        0.0013610026   0.0006434524   0.0000611112  -0.0774537427   0.2440330736
        0.1019984860   0.0001054720   0.0007772204   0.0005779912  -0.0009171365
        0.0005777527  -0.0017970063  -0.0000121938   0.0000952245   0.0000822230
        0.0000442188   0.0000032497  -0.0000086451  -0.0000093158  -0.0000117450
        0.0000073377   0.0000345163  -0.0000163669  -0.0000144435  -0.0000422185
        0.0000015016  -0.0000024152   0.0001702014   0.0001609998  -0.0000489422
        0.0000213802   0.0000869677   0.0000638529
        0.0359437811  -0.0858115418  -0.0877111058   0.0053739198  -0.0233063930
       -0.0157997841   0.0007877273  -0.0000768227   0.0005822887   0.0001496680
       -0.0003144797   0.0001988398  -0.0000486610   0.0000015374  -0.0000959475
        0.0000971646   0.0001760967  -0.0000475242   0.0001658123   0.0000245009
       -0.0000772772  -0.0000579114  -0.0002093243   0.0000056527  -0.0001846583
        0.0000945766   0.0002002917  -0.0061449928   0.0169572433   0.0079302156
        0.0054976013  -0.0078397256  -0.0035675898  -0.0389579894   0.1019984860
        0.1036607699   0.0006101404  -0.0004341453   0.0004341915  -0.0031787438
       -0.0016991757  -0.0055049956  -0.0002284181   0.0003790625  -0.0001594026
        0.0000368988   0.0000176019  -0.0000076853   0.0000229937   0.0000211964
        0.0000038685   0.0000315494   0.0000004332  -0.0000118765   0.0000073355
        0.0000107021   0.0000644907  -0.0000411500  -0.0001216377  -0.0001105322
        0.0001179327   0.0001318089   0.0000131116
        0.0012359088   0.0109251100  -0.0116328157  -0.0449868359  -0.0217522983
        0.0205672587  -0.0101143857  -0.0239859624   0.0184853435  -0.0000202458
       -0.0020521564   0.0002109017   0.0003594233  -0.0001497356  -0.0003635675
        0.0001598080  -0.0001592412   0.0000388197  -0.0009478656  -0.0010766589
       -0.0006400446  -0.0047898296   0.0002482184   0.0019249685   0.0001862935
        0.0003693969   0.0001130960  -0.0010798383  -0.0002751915  -0.0033895707
        0.0002476168   0.0005549690  -0.0002289256   0.0003056581   0.0001054720
        0.0006101404   0.0581830222   0.0268534794  -0.0203378041   0.0020048011
        0.0093662692  -0.0056988994  -0.0003989491   0.0009871515   0.0003415492
        0.0001011012   0.0000198563  -0.0000537346   0.0000420053   0.0000598269
        0.0000964453  -0.0004141857  -0.0000995369   0.0000536150   0.0000242821
        0.0000516040  -0.0000336409  -0.0000387163   0.0000142472   0.0000086594
       -0.0000590683  -0.0000048198  -0.0000717942
        0.0006545176   0.0028682433  -0.0004186219  -0.0210562530  -0.1867251161
        0.1079550236  -0.0056941007  -0.0056061247   0.0041178010   0.0022369821
        0.0008181201  -0.0009499665  -0.0001773660  -0.0003477589  -0.0002816071
        0.0001975907   0.0002962803  -0.0001082723  -0.0000045775  -0.0003253791
       -0.0001349377  -0.0010456002   0.0001129622   0.0007898421  -0.0004310332
       -0.0002787744  -0.0000128491  -0.0000937297   0.0010704802  -0.0005133634
        0.0003361289   0.0001251843  -0.0000612238  -0.0000624610   0.0007772204
       -0.0004341453   0.0268534794   0.2142593269  -0.1260017581  -0.0017431706
       -0.0274497838   0.0157500166   0.0003280539   0.0001627969   0.0001021886
        0.0000161837   0.0000516872   0.0000092989  -0.0000434915   0.0000050368
        0.0001097440  -0.0001341923  -0.0000553221   0.0000474649  -0.0000833741
        0.0000710090   0.0000163546  -0.0000668639   0.0001994993  -0.0003112894
        0.0000132774  -0.0000295878   0.0003303004
       -0.0009125368   0.0206824770  -0.0224233901   0.0212650363   0.1075696757
       -0.1242925324   0.0028310728   0.0069930487  -0.0038997231  -0.0006926471
        0.0004967191   0.0004823488  -0.0001126995   0.0000958337   0.0001327225
       -0.0001284053  -0.0002729599   0.0000692684  -0.0001575902   0.0003664775
        0.0003242406   0.0016623623  -0.0000133113  -0.0002718786  -0.0001262514
       -0.0003040599   0.0001134694  -0.0035621414  -0.0005611163  -0.0058195764
        0.0003139793   0.0001590853   0.0006171092   0.0005080368   0.0005779912
        0.0004341915  -0.0203378041  -0.1260017581   0.1474115402  -0.0011043751
       -0.0090693950   0.0074286408   0.0005211731  -0.0006777360  -0.0001472458
       -0.0000100244  -0.0000478517  -0.0000134693   0.0000190258  -0.0000180067
       -0.0000582771   0.0001053785   0.0000659919  -0.0000880548  -0.0000756622
       -0.0000128623   0.0000121743  -0.0000342198  -0.0000612369  -0.0001330664
        0.0000282925   0.0000329939   0.0001215080
        0.0043936934  -0.0119612366  -0.0083033381  -0.0696589504   0.0682148746
        0.0390435317  -0.0157597719   0.0243147039   0.0135702109  -0.0056166334
       -0.0006694743   0.0020217021  -0.0010200130   0.0008669562  -0.0008087383
        0.0001996232   0.0000682935  -0.0000377055   0.0000774522   0.0003244109
       -0.0005570832   0.0004458267   0.0013949408  -0.0001400917   0.0000274791
       -0.0001333712   0.0006072651   0.0002514990  -0.0001069532   0.0004885197
        0.0004988577  -0.0005183425  -0.0001764420  -0.0008996708  -0.0009171365
       -0.0031787438   0.0020048011  -0.0017431706  -0.0011043751   0.0852011511
       -0.0772631891  -0.0415143654   0.0000220949  -0.0003109653   0.0002562247
       -0.0004592753   0.0000618961   0.0000582699   0.0000188891  -0.0000222810
        0.0001532640   0.0000792167  -0.0000033695  -0.0000068398   0.0001091297
        0.0000670905  -0.0002048191   0.0003173820  -0.0003389744   0.0004261955
       -0.0002327809  -0.0013247023  -0.0005926416
        0.0008068351  -0.0058029708  -0.0061465154   0.0677146813  -0.2034697862
       -0.0840226406   0.0037494792   0.0007467963   0.0000128263   0.0000550790
        0.0002664998  -0.0006100739   0.0001253868   0.0001277791   0.0000032535
       -0.0000958230   0.0000084429   0.0000304606  -0.0000256290  -0.0002160525
       -0.0001362554  -0.0004198780  -0.0000531305   0.0004179593  -0.0013427438
       -0.0008752423   0.0014944673   0.0000754723   0.0005863942   0.0005354272
       -0.0001122714  -0.0000158346   0.0001685265  -0.0010868389   0.0005777527
       -0.0016991757   0.0093662692  -0.0274497838  -0.0090693950  -0.0772631891
        0.2367476520   0.0989531669  -0.0001583721   0.0002971776  -0.0000298872
        0.0000157491   0.0000003042   0.0000452529   0.0000590453   0.0000067551
       -0.0000151220  -0.0000390718   0.0000582308  -0.0000006887  -0.0002123865
       -0.0000778295  -0.0000912219  -0.0003893278  -0.0005116224   0.0006706819
       -0.0008224660  -0.0009515322  -0.0005110466
        0.0055485438  -0.0237143880  -0.0163961024   0.0390220390  -0.0830995656
       -0.0871906723   0.0036596147  -0.0062533282  -0.0024476779   0.0011946885
        0.0003171772  -0.0001601714   0.0000092953  -0.0002309330   0.0002779390
       -0.0000770334  -0.0000695079   0.0000138255  -0.0003206365  -0.0000478744
        0.0001656945   0.0004527023  -0.0007056057   0.0002269441  -0.0005720258
        0.0002907736   0.0004983774   0.0006249570  -0.0003511099   0.0004741001
        0.0004166432   0.0000364572   0.0006657117  -0.0031191374  -0.0017970063
       -0.0055049956  -0.0056988994   0.0157500166   0.0074286408  -0.0415143654
        0.0989531669   0.1028513500   0.0000137071  -0.0000443292  -0.0000795241
        0.0001160011  -0.0000482504  -0.0000297296   0.0000168507  -0.0000036537
       -0.0000390884  -0.0000020230   0.0000213352  -0.0000000273  -0.0002422304
       -0.0001100702  -0.0001146551   0.0002408853   0.0008876148  -0.0011331231
        0.0002304235   0.0002190811   0.0004931840
       -0.0002024324   0.0002250648   0.0000622383   0.0004681394   0.0017395490
       -0.0011972475   0.0058807301   0.0124237210  -0.0023294429  -0.0865726489
       -0.0922421739   0.0214565716  -0.0148274949  -0.0271746531   0.0061615715
       -0.0053038807   0.0000775819   0.0028793386  -0.0002435752   0.0005695979
       -0.0000408340  -0.0009016973   0.0030064617   0.0016485948   0.0002699184
        0.0007392854  -0.0002062735   0.0000548384  -0.0001366328   0.0000955582
       -0.0000313616  -0.0000366502   0.0000118958   0.0000081642  -0.0000121938
       -0.0002284181  -0.0003989491   0.0003280539   0.0005211731   0.0000220949
       -0.0001583721   0.0000137071   0.1024659744   0.1027311744  -0.0282577695
        0.0004860610  -0.0007412817  -0.0006225387  -0.0010067377  -0.0014298134
        0.0004120324  -0.0001221275  -0.0000470050  -0.0003412184  -0.0001018897
        0.0001872432  -0.0000239688   0.0000383404  -0.0000074001   0.0000294598
        0.0000185338  -0.0000415571  -0.0000444299
       -0.0001267443   0.0001533792  -0.0000906732  -0.0016302896   0.0008344257
        0.0001186519  -0.0097366826  -0.0272961413   0.0052494545  -0.0924769667
       -0.2431425909   0.0423575030  -0.0029609452  -0.0041489615   0.0011296230
       -0.0006549100   0.0014966826   0.0008308492   0.0006759406   0.0007070102
       -0.0002427721   0.0037146252  -0.0034919002   0.0004053172  -0.0007103787
       -0.0012835287   0.0002887303  -0.0001037107   0.0000104443  -0.0000794240
        0.0000064543   0.0000350684   0.0000016301   0.0002335915   0.0000952245
        0.0003790625   0.0009871515   0.0001627969  -0.0006777360  -0.0003109653
        0.0002971776  -0.0000443292   0.1027311744   0.2754721025  -0.0490591467
        0.0005407724   0.0010019844  -0.0005079847  -0.0002334087  -0.0003540358
        0.0001036215  -0.0000472738  -0.0001020732  -0.0001603182   0.0001476054
       -0.0004621729  -0.0000003126  -0.0000246566   0.0000224446   0.0000297797
       -0.0000203830  -0.0000073364  -0.0000315261
       -0.0005352493   0.0000418724   0.0001341870  -0.0007946686  -0.0010809113
       -0.0020165059   0.0006391399   0.0003250378   0.0009451241   0.0214659988
        0.0424632696  -0.0433956308   0.0036100314   0.0064154961  -0.0007963672
        0.0029650288   0.0007281452   0.0071900093   0.0000272944  -0.0002656713
       -0.0001176979   0.0013895845   0.0004950951   0.0075191088   0.0000044879
       -0.0000512987  -0.0000562971   0.0000125696  -0.0000339986  -0.0000404313
       -0.0000695184  -0.0000923683  -0.0001602027  -0.0001929442   0.0000822230
       -0.0001594026   0.0003415492   0.0001021886  -0.0001472458   0.0002562247
       -0.0000298872  -0.0000795241  -0.0282577695  -0.0490591467   0.0354908472
       -0.0007380560  -0.0002340612  -0.0025029809   0.0002659521   0.0003632771
       -0.0000506311  -0.0003379188  -0.0001511736  -0.0016269490  -0.0000246407
       -0.0000216599  -0.0001092585  -0.0000191915   0.0000162742  -0.0000263183
       -0.0000079043  -0.0000127024   0.0000061665
       -0.0001128864   0.0000059512   0.0000691987  -0.0008692765   0.0013401227
       -0.0000443924  -0.0050053293  -0.0007558834   0.0028353705  -0.0188533476
        0.0254069830   0.0015840440  -0.1207775676   0.1167906766   0.0069526419
        0.0060043031  -0.0088250682  -0.0002964863   0.0003718892  -0.0022178515
        0.0018832980  -0.0001167308  -0.0008115034   0.0001280528   0.0000326081
       -0.0000296607  -0.0003886939   0.0000465355  -0.0000120329   0.0000387453
       -0.0000623871  -0.0000267398  -0.0000338851   0.0000384518   0.0000442188
        0.0000368988   0.0001011012   0.0000161837  -0.0000100244  -0.0004592753
        0.0000157491   0.0001160011   0.0004860610   0.0005407724  -0.0007380560
        0.1382282971  -0.1302851380  -0.0114806170   0.0007769534  -0.0007744536
       -0.0006600716   0.0001915983  -0.0004465006   0.0000188655   0.0000233873
        0.0000542641  -0.0000206190  -0.0000641284   0.0000346290  -0.0000029758
        0.0000197430  -0.0000647183   0.0000127049
        0.0000041048   0.0000440001  -0.0000723529  -0.0000312047  -0.0001851656
        0.0001078369  -0.0000446711   0.0012949213   0.0007146675   0.0014960434
       -0.0008763539  -0.0001761016   0.1167760599  -0.2200454179  -0.0061251207
        0.0152767693  -0.0259553252  -0.0005872288  -0.0029506713  -0.0044054680
        0.0018995774  -0.0007842890   0.0006063022   0.0001199386   0.0000870639
        0.0000927896  -0.0002097687  -0.0000343488  -0.0000334701   0.0000060108
        0.0000570632   0.0000137345   0.0000145370   0.0000041890   0.0000032497
        0.0000176019   0.0000198563   0.0000516872  -0.0000478517   0.0000618961
        0.0000003042  -0.0000482504  -0.0007412817   0.0010019844  -0.0002340612
       -0.1302851380   0.2493910651   0.0050171986   0.0003633477   0.0006871900
       -0.0004136077   0.0007416395  -0.0016554779   0.0000156979  -0.0000702930
        0.0000057593   0.0000148273   0.0000218697   0.0000159707   0.0000474225
        0.0000319948  -0.0000522798  -0.0000609728
        0.0000100528   0.0000162260   0.0000041320   0.0001928676  -0.0003946228
       -0.0000066336   0.0028841741   0.0008165922   0.0071791279   0.0040550885
       -0.0053908588   0.0001759843   0.0069773169  -0.0060677829  -0.0345238379
       -0.0028152362   0.0046237007   0.0005526873   0.0019213941   0.0017687216
        0.0072855792   0.0001589649   0.0001906159   0.0000212052  -0.0003808230
       -0.0002312489  -0.0016289183  -0.0000084809   0.0000111777  -0.0000157230
        0.0000041741   0.0000155557  -0.0000004250  -0.0000156984  -0.0000086451
       -0.0000076853  -0.0000537346   0.0000092989  -0.0000134693   0.0000582699
        0.0000452529  -0.0000297296  -0.0006225387  -0.0005079847  -0.0025029809
       -0.0114806170   0.0050171986   0.0258677178  -0.0007688011  -0.0001672141
       -0.0023799493  -0.0001065624   0.0002863030   0.0000792150   0.0000021850
        0.0000069813  -0.0000172679  -0.0002041603   0.0002154915  -0.0000031733
        0.0001921649  -0.0002547588  -0.0000358553
       -0.0001096858  -0.0000002312   0.0000834674   0.0000473432  -0.0000226265
       -0.0005302289   0.0009769351   0.0001807673  -0.0002280109   0.0003514099
       -0.0029865021   0.0019485004  -0.0156515479  -0.0023691625   0.0037650209
       -0.2838946191  -0.0162411732   0.0563113425  -0.0203378604   0.0002613853
        0.0045273552  -0.0003559034   0.0035502799   0.0014687071  -0.0010937303
       -0.0000696333   0.0002108892   0.0000392912   0.0000319106   0.0000176733
       -0.0000816341  -0.0000155734  -0.0000276249   0.0000465172  -0.0000093158
        0.0000229937   0.0000420053  -0.0000434915   0.0000190258   0.0000188891
        0.0000590453   0.0000168507  -0.0010067377  -0.0002334087   0.0002659521
        0.0007769534   0.0003633477  -0.0007688011   0.3196992351   0.0177323231
       -0.0664147073   0.0007413599  -0.0005043481  -0.0007070828   0.0000623720
       -0.0000189642  -0.0000247002  -0.0001546858   0.0001721673  -0.0000165460
       -0.0001159069   0.0001632041   0.0000599235
       -0.0000480467   0.0000691914   0.0000050834  -0.0000599964   0.0001139201
       -0.0001783102   0.0001610487  -0.0006792102   0.0000395936  -0.0022694807
       -0.0043872179   0.0017616061  -0.0264775023  -0.0027083575   0.0060971818
       -0.0162392214  -0.0451569318   0.0047467243   0.0242151054   0.0007008715
       -0.0052984537   0.0029251685  -0.0035534164   0.0005206038   0.0012498932
       -0.0000643641  -0.0002602161  -0.0000113053  -0.0000144753  -0.0000053505
       -0.0000083309  -0.0000101855  -0.0000061483   0.0000297779  -0.0000117450
        0.0000211964   0.0000598269   0.0000050368  -0.0000180067  -0.0000222810
        0.0000067551  -0.0000036537  -0.0014298134  -0.0003540358   0.0003632771
       -0.0007744536   0.0006871900  -0.0001672141   0.0177323231   0.0548215908
       -0.0070723716   0.0007883236   0.0007167047  -0.0005233505  -0.0000287068
        0.0001323450  -0.0000120807   0.0001149469  -0.0001796836  -0.0000149704
        0.0000927243  -0.0001339823   0.0000048600
       -0.0003251199  -0.0000225519   0.0000201798  -0.0003527779  -0.0002375365
       -0.0015099564  -0.0001508189   0.0000205946   0.0000730746   0.0018271932
        0.0019407600   0.0072641438   0.0063071980   0.0009282307  -0.0009834627
        0.0563033427   0.0047028082  -0.0464358162   0.0021150753  -0.0000722427
        0.0001048906   0.0014710637   0.0003946097   0.0075814453   0.0001035983
       -0.0000281257  -0.0001182462  -0.0000113261  -0.0000070357   0.0000049810
       -0.0000523699  -0.0000223186  -0.0000759431  -0.0000180532   0.0000073377
        0.0000038685   0.0000964453   0.0001097440  -0.0000582771   0.0001532640
       -0.0000151220  -0.0000390884   0.0004120324   0.0001036215  -0.0000506311
       -0.0006600716  -0.0004136077  -0.0023799493  -0.0664147073  -0.0070723716
        0.0390835261  -0.0008341351  -0.0002465385  -0.0024942722  -0.0000204265
       -0.0000114476  -0.0000162093   0.0000246569  -0.0000564099   0.0000170014
        0.0000259367  -0.0000023981   0.0000087408
       -0.0001292307  -0.0000386175   0.0000786662  -0.0005504986  -0.0014265176
        0.0001828763  -0.0052482779   0.0001891064   0.0027506708  -0.0002679335
        0.0006559548  -0.0000530079  -0.0005525289   0.0031961629   0.0015217874
        0.0060868267   0.0140417618  -0.0026288555  -0.0886034664  -0.0944073210
        0.0215693441  -0.0148330773  -0.0261422944   0.0061510755   0.0006249252
       -0.0019538517  -0.0004167689   0.0000494259  -0.0000080128   0.0000433504
       -0.0000580110  -0.0000009041  -0.0000459979   0.0000325778   0.0000345163
        0.0000315494  -0.0004141857  -0.0001341923   0.0001053785   0.0000792167
       -0.0000390718  -0.0000020230  -0.0001221275  -0.0000472738  -0.0003379188
        0.0001915983   0.0007416395  -0.0001065624   0.0007413599   0.0007883236
       -0.0008341351   0.1035674076   0.1031534265  -0.0278921469  -0.0009134412
        0.0013984877  -0.0000323312   0.0001411229   0.0000713094   0.0000350628
        0.0001783178  -0.0000726319  -0.0001200138
       -0.0000337025   0.0000463280   0.0000792756   0.0000830615  -0.0003467376
       -0.0001084794  -0.0006649530   0.0010894683   0.0007698837   0.0005427235
        0.0007514121  -0.0002179769   0.0039351023  -0.0035610959   0.0003307486
       -0.0101508354  -0.0267002597   0.0049992364  -0.0942604994  -0.2410413952
        0.0417992831  -0.0040623441  -0.0059111645   0.0016162164   0.0021023986
        0.0014277288  -0.0008509059   0.0000056443   0.0000007554   0.0000034823
       -0.0000693774  -0.0000088847  -0.0000241318   0.0000474481  -0.0000163669
        0.0000004332  -0.0000995369  -0.0000553221   0.0000659919  -0.0000033695
        0.0000582308   0.0000213352  -0.0000470050  -0.0001020732  -0.0001511736
       -0.0004465006  -0.0016554779   0.0002863030  -0.0005043481   0.0007167047
       -0.0002465385   0.1031534265   0.2752345912  -0.0482814269   0.0003049363
        0.0002867960  -0.0000723615   0.0000861716  -0.0000851495   0.0000413201
        0.0000815592  -0.0001280881  -0.0000605152
        0.0000088698  -0.0000465273   0.0000254591   0.0000097152   0.0003749830
       -0.0001912421   0.0029722959   0.0005930274   0.0070830229  -0.0000324518
       -0.0002041932  -0.0001526560   0.0014664549   0.0004870229   0.0075476008
       -0.0001633004  -0.0002482943   0.0006323392   0.0215930236   0.0418046297
       -0.0428785730   0.0038084296   0.0065464942  -0.0004663051  -0.0008652968
       -0.0001014894  -0.0022127250  -0.0000161802   0.0000303333  -0.0000138871
        0.0000223999  -0.0000077013  -0.0000068915  -0.0000067124  -0.0000144435
       -0.0000118765   0.0000536150   0.0000474649  -0.0000880548  -0.0000068398
       -0.0000006887  -0.0000000273  -0.0003412184  -0.0001603182  -0.0016269490
        0.0000188655   0.0000156979   0.0000792150  -0.0007070828  -0.0005233505
       -0.0024942722  -0.0278921469  -0.0482814269   0.0347879844   0.0001807122
       -0.0002634108   0.0001297190  -0.0004262060   0.0002095726  -0.0000169273
        0.0003230539  -0.0002573818  -0.0001249536
        0.0000481422  -0.0001351300  -0.0000096410  -0.0001811976  -0.0001999064
        0.0002242201  -0.0017495458   0.0024858405   0.0002773769   0.0001364406
        0.0007509448   0.0000052293   0.0001351498   0.0001294002  -0.0000270319
        0.0000364393  -0.0001822445  -0.0000198784   0.0008259110   0.0028783284
       -0.0004946896   0.0081903624   0.0097649349  -0.0036661827  -0.1238726631
       -0.1082020124   0.0371409001   0.0000048532   0.0000810017   0.0002004489
        0.0000411497   0.0000046701   0.0000058299  -0.0000042783  -0.0000422185
        0.0000073355   0.0000242821  -0.0000833741  -0.0000756622   0.0001091297
       -0.0002123865  -0.0002422304  -0.0001018897   0.0001476054  -0.0000246407
        0.0000233873  -0.0000702930   0.0000021850   0.0000623720  -0.0000287068
       -0.0000204265  -0.0009134412   0.0003049363   0.0001807122   0.1438298834
        0.1232784650  -0.0443439696  -0.0188880372  -0.0212299540   0.0052797115
       -0.0077564500  -0.0094399011   0.0056004036
        0.0000438833   0.0000448429   0.0000378007   0.0004231144   0.0001051431
       -0.0001160901   0.0031295589  -0.0045711358  -0.0000616560  -0.0007341754
       -0.0010687712   0.0001823557  -0.0000289451   0.0004107041  -0.0000213134
       -0.0004512017   0.0000888633   0.0000256069  -0.0021255086   0.0007793730
        0.0003215509  -0.0126845797  -0.0268370559   0.0072271321  -0.1075778199
       -0.1859257799   0.0501742347  -0.0000164570  -0.0000530743   0.0000730500
        0.0000214603   0.0000228021   0.0000130837   0.0000434572   0.0000015016
        0.0000107021   0.0000516040   0.0000710090  -0.0000128623   0.0000670905
       -0.0000778295  -0.0001100702   0.0001872432  -0.0004621729  -0.0000216599
        0.0000542641   0.0000057593   0.0000069813  -0.0000189642   0.0001323450
       -0.0000114476   0.0013984877   0.0002867960  -0.0002634108   0.1232784650
        0.2182361627  -0.0586189154  -0.0051452623  -0.0033813360   0.0003366459
        0.0000842854   0.0021918537   0.0008282816
       -0.0000446663  -0.0000722872   0.0000465297  -0.0000158727   0.0002079694
        0.0000550981   0.0004836848   0.0001108590   0.0008902528   0.0001452251
       -0.0001280964   0.0001894703  -0.0000514920  -0.0000909617   0.0000609507
        0.0000357332   0.0000241387  -0.0000106589   0.0000622488  -0.0007389474
       -0.0000401943  -0.0003471131   0.0002766119   0.0004188188   0.0368188612
        0.0504436719  -0.0617583648   0.0000403861   0.0001089313   0.0000820025
        0.0000199722  -0.0000165234   0.0000078361   0.0000029560  -0.0000024152
        0.0000644907  -0.0000336409   0.0000163546   0.0000121743  -0.0002048191
       -0.0000912219  -0.0001146551  -0.0000239688  -0.0000003126  -0.0001092585
       -0.0000206190   0.0000148273  -0.0000172679  -0.0000247002  -0.0000120807
       -0.0000162093  -0.0000323312  -0.0000723615   0.0001297190  -0.0443439696
       -0.0586189154   0.0671803256  -0.0130001928  -0.0149519027   0.0048452250
        0.0205343184   0.0235926620  -0.0119162846
       -0.0001400246  -0.0005424610   0.0000929305   0.0000079497  -0.0003999538
        0.0000701310  -0.0001505937  -0.0012410042   0.0001398002  -0.0003350303
       -0.0000064918   0.0006603225   0.0002182528  -0.0001088853  -0.0000348644
       -0.0002615303   0.0003318957   0.0012087624  -0.0010886181   0.0026744173
       -0.0005551444  -0.0179581078   0.0057794315  -0.0097605071  -0.1881651049
       -0.0143083461  -0.1182179137   0.0003133946  -0.0001993201  -0.0001537170
       -0.0001439117  -0.0000614733   0.0000560147  -0.0000039717   0.0001702014
       -0.0000411500  -0.0000387163  -0.0000668639  -0.0000342198   0.0003173820
       -0.0003893278   0.0002408853   0.0000383404  -0.0000246566  -0.0000191915
       -0.0000641284   0.0000218697  -0.0002041603  -0.0001546858   0.0001149469
        0.0000246569   0.0001411229   0.0000861716  -0.0004262060  -0.0188880372
       -0.0051452623  -0.0130001928   0.2194208123   0.0131680194   0.1356446045
        0.0069352061   0.0001470927   0.0043091592
       -0.0000220803  -0.0006204784   0.0002821184  -0.0002673770  -0.0002849743
        0.0008140414   0.0012578247  -0.0003282195  -0.0000033308  -0.0005333586
        0.0003106875  -0.0009369193   0.0003574177   0.0002383335  -0.0000749669
        0.0004717883  -0.0004698741  -0.0012099643   0.0012054819  -0.0025625825
        0.0006279178   0.0218860365  -0.0006614391   0.0152090550  -0.0120541896
       -0.0420324626  -0.0069498522  -0.0006200848  -0.0004591334  -0.0009703288
       -0.0000062871   0.0001641554  -0.0001161428   0.0000475172   0.0001609998
       -0.0001216377   0.0000142472   0.0001994993  -0.0000612369  -0.0003389744
       -0.0005116224   0.0008876148  -0.0000074001   0.0000224446   0.0000162742
        0.0000346290   0.0000159707   0.0002154915   0.0001721673  -0.0001796836
       -0.0000564099   0.0000713094  -0.0000851495   0.0002095726  -0.0212299540
       -0.0033813360  -0.0149519027   0.0131680194   0.0497059192   0.0104974419
       -0.0036067327   0.0007589455  -0.0033068354
        0.0001542699  -0.0003944380   0.0002477703  -0.0000703686   0.0001884138
        0.0003406429  -0.0004777180   0.0001622277   0.0005035963  -0.0000289542
       -0.0001328573   0.0000503221   0.0001299014   0.0000067129  -0.0000285917
        0.0003224760  -0.0002925371  -0.0000447166   0.0002964941  -0.0001445870
       -0.0002464728  -0.0004564723   0.0011254383   0.0012099759  -0.1167064066
       -0.0080251151  -0.1323520725  -0.0001607836  -0.0001859934   0.0002760840
        0.0000992248   0.0001361647  -0.0000418901   0.0000260605  -0.0000489422
       -0.0001105322   0.0000086594  -0.0003112894  -0.0001330664   0.0004261955
        0.0006706819  -0.0011331231   0.0000294598   0.0000297797  -0.0000263183
       -0.0000029758   0.0000474225  -0.0000031733  -0.0000165460  -0.0000149704
        0.0000170014   0.0000350628   0.0000413201  -0.0000169273   0.0052797115
        0.0003366459   0.0048452250   0.1356446045   0.0104974419   0.1524807421
       -0.0245318951  -0.0036915193  -0.0258344758
       -0.0000773718   0.0000749296  -0.0001192821   0.0004605759  -0.0007341353
       -0.0000920836  -0.0004282639  -0.0009759344   0.0004847392  -0.0003475714
       -0.0001161007  -0.0004192829  -0.0000000226  -0.0001298764   0.0000127909
       -0.0007836997   0.0003005015  -0.0010508556  -0.0006663591   0.0022774294
        0.0001628564  -0.0093339099   0.0085653279   0.0156337953  -0.0649173838
        0.0090212950   0.0747227074   0.0000584943   0.0001057925  -0.0000031007
       -0.0000028015  -0.0000246880   0.0000150359  -0.0000185469   0.0000213802
        0.0001179327  -0.0000590683   0.0000132774   0.0000282925  -0.0002327809
       -0.0008224660   0.0002304235   0.0000185338  -0.0000203830  -0.0000079043
        0.0000197430   0.0000319948   0.0001921649  -0.0001159069   0.0000927243
        0.0000259367   0.0001783178   0.0000815592   0.0003230539  -0.0077564500
        0.0000842854   0.0205343184   0.0069352061  -0.0036067327  -0.0245318951
        0.0770692656  -0.0142401809  -0.0862596436
       -0.0002828666   0.0003028165   0.0001449264   0.0003485362  -0.0007632907
       -0.0007341459   0.0008987452  -0.0003827814  -0.0002753417   0.0002079011
        0.0003848364   0.0012400658   0.0001745556   0.0001605797  -0.0000756213
        0.0007309053  -0.0001063636   0.0011149056   0.0006123199  -0.0022999514
       -0.0005146202   0.0114603553  -0.0070987387  -0.0238161372   0.0106887793
       -0.0462425363  -0.0350169447   0.0000427819  -0.0000221683  -0.0000288663
       -0.0000522421  -0.0000010407  -0.0000039806   0.0000484437   0.0000869677
        0.0001318089  -0.0000048198  -0.0000295878   0.0000329939  -0.0013247023
       -0.0009515322   0.0002190811  -0.0000415571  -0.0000073364  -0.0000127024
       -0.0000647183  -0.0000522798  -0.0002547588   0.0001632041  -0.0001339823
       -0.0000023981  -0.0000726319  -0.0001280881  -0.0002573818  -0.0094399011
        0.0021918537   0.0235926620   0.0001470927   0.0007589455  -0.0036915193
       -0.0142401809   0.0543336782   0.0382079746
       -0.0000680168  -0.0000763911   0.0000196816  -0.0001806547   0.0003924543
       -0.0000668154   0.0008955432   0.0006992167   0.0002620250   0.0001393214
        0.0001528883  -0.0000522652  -0.0001388038   0.0001062566   0.0000165640
       -0.0000899678   0.0000198938   0.0003237183  -0.0004470122  -0.0005273538
       -0.0001625169   0.0041617662  -0.0046493488  -0.0015462503   0.0727698040
       -0.0316088030  -0.2462410118   0.0001029686   0.0000502613  -0.0001289043
       -0.0000529983  -0.0000234474   0.0000112599   0.0000143819   0.0000638529
        0.0000131116  -0.0000717942   0.0003303004   0.0001215080  -0.0005926416
       -0.0005110466   0.0004931840  -0.0000444299  -0.0000315261   0.0000061665
        0.0000127049  -0.0000609728  -0.0000358553   0.0000599235   0.0000048600
        0.0000087408  -0.0001200138  -0.0000605152  -0.0001249536   0.0056004036
        0.0008282816  -0.0119162846   0.0043091592  -0.0033068354  -0.0258344758
       -0.0862596436   0.0382079746   0.2848333736
