           1           2   1.00403566505021     
           2           3  0.978804333124566     
           3           4   1.68771794894856     
           3           5   1.17222069138055     
           4           5  0.171708439422545     
           5           6  0.938036914953478     
           1           7  0.988029121161051     
           1           8  0.985109543248940     
           1           9  0.983715245121482     
           2          10  0.945168699068688     
           2          11  0.972737912853215     
           6          12  0.972977008755777     
           6          13  0.974512508352700     
           6          14  0.976827414050406     
