           1           2  0.975793736002942     
           2           3  0.951466900677393     
           2           4  0.996044975204203     
           4           5   1.00700893931196     
           5           6  0.986433257346616     
           6           7  0.967302764686255     
           6           8  0.953009962344154     
           2           9  0.982787506310389     
           8           9   1.01245480633493     
           9          10   1.79500047028479     
           6          11  0.999364258144357     
          11          12   1.92780719553531     
          11          13   1.02548140422935     
           1          14  0.986255650250959     
           1          15  0.981519203541187     
           1          16  0.986126317459612     
           4          17  0.973768471095184     
           4          18  0.975754579967348     
           5          19  0.976930904284264     
           5          20  0.973048580528108     
           8          21  0.938348815689898     
           8          22  0.972989196414781     
          12          23  0.975273819280113     
          12          24  0.974995379509849     
          13          25  0.982239889068029     
          13          26  0.964341201761631     
          13          27  0.975012758892275     
