$hessian                                                                        
        0.6670530685  -0.0134834009   0.0172444385  -0.3323746027  -0.0431038002
        0.0565457427  -0.0537556275   0.0465155692  -0.0585291189  -0.0363060452
       -0.0195101593   0.0247114203   0.0527967469  -0.0096360378   0.0126661619
       -0.1169488023  -0.0261685364   0.0326556850  -0.0231093869  -0.0175747501
        0.0214757861  -0.0002224929  -0.0021218549   0.0007855948  -0.0004800361
        0.0000527985  -0.0009927950   0.0005469566  -0.0000286440  -0.0001802129
       -0.0008990657   0.0000764921  -0.0010892279  -0.0025560050   0.0018682739
        0.0011767996   0.0005102525  -0.0001746243   0.0000889306  -0.0002818885
       -0.0001836117  -0.0000207451  -0.0002739517  -0.0000589762   0.0001982213
       -0.0000826773   0.0000133125  -0.0000199798  -0.0012003985   0.0033874081
       -0.0041907924  -0.0004702676   0.0010457854  -0.0011378812   0.0013847031
        0.0009512659  -0.0011587480  -0.1407095892   0.0807214032  -0.1033969241
       -0.0125754340  -0.0024003287   0.0027280756  -0.0000454563  -0.0001875843
        0.0004395691
       -0.0134834009   0.3208020724  -0.2618430224   0.0064933560  -0.0643857226
        0.0251951268   0.0080330715   0.0155458353  -0.0178739093  -0.0188623261
       -0.0087921727   0.0079488097   0.0251174763  -0.0237345641   0.0332587344
       -0.0677248538  -0.1379731818   0.1129236776  -0.0129080057  -0.0015866992
        0.0037660043   0.0027563435  -0.0019047990   0.0005174339  -0.0009252091
        0.0000687106   0.0002111657  -0.0000042461   0.0000603976   0.0000423784
       -0.0007351976  -0.0002360359  -0.0000920156   0.0011293278   0.0010107242
       -0.0002047852  -0.0000086850   0.0001620712  -0.0000269681   0.0001304329
        0.0002243843   0.0000354940   0.0003048228   0.0000490645  -0.0000357359
        0.0001145443  -0.0001214059  -0.0001315569   0.0010112801   0.0026415605
        0.0029144338   0.0007150737  -0.0005030836   0.0002748975   0.0035276272
        0.0019205049   0.0037477462   0.0808173653  -0.1020639748   0.0870907231
       -0.0154718788  -0.0013078915   0.0022319917  -0.0000269181   0.0001242056
        0.0000493762
        0.0172444385  -0.2618430224   0.4408774884  -0.0055133637   0.0248666415
       -0.0769391231  -0.0104263909  -0.0178885841   0.0247123674   0.0242895249
        0.0084575460  -0.0132468434  -0.0334901793   0.0334887381  -0.0408684493
        0.0903881334   0.1138205323  -0.1861446796   0.0099235775   0.0034126139
       -0.0027143916  -0.0009768024   0.0006575769  -0.0003840269   0.0001338901
       -0.0002804194   0.0000280981   0.0002243822   0.0002056910   0.0000267297
        0.0004829389   0.0001421119   0.0000362630  -0.0013695957  -0.0012677371
       -0.0002511973  -0.0003859678   0.0001488474   0.0000973543  -0.0001241091
       -0.0001484207   0.0000052604  -0.0002153517  -0.0000144880   0.0000141077
       -0.0001765374   0.0002265164   0.0000879764  -0.0014448444   0.0029427968
        0.0007976643  -0.0007759708   0.0000958470  -0.0005398362  -0.0041982351
        0.0038567840   0.0002647387  -0.1030674690   0.0869427561  -0.1436920185
        0.0195107713   0.0021705233  -0.0024012330  -0.0000328396   0.0000071490
        0.0002337505
       -0.3323746027   0.0064933560  -0.0055133637   0.6524130085   0.0147152939
       -0.0235136843  -0.1516365687   0.0469943072  -0.0568979681   0.0478928036
        0.0272551819  -0.0344768461  -0.0505079317   0.0148046836  -0.0190338636
       -0.0247235174  -0.0545804130   0.0691814482   0.0022126235  -0.0017829033
        0.0016497785  -0.0005560019   0.0004657079  -0.0004588421   0.0004027426
        0.0001080203  -0.0001540188   0.0000463337  -0.0000575581  -0.0000125450
        0.0001403960  -0.0000291663  -0.0001836734  -0.0010379391  -0.0005800732
        0.0001697164  -0.0003114256  -0.0000082519   0.0002119818  -0.0000698955
       -0.0000650266   0.0000062971  -0.0001287962  -0.0000127355   0.0000231561
       -0.0000356556   0.0000188631   0.0000508204   0.0002583960  -0.0009666034
        0.0008899374   0.0004463041  -0.0028935444   0.0034440360  -0.0397033388
        0.0114067830  -0.0137579967  -0.0196462806   0.0000367980   0.0006398229
       -0.0829650617  -0.0613892599   0.0776747130  -0.0001155923   0.0000665405
        0.0000610940
       -0.0431038002  -0.0643857226   0.0248666415   0.0147152939   0.3275897988
       -0.2726709607   0.0889651954  -0.1237822145   0.0966549706  -0.0069163118
       -0.0238289970   0.0303210568   0.0139435009  -0.0036525946   0.0015705798
       -0.0193519819   0.0046447982  -0.0037573268  -0.0016167678   0.0021343565
        0.0054089188  -0.0007969430  -0.0000755347   0.0001408428  -0.0001475434
        0.0001344321  -0.0003107989   0.0000729721   0.0000470025  -0.0000157616
       -0.0000208520   0.0002032925  -0.0002834850   0.0004480911   0.0003207627
       -0.0000715938   0.0001367029  -0.0000543729   0.0000220738   0.0000885937
        0.0000387118   0.0000330910  -0.0000541259  -0.0000206872   0.0000475716
       -0.0000534501   0.0000321557   0.0000206621  -0.0005715259  -0.0004904447
        0.0004231837  -0.0009978196   0.0021127668   0.0033348338   0.0038673018
        0.0028673185  -0.0005859466   0.0133173130   0.0010420878  -0.0010306630
       -0.0618415943  -0.1248133794   0.1157200907  -0.0000822490  -0.0000635365
        0.0001620194
        0.0565457427   0.0251951268  -0.0769391231  -0.0235136843  -0.2726709607
        0.4523619348  -0.1102365826   0.0967679876  -0.1657765241   0.0089044119
        0.0302103103  -0.0378874179  -0.0176206048   0.0016406822  -0.0044522310
        0.0245718799  -0.0049464829   0.0073850116   0.0017120391   0.0055594548
       -0.0002388024  -0.0006069840  -0.0000101311   0.0001163490   0.0000567074
        0.0000577871  -0.0000431521   0.0000692176  -0.0000083725  -0.0000044618
        0.0000840691   0.0002234786   0.0002234962   0.0013130563   0.0001681143
       -0.0001391811   0.0000269441  -0.0001984879  -0.0000229591   0.0000729884
        0.0000595480  -0.0000232009  -0.0001328373  -0.0000073719   0.0000135637
       -0.0000854425   0.0000525000   0.0000394276   0.0006982020   0.0003358435
       -0.0007640190   0.0012257030   0.0033469746   0.0002316190  -0.0043015671
       -0.0006781203   0.0033636865  -0.0168661031  -0.0008802586   0.0015179066
        0.0780968549   0.1158013692  -0.1788507039  -0.0000140110  -0.0000189912
       -0.0001112186
       -0.0537556275   0.0080330715  -0.0104263909  -0.1516365687   0.0889651954
       -0.1102365826   0.4683833196  -0.0201633176   0.0193704979  -0.0992683391
       -0.0673763084   0.0863684829  -0.0240941087  -0.0177784495   0.0238616372
        0.0040700779   0.0062890343  -0.0078921523  -0.0023845948   0.0001217289
        0.0001081752   0.0008052054   0.0000138101   0.0001294779  -0.0003955048
        0.0003283063   0.0003136024  -0.0005325670  -0.0001083609   0.0000769620
       -0.0004103329  -0.0002753837  -0.0001030049   0.0009788485  -0.0002651602
       -0.0002188127  -0.0000066667   0.0001567147   0.0000560548   0.0001655892
        0.0001370735   0.0000529938   0.0002115939   0.0000044445  -0.0000269504
        0.0000989650  -0.0001150023  -0.0000388002  -0.0020542668   0.0011316685
       -0.0016727716  -0.0011107128   0.0122556942  -0.0158073819  -0.1399281310
       -0.0071174268   0.0106746142  -0.0048203593  -0.0001590025   0.0002535686
        0.0058406746  -0.0040867245   0.0051168238  -0.0001564942   0.0000083947
        0.0000399565
        0.0465155692   0.0155458353  -0.0178885841   0.0469943072  -0.1237822145
        0.0967679876  -0.0201633176   0.2927827178  -0.2466143171  -0.0314354080
       -0.1257112007   0.1051219405  -0.0527329738   0.0026652489  -0.0041333492
        0.0041941520  -0.0248618587   0.0276564955   0.0000434443  -0.0001325643
        0.0003216233   0.0001274228   0.0000332799  -0.0001065593   0.0000016667
        0.0001267906   0.0000275933  -0.0001437881  -0.0000183953   0.0000099006
       -0.0000704013  -0.0001116391  -0.0001221839   0.0000939945  -0.0001821214
       -0.0001815230  -0.0001268435  -0.0000187243   0.0001100123   0.0000465813
        0.0000644906   0.0000131784   0.0000869271   0.0000157138  -0.0000114082
        0.0000100212   0.0000274519   0.0000184697   0.0016803691   0.0040306170
        0.0008079975   0.0037326874  -0.0133718066   0.0193543949  -0.0084226596
       -0.0228724280   0.0033103397  -0.0003265664   0.0049701201   0.0033180316
        0.0099307825  -0.0093016068   0.0121884924  -0.0000359671   0.0001022937
        0.0000314674
       -0.0585291189  -0.0178739093   0.0247123674  -0.0568979681   0.0966549706
       -0.1657765241   0.0193704979  -0.2466143171   0.4098959483   0.0403269621
        0.1045216883  -0.1794039832   0.0676912654  -0.0045387745   0.0042885615
       -0.0054986515   0.0278559094  -0.0382233473  -0.0000675930   0.0003922182
       -0.0003176513  -0.0002815900  -0.0000847401   0.0001952943   0.0000145033
       -0.0001688513  -0.0000430605   0.0001983629   0.0000380162  -0.0000099342
        0.0000882256   0.0001211006   0.0001402279  -0.0000919972   0.0002611579
        0.0002084559   0.0002367113   0.0000626420  -0.0001176462  -0.0000334367
       -0.0000315575  -0.0000076629  -0.0001227401  -0.0000176446   0.0000183395
       -0.0000432137  -0.0000028302  -0.0000067809  -0.0019785254   0.0012794129
        0.0036111405  -0.0046949689   0.0196753864  -0.0228543261   0.0123051458
        0.0033209997  -0.0246010564   0.0004693021   0.0030434529   0.0032376063
       -0.0124961929   0.0122390418  -0.0148913421   0.0000350201  -0.0001333723
       -0.0000546263
       -0.0363060452  -0.0188623261   0.0242895249   0.0478928036  -0.0069163118
        0.0089044119  -0.0992683391  -0.0314354080   0.0403269621   0.5482638147
        0.0381989334  -0.0521294134  -0.2929227876  -0.0344441835   0.0438221025
       -0.0455101152   0.0421156897  -0.0537460397  -0.0002792339   0.0014153251
       -0.0015337932  -0.0008641885   0.0005034544   0.0000483570  -0.0001235906
        0.0001732036   0.0001475741  -0.0002579810  -0.0000193141   0.0000409475
        0.0000492697  -0.0000978957   0.0001549149  -0.0002348881  -0.0004296687
        0.0005244211   0.0003646372   0.0002022774  -0.0000755762   0.0000570299
        0.0000370869   0.0000000399   0.0001322091   0.0000011487  -0.0000257188
        0.0000523070  -0.0001324113  -0.0000277902  -0.0189782678  -0.0096774670
        0.0134634496  -0.0666197612   0.0345501651  -0.0435543514  -0.0335659254
       -0.0161538754   0.0209344189  -0.0004924035  -0.0003738042   0.0002111690
       -0.0012780408   0.0014580056  -0.0017383012  -0.0001105034  -0.0001126241
       -0.0000373094
       -0.0195101593  -0.0087921727   0.0084575460   0.0272551819  -0.0238289970
        0.0302103103  -0.0673763084  -0.1257112007   0.1045216883   0.0381989334
        0.2507127512  -0.2038459673   0.0018976811  -0.0531627965   0.0125212325
        0.0083459985   0.0113949562  -0.0154016770   0.0020008840   0.0031418949
        0.0043642552  -0.0010468382  -0.0000701906   0.0000891153   0.0000142523
        0.0000352410  -0.0003352259   0.0000856564   0.0000644933  -0.0000096993
        0.0001861301   0.0001270725  -0.0001677411   0.0006280614  -0.0001352595
        0.0001034594  -0.0000444428   0.0000523125   0.0000785527   0.0000968892
        0.0001198648  -0.0000031929   0.0001130341  -0.0000033042   0.0000394973
       -0.0000733848   0.0000405704   0.0000309905  -0.0182307729  -0.0063280306
        0.0114350095   0.0342047518  -0.0493244946   0.0384771931  -0.0077598073
       -0.0014564456   0.0045276184  -0.0002582274   0.0001022821   0.0002353968
        0.0012429424   0.0031066136   0.0045598206   0.0000295447  -0.0000851603
        0.0001118176
        0.0247114203   0.0079488097  -0.0132468434  -0.0344768461   0.0303210568
       -0.0378874179   0.0863684829   0.1051219405  -0.1794039832  -0.0521294134
       -0.2038459673   0.3555529485  -0.0004791743   0.0134675797  -0.0595644512
       -0.0106637576  -0.0164797120   0.0190548180  -0.0024392542   0.0042745491
        0.0008700435  -0.0006435277  -0.0000279663   0.0000165399  -0.0002745627
        0.0003716526   0.0002684313  -0.0002531873   0.0000762189   0.0000515141
       -0.0000368750   0.0000130552  -0.0001924216   0.0007648534   0.0001088792
       -0.0002869902  -0.0000512849  -0.0002380355  -0.0000561945   0.0000351095
       -0.0000082058   0.0000195778  -0.0000036592  -0.0000057032  -0.0000140424
       -0.0000993565   0.0000366901   0.0000130591   0.0243211780   0.0112372965
       -0.0133365556  -0.0436779978   0.0381212226  -0.0690298302   0.0102367063
        0.0045253719  -0.0040108492   0.0003347339   0.0003959528   0.0001041552
       -0.0014559641   0.0045611274   0.0010936406  -0.0000876235   0.0000241871
       -0.0000151487
        0.0527967469   0.0251174763  -0.0334901793  -0.0505079317   0.0139435009
       -0.0176206048  -0.0240941087  -0.0527329738   0.0676912654  -0.2929227876
        0.0018976811  -0.0004791743   0.5813375632  -0.0322321615   0.0416785681
       -0.1628018226   0.0462959349  -0.0623892665  -0.0319045616   0.0138750560
       -0.0171817468  -0.0018298488  -0.0020514872  -0.0003530525  -0.0008959464
       -0.0000565358   0.0014825316   0.0005677216   0.0001481178   0.0000272145
       -0.0003211175  -0.0001960393   0.0009081521  -0.0000281194   0.0029087223
       -0.0003734322  -0.0004043621  -0.0013668676  -0.0006590727  -0.0000883013
        0.0000275746   0.0000042421  -0.0001737191   0.0000383859  -0.0001436056
       -0.0002712705   0.0000889471   0.0000202628  -0.0412611698  -0.0238001430
        0.0318389179  -0.0291968533   0.0082418975  -0.0111918219   0.0025976646
        0.0006431630  -0.0007866185  -0.0001237059  -0.0011403011   0.0016128064
       -0.0004452459   0.0002978943  -0.0000671039  -0.0000288240   0.0000521577
       -0.0005282820
       -0.0096360378  -0.0237345641   0.0334887381   0.0148046836  -0.0036525946
        0.0016406822  -0.0177784495   0.0026652489  -0.0045387745  -0.0344441835
       -0.0531627965   0.0134675797  -0.0322321615   0.2359857169  -0.1836886425
        0.0798205656  -0.1034747843   0.0764696864   0.0098472240   0.0015489883
       -0.0013825116  -0.0016295979   0.0007329684   0.0002072360   0.0008281434
       -0.0002468202  -0.0003826322   0.0003271148   0.0000996702  -0.0000384565
        0.0009012455  -0.0001850306   0.0001093276  -0.0025085487  -0.0012610012
        0.0014678870  -0.0008324333  -0.0008931833  -0.0002776967  -0.0003165536
       -0.0002880246  -0.0001608387  -0.0005578831  -0.0000515258   0.0000535329
       -0.0003433713   0.0003919038   0.0001416147  -0.0225551392  -0.0559011120
        0.0487463812   0.0166804868  -0.0026114768   0.0057215342   0.0000835205
        0.0017907919   0.0037199330  -0.0008533957   0.0025280734   0.0052377479
        0.0002684483   0.0000128843   0.0001166984   0.0001263228  -0.0002933320
       -0.0001190268
        0.0126661619   0.0332587344  -0.0408684493  -0.0190338636   0.0015705798
       -0.0044522310   0.0238616372  -0.0041333492   0.0042885615   0.0438221025
        0.0125212325  -0.0595644512   0.0416785681  -0.1836886425   0.3371298492
       -0.1102142602   0.0769786445  -0.1436457870  -0.0061486129  -0.0002860850
        0.0013617437   0.0026086710  -0.0003868909  -0.0006760514  -0.0005139092
        0.0001337869   0.0002144882  -0.0004264335   0.0002381858   0.0001231318
        0.0001056562  -0.0000359294  -0.0001974976   0.0017904218  -0.0012450977
       -0.0013592204  -0.0015555571   0.0003171291  -0.0001123762   0.0003587215
        0.0004003757   0.0001229168   0.0004301794   0.0000435730  -0.0000039092
        0.0003780111  -0.0003727779  -0.0001222579   0.0313379390   0.0490943087
       -0.0870140141  -0.0213909033   0.0059121764  -0.0056344048  -0.0004318578
        0.0037499185   0.0000030360   0.0010804540   0.0052837121   0.0002725307
       -0.0003259585   0.0002861125   0.0000370479  -0.0000771676   0.0003603028
        0.0000973445
       -0.1169488023  -0.0677248538   0.0903881334  -0.0247235174  -0.0193519819
        0.0245718799   0.0040700779   0.0041941520  -0.0054986515  -0.0455101152
        0.0083459985  -0.0106637576  -0.1628018226   0.0798205656  -0.1102142602
        0.6131578272   0.0082865911  -0.0034387922  -0.2166048288  -0.0130433311
        0.0134923263  -0.0300278092   0.0111557199   0.0024695298   0.0009502016
        0.0031587495   0.0009680963  -0.0018091354  -0.0004633120   0.0001551230
        0.0006795638  -0.0023615019   0.0002559544  -0.0238944353  -0.0162346063
        0.0028162892   0.0002511619   0.0007005450  -0.0000866371  -0.0001219721
        0.0003642150  -0.0000434002   0.0005405607   0.0001025105  -0.0001024801
       -0.0002420680  -0.0001261123   0.0001133602   0.0061636415  -0.0035411649
        0.0049692880  -0.0032024789  -0.0002535940   0.0005922714  -0.0012831897
       -0.0001993526   0.0002164841   0.0060357624   0.0083848385  -0.0110374039
       -0.0052984517  -0.0005599771   0.0004017690   0.0006198294  -0.0006540975
       -0.0003251221
       -0.0261685364  -0.1379731818   0.1138205323  -0.0545804130   0.0046447982
       -0.0049464829   0.0062890343  -0.0248618587   0.0278559094   0.0421156897
        0.0113949562  -0.0164797120   0.0462959349  -0.1034747843   0.0769786445
        0.0082865911   0.3351101787  -0.2334979978  -0.0129451997  -0.0607103269
        0.0038213692   0.0223392409   0.0017004556  -0.0028330131   0.0024606258
       -0.0022760535  -0.0024348493  -0.0001047687  -0.0005483482  -0.0002056679
       -0.0016804043  -0.0028098051  -0.0020297365  -0.0263281831  -0.0051568696
        0.0015839338  -0.0021257752  -0.0004878499   0.0004652811  -0.0011253803
       -0.0006123241   0.0000326390   0.0000911117  -0.0000023080   0.0002121860
        0.0011828884  -0.0004063674  -0.0001881970   0.0026013728  -0.0135836748
        0.0204170018  -0.0019871247   0.0034117028   0.0016092974  -0.0006515887
        0.0003195006  -0.0003166395  -0.0046298715  -0.0088203914   0.0124043961
       -0.0005333963   0.0048421003   0.0031295283   0.0011981524   0.0003004511
        0.0006015771
        0.0326556850   0.1129236776  -0.1861446796   0.0691814482  -0.0037573268
        0.0073850116  -0.0078921523   0.0276564955  -0.0382233473  -0.0537460397
       -0.0154016770   0.0190548180  -0.0623892665   0.0764696864  -0.1436457870
       -0.0034387922  -0.2334979978   0.4221680222   0.0134172772   0.0024050168
       -0.0560632383   0.0086297650  -0.0013532843   0.0004721072   0.0007755498
       -0.0024780114   0.0061065283   0.0003724438   0.0000154476   0.0002191688
        0.0004780304  -0.0020408676   0.0055856133  -0.0031159891   0.0006635049
        0.0011372263  -0.0008038551   0.0006781703  -0.0014653280  -0.0003474783
       -0.0002165134  -0.0000867718  -0.0001814798   0.0002289433  -0.0009102196
        0.0001540858   0.0000709349  -0.0001447277  -0.0037018186   0.0207789117
       -0.0248603999   0.0024048837   0.0016386681   0.0026125694   0.0009758653
       -0.0004136323   0.0003814570   0.0059423133   0.0120591371  -0.0147014437
        0.0008657606   0.0028207828   0.0032267841  -0.0002362365   0.0007499338
       -0.0021033633
       -0.0231093869  -0.0129080057   0.0099235775   0.0022126235  -0.0016167678
        0.0017120391  -0.0023845948   0.0000434443  -0.0000675930  -0.0002792339
        0.0020008840  -0.0024392542  -0.0319045616   0.0098472240  -0.0061486129
       -0.2166048288  -0.0129451997   0.0134172772   0.6097395674   0.0004613840
       -0.0483899280  -0.1472851266   0.1308577681   0.0455355240  -0.0428320779
        0.0197019205   0.0098687411   0.0044893441   0.0032917714  -0.0000113475
       -0.0295621877  -0.0246976494  -0.0026698506  -0.1259602785  -0.1189336005
       -0.0236462278   0.0045181179   0.0131077563   0.0031415251  -0.0035784813
       -0.0005184263   0.0010202382  -0.0012915840  -0.0000173453   0.0000191673
       -0.0038480080  -0.0000551664   0.0008980306  -0.0000680298  -0.0005511904
        0.0004439190  -0.0001607751  -0.0003671853   0.0002899117   0.0009476906
        0.0000468764  -0.0000644077   0.0008228942   0.0006652735  -0.0004750644
       -0.0003031500   0.0000678262   0.0002276356   0.0064420674  -0.0074815919
       -0.0025853002
       -0.0175747501  -0.0015866992   0.0034126139  -0.0017829033   0.0021343565
        0.0055594548   0.0001217289  -0.0001325643   0.0003922182   0.0014153251
        0.0031418949   0.0042745491   0.0138750560   0.0015489883  -0.0002860850
       -0.0130433311  -0.0607103269   0.0024050168   0.0004613840   0.5915728698
        0.0962209370   0.0627617048  -0.2350375911  -0.0501102553   0.0762338160
        0.0284625751  -0.0013486733   0.0012215838  -0.0545557710  -0.0129799710
       -0.0770932151   0.0102382770   0.0120963537  -0.0630648197  -0.2294093253
       -0.0396395434   0.0030298037  -0.0354321892  -0.0096457584   0.0024068736
        0.0027092885  -0.0005956781   0.0008980997   0.0006498577  -0.0000664064
       -0.0027299962   0.0020521244  -0.0005070809   0.0014908759  -0.0012918776
       -0.0005938614   0.0007323715  -0.0001821458   0.0002056260   0.0000231792
       -0.0006409601  -0.0005380612  -0.0007819898  -0.0013214603  -0.0012302847
       -0.0007804585  -0.0001516507   0.0000607205   0.0121796615  -0.0220576705
       -0.0070858310
        0.0214757861   0.0037660043  -0.0027143916   0.0016497785   0.0054089188
       -0.0002388024   0.0001081752   0.0003216233  -0.0003176513  -0.0015337932
        0.0043642552   0.0008700435  -0.0171817468  -0.0013825116   0.0013617437
        0.0134923263   0.0038213692  -0.0560632383  -0.0483899280   0.0962209370
        0.1663175176   0.0260612573  -0.0576940983  -0.0599665834   0.0234381408
        0.0042179269  -0.0008933244  -0.0003653364  -0.0131909064  -0.0046322520
       -0.0151985282   0.0050815333   0.0023937431  -0.0073615822  -0.0318625768
       -0.0511011501   0.0004185533  -0.0115238467  -0.0010252366   0.0014915619
       -0.0003335371   0.0041932254   0.0004988367   0.0001999839  -0.0000978918
        0.0003961128  -0.0005161202   0.0045083323  -0.0017590598  -0.0009982182
       -0.0006492528  -0.0010751744   0.0003024073  -0.0002984269  -0.0001065305
       -0.0005752991  -0.0003645890   0.0008038162  -0.0012513795  -0.0005079439
        0.0009013767   0.0000127436  -0.0001252762   0.0022359577  -0.0043892089
       -0.0006485949
       -0.0002224929   0.0027563435  -0.0009768024  -0.0005560019  -0.0007969430
       -0.0006069840   0.0008052054   0.0001274228  -0.0002815900  -0.0008641885
       -0.0010468382  -0.0006435277  -0.0018298488  -0.0016295979   0.0026086710
       -0.0300278092   0.0223392409   0.0086297650  -0.1472851266   0.0627617048
        0.0260612573   0.6363793115   0.0311269165  -0.0546536011  -0.3108837075
       -0.0003579176   0.0329542126  -0.0333404364  -0.0763117555  -0.0140289732
       -0.0443151770   0.0220627364   0.0103125555   0.0515344825   0.0354260870
        0.0028649739  -0.0003269451  -0.0041342218  -0.0002289723   0.0004388582
       -0.0004917108  -0.0000160336   0.0018608977  -0.0004999676   0.0001263934
       -0.0258127082   0.0162714695   0.0070240621   0.0005056913   0.0002920730
       -0.0000956725  -0.0003342165   0.0001014651  -0.0001284030  -0.0003587345
        0.0001082023   0.0001240104  -0.0000903731   0.0004022902   0.0001707096
       -0.0001101948  -0.0000167837  -0.0000919913  -0.0951664856  -0.1084902160
       -0.0191240597
       -0.0021218549  -0.0019047990   0.0006575769   0.0004657079  -0.0000755347
       -0.0000101311   0.0000138101   0.0000332799  -0.0000847401   0.0005034544
       -0.0000701906  -0.0000279663  -0.0020514872   0.0007329684  -0.0003868909
        0.0111557199   0.0017004556  -0.0013532843   0.1308577681  -0.2350375911
       -0.0576940983   0.0311269165   0.6374774730   0.1204061789  -0.0643478655
       -0.0825533753  -0.0018088080  -0.0234748943   0.0138052200   0.0062726232
        0.0228932962  -0.0063992913  -0.0039498564  -0.0178031569  -0.0626748968
       -0.0137500568  -0.0016286886  -0.0023523928  -0.0016227829  -0.0011243798
       -0.0018032416  -0.0002760654  -0.0032720309  -0.0034260043  -0.0013311303
        0.0274423934  -0.0076128865  -0.0056737469  -0.0001822360   0.0000398029
        0.0000564846  -0.0002010740   0.0001065109  -0.0001521243  -0.0002346792
        0.0000104738   0.0000576273  -0.0000343169   0.0001593669   0.0000280768
       -0.0000278978   0.0000380178   0.0000379238  -0.1079545043  -0.2501933653
       -0.0393948092
        0.0007855948   0.0005174339  -0.0003840269  -0.0004588421   0.0001408428
        0.0001163490   0.0001294779  -0.0001065593   0.0001952943   0.0000483570
        0.0000891153   0.0000165399  -0.0003530525   0.0002072360  -0.0006760514
        0.0024695298  -0.0028330131   0.0004721072   0.0455355240  -0.0501102553
       -0.0599665834  -0.0546536011   0.1204061789   0.1407691572   0.0178954779
       -0.0087456291  -0.0485314551  -0.0017571870   0.0123751321   0.0037547520
        0.0108147847  -0.0041976252  -0.0034533126  -0.0108272745  -0.0203831500
       -0.0012914080   0.0001695830  -0.0014304450   0.0040348956  -0.0003041354
       -0.0002046064  -0.0002926087  -0.0004448598  -0.0017455072   0.0040508383
        0.0099068187  -0.0044663893   0.0000175957  -0.0003285832  -0.0002381373
        0.0002576914   0.0000501473  -0.0000453613   0.0000687232   0.0000667814
       -0.0000305415  -0.0000004305  -0.0000587362  -0.0000221190   0.0002239209
       -0.0000206864  -0.0000525073  -0.0000097089  -0.0186651186  -0.0391240927
       -0.0393722793
       -0.0004800361  -0.0009252091   0.0001338901   0.0004027426  -0.0001475434
        0.0000567074  -0.0003955048   0.0000016667   0.0000145033  -0.0001235906
        0.0000142523  -0.0002745627  -0.0008959464   0.0008281434  -0.0005139092
        0.0009502016   0.0024606258   0.0007755498  -0.0428320779   0.0762338160
        0.0234381408  -0.3108837075  -0.0643478655   0.0178954779   0.5702579174
        0.0711561604  -0.0422044436  -0.1124689607  -0.0640947930  -0.0058602434
        0.0496078267  -0.0189163475  -0.0104941546  -0.0413474147  -0.0285364753
       -0.0021078521   0.0008140646  -0.0003137977  -0.0005305906  -0.0014825476
        0.0025234995   0.0012228035  -0.0348920035  -0.0232680900  -0.0005733434
       -0.0602480034   0.0508030287   0.0169659711  -0.0003409771  -0.0000087138
        0.0002978408   0.0000387077  -0.0000488446   0.0000391806   0.0001408173
        0.0000195966  -0.0000099408  -0.0001389321  -0.0000332202   0.0001519673
        0.0000171064   0.0000188591   0.0000609537  -0.0156996819  -0.0034187482
        0.0015160539
        0.0000527985   0.0000687106  -0.0002804194   0.0001080203   0.0001344321
        0.0000577871   0.0003283063   0.0001267906  -0.0001688513   0.0001732036
        0.0000352410   0.0003716526  -0.0000565358  -0.0002468202   0.0001337869
        0.0031587495  -0.0022760535  -0.0024780114   0.0197019205   0.0284625751
        0.0042179269  -0.0003579176  -0.0825533753  -0.0087456291   0.0711561604
        0.4801474087   0.0804104978  -0.1199453027  -0.2385361388  -0.0297168179
        0.0324447910  -0.0628700096  -0.0185683133  -0.0263942711  -0.0181803802
       -0.0009128760  -0.0008586710   0.0020783281   0.0006198307   0.0022200210
        0.0021081222  -0.0010014494  -0.0097416269  -0.0041490634  -0.0002400386
        0.0528806202  -0.1021192077  -0.0257448497  -0.0002147981   0.0000338891
       -0.0000639054  -0.0000987709   0.0000485995  -0.0000606883  -0.0000892163
       -0.0000534271  -0.0000095332   0.0000584172  -0.0000478636  -0.0001571241
       -0.0000371481   0.0000370407  -0.0000101846  -0.0244887502  -0.0022487983
        0.0023472095
       -0.0009927950   0.0002111657   0.0000280981  -0.0001540188  -0.0003107989
       -0.0000431521   0.0003136024   0.0000275933  -0.0000430605   0.0001475741
       -0.0003352259   0.0002684313   0.0014825316  -0.0003826322   0.0002144882
        0.0009680963  -0.0024348493   0.0061065283   0.0098687411  -0.0013486733
       -0.0008933244   0.0329542126  -0.0018088080  -0.0485314551  -0.0422044436
        0.0804104978   0.1195968034  -0.0192924938  -0.0365305816  -0.0498296358
        0.0019006202  -0.0123174969  -0.0036672739  -0.0016848540  -0.0006374507
       -0.0021557042  -0.0003213335   0.0005355087   0.0002109713   0.0011913421
       -0.0012183600   0.0042494634   0.0024386642   0.0015440460   0.0019855725
        0.0173690832  -0.0254646941  -0.0280337410   0.0001195033   0.0001768544
       -0.0001676067   0.0001095718  -0.0000052149   0.0000302211  -0.0001707967
        0.0000123327   0.0000353989  -0.0000744216   0.0000790155  -0.0000748377
       -0.0000728411   0.0000281033  -0.0000172737  -0.0038955450  -0.0002303316
        0.0007310886
        0.0005469566  -0.0000042461   0.0002243822   0.0000463337   0.0000729721
        0.0000692176  -0.0005325670  -0.0001437881   0.0001983629  -0.0002579810
        0.0000856564  -0.0002531873   0.0005677216   0.0003271148  -0.0004264335
       -0.0018091354  -0.0001047687   0.0003724438   0.0044893441   0.0012215838
       -0.0003653364  -0.0333404364  -0.0234748943  -0.0017571870  -0.1124689607
       -0.1199453027  -0.0192924938   0.4593172315   0.0062960554  -0.0462428844
       -0.1322297580   0.1259436566   0.0416134084  -0.0411203097   0.0191728123
        0.0100437910  -0.0011536945  -0.0024228151  -0.0000573884   0.0023189390
       -0.0115034757  -0.0030324811  -0.1420090313  -0.0100862902   0.0138473346
        0.0012485540   0.0156407531   0.0036913350  -0.0000302596  -0.0000984211
        0.0002089237   0.0001617626  -0.0001092849   0.0001168098   0.0002126910
        0.0000314531  -0.0000103727  -0.0000808283  -0.0000019961  -0.0000277890
        0.0000556516  -0.0000346895   0.0000204811  -0.0039322239  -0.0008620850
        0.0010590636
       -0.0000286440   0.0000603976   0.0002056910  -0.0000575581   0.0000470025
       -0.0000083725  -0.0001083609  -0.0000183953   0.0000380162  -0.0000193141
        0.0000644933   0.0000762189   0.0001481178   0.0000996702   0.0002381858
       -0.0004633120  -0.0005483482   0.0000154476   0.0032917714  -0.0545557710
       -0.0131909064  -0.0763117555   0.0138052200   0.0123751321  -0.0640947930
       -0.2385361388  -0.0365305816   0.0062960554   0.5668617948   0.1112991330
        0.0704819746  -0.2103343527  -0.0502161233   0.0694953558   0.0270430757
       -0.0019152713  -0.0023330351   0.0004933740  -0.0004546863   0.0013792727
       -0.0404444404  -0.0102184121  -0.0098893555  -0.0255291948  -0.0000986522
        0.0022046153  -0.0388786261  -0.0097790664   0.0003266292  -0.0000916385
       -0.0001371480   0.0000342351  -0.0000042235  -0.0000112455   0.0000841710
        0.0000069124  -0.0000197561  -0.0000157417   0.0000418406  -0.0000737400
        0.0000144365  -0.0000215896  -0.0000127687  -0.0004347650   0.0004389378
       -0.0015810942
       -0.0001802129   0.0000423784   0.0000267297  -0.0000125450  -0.0000157616
       -0.0000044618   0.0000769620   0.0000099006  -0.0000099342   0.0000409475
       -0.0000096993   0.0000515141   0.0000272145  -0.0000384565   0.0001231318
        0.0001551230  -0.0002056679   0.0002191688  -0.0000113475  -0.0129799710
       -0.0046322520  -0.0140289732   0.0062726232   0.0037547520  -0.0058602434
       -0.0297168179  -0.0498296358  -0.0462428844   0.1112991330   0.1231263315
        0.0281744912  -0.0563545184  -0.0583402698   0.0219083354   0.0044078540
       -0.0023574719   0.0002350960  -0.0008067251   0.0043222026   0.0002386275
       -0.0090543997  -0.0002302537   0.0135604042  -0.0001065953  -0.0212489512
        0.0006707563  -0.0114743594  -0.0008765765   0.0001325825  -0.0000122540
       -0.0000294166   0.0000072053   0.0000000968   0.0000042466  -0.0000279161
       -0.0000024580   0.0000018589  -0.0000160408   0.0000112339  -0.0000320093
       -0.0000044431   0.0000079934  -0.0000118305   0.0011568610  -0.0012735294
        0.0059731272
       -0.0008990657  -0.0007351976   0.0004829389   0.0001403960  -0.0000208520
        0.0000840691  -0.0004103329  -0.0000704013   0.0000882256   0.0000492697
        0.0001861301  -0.0000368750  -0.0003211175   0.0009012455   0.0001056562
        0.0006795638  -0.0016804043   0.0004780304  -0.0295621877  -0.0770932151
       -0.0151985282  -0.0443151770   0.0228932962   0.0108147847   0.0496078267
        0.0324447910   0.0019006202  -0.1322297580   0.0704819746   0.0281744912
        0.5616631308  -0.0390078794  -0.0679683024  -0.2898330384   0.0097633587
        0.0316786090  -0.0262008696   0.0136566068   0.0074928012  -0.0492831064
       -0.0474256857  -0.0076264901  -0.0377120271   0.0180976701   0.0094385671
       -0.0015512481  -0.0023930305   0.0001459472   0.0004799445  -0.0001162366
        0.0000590037   0.0001551930  -0.0000603202   0.0000717425   0.0002813458
        0.0000216769  -0.0000654118  -0.0001162855   0.0000560118  -0.0000738464
       -0.0000058641   0.0000088436   0.0000130189  -0.0006165922   0.0000916173
       -0.0000590518
        0.0000764921  -0.0002360359   0.0001421119  -0.0000291663   0.0002032925
        0.0002234786  -0.0002753837  -0.0001116391   0.0001211006  -0.0000978957
        0.0001270725   0.0000130552  -0.0001960393  -0.0001850306  -0.0000359294
       -0.0023615019  -0.0028098051  -0.0020408676  -0.0246976494   0.0102382770
        0.0050815333   0.0220627364  -0.0063992913  -0.0041976252  -0.0189163475
       -0.0628700096  -0.0123174969   0.1259436566  -0.2103343527  -0.0563545184
       -0.0390078794   0.4640591119   0.0961619417  -0.0452444072  -0.0654663705
        0.0004907394   0.0270256982  -0.0108897429  -0.0068675096  -0.0474121672
       -0.1155815848  -0.0181636537   0.0052301920  -0.0003348578  -0.0012645954
       -0.0021653734   0.0007615426  -0.0005829770   0.0000745653   0.0001133091
       -0.0001457384  -0.0000674121   0.0000805394  -0.0000403547   0.0000102380
        0.0000002049  -0.0000428940  -0.0001138760  -0.0000971211  -0.0000889314
       -0.0000093050  -0.0000656374  -0.0000261920   0.0001708254  -0.0002018711
       -0.0000646768
       -0.0010892279  -0.0000920156   0.0000362630  -0.0001836734  -0.0002834850
        0.0002234962  -0.0001030049  -0.0001221839   0.0001402279   0.0001549149
       -0.0001677411  -0.0001924216   0.0009081521   0.0001093276  -0.0001974976
        0.0002559544  -0.0020297365   0.0055856133  -0.0026698506   0.0120963537
        0.0023937431   0.0103125555  -0.0039498564  -0.0034533126  -0.0104941546
       -0.0185683133  -0.0036672739   0.0416134084  -0.0502161233  -0.0583402698
       -0.0679683024   0.0961619417   0.1233473468   0.0197990679  -0.0066170219
       -0.0464348932   0.0106682414  -0.0052174017  -0.0009529944  -0.0079255778
       -0.0177641976  -0.0232433642   0.0064863191  -0.0027675535   0.0002434369
        0.0002779148  -0.0005714945   0.0042482840  -0.0001452613   0.0001220598
       -0.0001102685   0.0000611559  -0.0000215477   0.0000205841   0.0000306110
        0.0000372894   0.0000089778  -0.0000385867   0.0000427295   0.0000362989
       -0.0000958244  -0.0000278242   0.0000196319   0.0001451688  -0.0001532057
        0.0002883919
       -0.0025560050   0.0011293278  -0.0013695957  -0.0010379391   0.0004480911
        0.0013130563   0.0009788485   0.0000939945  -0.0000919972  -0.0002348881
        0.0006280614   0.0007648534  -0.0000281194  -0.0025085487   0.0017904218
       -0.0238944353  -0.0263281831  -0.0031159891  -0.1259602785  -0.0630648197
       -0.0073615822   0.0515344825  -0.0178031569  -0.0108272745  -0.0413474147
       -0.0263942711  -0.0016848540  -0.0411203097   0.0694953558   0.0219083354
       -0.2898330384  -0.0452444072   0.0197990679   0.5506757710   0.0747154828
       -0.0370253924  -0.0569939409   0.0492190249   0.0180071544  -0.0215788492
       -0.0163435826  -0.0014865900   0.0024472308   0.0002074886   0.0003272010
        0.0013664391  -0.0008575548  -0.0002492543  -0.0007467757   0.0007132334
       -0.0015882969  -0.0002445790   0.0000589055  -0.0000878263  -0.0004596859
       -0.0001983288  -0.0000886285   0.0000479867  -0.0002590392  -0.0004289199
       -0.0002760568   0.0000190523  -0.0000284060  -0.0007384426   0.0022738739
        0.0015245170
        0.0018682739   0.0010107242  -0.0012677371  -0.0005800732   0.0003207627
        0.0001681143  -0.0002651602  -0.0001821214   0.0002611579  -0.0004296687
       -0.0001352595   0.0001088792   0.0029087223  -0.0012610012  -0.0012450977
       -0.0162346063  -0.0051568696   0.0006635049  -0.1189336005  -0.2294093253
       -0.0318625768   0.0354260870  -0.0626748968  -0.0203831500  -0.0285364753
       -0.0181803802  -0.0006374507   0.0191728123   0.0270430757   0.0044078540
        0.0097633587  -0.0654663705  -0.0066170219   0.0747154828   0.4779105310
        0.0890781573   0.0483622856  -0.1009806346  -0.0285609023  -0.0291634639
       -0.0182224520  -0.0015186698   0.0000464476  -0.0025187459  -0.0017682838
       -0.0005197188   0.0014961764   0.0005489832  -0.0002864311  -0.0005168106
        0.0004375254   0.0004511133  -0.0001050359   0.0003796327   0.0005626631
        0.0000381958  -0.0000960002  -0.0000786449  -0.0002976383   0.0002430705
        0.0000911066  -0.0000409386  -0.0000208950   0.0016594898  -0.0026709854
       -0.0023190942
        0.0011767996  -0.0002047852  -0.0002511973   0.0001697164  -0.0000715938
       -0.0001391811  -0.0002188127  -0.0001815230   0.0002084559   0.0005244211
        0.0001034594  -0.0002869902  -0.0003734322   0.0014678870  -0.0013592204
        0.0028162892   0.0015839338   0.0011372263  -0.0236462278  -0.0396395434
       -0.0511011501   0.0028649739  -0.0137500568  -0.0012914080  -0.0021078521
       -0.0009128760  -0.0021557042   0.0100437910  -0.0019152713  -0.0023574719
        0.0316786090   0.0004907394  -0.0464348932  -0.0370253924   0.0890781573
        0.1216094821   0.0185023002  -0.0289104310  -0.0298879467  -0.0042524624
       -0.0031316100   0.0018518879   0.0003680197  -0.0017638506   0.0041740608
       -0.0003751367   0.0005864944   0.0002025358  -0.0017328679  -0.0002863726
       -0.0002129108   0.0001469741  -0.0000962470   0.0001053750   0.0000919898
        0.0000404714   0.0000246950   0.0000355600  -0.0000469931   0.0001091413
        0.0000738480   0.0000207434  -0.0000164809   0.0012388922  -0.0024607324
        0.0060716947
        0.0005102525  -0.0000086850  -0.0003859678  -0.0003114256   0.0001367029
        0.0000269441  -0.0000066667  -0.0001268435   0.0002367113   0.0003646372
       -0.0000444428  -0.0000512849  -0.0004043621  -0.0008324333  -0.0015555571
        0.0002511619  -0.0021257752  -0.0008038551   0.0045181179   0.0030298037
        0.0004185533  -0.0003269451  -0.0016286886   0.0001695830   0.0008140646
       -0.0008586710  -0.0003213335  -0.0011536945  -0.0023330351   0.0002350960
       -0.0262008696   0.0270256982   0.0106682414  -0.0569939409   0.0483622856
        0.0185023002   0.0864513045  -0.0710455923  -0.0269932314  -0.0034687116
        0.0000526345   0.0004256607  -0.0018810519   0.0008085247   0.0003400301
       -0.0007301585   0.0011781675   0.0002441012  -0.0012392184  -0.0014668788
       -0.0009803663  -0.0000841588   0.0001332705  -0.0000380431  -0.0000177728
        0.0000328940  -0.0000005133   0.0000219324   0.0000692627  -0.0000269289
       -0.0000171533  -0.0000121222  -0.0000065641  -0.0000953413  -0.0003460764
       -0.0001035761
       -0.0001746243   0.0001620712   0.0001488474  -0.0000082519  -0.0000543729
       -0.0001984879   0.0001567147  -0.0000187243   0.0000626420   0.0002022774
        0.0000523125  -0.0002380355  -0.0013668676  -0.0008931833   0.0003171291
        0.0007005450  -0.0004878499   0.0006781703   0.0131077563  -0.0354321892
       -0.0115238467  -0.0041342218  -0.0023523928  -0.0014304450  -0.0003137977
        0.0020783281   0.0005355087  -0.0024228151   0.0004933740  -0.0008067251
        0.0136566068  -0.0108897429  -0.0052174017   0.0492190249  -0.1009806346
       -0.0289104310  -0.0710455923   0.1449242099   0.0467159783  -0.0012131488
        0.0053617027   0.0017058408   0.0011309830  -0.0001598704  -0.0000469850
        0.0010684883  -0.0017132479  -0.0002843666   0.0001768069   0.0006140847
       -0.0013051112   0.0000052754  -0.0000374193  -0.0000711811   0.0000020302
        0.0000080508   0.0000074157   0.0001314672   0.0000330192   0.0000077227
        0.0000919582   0.0000254973   0.0000175692   0.0010293852  -0.0007330230
       -0.0001638074
        0.0000889306  -0.0000269681   0.0000973543   0.0002119818   0.0000220738
       -0.0000229591   0.0000560548   0.0001100123  -0.0001176462  -0.0000755762
        0.0000785527  -0.0000561945  -0.0006590727  -0.0002776967  -0.0001123762
       -0.0000866371   0.0004652811  -0.0014653280   0.0031415251  -0.0096457584
       -0.0010252366  -0.0002289723  -0.0016227829   0.0040348956  -0.0005305906
        0.0006198307   0.0002109713  -0.0000573884  -0.0004546863   0.0043222026
        0.0074928012  -0.0068675096  -0.0009529944   0.0180071544  -0.0285609023
       -0.0298879467  -0.0269932314   0.0467159783   0.0294214769  -0.0000528703
        0.0015652886  -0.0007703360   0.0005406787  -0.0001335782  -0.0000897476
        0.0002829929  -0.0004379039  -0.0008652111  -0.0014728770  -0.0014893103
       -0.0024955954  -0.0000517162   0.0000609833  -0.0000869539  -0.0000163567
       -0.0000106310  -0.0000139770   0.0000608729  -0.0000190167  -0.0000243411
        0.0000432795   0.0000185055   0.0000056329   0.0002990172  -0.0001097618
       -0.0001056899
       -0.0002818885   0.0001304329  -0.0001241091  -0.0000698955   0.0000885937
        0.0000729884   0.0001655892   0.0000465813  -0.0000334367   0.0000570299
        0.0000968892   0.0000351095  -0.0000883013  -0.0003165536   0.0003587215
       -0.0001219721  -0.0011253803  -0.0003474783  -0.0035784813   0.0024068736
        0.0014915619   0.0004388582  -0.0011243798  -0.0003041354  -0.0014825476
        0.0022200210   0.0011913421   0.0023189390   0.0013792727   0.0002386275
       -0.0492831064  -0.0474121672  -0.0079255778  -0.0215788492  -0.0291634639
       -0.0042524624  -0.0034687116  -0.0012131488  -0.0000528703   0.0735029182
        0.0691562290   0.0092115247   0.0030365123   0.0046134505   0.0006419301
        0.0003028273  -0.0000864094  -0.0000479646  -0.0000527732  -0.0000565446
       -0.0000143549  -0.0000068348  -0.0000254648  -0.0000216834   0.0000266864
       -0.0000024038  -0.0000021673   0.0000392123   0.0000164355  -0.0000664212
        0.0000012868   0.0000058913   0.0000235497   0.0001235017   0.0003652455
       -0.0000726940
       -0.0001836117   0.0002243843  -0.0001484207  -0.0000650266   0.0000387118
        0.0000595480   0.0001370735   0.0000644906  -0.0000315575   0.0000370869
        0.0001198648  -0.0000082058   0.0000275746  -0.0002880246   0.0004003757
        0.0003642150  -0.0006123241  -0.0002165134  -0.0005184263   0.0027092885
       -0.0003335371  -0.0004917108  -0.0018032416  -0.0002046064   0.0025234995
        0.0021081222  -0.0012183600  -0.0115034757  -0.0404444404  -0.0090543997
       -0.0474256857  -0.1155815848  -0.0177641976  -0.0163435826  -0.0182224520
       -0.0031316100   0.0000526345   0.0053617027   0.0015652886   0.0691562290
        0.1687422689   0.0306211523   0.0038349114  -0.0004434120  -0.0001647483
        0.0001488800  -0.0023349739  -0.0004807453  -0.0001584922  -0.0001034777
       -0.0001408914  -0.0000432882  -0.0000236126  -0.0000613018   0.0000407120
       -0.0000146306   0.0000156407   0.0001054575  -0.0000095815  -0.0000238306
        0.0000225744   0.0000045655   0.0000552848   0.0002824517   0.0005083564
        0.0002656352
       -0.0000207451   0.0000354940   0.0000052604   0.0000062971   0.0000330910
       -0.0000232009   0.0000529938   0.0000131784  -0.0000076629   0.0000000399
       -0.0000031929   0.0000195778   0.0000042421  -0.0001608387   0.0001229168
       -0.0000434002   0.0000326390  -0.0000867718   0.0010202382  -0.0005956781
        0.0041932254  -0.0000160336  -0.0002760654  -0.0002926087   0.0012228035
       -0.0010014494   0.0042494634  -0.0030324811  -0.0102184121  -0.0002302537
       -0.0076264901  -0.0181636537  -0.0232433642  -0.0014865900  -0.0015186698
        0.0018518879   0.0004256607   0.0017058408  -0.0007703360   0.0092115247
        0.0306211523   0.0166257053   0.0003416336  -0.0004158647  -0.0013050478
       -0.0000574070  -0.0004760266  -0.0001525303   0.0000252288   0.0000338494
       -0.0000417498  -0.0000075356   0.0000010439  -0.0000097164   0.0000027030
        0.0000003460  -0.0000039803  -0.0000029842   0.0000183428  -0.0000258065
        0.0000161573   0.0000094374  -0.0000089113  -0.0000358559   0.0003254365
       -0.0008660968
       -0.0002739517   0.0003048228  -0.0002153517  -0.0001287962  -0.0000541259
       -0.0001328373   0.0002115939   0.0000869271  -0.0001227401   0.0001322091
        0.0001130341  -0.0000036592  -0.0001737191  -0.0005578831   0.0004301794
        0.0005405607   0.0000911117  -0.0001814798  -0.0012915840   0.0008980997
        0.0004988367   0.0018608977  -0.0032720309  -0.0004448598  -0.0348920035
       -0.0097416269   0.0024386642  -0.1420090313  -0.0098893555   0.0135604042
       -0.0377120271   0.0052301920   0.0064863191   0.0024472308   0.0000464476
        0.0003680197  -0.0018810519   0.0011309830   0.0005406787   0.0030365123
        0.0038349114   0.0003416336   0.2069264351   0.0145148748  -0.0224859002
        0.0040474533  -0.0033391398  -0.0012674124   0.0000018409   0.0000269544
        0.0000467176   0.0000237624   0.0000193924  -0.0000066262   0.0001628188
        0.0000435784  -0.0000473842   0.0000584709  -0.0000054616  -0.0000502569
       -0.0000305071  -0.0000239824  -0.0000041692  -0.0010571142   0.0005422768
        0.0002512238
       -0.0000589762   0.0000490645  -0.0000144880  -0.0000127355  -0.0000206872
       -0.0000073719   0.0000044445   0.0000157138  -0.0000176446   0.0000011487
       -0.0000033042  -0.0000057032   0.0000383859  -0.0000515258   0.0000435730
        0.0001025105  -0.0000023080   0.0002289433  -0.0000173453   0.0006498577
        0.0001999839  -0.0004999676  -0.0034260043  -0.0017455072  -0.0232680900
       -0.0041490634   0.0015440460  -0.0100862902  -0.0255291948  -0.0001065953
        0.0180976701  -0.0003348578  -0.0027675535   0.0002074886  -0.0025187459
       -0.0017638506   0.0008085247  -0.0001598704  -0.0001335782   0.0046134505
       -0.0004434120  -0.0004158647   0.0145148748   0.0372049432   0.0044628665
       -0.0035289517  -0.0013531062   0.0004057374  -0.0000285371  -0.0000052176
        0.0000033716   0.0000016891  -0.0000052540   0.0000003502   0.0000292045
       -0.0000031509  -0.0000056813   0.0000035583   0.0000149380  -0.0000341700
       -0.0000021563   0.0000070915  -0.0000064145  -0.0009199001   0.0000640939
        0.0001355512
        0.0001982213  -0.0000357359   0.0000141077   0.0000231561   0.0000475716
        0.0000135637  -0.0000269504  -0.0000114082   0.0000183395  -0.0000257188
        0.0000394973  -0.0000140424  -0.0001436056   0.0000535329  -0.0000039092
       -0.0001024801   0.0002121860  -0.0009102196   0.0000191673  -0.0000664064
       -0.0000978918   0.0001263934  -0.0013311303   0.0040508383  -0.0005733434
       -0.0002400386   0.0019855725   0.0138473346  -0.0000986522  -0.0212489512
        0.0094385671  -0.0012645954   0.0002434369   0.0003272010  -0.0017682838
        0.0041740608   0.0003400301  -0.0000469850  -0.0000897476   0.0006419301
       -0.0001647483  -0.0013050478  -0.0224859002   0.0044628665   0.0141405519
       -0.0014460121   0.0003236456  -0.0008620063   0.0000149877  -0.0000094752
       -0.0000292968  -0.0000532047   0.0000242070  -0.0000392093  -0.0000570033
       -0.0000095027  -0.0000028937   0.0000307155  -0.0000244042   0.0000199270
        0.0000043081  -0.0000079280   0.0000092769  -0.0000977934  -0.0000842127
       -0.0000664594
       -0.0000826773   0.0001145443  -0.0001765374  -0.0000356556  -0.0000534501
       -0.0000854425   0.0000989650   0.0000100212  -0.0000432137   0.0000523070
       -0.0000733848  -0.0000993565  -0.0002712705  -0.0003433713   0.0003780111
       -0.0002420680   0.0011828884   0.0001540858  -0.0038480080  -0.0027299962
        0.0003961128  -0.0258127082   0.0274423934   0.0099068187  -0.0602480034
        0.0528806202   0.0173690832   0.0012485540   0.0022046153   0.0006707563
       -0.0015512481  -0.0021653734   0.0002779148   0.0013664391  -0.0005197188
       -0.0003751367  -0.0007301585   0.0010684883   0.0002829929   0.0003028273
        0.0001488800  -0.0000574070   0.0040474533  -0.0035289517  -0.0014460121
        0.0850377639  -0.0762620909  -0.0270445161   0.0000433730  -0.0000210221
        0.0000054236   0.0000590941  -0.0000487708   0.0000503180   0.0001460683
        0.0000203260   0.0000106060  -0.0000056249   0.0000392435  -0.0000190556
        0.0000126199  -0.0000265979   0.0000060292   0.0004119575   0.0006607073
       -0.0001614750
        0.0000133125  -0.0001214059   0.0002265164   0.0000188631   0.0000321557
        0.0000525000  -0.0001150023   0.0000274519  -0.0000028302  -0.0001324113
        0.0000405704   0.0000366901   0.0000889471   0.0003919038  -0.0003727779
       -0.0001261123  -0.0004063674   0.0000709349  -0.0000551664   0.0020521244
       -0.0005161202   0.0162714695  -0.0076128865  -0.0044663893   0.0508030287
       -0.1021192077  -0.0254646941   0.0156407531  -0.0388786261  -0.0114743594
       -0.0023930305   0.0007615426  -0.0005714945  -0.0008575548   0.0014961764
        0.0005864944   0.0011781675  -0.0017132479  -0.0004379039  -0.0000864094
       -0.0023349739  -0.0004760266  -0.0033391398  -0.0013531062   0.0003236456
       -0.0762620909   0.1490151780   0.0417447577  -0.0000648669  -0.0000541580
        0.0001215914  -0.0000514285   0.0000214175  -0.0000266307  -0.0001030465
       -0.0000209903  -0.0000143962   0.0000164037   0.0000429834  -0.0000388449
       -0.0000233021   0.0000434959  -0.0000073737  -0.0004213834   0.0006899700
        0.0007067109
       -0.0000199798  -0.0001315569   0.0000879764   0.0000508204   0.0000206621
        0.0000394276  -0.0000388002   0.0000184697  -0.0000067809  -0.0000277902
        0.0000309905   0.0000130591   0.0000202628   0.0001416147  -0.0001222579
        0.0001133602  -0.0001881970  -0.0001447277   0.0008980306  -0.0005070809
        0.0045083323   0.0070240621  -0.0056737469   0.0000175957   0.0169659711
       -0.0257448497  -0.0280337410   0.0036913350  -0.0097790664  -0.0008765765
        0.0001459472  -0.0005829770   0.0042482840  -0.0002492543   0.0005489832
        0.0002025358   0.0002441012  -0.0002843666  -0.0008652111  -0.0000479646
       -0.0004807453  -0.0001525303  -0.0012674124   0.0004057374  -0.0008620063
       -0.0270445161   0.0417447577   0.0235137234  -0.0000160948  -0.0000075992
        0.0000165049  -0.0000273834   0.0000120388  -0.0000203598  -0.0000615673
       -0.0000093047  -0.0000102317   0.0000215892   0.0000020291  -0.0000004340
       -0.0000066718   0.0000157793   0.0000047989  -0.0003680449   0.0004484282
       -0.0015573807
       -0.0012003985   0.0010112801  -0.0014448444   0.0002583960  -0.0005715259
        0.0006982020  -0.0020542668   0.0016803691  -0.0019785254  -0.0189782678
       -0.0182307729   0.0243211780  -0.0412611698  -0.0225551392   0.0313379390
        0.0061636415   0.0026013728  -0.0037018186  -0.0000680298   0.0014908759
       -0.0017590598   0.0005056913  -0.0001822360  -0.0003285832  -0.0003409771
       -0.0002147981   0.0001195033  -0.0000302596   0.0003266292   0.0001325825
        0.0004799445   0.0000745653  -0.0001452613  -0.0007467757  -0.0002864311
       -0.0017328679  -0.0012392184   0.0001768069  -0.0014728770  -0.0000527732
       -0.0001584922   0.0000252288   0.0000018409  -0.0000285371   0.0000149877
        0.0000433730  -0.0000648669  -0.0000160948   0.0634266343   0.0362176709
       -0.0459062359  -0.0035461739  -0.0009786334   0.0013823074  -0.0015423841
       -0.0007514309   0.0009915684   0.0000190323   0.0003117131  -0.0003813354
        0.0000938709   0.0001668654  -0.0001834591   0.0000682700  -0.0000352849
        0.0000274655
        0.0033874081   0.0026415605   0.0029427968  -0.0009666034  -0.0004904447
        0.0003358435   0.0011316685   0.0040306170   0.0012794129  -0.0096774670
       -0.0063280306   0.0112372965  -0.0238001430  -0.0559011120   0.0490943087
       -0.0035411649  -0.0135836748   0.0207789117  -0.0005511904  -0.0012918776
       -0.0009982182   0.0002920730   0.0000398029  -0.0002381373  -0.0000087138
        0.0000338891   0.0001768544  -0.0000984211  -0.0000916385  -0.0000122540
       -0.0001162366   0.0001133091   0.0001220598   0.0007132334  -0.0005168106
       -0.0002863726  -0.0014668788   0.0006140847  -0.0014893103  -0.0000565446
       -0.0001034777   0.0000338494   0.0000269544  -0.0000052176  -0.0000094752
       -0.0000210221  -0.0000541580  -0.0000075992   0.0362176709   0.0708271113
       -0.0796321150  -0.0001442081   0.0012462191  -0.0032376576  -0.0008853717
       -0.0003079311   0.0003346310  -0.0005389113  -0.0004839652   0.0004082608
        0.0001519065  -0.0004455339  -0.0008130451  -0.0000480381   0.0000572786
       -0.0000200408
       -0.0041907924   0.0029144338   0.0007976643   0.0008899374   0.0004231837
       -0.0007640190  -0.0016727716   0.0008079975   0.0036111405   0.0134634496
        0.0114350095  -0.0133365556   0.0318389179   0.0487463812  -0.0870140141
        0.0049692880   0.0204170018  -0.0248603999   0.0004439190  -0.0005938614
       -0.0006492528  -0.0000956725   0.0000564846   0.0002576914   0.0002978408
       -0.0000639054  -0.0001676067   0.0002089237  -0.0001371480  -0.0000294166
        0.0000590037  -0.0001457384  -0.0001102685  -0.0015882969   0.0004375254
       -0.0002129108  -0.0009803663  -0.0013051112  -0.0024955954  -0.0000143549
       -0.0001408914  -0.0000417498   0.0000467176   0.0000033716  -0.0000292968
        0.0000054236   0.0001215914   0.0000165049  -0.0459062359  -0.0796321150
        0.1230451312   0.0003806715  -0.0033311086   0.0032092254   0.0012441546
        0.0003231659  -0.0005538113   0.0007355974   0.0005463915  -0.0006217736
       -0.0002472841  -0.0008172080  -0.0000275300   0.0001119300  -0.0000654503
       -0.0000231569
       -0.0004702676   0.0007150737  -0.0007759708   0.0004463041  -0.0009978196
        0.0012257030  -0.0011107128   0.0037326874  -0.0046949689  -0.0666197612
        0.0342047518  -0.0436779978  -0.0291968533   0.0166804868  -0.0213909033
       -0.0032024789  -0.0019871247   0.0024048837  -0.0001607751   0.0007323715
       -0.0010751744  -0.0003342165  -0.0002010740   0.0000501473   0.0000387077
       -0.0000987709   0.0001095718   0.0001617626   0.0000342351   0.0000072053
        0.0001551930  -0.0000674121   0.0000611559  -0.0002445790   0.0004511133
        0.0001469741  -0.0000841588   0.0000052754  -0.0000517162  -0.0000068348
       -0.0000432882  -0.0000075356   0.0000237624   0.0000016891  -0.0000532047
        0.0000590941  -0.0000514285  -0.0000273834  -0.0035461739  -0.0001442081
        0.0003806715   0.0995254321  -0.0501846602   0.0640992207   0.0044647455
       -0.0023440353   0.0029008667   0.0002454643  -0.0002391213   0.0002489305
       -0.0001991125  -0.0001235956   0.0001762761   0.0000554585  -0.0000751454
       -0.0000567518
        0.0010457854  -0.0005030836   0.0000958470  -0.0028935444   0.0021127668
        0.0033469746   0.0122556942  -0.0133718066   0.0196753864   0.0345501651
       -0.0493244946   0.0381212226   0.0082418975  -0.0026114768   0.0059121764
       -0.0002535940   0.0034117028   0.0016386681  -0.0003671853  -0.0001821458
        0.0003024073   0.0001014651   0.0001065109  -0.0000453613  -0.0000488446
        0.0000485995  -0.0000052149  -0.0001092849  -0.0000042235   0.0000000968
       -0.0000603202   0.0000805394  -0.0000215477   0.0000589055  -0.0001050359
       -0.0000962470   0.0001332705  -0.0000374193   0.0000609833  -0.0000254648
       -0.0000236126   0.0000010439   0.0000193924  -0.0000052540   0.0000242070
       -0.0000487708   0.0000214175   0.0000120388  -0.0009786334   0.0012462191
       -0.0033311086  -0.0501846602   0.0612512662  -0.0655998645  -0.0019518247
       -0.0013145474   0.0002474956  -0.0001937149  -0.0004552178  -0.0007335886
        0.0007567405  -0.0003766939   0.0003640215  -0.0000474741   0.0000359897
        0.0000303633
       -0.0011378812   0.0002748975  -0.0005398362   0.0034440360   0.0033348338
        0.0002316190  -0.0158073819   0.0193543949  -0.0228543261  -0.0435543514
        0.0384771931  -0.0690298302  -0.0111918219   0.0057215342  -0.0056344048
        0.0005922714   0.0016092974   0.0026125694   0.0002899117   0.0002056260
       -0.0002984269  -0.0001284030  -0.0001521243   0.0000687232   0.0000391806
       -0.0000606883   0.0000302211   0.0001168098  -0.0000112455   0.0000042466
        0.0000717425  -0.0000403547   0.0000205841  -0.0000878263   0.0003796327
        0.0001053750  -0.0000380431  -0.0000711811  -0.0000869539  -0.0000216834
       -0.0000613018  -0.0000097164  -0.0000066262   0.0000003502  -0.0000392093
        0.0000503180  -0.0000266307  -0.0000203598   0.0013823074  -0.0032376576
        0.0032092254   0.0640992207  -0.0655998645   0.0944736365   0.0025604077
        0.0002332128  -0.0015320449   0.0002419283  -0.0007428499  -0.0001538867
       -0.0009741076   0.0004538413  -0.0005362748   0.0000599918  -0.0000409156
       -0.0000209303
        0.0013847031   0.0035276272  -0.0041982351  -0.0397033388   0.0038673018
       -0.0043015671  -0.1399281310  -0.0084226596   0.0123051458  -0.0335659254
       -0.0077598073   0.0102367063   0.0025976646   0.0000835205  -0.0004318578
       -0.0012831897  -0.0006515887   0.0009758653   0.0009476906   0.0000231792
       -0.0001065305  -0.0003587345  -0.0002346792   0.0000667814   0.0001408173
       -0.0000892163  -0.0001707967   0.0002126910   0.0000841710  -0.0000279161
        0.0002813458   0.0000102380   0.0000306110  -0.0004596859   0.0005626631
        0.0000919898  -0.0000177728   0.0000020302  -0.0000163567   0.0000266864
        0.0000407120   0.0000027030   0.0001628188   0.0000292045  -0.0000570033
        0.0001460683  -0.0001030465  -0.0000615673  -0.0015423841  -0.0008853717
        0.0012441546   0.0044647455  -0.0019518247   0.0025604077   0.2066433756
        0.0125187053  -0.0187277633  -0.0010531891  -0.0003315880   0.0004164745
        0.0007821984  -0.0002618180   0.0002456062   0.0001215463  -0.0000577530
       -0.0000768516
        0.0009512659   0.0019205049   0.0038567840   0.0114067830   0.0028673185
       -0.0006781203  -0.0071174268  -0.0228724280   0.0033209997  -0.0161538754
       -0.0014564456   0.0045253719   0.0006431630   0.0017907919   0.0037499185
       -0.0001993526   0.0003195006  -0.0004136323   0.0000468764  -0.0006409601
       -0.0005752991   0.0001082023   0.0000104738  -0.0000305415   0.0000195966
       -0.0000534271   0.0000123327   0.0000314531   0.0000069124  -0.0000024580
        0.0000216769   0.0000002049   0.0000372894  -0.0001983288   0.0000381958
        0.0000404714   0.0000328940   0.0000080508  -0.0000106310  -0.0000024038
       -0.0000146306   0.0000003460   0.0000435784  -0.0000031509  -0.0000095027
        0.0000203260  -0.0000209903  -0.0000093047  -0.0007514309  -0.0003079311
        0.0003231659  -0.0023440353  -0.0013145474   0.0002332128   0.0125187053
        0.0206008265  -0.0130514186   0.0004803410  -0.0000723165  -0.0001023833
        0.0004353562  -0.0008091918  -0.0012101449   0.0000066358   0.0000032392
       -0.0000064558
       -0.0011587480   0.0037477462   0.0002647387  -0.0137579967  -0.0005859466
        0.0033636865   0.0106746142   0.0033103397  -0.0246010564   0.0209344189
        0.0045276184  -0.0040108492  -0.0007866185   0.0037199330   0.0000030360
        0.0002164841  -0.0003166395   0.0003814570  -0.0000644077  -0.0005380612
       -0.0003645890   0.0001240104   0.0000576273  -0.0000004305  -0.0000099408
       -0.0000095332   0.0000353989  -0.0000103727  -0.0000197561   0.0000018589
       -0.0000654118  -0.0000428940   0.0000089778  -0.0000886285  -0.0000960002
        0.0000246950  -0.0000005133   0.0000074157  -0.0000139770  -0.0000021673
        0.0000156407  -0.0000039803  -0.0000473842  -0.0000056813  -0.0000028937
        0.0000106060  -0.0000143962  -0.0000102317   0.0009915684   0.0003346310
       -0.0005538113   0.0029008667   0.0002474956  -0.0015320449  -0.0187277633
       -0.0130514186   0.0272948756  -0.0005708474  -0.0001017439  -0.0000220410
       -0.0005758199  -0.0011831886  -0.0002520597   0.0000140512  -0.0000031883
       -0.0000107596
       -0.1407095892   0.0808173653  -0.1030674690  -0.0196462806   0.0133173130
       -0.0168661031  -0.0048203593  -0.0003265664   0.0004693021  -0.0004924035
       -0.0002582274   0.0003347339  -0.0001237059  -0.0008533957   0.0010804540
        0.0060357624  -0.0046298715   0.0059423133   0.0008228942  -0.0007819898
        0.0008038162  -0.0000903731  -0.0000343169  -0.0000587362  -0.0001389321
        0.0000584172  -0.0000744216  -0.0000808283  -0.0000157417  -0.0000160408
       -0.0001162855  -0.0001138760  -0.0000385867   0.0000479867  -0.0000786449
        0.0000355600   0.0000219324   0.0001314672   0.0000608729   0.0000392123
        0.0001054575  -0.0000029842   0.0000584709   0.0000035583   0.0000307155
       -0.0000056249   0.0000164037   0.0000215892   0.0000190323  -0.0005389113
        0.0007355974   0.0002454643  -0.0001937149   0.0002419283  -0.0010531891
        0.0004803410  -0.0005708474   0.1596054557  -0.0876303109   0.1113835435
        0.0002941238   0.0004837458  -0.0006059848   0.0000872364   0.0000414984
        0.0001607476
        0.0807214032  -0.1020639748   0.0869427561   0.0000367980   0.0010420878
       -0.0008802586  -0.0001590025   0.0049701201   0.0030434529  -0.0003738042
        0.0001022821   0.0003959528  -0.0011403011   0.0025280734   0.0052837121
        0.0083848385  -0.0088203914   0.0120591371   0.0006652735  -0.0013214603
       -0.0012513795   0.0004022902   0.0001593669  -0.0000221190  -0.0000332202
       -0.0000478636   0.0000790155  -0.0000019961   0.0000418406   0.0000112339
        0.0000560118  -0.0000971211   0.0000427295  -0.0002590392  -0.0002976383
       -0.0000469931   0.0000692627   0.0000330192  -0.0000190167   0.0000164355
       -0.0000095815   0.0000183428  -0.0000054616   0.0000149380  -0.0000244042
        0.0000392435   0.0000429834   0.0000020291   0.0003117131  -0.0004839652
        0.0005463915  -0.0002391213  -0.0004552178  -0.0007428499  -0.0003315880
       -0.0000723165  -0.0001017439  -0.0876303109   0.1055641097  -0.1036763105
       -0.0005760160  -0.0010166036  -0.0015392118   0.0000465911   0.0001873130
       -0.0001204661
       -0.1033969241   0.0870907231  -0.1436920185   0.0006398229  -0.0010306630
        0.0015179066   0.0002535686   0.0033180316   0.0032376063   0.0002111690
        0.0002353968   0.0001041552   0.0016128064   0.0052377479   0.0002725307
       -0.0110374039   0.0124043961  -0.0147014437  -0.0004750644  -0.0012302847
       -0.0005079439   0.0001707096   0.0000280768   0.0002239209   0.0001519673
       -0.0001571241  -0.0000748377  -0.0000277890  -0.0000737400  -0.0000320093
       -0.0000738464  -0.0000889314   0.0000362989  -0.0004289199   0.0002430705
        0.0001091413  -0.0000269289   0.0000077227  -0.0000243411  -0.0000664212
       -0.0000238306  -0.0000258065  -0.0000502569  -0.0000341700   0.0000199270
       -0.0000190556  -0.0000388449  -0.0000004340  -0.0003813354   0.0004082608
       -0.0006217736   0.0002489305  -0.0007335886  -0.0001538867   0.0004164745
       -0.0001023833  -0.0000220410   0.1113835435  -0.1036763105   0.1550992424
        0.0007148870  -0.0015356417  -0.0003543152   0.0001800663  -0.0002479136
       -0.0004098778
       -0.0125754340  -0.0154718788   0.0195107713  -0.0829650617  -0.0618415943
        0.0780968549   0.0058406746   0.0099307825  -0.0124961929  -0.0012780408
        0.0012429424  -0.0014559641  -0.0004452459   0.0002684483  -0.0003259585
       -0.0052984517  -0.0005333963   0.0008657606  -0.0003031500  -0.0007804585
        0.0009013767  -0.0001101948  -0.0000278978  -0.0000206864   0.0000171064
       -0.0000371481  -0.0000728411   0.0000556516   0.0000144365  -0.0000044431
       -0.0000058641  -0.0000093050  -0.0000958244  -0.0002760568   0.0000911066
        0.0000738480  -0.0000171533   0.0000919582   0.0000432795   0.0000012868
        0.0000225744   0.0000161573  -0.0000305071  -0.0000021563   0.0000043081
        0.0000126199  -0.0000233021  -0.0000066718   0.0000938709   0.0001519065
       -0.0002472841  -0.0001991125   0.0007567405  -0.0009741076   0.0007821984
        0.0004353562  -0.0005758199   0.0002941238  -0.0005760160   0.0007148870
        0.0964008733   0.0664011499  -0.0839831226   0.0000058674  -0.0001042490
        0.0000316731
       -0.0024003287  -0.0013078915   0.0021705233  -0.0613892599  -0.1248133794
        0.1158013692  -0.0040867245  -0.0093016068   0.0122390418   0.0014580056
        0.0031066136   0.0045611274   0.0002978943   0.0000128843   0.0002861125
       -0.0005599771   0.0048421003   0.0028207828   0.0000678262  -0.0001516507
        0.0000127436  -0.0000167837   0.0000380178  -0.0000525073   0.0000188591
        0.0000370407   0.0000281033  -0.0000346895  -0.0000215896   0.0000079934
        0.0000088436  -0.0000656374  -0.0000278242   0.0000190523  -0.0000409386
        0.0000207434  -0.0000121222   0.0000254973   0.0000185055   0.0000058913
        0.0000045655   0.0000094374  -0.0000239824   0.0000070915  -0.0000079280
       -0.0000265979   0.0000434959   0.0000157793   0.0001668654  -0.0004455339
       -0.0008172080  -0.0001235956  -0.0003766939   0.0004538413  -0.0002618180
       -0.0008091918  -0.0011831886   0.0004837458  -0.0010166036  -0.0015356417
        0.0664011499   0.1302094419  -0.1348322988   0.0000077458   0.0000239683
        0.0000104924
        0.0027280756   0.0022319917  -0.0024012330   0.0776747130   0.1157200907
       -0.1788507039   0.0051168238   0.0121884924  -0.0148913421  -0.0017383012
        0.0045598206   0.0010936406  -0.0000671039   0.0001166984   0.0000370479
        0.0004017690   0.0031295283   0.0032267841   0.0002276356   0.0000607205
       -0.0001252762  -0.0000919913   0.0000379238  -0.0000097089   0.0000609537
       -0.0000101846  -0.0000172737   0.0000204811  -0.0000127687  -0.0000118305
        0.0000130189  -0.0000261920   0.0000196319  -0.0000284060  -0.0000208950
       -0.0000164809  -0.0000065641   0.0000175692   0.0000056329   0.0000235497
        0.0000552848  -0.0000089113  -0.0000041692  -0.0000064145   0.0000092769
        0.0000060292  -0.0000073737   0.0000047989  -0.0001834591  -0.0008130451
       -0.0000275300   0.0001762761   0.0003640215  -0.0005362748   0.0002456062
       -0.0012101449  -0.0002520597  -0.0006059848  -0.0015392118  -0.0003543152
       -0.0839831226  -0.1348322988   0.1931291093   0.0000141703  -0.0000036127
       -0.0000229826
       -0.0000454563  -0.0000269181  -0.0000328396  -0.0001155923  -0.0000822490
       -0.0000140110  -0.0001564942  -0.0000359671   0.0000350201  -0.0001105034
        0.0000295447  -0.0000876235  -0.0000288240   0.0001263228  -0.0000771676
        0.0006198294   0.0011981524  -0.0002362365   0.0064420674   0.0121796615
        0.0022359577  -0.0951664856  -0.1079545043  -0.0186651186  -0.0156996819
       -0.0244887502  -0.0038955450  -0.0039322239  -0.0004347650   0.0011568610
       -0.0006165922   0.0001708254   0.0001451688  -0.0007384426   0.0016594898
        0.0012388922  -0.0000953413   0.0010293852   0.0002990172   0.0001235017
        0.0002824517  -0.0000358559  -0.0010571142  -0.0009199001  -0.0000977934
        0.0004119575  -0.0004213834  -0.0003680449   0.0000682700  -0.0000480381
        0.0001119300   0.0000554585  -0.0000474741   0.0000599918   0.0001215463
        0.0000066358   0.0000140512   0.0000872364   0.0000465911   0.0001800663
        0.0000058674   0.0000077458   0.0000141703   0.1098270170   0.1177231433
        0.0180191094
       -0.0001875843   0.0001242056   0.0000071490   0.0000665405  -0.0000635365
       -0.0000189912   0.0000083947   0.0001022937  -0.0001333723  -0.0001126241
       -0.0000851603   0.0000241871   0.0000521577  -0.0002933320   0.0003603028
       -0.0006540975   0.0003004511   0.0007499338  -0.0074815919  -0.0220576705
       -0.0043892089  -0.1084902160  -0.2501933653  -0.0391240927  -0.0034187482
       -0.0022487983  -0.0002303316  -0.0008620850   0.0004389378  -0.0012735294
        0.0000916173  -0.0002018711  -0.0001532057   0.0022738739  -0.0026709854
       -0.0024607324  -0.0003460764  -0.0007330230  -0.0001097618   0.0003652455
        0.0005083564   0.0003254365   0.0005422768   0.0000640939  -0.0000842127
        0.0006607073   0.0006899700   0.0004484282  -0.0000352849   0.0000572786
       -0.0000654503  -0.0000751454   0.0000359897  -0.0000409156  -0.0000577530
        0.0000032392  -0.0000031883   0.0000414984   0.0001873130  -0.0002479136
       -0.0001042490   0.0000239683  -0.0000036127   0.1177231433   0.2760116451
        0.0464230818
        0.0004395691   0.0000493762   0.0002337505   0.0000610940   0.0001620194
       -0.0001112186   0.0000399565   0.0000314674  -0.0000546263  -0.0000373094
        0.0001118176  -0.0000151487  -0.0005282820  -0.0001190268   0.0000973445
       -0.0003251221   0.0006015771  -0.0021033633  -0.0025853002  -0.0070858310
       -0.0006485949  -0.0191240597  -0.0393948092  -0.0393722793   0.0015160539
        0.0023472095   0.0007310886   0.0010590636  -0.0015810942   0.0059731272
       -0.0000590518  -0.0000646768   0.0002883919   0.0015245170  -0.0023190942
        0.0060716947  -0.0001035761  -0.0001638074  -0.0001056899  -0.0000726940
        0.0002656352  -0.0008660968   0.0002512238   0.0001355512  -0.0000664594
       -0.0001614750   0.0007067109  -0.0015573807   0.0000274655  -0.0000200408
       -0.0000231569  -0.0000567518   0.0000303633  -0.0000209303  -0.0000768516
       -0.0000064558  -0.0000107596   0.0001607476  -0.0001204661  -0.0004098778
        0.0000316731   0.0000104924  -0.0000229826   0.0180191094   0.0464230818
        0.0319931678
