           1           2   1.07651711555147     
           2           3   1.76591059035072     
           3           4   1.13233993592778     
           2           5  0.103453688094195     
           4           5   1.77783137843387     
           1           6  0.944457500423800     
           1           7  0.981640230163433     
           1           8  0.944398050181080     
           2           9  0.959643433148517     
           3          10  0.958268605691317     
           4          11  0.932497250839271     
