           1           2   1.01879732530144     
           2           3   1.81337385128881     
           2           4  0.982675845724214     
           4           5  0.988128234363531     
           5           6   1.00963707007636     
           6           7   1.00936148578248     
           7           8   1.00895177134058     
           4           9  0.962043386533455     
           8           9   1.01133791145390     
           1          10  0.945330605825329     
           1          11  0.981130205049105     
           1          12  0.961223055303928     
           4          13  0.961492934619041     
           5          14  0.977574206969439     
           5          15  0.975117121792216     
           6          16  0.974111132655243     
           6          17  0.976557924799333     
           7          18  0.977798178524886     
           7          19  0.976726254713996     
           8          20  0.976392782186475     
           8          21  0.975536642217753     
           9          22  0.975970737932602     
           9          23  0.971644658419237     
