$hessian                                                                        
        0.5022141138  -0.0100529650  -0.0329216840  -0.0926386740  -0.0171805488
       -0.0603451693  -0.0265299184  -0.0067028202  -0.0211394999  -0.0003275848
       -0.0008847801   0.0002023298   0.0005603408   0.0001175135   0.0012452908
        0.0001572131  -0.0005719924   0.0000067032  -0.0012080032   0.0000955716
        0.0023870021  -0.0014122656   0.0012481592  -0.0016174115  -0.0535613124
        0.0462458373   0.0138497858  -0.0588047017  -0.0355973365   0.0463997424
       -0.2735161943   0.0224231124   0.0486351613   0.0033396281   0.0011450858
        0.0022701548   0.0022943267  -0.0001314746   0.0017543843  -0.0002005818
       -0.0001141945  -0.0003719353  -0.0000775299  -0.0000043195  -0.0001303649
       -0.0001128662  -0.0000281187  -0.0004110297  -0.0001759902  -0.0000067296
        0.0001865401
       -0.0100529650   0.5164421036  -0.0146674977  -0.0146027992  -0.0735682303
       -0.0271712306  -0.0032035729   0.0015800084   0.0019262618   0.0014929444
       -0.0011397467  -0.0008342155  -0.0009493974  -0.0002676691   0.0000925996
        0.0001303075   0.0004957154  -0.0000693683   0.0004086672  -0.0004900804
        0.0000302479  -0.0004044342   0.0007799316   0.0004644483   0.0462806965
       -0.2581226294  -0.0565175224  -0.0358282960  -0.1344808833   0.1105353328
        0.0225804067  -0.0462430512  -0.0036236918   0.0080970124   0.0045106532
        0.0145154809  -0.0144860719  -0.0097129390  -0.0248375012   0.0004265075
        0.0000418804   0.0001724139   0.0000455833   0.0000207120   0.0000286244
        0.0000375473   0.0000766402  -0.0000243027   0.0000278640   0.0000775844
       -0.0000200793
       -0.0329216840  -0.0146674977   0.4719770184  -0.0499504151  -0.0271461015
       -0.1515669499  -0.0092903328   0.0007834526   0.0041369131   0.0018095048
       -0.0011826056  -0.0001191852  -0.0007950588  -0.0001698888   0.0001477483
        0.0001745606   0.0002693835   0.0000096850  -0.0003092263  -0.0002798308
       -0.0002172296   0.0016618749   0.0015738232  -0.0007120348   0.0137377083
       -0.0567727914  -0.0584433019   0.0465087923   0.1111253704  -0.1789641699
        0.0484537425  -0.0034641957  -0.0510200989  -0.0133786186  -0.0042528749
       -0.0256589854  -0.0059834153  -0.0057912316  -0.0096590392   0.0000716683
       -0.0000552685   0.0000919393   0.0000467741  -0.0000557288  -0.0000144531
        0.0000690102   0.0000053773   0.0000297357   0.0000951150   0.0000806082
       -0.0000175918
       -0.0926386740  -0.0146027992  -0.0499504151   0.4590121105  -0.0034478499
       -0.0300005717  -0.1941915804   0.0152653696   0.0262824220  -0.0220599090
        0.0104418115   0.0047313182   0.0027406870   0.0031309459   0.0006369516
       -0.0007998333  -0.0014697569   0.0002783080  -0.0007889173  -0.0021710153
        0.0017128688  -0.0292928233  -0.0113230541   0.0064764357   0.0021952398
       -0.0008090864   0.0022963112   0.0029476689   0.0020048420   0.0022248972
       -0.0199422374  -0.0078262585  -0.0256566467  -0.0544824549  -0.0334387697
        0.0474479512  -0.0511327486   0.0450968477   0.0143075276   0.0002646730
       -0.0010535701  -0.0005880835  -0.0007264953   0.0000600606   0.0000264344
       -0.0000669415   0.0000623540  -0.0004191679  -0.0010377645   0.0000799288
        0.0001934592
       -0.0171805488  -0.0735682303  -0.0271461015  -0.0034478499   0.5483338627
       -0.0160824782   0.0219078154  -0.0683007964  -0.0031847046   0.0249431365
       -0.0042441581  -0.0040634533   0.0028809920  -0.0044100289   0.0003091587
       -0.0003494962  -0.0002781578   0.0001045483  -0.0027071040  -0.0042475896
        0.0007766258  -0.0308471084   0.0004591605   0.0054689014  -0.0148146434
       -0.0099821189  -0.0251417796   0.0088053923   0.0044542017   0.0142796904
        0.0004620426   0.0008695260   0.0011848277  -0.0342208258  -0.1305366270
        0.1050113835   0.0438627733  -0.2588516854  -0.0509642474   0.0008734656
        0.0007229334  -0.0004933794   0.0015173602  -0.0003235453  -0.0003963957
       -0.0000734757   0.0001222534  -0.0000667165  -0.0016119257  -0.0002190000
        0.0004041205
       -0.0603451693  -0.0271712306  -0.1515669499  -0.0300005717  -0.0160824782
        0.4652123781   0.0346784441  -0.0031991231  -0.0654582048   0.0028990795
       -0.0001711631   0.0020476720   0.0020025024   0.0000955478   0.0062986714
       -0.0000510736  -0.0002212803   0.0000435577   0.0029780636   0.0015870029
        0.0087375112   0.0068049752   0.0009531922  -0.0030680946  -0.0053106969
       -0.0060431151  -0.0096621542  -0.0129643606  -0.0039361161  -0.0241864500
       -0.0010721132  -0.0000324073   0.0011077791   0.0480673827   0.1058975484
       -0.1696535613   0.0134459368  -0.0517834835  -0.0563311732  -0.0007549579
        0.0002526455  -0.0013747412  -0.0001138180   0.0000493809  -0.0005146322
       -0.0005209885  -0.0001322582  -0.0019651624   0.0002573654  -0.0000626621
        0.0003335541
       -0.0265299184  -0.0032035729  -0.0092903328  -0.1941915804   0.0219078154
        0.0346784441   0.6055140183   0.0003995720  -0.0822884226  -0.1301830301
        0.1196502406   0.0079319570  -0.0292927454   0.0277958954   0.0041211545
        0.0058452221  -0.0048718617  -0.0030274927  -0.0543758726  -0.0369363032
        0.0128429081  -0.1480996731  -0.1126318503   0.0239519801   0.0006923756
        0.0001561486   0.0004822414   0.0006977702   0.0001997229   0.0006125566
       -0.0011807783  -0.0004208999  -0.0019500478  -0.0131197688  -0.0033976904
        0.0037751381  -0.0112788259   0.0056258147   0.0016708830   0.0060860822
       -0.0146072983   0.0001424853  -0.0054459635   0.0006086409   0.0031247727
        0.0014437490  -0.0004189757  -0.0001868281  -0.0065810611   0.0001446019
        0.0034086030
       -0.0067028202   0.0015800084   0.0007834526   0.0152653696  -0.0683007964
       -0.0031991231   0.0003995720   0.6367093941  -0.0245364380   0.0447326094
       -0.2478388867   0.0021854382   0.0893125317   0.0250832727  -0.0191879215
        0.0030104015  -0.0707002038   0.0026773327  -0.0963459162   0.0294359812
        0.0177693390  -0.0656780488  -0.2812731931   0.0246056227  -0.0010296164
       -0.0002207546  -0.0000382903   0.0006703368   0.0001352024   0.0006557588
       -0.0011680891   0.0002199380  -0.0011985059  -0.0179664266   0.0008342162
        0.0054223287   0.0304180821  -0.0063844340  -0.0067044864   0.0067860679
       -0.0219911229  -0.0004376831  -0.0010408027   0.0025938235   0.0005410681
        0.0001935221  -0.0006406489  -0.0000081963  -0.0008567730   0.0007582038
        0.0006703038
       -0.0211394999   0.0019262618   0.0041369131   0.0262824220  -0.0031847046
       -0.0654582048  -0.0822884226  -0.0245364380   0.1836538920   0.0120826194
       -0.0128940526  -0.0577986543   0.0010642979  -0.0068102327   0.0008671876
       -0.0031451472   0.0046364379  -0.0091494648   0.0171502402   0.0054623321
       -0.0020770567   0.0200638562   0.0332744110  -0.0637616751  -0.0002603248
        0.0001310473   0.0006548178  -0.0009511880   0.0001836996   0.0001169732
       -0.0039826494  -0.0013276537  -0.0039329814   0.0228195430  -0.0001145666
       -0.0051483741   0.0078752394  -0.0018806025  -0.0005467851  -0.0015837840
        0.0043079591   0.0002241259   0.0030616625   0.0003143491   0.0091243508
       -0.0003517252   0.0001101657  -0.0001526423   0.0033028604   0.0004015870
        0.0092475780
       -0.0003275848   0.0014929444   0.0018095048  -0.0220599090   0.0249431365
        0.0028990795  -0.1301830301   0.0447326094   0.0120826194   0.6459074164
        0.0201360165  -0.1088664308  -0.3293073400   0.0509098384   0.0541012842
       -0.0359846382  -0.0779813006   0.0112665786  -0.0480899000   0.0291420082
        0.0063575791   0.0586514178   0.0157850427  -0.0092797390   0.0000018732
        0.0002892928   0.0001426680  -0.0000567650   0.0000626881  -0.0002306318
       -0.0005547966  -0.0000830144  -0.0006311944  -0.0003359182   0.0018846626
       -0.0003848934  -0.0058679948   0.0014259129   0.0014872712  -0.1155015871
       -0.1144994043   0.0237125248  -0.0160276830   0.0040486808   0.0035422877
       -0.0001370185  -0.0028075479   0.0019012210  -0.0001265421   0.0005184338
        0.0000902712
       -0.0008847801  -0.0011397467  -0.0011826056   0.0104418115  -0.0042441581
       -0.0001711631   0.1196502406  -0.2478388867  -0.0128940526   0.0201360165
        0.6466442014  -0.0349788228  -0.0252243433  -0.0967660810   0.0076981460
       -0.0252130346   0.0334023762   0.0031665561   0.0376754281  -0.0164923717
       -0.0071708666  -0.0462543590  -0.0855524306   0.0148715834  -0.0003616789
        0.0003014386  -0.0004945118   0.0001413378  -0.0002188280   0.0001895181
       -0.0000532972   0.0000784179   0.0002030924  -0.0011032347   0.0001132108
        0.0003013525   0.0002538057  -0.0001113960  -0.0001106136  -0.1135648392
       -0.2217337470   0.0343995776   0.0271512044  -0.0035264361  -0.0050519528
       -0.0034676699  -0.0039799234   0.0014259149   0.0006773923   0.0010643601
       -0.0002011522
        0.0002023298  -0.0008342155  -0.0001191852   0.0047313182  -0.0040634533
        0.0020476720   0.0079319570   0.0021854382  -0.0577986543  -0.1088664308
       -0.0349788228   0.1353917064   0.0579011499  -0.0075935583  -0.0580950430
        0.0084546100   0.0140975842  -0.0035075726   0.0061817096  -0.0055719286
       -0.0095191610  -0.0060813758   0.0023237293   0.0193511962  -0.0000059954
        0.0002432570   0.0000443113   0.0000298866   0.0000816152   0.0000941620
        0.0000721444   0.0001896236   0.0003048885  -0.0000996626  -0.0004738061
        0.0005902478   0.0016662100  -0.0005443572   0.0007645428   0.0236236073
        0.0342837738  -0.0404255679   0.0022602457  -0.0004454853   0.0024909256
        0.0019820861   0.0012595731   0.0082693205   0.0000162101  -0.0001589676
        0.0001162110
        0.0005603408  -0.0009493974  -0.0007950588   0.0027406870   0.0028809920
        0.0020025024  -0.0292927454   0.0893125317   0.0010642979  -0.3293073400
       -0.0252243433   0.0579011499   0.6340702207  -0.0222159062  -0.1020947087
       -0.1537367365  -0.0614298019   0.0244240513   0.0627398606  -0.0323740722
       -0.0103802391  -0.0536714820  -0.0317249687   0.0111568608  -0.0001961035
       -0.0002026138  -0.0001023786  -0.0000436894   0.0000876912   0.0002019304
        0.0004708016  -0.0000169168   0.0002607516   0.0004621751  -0.0005555410
       -0.0002263532  -0.0007064969   0.0000129664  -0.0001729244  -0.0181206912
       -0.0014387608   0.0037463528  -0.0985371881   0.1049469205   0.0066626063
       -0.0173460488  -0.0249047185   0.0049325545  -0.0000855640   0.0037959388
        0.0014186049
        0.0001175135  -0.0002676691  -0.0001698888   0.0031309459  -0.0044100289
        0.0000955478   0.0277958954   0.0250832727  -0.0068102327   0.0509098384
       -0.0967660810  -0.0075935583  -0.0222159062   0.6682160344  -0.0259194444
       -0.1385537427  -0.2659614745   0.0397120530   0.0301693402  -0.0680914215
       -0.0023376749  -0.0341738354  -0.0092272942   0.0070785495   0.0000031665
       -0.0001098808   0.0000025951   0.0000567245   0.0000523914  -0.0000003964
        0.0000065717   0.0000281074   0.0001307161  -0.0001566366  -0.0003878897
        0.0000977270   0.0013350561  -0.0002618754  -0.0003710267  -0.0250581980
       -0.0003198654   0.0050664481   0.1050025600  -0.2429196933  -0.0093571321
       -0.0013308153  -0.0003650992   0.0003582406   0.0029615221  -0.0042915329
        0.0000174770
        0.0012452908   0.0000925996   0.0001477483   0.0006369516   0.0003091587
        0.0062986714   0.0041211545  -0.0191879215   0.0008671876   0.0541012842
        0.0076981460  -0.0580950430  -0.1020947087  -0.0259194444   0.1419649191
        0.0286451038   0.0243128176  -0.0554943788  -0.0138242110   0.0102782079
        0.0042619646   0.0112636826   0.0065525580  -0.0098629506   0.0000530988
       -0.0000315440  -0.0000785418   0.0000179322  -0.0000259273  -0.0001088631
        0.0001588601   0.0001652549   0.0002182004  -0.0007350731  -0.0000905659
        0.0002417474  -0.0004276757   0.0000876593   0.0002567666   0.0051259546
        0.0003231385  -0.0004821517   0.0066018972  -0.0094581165  -0.0373291705
        0.0036220514   0.0050196308  -0.0006173248   0.0014884068  -0.0001256518
        0.0078112188
        0.0001572131   0.0001303075   0.0001745606  -0.0007998333  -0.0003494962
       -0.0000510736   0.0058452221   0.0030104015  -0.0031451472  -0.0359846382
       -0.0252130346   0.0084546100  -0.1537367365  -0.1385537427   0.0286451038
        0.6670211557  -0.0043036063  -0.1118600681  -0.1426162009   0.1334219982
        0.0112805886  -0.0541004322   0.0291305635   0.0130361768   0.0000240571
       -0.0000136740   0.0000847997  -0.0000150531   0.0000300677   0.0000670708
        0.0000679677  -0.0000027226  -0.0000303557   0.0001104130   0.0000915126
       -0.0001257056   0.0003017269  -0.0002760454  -0.0000908435  -0.0054188324
        0.0001644842   0.0029919039   0.0069761414   0.0116673236  -0.0015183667
       -0.2934035107   0.0022487403   0.0520596788   0.0055713402  -0.0111830770
        0.0000270675
       -0.0005719924   0.0004957154   0.0002693835  -0.0014697569  -0.0002781578
       -0.0002212803  -0.0048718617  -0.0707002038   0.0046364379  -0.0779813006
        0.0334023762   0.0140975842  -0.0614298019  -0.2659614745   0.0243128176
       -0.0043036063   0.6320620682  -0.0268274750   0.0542499215  -0.2634636571
       -0.0001520906   0.0961431191   0.0285384288  -0.0200759138   0.0001558862
        0.0002774569   0.0002823760  -0.0000578160  -0.0000203873  -0.0001728758
       -0.0002229858   0.0000607588  -0.0001809214  -0.0003992973   0.0005155442
       -0.0001435374  -0.0001994733   0.0002294269   0.0002221893   0.0009423794
        0.0017857433   0.0002708508  -0.0116866767  -0.0266961001   0.0038620588
        0.0016693110  -0.0428088277   0.0001799894   0.0100339518  -0.0274387106
       -0.0003595932
        0.0000067032  -0.0000693683   0.0000096850   0.0002783080   0.0001045483
        0.0000435577  -0.0030274927   0.0026773327  -0.0091494648   0.0112665786
        0.0031665561  -0.0035075726   0.0244240513   0.0397120530  -0.0554943788
       -0.1118600681  -0.0268274750   0.1342464469   0.0154277718  -0.0159283055
       -0.0541311054   0.0095275412  -0.0064132999   0.0168218156  -0.0000001077
       -0.0000182049  -0.0000656089  -0.0000183257  -0.0000129110  -0.0000671145
        0.0000071244  -0.0000090756  -0.0000017977   0.0000327647  -0.0000327283
       -0.0000069121   0.0000345212   0.0000397028   0.0000904232   0.0029638398
        0.0004417383   0.0088317743  -0.0001699650  -0.0006826003   0.0029244177
        0.0521318456   0.0000710737  -0.0435399714  -0.0010250906   0.0037809640
        0.0029958058
       -0.0012080032   0.0004086672  -0.0003092263  -0.0007889173  -0.0027071040
        0.0029780636  -0.0543758726  -0.0963459162   0.0171502402  -0.0480899000
        0.0376754281   0.0061817096   0.0627398606   0.0301693402  -0.0138242110
       -0.1426162009   0.0542499215   0.0154277718   0.6228574943   0.0006590594
       -0.0990638047  -0.3338392792   0.0500947386   0.0528896494   0.0000690713
        0.0004223133   0.0003266440  -0.0001749702  -0.0001060894  -0.0001125649
       -0.0000869173   0.0000403749  -0.0002688849  -0.0019523270   0.0003421591
       -0.0002362832  -0.0000840709  -0.0002172983   0.0000288426   0.0000731907
        0.0011996844  -0.0001674966   0.0000657992  -0.0045614218   0.0020307333
       -0.0159810635   0.0228183016   0.0019497075  -0.0866078941  -0.0941421586
        0.0150191096
        0.0000955716  -0.0004900804  -0.0002798308  -0.0021710153  -0.0042475896
        0.0015870029  -0.0369363032   0.0294359812   0.0054623321   0.0291420082
       -0.0164923717  -0.0055719286  -0.0323740722  -0.0680914215   0.0102782079
        0.1334219982  -0.2634636571  -0.0159283055   0.0006590594   0.6673115155
       -0.0276285702   0.0051460262  -0.1044248001   0.0017450640  -0.0001013387
       -0.0001015404  -0.0000407887   0.0000035132   0.0001392514   0.0000053485
        0.0002985997   0.0000468188   0.0000785092  -0.0007283071  -0.0002079465
        0.0003430118   0.0004585825  -0.0000261439  -0.0000979416   0.0003253786
        0.0009496937  -0.0001884826  -0.0031155805  -0.0034023956   0.0013405887
       -0.0000660659   0.0007510385  -0.0000857017  -0.0940580549  -0.2376863523
        0.0289814844
        0.0023870021   0.0000302479  -0.0002172296   0.0017128688   0.0007766258
        0.0087375112   0.0128429081   0.0177693390  -0.0020770567   0.0063575791
       -0.0071708666  -0.0095191610  -0.0103802391  -0.0023376749   0.0042619646
        0.0112805886  -0.0001520906  -0.0541311054  -0.0990638047  -0.0276285702
        0.1509752468   0.0557557238  -0.0071673189  -0.0655653389  -0.0000155944
       -0.0001380098  -0.0001047676   0.0000270315   0.0000750768  -0.0002087574
        0.0004337360   0.0001335180   0.0004675462  -0.0011220945  -0.0000963980
        0.0003933512  -0.0001202255   0.0001807145   0.0001223409  -0.0001243735
       -0.0003224021  -0.0004530651   0.0019838021   0.0016035793   0.0086425936
        0.0030856552  -0.0046400426  -0.0009789571   0.0149594363   0.0290842723
       -0.0403451156
       -0.0014122656  -0.0004044342   0.0016618749  -0.0292928233  -0.0308471084
        0.0068049752  -0.1480996731  -0.0656780488   0.0200638562   0.0586514178
       -0.0462543590  -0.0060813758  -0.0536714820  -0.0341738354   0.0112636826
       -0.0541004322   0.0961431191   0.0095275412  -0.3338392792   0.0051460262
        0.0557557238   0.5925132248   0.0794610903  -0.1059223746  -0.0001076684
       -0.0003864381  -0.0001775186   0.0002747936   0.0002706950   0.0002139767
       -0.0004133854  -0.0001730263  -0.0007480752  -0.0047949510  -0.0007800102
        0.0017858109   0.0021789292  -0.0011401593  -0.0008467880   0.0001379673
        0.0017080680   0.0012436505  -0.0004751490  -0.0002955862  -0.0007859102
       -0.0031468392   0.0059693709   0.0019379477  -0.0244023843  -0.0085653637
        0.0043030026
        0.0012481592   0.0007799316   0.0015738232  -0.0113230541   0.0004591605
        0.0009531922  -0.1126318503  -0.2812731931   0.0332744110   0.0157850427
       -0.0855524306   0.0023237293  -0.0317249687  -0.0092272942   0.0065525580
        0.0291305635   0.0285384288  -0.0064132999   0.0500947386  -0.1044248001
       -0.0071673189   0.0794610903   0.4638307962  -0.0358099931   0.0000374972
       -0.0001581461   0.0000047364  -0.0000825477  -0.0000094344  -0.0002169913
       -0.0001987037  -0.0002268027  -0.0003432051   0.0005777812   0.0005115482
       -0.0001262436   0.0003145023   0.0006177257   0.0001863877   0.0040491885
       -0.0094704297   0.0001475202  -0.0002275283   0.0001102874  -0.0001857404
        0.0044409814  -0.0053190988  -0.0002931566  -0.0289508920   0.0008137514
        0.0055395910
       -0.0016174115   0.0004644483  -0.0007120348   0.0064764357   0.0054689014
       -0.0030680946   0.0239519801   0.0246056227  -0.0637616751  -0.0092797390
        0.0148715834   0.0193511962   0.0111568608   0.0070785495  -0.0098629506
        0.0130361768  -0.0200759138   0.0168218156   0.0528896494   0.0017450640
       -0.0655653389  -0.1059223746  -0.0358099931   0.1026438287   0.0000958859
        0.0001283341   0.0001426733   0.0002001132  -0.0001784656   0.0004610967
       -0.0002813590   0.0000325727   0.0000827644   0.0023723065   0.0001209880
       -0.0006406287  -0.0009157038   0.0002289104  -0.0005372685   0.0012384481
        0.0006089144   0.0073667435  -0.0008604154  -0.0002273059  -0.0046806809
        0.0020541157  -0.0005130475   0.0077875136   0.0054050310   0.0014508370
       -0.0058289599
       -0.0535613124   0.0462806965   0.0137377083   0.0021952398  -0.0148146434
       -0.0053106969   0.0006923756  -0.0010296164  -0.0002603248   0.0000018732
       -0.0003616789  -0.0000059954  -0.0001961035   0.0000031665   0.0000530988
        0.0000240571   0.0001558862  -0.0000001077   0.0000690713  -0.0001013387
       -0.0000155944  -0.0001076684   0.0000374972   0.0000958859   0.0598798871
       -0.0531748710  -0.0128899856   0.0021167642  -0.0080887169  -0.0011280601
       -0.0102234842   0.0318258373   0.0086582293   0.0003003537   0.0001581153
        0.0005485756  -0.0011508191  -0.0013891689  -0.0030470937  -0.0001767832
        0.0004175345  -0.0003922142   0.0000427667   0.0000051288  -0.0000208225
        0.0000490610   0.0000334305  -0.0000150839   0.0000447211   0.0000427414
       -0.0000075187
        0.0462458373  -0.2581226294  -0.0567727914  -0.0008090864  -0.0099821189
       -0.0060431151   0.0001561486  -0.0002207546   0.0001310473   0.0002892928
        0.0003014386   0.0002432570  -0.0002026138  -0.0001098808  -0.0000315440
       -0.0000136740   0.0002774569  -0.0000182049   0.0004223133  -0.0001015404
       -0.0001380098  -0.0003864381  -0.0001581461   0.0001283341  -0.0531748710
        0.2982741515   0.0681944738   0.0045767643  -0.0250487747  -0.0022072358
        0.0037460331  -0.0061848315  -0.0016553382   0.0002278335   0.0006667789
        0.0004204418  -0.0012081546   0.0002149262  -0.0024187908   0.0000766315
        0.0002311928   0.0001480472   0.0000465204   0.0000043463   0.0000011376
       -0.0000054876  -0.0000143995   0.0000149202   0.0000129507  -0.0000272154
        0.0000033709
        0.0138497858  -0.0565175224  -0.0584433019   0.0022963112  -0.0251417796
       -0.0096621542   0.0004822414  -0.0000382903   0.0006548178   0.0001426680
       -0.0004945118   0.0000443113  -0.0001023786   0.0000025951  -0.0000785418
        0.0000847997   0.0002823760  -0.0000656089   0.0003266440  -0.0000407887
       -0.0001047676  -0.0001775186   0.0000047364   0.0001426733  -0.0128899856
        0.0681944738   0.0683693594  -0.0045525352   0.0239205218   0.0048751917
        0.0035318934  -0.0078940208  -0.0014480424   0.0004386907  -0.0005453067
        0.0004500190  -0.0031432170  -0.0022125124  -0.0045847217  -0.0003840564
        0.0004580965  -0.0001615117   0.0000415249   0.0000022024   0.0000129096
        0.0000268203   0.0000198937   0.0000025879   0.0000283119  -0.0000001632
       -0.0000032199
       -0.0588047017  -0.0358282960   0.0465087923   0.0029476689   0.0088053923
       -0.0129643606   0.0006977702   0.0006703368  -0.0009511880  -0.0000567650
        0.0001413378   0.0000298866  -0.0000436894   0.0000567245   0.0000179322
       -0.0000150531  -0.0000578160  -0.0000183257  -0.0001749702   0.0000035132
        0.0000270315   0.0002747936  -0.0000825477   0.0002001132   0.0021167642
        0.0045767643  -0.0045525352   0.0655086870   0.0423435502  -0.0509456874
       -0.0118351801  -0.0203083643   0.0256066574  -0.0010846507  -0.0004562091
       -0.0034427457   0.0003060364   0.0002616799   0.0004714598   0.0000287265
       -0.0000886986   0.0000159034   0.0000415712  -0.0000319571   0.0000038546
        0.0000373963  -0.0000139399  -0.0000095128   0.0000555958   0.0000085298
        0.0000027243
       -0.0355973365  -0.1344808833   0.1111253704   0.0020048420   0.0044542017
       -0.0039361161   0.0001997229   0.0001352024   0.0001836996   0.0000626881
       -0.0002188280   0.0000816152   0.0000876912   0.0000523914  -0.0000259273
        0.0000300677  -0.0000203873  -0.0000129110  -0.0001060894   0.0001392514
        0.0000750768   0.0002706950  -0.0000094344  -0.0001784656  -0.0080887169
       -0.0250487747   0.0239205218   0.0423435502   0.1523373539  -0.1283910149
       -0.0003984708   0.0011738040  -0.0007715668  -0.0007263942   0.0008391951
       -0.0013887879   0.0001004892   0.0006637229  -0.0006355182  -0.0001577758
        0.0000122803  -0.0000322368  -0.0000165854  -0.0000163967   0.0000097735
        0.0000046334  -0.0000074171  -0.0000110025  -0.0000130106  -0.0000052816
       -0.0000125104
        0.0463997424   0.1105353328  -0.1789641699   0.0022248972   0.0142796904
       -0.0241864500   0.0006125566   0.0006557588   0.0001169732  -0.0002306318
        0.0001895181   0.0000941620   0.0002019304  -0.0000003964  -0.0001088631
        0.0000670708  -0.0001728758  -0.0000671145  -0.0001125649   0.0000053485
       -0.0002087574   0.0002139767  -0.0002169913   0.0004610967  -0.0011280601
       -0.0022072358   0.0048751917  -0.0509456874  -0.1283910149   0.2100565387
        0.0053728425   0.0062894886  -0.0070480635  -0.0033987379  -0.0012948163
       -0.0054313632   0.0005306437   0.0003935100   0.0003803410   0.0000709582
       -0.0000437497  -0.0000238432   0.0000456976  -0.0000010363   0.0000033258
        0.0000319115  -0.0000160488   0.0000305053   0.0000434546  -0.0000044818
        0.0000204907
       -0.2735161943   0.0225804067   0.0484537425  -0.0199422374   0.0004620426
       -0.0010721132  -0.0011807783  -0.0011680891  -0.0039826494  -0.0005547966
       -0.0000532972   0.0000721444   0.0004708016   0.0000065717   0.0001588601
        0.0000679677  -0.0002229858   0.0000071244  -0.0000869173   0.0002985997
        0.0004337360  -0.0004133854  -0.0001987037  -0.0002813590  -0.0102234842
        0.0037460331   0.0035318934  -0.0118351801  -0.0003984708   0.0053728425
        0.3166767432  -0.0252494450  -0.0534064314   0.0004371643   0.0003289772
        0.0003505776   0.0003206738  -0.0001026773   0.0004270573  -0.0000400613
       -0.0000224705  -0.0000168004  -0.0000411805   0.0000391807  -0.0000254744
       -0.0000652538   0.0000007685  -0.0000685365  -0.0000738814  -0.0000464409
        0.0000453860
        0.0224231124  -0.0462430512  -0.0034641957  -0.0078262585   0.0008695260
       -0.0000324073  -0.0004208999   0.0002199380  -0.0013276537  -0.0000830144
        0.0000784179   0.0001896236  -0.0000169168   0.0000281074   0.0001652549
       -0.0000027226   0.0000607588  -0.0000090756   0.0000403749   0.0000468188
        0.0001335180  -0.0001730263  -0.0002268027   0.0000325727   0.0318258373
       -0.0061848315  -0.0078940208  -0.0203083643   0.0011738040   0.0062894886
       -0.0252494450   0.0498902501   0.0057962936   0.0004970234   0.0000727184
        0.0002241285  -0.0006047871   0.0001429810   0.0000778155  -0.0000576445
        0.0000693637  -0.0001365082  -0.0000226948   0.0000086635   0.0000068475
       -0.0000126515  -0.0000063036  -0.0000415360  -0.0000079224  -0.0000003587
       -0.0000101456
        0.0486351613  -0.0036236918  -0.0510200989  -0.0256566467   0.0011848277
        0.0011077791  -0.0019500478  -0.0011985059  -0.0039329814  -0.0006311944
        0.0002030924   0.0003048885   0.0002607516   0.0001307161   0.0002182004
       -0.0000303557  -0.0001809214  -0.0000017977  -0.0002688849   0.0000785092
        0.0004675462  -0.0007480752  -0.0003432051   0.0000827644   0.0086582293
       -0.0016553382  -0.0014480424   0.0256066574  -0.0007715668  -0.0070480635
       -0.0534064314   0.0057962936   0.0602536351  -0.0003527852   0.0000903890
        0.0006500529  -0.0000396732   0.0002789164   0.0005382412   0.0000099777
        0.0000096504  -0.0001013236  -0.0000260081   0.0000117136  -0.0000273852
       -0.0000201813  -0.0000002138  -0.0000890307  -0.0000404934  -0.0000106654
        0.0000456157
        0.0033396281   0.0080970124  -0.0133786186  -0.0544824549  -0.0342208258
        0.0480673827  -0.0131197688  -0.0179664266   0.0228195430  -0.0003359182
       -0.0011032347  -0.0000996626   0.0004621751  -0.0001566366  -0.0007350731
        0.0001104130  -0.0003992973   0.0000327647  -0.0019523270  -0.0007283071
       -0.0011220945  -0.0047949510   0.0005777812   0.0023723065   0.0003003537
        0.0002278335   0.0004386907  -0.0010846507  -0.0007263942  -0.0033987379
        0.0004371643   0.0004970234  -0.0003527852   0.0689267979   0.0417088449
       -0.0510615703   0.0023924171   0.0036693150  -0.0040268352   0.0000256694
        0.0005220696   0.0002631888   0.0001111898  -0.0000011489   0.0000221568
        0.0000760526   0.0000455565   0.0002467542  -0.0004117905  -0.0000431652
       -0.0000874100
        0.0011450858   0.0045106532  -0.0042528749  -0.0334387697  -0.1305366270
        0.1058975484  -0.0033976904   0.0008342162  -0.0001145666   0.0018846626
        0.0001132108  -0.0004738061  -0.0005555410  -0.0003878897  -0.0000905659
        0.0000915126   0.0005155442  -0.0000327283   0.0003421591  -0.0002079465
       -0.0000963980  -0.0007800102   0.0005115482   0.0001209880   0.0001581153
        0.0006667789  -0.0005453067  -0.0004562091   0.0008391951  -0.0012948163
        0.0003289772   0.0000727184   0.0000903890   0.0417088449   0.1468246998
       -0.1221962775  -0.0071994837  -0.0236222193   0.0228817920   0.0002464006
       -0.0001213948   0.0000291888   0.0000043402   0.0000170312  -0.0000231235
       -0.0000347542   0.0000017937   0.0000960680  -0.0000476401  -0.0000313126
        0.0000044895
        0.0022701548   0.0145154809  -0.0256589854   0.0474479512   0.1050113835
       -0.1696535613   0.0037751381   0.0054223287  -0.0051483741  -0.0003848934
        0.0003013525   0.0005902478  -0.0002263532   0.0000977270   0.0002417474
       -0.0001257056  -0.0001435374  -0.0000069121  -0.0002362832   0.0003430118
        0.0003933512   0.0017858109  -0.0001262436  -0.0006406287   0.0005485756
        0.0004204418   0.0004500190  -0.0034427457  -0.0013887879  -0.0054313632
        0.0003505776   0.0002241285   0.0006500529  -0.0510615703  -0.1221962775
        0.2002213897  -0.0010854821  -0.0018746165   0.0042184669   0.0002818927
       -0.0005949956  -0.0001420551  -0.0000274163  -0.0000325167  -0.0000064975
       -0.0000079270  -0.0000142019  -0.0000776052   0.0001382759   0.0000353226
        0.0000007077
        0.0022943267  -0.0144860719  -0.0059834153  -0.0511327486   0.0438627733
        0.0134459368  -0.0112788259   0.0304180821   0.0078752394  -0.0058679948
        0.0002538057   0.0016662100  -0.0007064969   0.0013350561  -0.0004276757
        0.0003017269  -0.0001994733   0.0000345212  -0.0000840709   0.0004585825
       -0.0001202255   0.0021789292   0.0003145023  -0.0009157038  -0.0011508191
       -0.0012081546  -0.0031432170   0.0003060364   0.0001004892   0.0005306437
        0.0003206738  -0.0006047871  -0.0000396732   0.0023924171  -0.0071994837
       -0.0010854821   0.0627422758  -0.0527667660  -0.0119916627  -0.0000384033
       -0.0002927854   0.0001196449  -0.0004741622   0.0000797442   0.0000558917
        0.0000617265  -0.0000561774   0.0000536161   0.0001354093  -0.0000093360
       -0.0000746485
       -0.0001314746  -0.0097129390  -0.0057912316   0.0450968477  -0.2588516854
       -0.0517834835   0.0056258147  -0.0063844340  -0.0018806025   0.0014259129
       -0.0001113960  -0.0005443572   0.0000129664  -0.0002618754   0.0000876593
       -0.0002760454   0.0002294269   0.0000397028  -0.0002172983  -0.0000261439
        0.0001807145  -0.0011401593   0.0006177257   0.0002289104  -0.0013891689
        0.0002149262  -0.0022125124   0.0002616799   0.0006637229   0.0003935100
       -0.0001026773   0.0001429810   0.0002789164   0.0036693150  -0.0236222193
       -0.0018746165  -0.0527667660   0.2967552990   0.0629071788  -0.0001261551
        0.0003086266   0.0000147266   0.0001096595  -0.0000350633  -0.0000093676
        0.0000092289   0.0000330963  -0.0000542591  -0.0000616801   0.0000399518
        0.0000191114
        0.0017543843  -0.0248375012  -0.0096590392   0.0143075276  -0.0509642474
       -0.0563311732   0.0016708830  -0.0067044864  -0.0005467851   0.0014872712
       -0.0001106136   0.0007645428  -0.0001729244  -0.0003710267   0.0002567666
       -0.0000908435   0.0002221893   0.0000904232   0.0000288426  -0.0000979416
        0.0001223409  -0.0008467880   0.0001863877  -0.0005372685  -0.0030470937
       -0.0024187908  -0.0045847217   0.0004714598  -0.0006355182   0.0003803410
        0.0004270573   0.0000778155   0.0005382412  -0.0040268352   0.0228817920
        0.0042184669  -0.0119916627   0.0629071788   0.0655905687   0.0000181575
       -0.0001058012  -0.0000876607   0.0000600512  -0.0000348738  -0.0001501491
       -0.0000264394   0.0000045768  -0.0000274806  -0.0000230476   0.0000008609
       -0.0000374134
       -0.0002005818   0.0004265075   0.0000716683   0.0002646730   0.0008734656
       -0.0007549579   0.0060860822   0.0067860679  -0.0015837840  -0.1155015871
       -0.1135648392   0.0236236073  -0.0181206912  -0.0250581980   0.0051259546
       -0.0054188324   0.0009423794   0.0029638398   0.0000731907   0.0003253786
       -0.0001243735   0.0001379673   0.0040491885   0.0012384481  -0.0001767832
        0.0000766315  -0.0003840564   0.0000287265  -0.0001577758   0.0000709582
       -0.0000400613  -0.0000576445   0.0000099777   0.0000256694   0.0002464006
        0.0002818927  -0.0000384033  -0.0001261551   0.0000181575   0.1333001303
        0.1273752156  -0.0297197389   0.0006087231  -0.0007223065  -0.0006883413
       -0.0008866028  -0.0014050648   0.0003012082  -0.0001416196  -0.0000092513
       -0.0004504603
       -0.0001141945   0.0000418804  -0.0000552685  -0.0010535701   0.0007229334
        0.0002526455  -0.0146072983  -0.0219911229   0.0043079591  -0.1144994043
       -0.2217337470   0.0342837738  -0.0014387608  -0.0003198654   0.0003231385
        0.0001644842   0.0017857433   0.0004417383   0.0011996844   0.0009496937
       -0.0003224021   0.0017080680  -0.0094704297   0.0006089144   0.0004175345
        0.0002311928   0.0004580965  -0.0000886986   0.0000122803  -0.0000437497
       -0.0000224705   0.0000693637   0.0000096504   0.0005220696  -0.0001213948
       -0.0005949956  -0.0002927854   0.0003086266  -0.0001058012   0.1273752156
        0.2485845941  -0.0390584311   0.0005905384   0.0010660438  -0.0003546562
        0.0001993714  -0.0001123586  -0.0000199984  -0.0000597836  -0.0000234336
       -0.0001306136
       -0.0003719353   0.0001724139   0.0000919393  -0.0005880835  -0.0004933794
       -0.0013747412   0.0001424853  -0.0004376831   0.0002241259   0.0237125248
        0.0343995776  -0.0404255679   0.0037463528   0.0050664481  -0.0004821517
        0.0029919039   0.0002708508   0.0088317743  -0.0001674966  -0.0001884826
       -0.0004530651   0.0012436505   0.0001475202   0.0073667435  -0.0003922142
        0.0001480472  -0.0001615117   0.0000159034  -0.0000322368  -0.0000238432
       -0.0000168004  -0.0001365082  -0.0001013236   0.0002631888   0.0000291888
       -0.0001420551   0.0001196449   0.0000147266  -0.0000876607  -0.0297197389
       -0.0390584311   0.0317207461  -0.0007407030  -0.0000903303  -0.0027885066
        0.0002022129   0.0003016505   0.0000864135  -0.0004408953  -0.0001133722
       -0.0022813157
       -0.0000775299   0.0000455833   0.0000467741  -0.0007264953   0.0015173602
       -0.0001138180  -0.0054459635  -0.0010408027   0.0030616625  -0.0160276830
        0.0271512044   0.0022602457  -0.0985371881   0.1050025600   0.0066018972
        0.0069761414  -0.0116866767  -0.0001699650   0.0000657992  -0.0031155805
        0.0019838021  -0.0004751490  -0.0002275283  -0.0008604154   0.0000427667
        0.0000465204   0.0000415249   0.0000415712  -0.0000165854   0.0000456976
       -0.0000411805  -0.0000226948  -0.0000260081   0.0001111898   0.0000043402
       -0.0000274163  -0.0004741622   0.0001096595   0.0000600512   0.0006087231
        0.0005905384  -0.0007407030   0.1129945311  -0.1168575736  -0.0113917855
        0.0007679901  -0.0007808215  -0.0006493784   0.0001966386  -0.0007195027
       -0.0001221654
       -0.0000043195   0.0000207120  -0.0000557288   0.0000600606  -0.0003235453
        0.0000493809   0.0006086409   0.0025938235   0.0003143491   0.0040486808
       -0.0035264361  -0.0004454853   0.1049469205  -0.2429196933  -0.0094581165
        0.0116673236  -0.0266961001  -0.0006826003  -0.0045614218  -0.0034023956
        0.0016035793  -0.0002955862   0.0001102874  -0.0002273059   0.0000051288
        0.0000043463   0.0000022024  -0.0000319571  -0.0000163967  -0.0000010363
        0.0000391807   0.0000086635   0.0000117136  -0.0000011489   0.0000170312
       -0.0000325167   0.0000797442  -0.0000350633  -0.0000348738  -0.0007223065
        0.0010660438  -0.0000903303  -0.1168575736   0.2739417227   0.0094022638
        0.0004328134   0.0008183503  -0.0002777419   0.0005858202  -0.0016613505
       -0.0000777533
       -0.0001303649   0.0000286244  -0.0000144531   0.0000264344  -0.0003963957
       -0.0005146322   0.0031247727   0.0005410681   0.0091243508   0.0035422877
       -0.0050519528   0.0024909256   0.0066626063  -0.0093571321  -0.0373291705
       -0.0015183667   0.0038620588   0.0029244177   0.0020307333   0.0013405887
        0.0086425936  -0.0007859102  -0.0001857404  -0.0046806809  -0.0000208225
        0.0000011376   0.0000129096   0.0000038546   0.0000097735   0.0000033258
       -0.0000254744   0.0000068475  -0.0000273852   0.0000221568  -0.0000231235
       -0.0000064975   0.0000558917  -0.0000093676  -0.0001501491  -0.0006883413
       -0.0003546562  -0.0027885066  -0.0113917855   0.0094022638   0.0253728051
       -0.0007176016  -0.0000328878  -0.0025196739  -0.0001900704   0.0002188935
       -0.0005401791
       -0.0001128662   0.0000375473   0.0000690102  -0.0000669415  -0.0000734757
       -0.0005209885   0.0014437490   0.0001935221  -0.0003517252  -0.0001370185
       -0.0034676699   0.0019820861  -0.0173460488  -0.0013308153   0.0036220514
       -0.2934035107   0.0016693110   0.0521318456  -0.0159810635  -0.0000660659
        0.0030856552  -0.0031468392   0.0044409814   0.0020541157   0.0000490610
       -0.0000054876   0.0000268203   0.0000373963   0.0000046334   0.0000319115
       -0.0000652538  -0.0000126515  -0.0000201813   0.0000760526  -0.0000347542
       -0.0000079270   0.0000617265   0.0000092289  -0.0000264394  -0.0008866028
        0.0001993714   0.0002022129   0.0007679901   0.0004328134  -0.0007176016
        0.3283016961  -0.0014703545  -0.0611216731   0.0004084733  -0.0005261343
       -0.0004391729
       -0.0000281187   0.0000766402   0.0000053773   0.0000623540   0.0001222534
       -0.0001322582  -0.0004189757  -0.0006406489   0.0001101657  -0.0028075479
       -0.0039799234   0.0012595731  -0.0249047185  -0.0003650992   0.0050196308
        0.0022487403  -0.0428088277   0.0000710737   0.0228183016   0.0007510385
       -0.0046400426   0.0059693709  -0.0053190988  -0.0005130475   0.0000334305
       -0.0000143995   0.0000198937  -0.0000139399  -0.0000074171  -0.0000160488
        0.0000007685  -0.0000063036  -0.0000002138   0.0000455565   0.0000017937
       -0.0000142019  -0.0000561774   0.0000330963   0.0000045768  -0.0014050648
       -0.0001123586   0.0003016505  -0.0007808215   0.0008183503  -0.0000328878
       -0.0014703545   0.0508422897  -0.0011712745   0.0007071966   0.0006086147
       -0.0002719663
       -0.0004110297  -0.0000243027   0.0000297357  -0.0004191679  -0.0000667165
       -0.0019651624  -0.0001868281  -0.0000081963  -0.0001526423   0.0019012210
        0.0014259149   0.0082693205   0.0049325545   0.0003582406  -0.0006173248
        0.0520596788   0.0001799894  -0.0435399714   0.0019497075  -0.0000857017
       -0.0009789571   0.0019379477  -0.0002931566   0.0077875136  -0.0000150839
        0.0000149202   0.0000025879  -0.0000095128  -0.0000110025   0.0000305053
       -0.0000685365  -0.0000415360  -0.0000890307   0.0002467542   0.0000960680
       -0.0000776052   0.0000536161  -0.0000542591  -0.0000274806   0.0003012082
       -0.0000199984   0.0000864135  -0.0006493784  -0.0002777419  -0.0025196739
       -0.0611216731  -0.0011712745   0.0355468356  -0.0005014776  -0.0000212468
       -0.0017850637
       -0.0001759902   0.0000278640   0.0000951150  -0.0010377645  -0.0016119257
        0.0002573654  -0.0065810611  -0.0008567730   0.0033028604  -0.0001265421
        0.0006773923   0.0000162101  -0.0000855640   0.0029615221   0.0014884068
        0.0055713402   0.0100339518  -0.0010250906  -0.0866078941  -0.0940580549
        0.0149594363  -0.0244023843  -0.0289508920   0.0054050310   0.0000447211
        0.0000129507   0.0000283119   0.0000555958  -0.0000130106   0.0000434546
       -0.0000738814  -0.0000079224  -0.0000404934  -0.0004117905  -0.0000476401
        0.0001382759   0.0001354093  -0.0000616801  -0.0000230476  -0.0001416196
       -0.0000597836  -0.0004408953   0.0001966386   0.0005858202  -0.0001900704
        0.0004084733   0.0007071966  -0.0005014776   0.1132323135   0.1106609847
       -0.0235133925
       -0.0000067296   0.0000775844   0.0000806082   0.0000799288  -0.0002190000
       -0.0000626621   0.0001446019   0.0007582038   0.0004015870   0.0005184338
        0.0010643601  -0.0001589676   0.0037959388  -0.0042915329  -0.0001256518
       -0.0111830770  -0.0274387106   0.0037809640  -0.0941421586  -0.2376863523
        0.0290842723  -0.0085653637   0.0008137514   0.0014508370   0.0000427414
       -0.0000272154  -0.0000001632   0.0000085298  -0.0000052816  -0.0000044818
       -0.0000464409  -0.0000003587  -0.0000106654  -0.0000431652  -0.0000313126
        0.0000353226  -0.0000093360   0.0000399518   0.0000008609  -0.0000092513
       -0.0000234336  -0.0001133722  -0.0007195027  -0.0016613505   0.0002188935
       -0.0005261343   0.0006086147  -0.0000212468   0.1106609847   0.2680220820
       -0.0345561347
        0.0001865401  -0.0000200793  -0.0000175918   0.0001934592   0.0004041205
        0.0003335541   0.0034086030   0.0006703038   0.0092475780   0.0000902712
       -0.0002011522   0.0001162110   0.0014186049   0.0000174770   0.0078112188
        0.0000270675  -0.0003595932   0.0029958058   0.0150191096   0.0289814844
       -0.0403451156   0.0043030026   0.0055395910  -0.0058289599  -0.0000075187
        0.0000033709  -0.0000032199   0.0000027243  -0.0000125104   0.0000204907
        0.0000453860  -0.0000101456   0.0000456157  -0.0000874100   0.0000044895
        0.0000007077  -0.0000746485   0.0000191114  -0.0000374134  -0.0004504603
       -0.0001306136  -0.0022813157  -0.0001221654  -0.0000777533  -0.0005401791
       -0.0004391729  -0.0002719663  -0.0017850637  -0.0235133925  -0.0345561347
        0.0302676774
