$hessian                                                                        
        0.4411527237   0.0055256308  -0.0048398186  -0.1354218433  -0.0401757205
       -0.0442094536  -0.0016781397  -0.0019943051  -0.0027956059  -0.0090273758
       -0.0109239787  -0.0018767199   0.0003387633   0.0005972865  -0.0005521535
        0.0002224484  -0.0011289131  -0.0002299621  -0.0001078984  -0.0001135631
        0.0000042606  -0.0003775107   0.0001597134   0.0002670968  -0.0001735389
       -0.0000707520  -0.0000137278  -0.0024831177   0.0017748640   0.0001284433
       -0.0002865579  -0.0000160125   0.0001861770  -0.0335894052   0.0002976624
       -0.0069357045  -0.0011265417   0.0002572683   0.0001045811   0.0000810757
       -0.0001248885   0.0000269996  -0.0002236035  -0.0001214044   0.0000232030
       -0.0010695478  -0.0003276681   0.0001300782  -0.1479209918   0.0600412330
        0.0315120383  -0.0431071890  -0.0303517356   0.0088122470  -0.0396722401
       -0.0034657457   0.0090327279  -0.0000038464  -0.0000488288  -0.0000305349
        0.0000239724   0.0000010098   0.0000093119  -0.0000796348  -0.0000327626
        0.0000139552   0.0006210238   0.0025966064   0.0003361147  -0.0260910247
        0.0176450039   0.0108964460
        0.0055256308   0.4897995370  -0.0185736365  -0.0424424968  -0.0803741245
       -0.0192690409  -0.0009740612   0.0008295267  -0.0008656775  -0.0245559074
       -0.0144335609  -0.0083876726  -0.0004832585   0.0010822025  -0.0007884574
       -0.0002758927  -0.0044007806   0.0013639603  -0.0000726789   0.0000431151
        0.0000378311   0.0000339550  -0.0003844945   0.0000823569   0.0000277720
       -0.0000318855  -0.0000054726   0.0006149213  -0.0016182587  -0.0015438587
        0.0001034835   0.0000460496   0.0001309820   0.0234061261   0.0045737097
        0.0067365313   0.0019722100  -0.0006687017  -0.0000752793   0.0004783219
        0.0001311185   0.0000557012  -0.0014977124  -0.0008351770  -0.0002026861
       -0.0004814912   0.0018477894   0.0003663504   0.0770296747  -0.1223800477
       -0.0458426292  -0.0312044718  -0.2310311510   0.0658747810  -0.0046508339
       -0.0449206293   0.0159117789  -0.0000221382   0.0000115976  -0.0000323438
       -0.0000716985   0.0000235190  -0.0000026860  -0.0002578340  -0.0003535395
        0.0001368973   0.0012534793  -0.0018221819  -0.0008225294  -0.0034550989
        0.0048663678   0.0057147998
       -0.0048398186  -0.0185736365   0.4963695215  -0.0433764772  -0.0183234396
       -0.0904837457  -0.0264973963  -0.0105364802  -0.0167664511   0.0059272190
        0.0008989501   0.0032747652   0.0013586188   0.0015018841   0.0007353571
        0.0002311930   0.0010609257  -0.0001152755   0.0001479889   0.0000493283
        0.0001326616  -0.0003466091  -0.0001230817   0.0000778703   0.0001246541
        0.0000390382  -0.0000351767  -0.0004540866  -0.0009080071  -0.0003278613
        0.0002225259   0.0000599149   0.0002297566   0.0101609718   0.0023599177
        0.0047998077   0.0010522435  -0.0004187813   0.0000046937   0.0002514278
        0.0000719586   0.0000075305   0.0007138398   0.0004972792   0.0000378214
       -0.0003328586   0.0013130873  -0.0002478134   0.0452341787  -0.0487059980
       -0.0778165177   0.0071838221   0.0651849642  -0.0671508483   0.0091257621
        0.0167739309  -0.2550725036  -0.0000979054   0.0000196547  -0.0000622888
       -0.0000506904  -0.0000193705   0.0000255937  -0.0000261691   0.0001022680
       -0.0000538300   0.0002047843  -0.0014711205   0.0004164961  -0.0059172186
        0.0091468137   0.0020204367
       -0.1354218433  -0.0424424968  -0.0433764772   0.4600050894   0.0065275683
        0.0098147737  -0.0416166941  -0.0019810635   0.0040157093  -0.0647691201
       -0.0282098214   0.0062247036   0.0011934909   0.0003834700  -0.0006307937
       -0.0064634265  -0.0221706671   0.0073673914   0.0003898428  -0.0000027517
        0.0002651043   0.0011969332  -0.0004018877   0.0006140365  -0.0003920777
       -0.0001028153   0.0003041359  -0.0348496827   0.0192211202   0.0044977478
        0.0015691198   0.0000060868   0.0008617372  -0.1199547322   0.0532929232
        0.0247370168  -0.0082142525   0.0007382832  -0.0004733949   0.0012131104
        0.0005887580   0.0000605824  -0.0069724613  -0.0034283346  -0.0010869884
       -0.0010563218   0.0250684941   0.0004796429  -0.0318728776   0.0000898064
       -0.0053581242  -0.0074587788  -0.0071161771  -0.0039281936  -0.0022016650
       -0.0015223810  -0.0046842664  -0.0003416318  -0.0000958937  -0.0002849852
       -0.0002861981   0.0000653876   0.0001354714  -0.0005685780  -0.0014527524
        0.0005426254  -0.0001844130   0.0015837260  -0.0005907780  -0.0029428322
        0.0013614187   0.0004933229
       -0.0401757205  -0.0803741245  -0.0183234396   0.0065275683   0.4398075415
        0.0163463458  -0.0025577857  -0.0415683282   0.0093476491  -0.0266656320
       -0.1349909190   0.0351530968  -0.0021291633  -0.0064187951   0.0051058713
       -0.0111564952  -0.0133949716   0.0020876893   0.0004590000   0.0003967600
        0.0002808986   0.0000700223   0.0010433574  -0.0007350398  -0.0000464763
        0.0000550930   0.0003206527   0.0091949180   0.0043650336   0.0076659130
       -0.0018743189   0.0008703878  -0.0002458276   0.0701331556  -0.1330129756
       -0.0477328360  -0.0042885280   0.0026267832   0.0002697432  -0.0000111527
       -0.0004465597   0.0002817187  -0.0006148537   0.0011812588  -0.0009579325
        0.0074842016  -0.0303615386  -0.0004533820   0.0178463865   0.0059418933
        0.0062325160  -0.0258148985  -0.0154035721  -0.0116683050  -0.0006688833
        0.0007195945  -0.0010961664   0.0003573479  -0.0004657253   0.0000088038
        0.0002180045  -0.0001401855  -0.0001661115  -0.0000184335  -0.0003007717
        0.0001685568   0.0006783597   0.0010368945  -0.0010815068   0.0030533771
       -0.0011661308  -0.0008089080
       -0.0442094536  -0.0192690409  -0.0904837457   0.0098147737   0.0163463458
        0.5025803194   0.0081593973   0.0069077452  -0.2417940735   0.0069416784
        0.0356716691  -0.0793622013   0.0053582582   0.0283680511  -0.0154232725
       -0.0005076069  -0.0041990885   0.0024969054  -0.0009183794  -0.0008099657
       -0.0000499814   0.0011492671   0.0004886886   0.0010111590   0.0003173875
        0.0000517420  -0.0002976648   0.0005723486   0.0077890419   0.0021005553
       -0.0038690670   0.0008532357   0.0013005718   0.0326553327  -0.0473407032
       -0.0771383577  -0.0057663171   0.0023502831   0.0005031493  -0.0015069428
       -0.0002933331  -0.0007057113  -0.0020255450  -0.0021154443   0.0001566871
        0.0021103904  -0.0178133008   0.0028473138   0.0108189451   0.0030963690
        0.0054564563   0.0060586741   0.0030049964   0.0035200597  -0.0266889429
       -0.0115509999  -0.0186066933   0.0001136723  -0.0001640256   0.0002579221
        0.0003767153  -0.0001876324  -0.0000020217   0.0001333100  -0.0000726232
        0.0004600685  -0.0002626099   0.0002728197   0.0014264138   0.0011747141
       -0.0013848300  -0.0002538584
       -0.0016781397  -0.0009740612  -0.0264973963  -0.0416166941  -0.0025577857
        0.0081593973   0.0538218772  -0.0020150868  -0.0155567103   0.0007816610
       -0.0019075813   0.0070633422  -0.0000146624  -0.0010391071   0.0004956819
        0.0002510234  -0.0002224458   0.0008068270  -0.0001600327  -0.0003147647
       -0.0001552322  -0.0004268059  -0.0001770836  -0.0002347242   0.0000973769
        0.0001665274  -0.0002065170   0.0015615302   0.0012290260   0.0045367936
        0.0002695477  -0.0000566900  -0.0012294022  -0.0112956631   0.0092332163
        0.0265129370   0.0004104672  -0.0007345310  -0.0006903510   0.0001514503
        0.0000483249  -0.0000530978   0.0000275436   0.0003506434  -0.0003117065
       -0.0001494971   0.0002137925  -0.0003647188   0.0018205051  -0.0004585629
        0.0010767438   0.0007835362   0.0005377301  -0.0002128655  -0.0046850118
       -0.0018456687  -0.0026964872   0.0000519409  -0.0000174667   0.0000784588
       -0.0000687397  -0.0000072118   0.0000828548  -0.0000633742  -0.0000397472
        0.0000166583  -0.0001272878   0.0004464487  -0.0005364957   0.0002574490
        0.0001420855  -0.0000839901
       -0.0019943051   0.0008295267  -0.0105364802  -0.0019810635  -0.0415683282
        0.0069077452  -0.0020150868   0.0560627537  -0.0004517447  -0.0026571113
       -0.0057583363   0.0287705327  -0.0011038038  -0.0053063308   0.0023325126
        0.0007135914   0.0005188577   0.0010568524  -0.0002844622  -0.0003166861
       -0.0001607234   0.0000294876  -0.0000280828   0.0002731506   0.0000941413
       -0.0002208127  -0.0000168987  -0.0005884472   0.0002030047  -0.0009397675
       -0.0000191968   0.0000303421   0.0006415394   0.0114394158  -0.0062252678
       -0.0257075265  -0.0002819410   0.0000849819   0.0002016311   0.0000259020
       -0.0000321383  -0.0000967289   0.0001281396   0.0001004796  -0.0004048514
       -0.0005353618   0.0027804575  -0.0007651569   0.0004108319  -0.0003655610
        0.0003281085  -0.0000143931  -0.0000231133  -0.0006977733  -0.0015938134
       -0.0003954276  -0.0011426340   0.0000300896   0.0000475851  -0.0001412469
       -0.0000196565  -0.0000023676   0.0000337914  -0.0001667957  -0.0000308394
        0.0000090353   0.0003261546  -0.0003277469   0.0005243439   0.0000576844
       -0.0000569503  -0.0000177108
       -0.0027956059  -0.0008656775  -0.0167664511   0.0040157093   0.0093476491
       -0.2417940735  -0.0155567103  -0.0004517447   0.2900127670   0.0013321241
        0.0048734889  -0.0168323757   0.0008321004   0.0026678910  -0.0012323475
       -0.0001483572  -0.0006532631  -0.0000521169   0.0001772992   0.0001990265
        0.0002694426  -0.0000647734   0.0000005458  -0.0003453649  -0.0002391197
       -0.0000028675   0.0000613843  -0.0011385232   0.0000915172   0.0014544304
        0.0014349612   0.0000217741   0.0001580268   0.0141009815  -0.0136743382
       -0.0169633610  -0.0002172985   0.0001253088   0.0004119974   0.0001619958
       -0.0000108958   0.0001908469  -0.0001609419   0.0001164982   0.0002608809
       -0.0004133158  -0.0012717384   0.0014612445   0.0003961056   0.0001671013
        0.0008815073   0.0006430676   0.0001171826   0.0002218057  -0.0024318740
       -0.0015052916  -0.0011260756  -0.0001347431   0.0001815741  -0.0001354426
       -0.0001323903   0.0000296006  -0.0000279744   0.0000151485  -0.0000826805
       -0.0000057542  -0.0003074701   0.0002620136  -0.0002485596   0.0006316302
        0.0003173254   0.0001455631
       -0.0090273758  -0.0245559074   0.0059272190  -0.0647691201  -0.0266656320
        0.0069416784   0.0007816610  -0.0026571113   0.0013321241   0.4587954722
        0.0086865272   0.0030097997  -0.0436578196  -0.0006646236  -0.0249544034
       -0.1506912071  -0.0341113658  -0.0342299221  -0.0058318379  -0.0018737397
       -0.0043391082  -0.0226956598   0.0008113994  -0.0035216544   0.0004981659
       -0.0004176660  -0.0002730249   0.0011562817   0.0014209711  -0.0009037042
       -0.0002100527  -0.0000164718  -0.0001657984  -0.0014986606   0.0254493220
       -0.0028592759   0.0003840147  -0.0009657154  -0.0001039467  -0.0008151483
        0.0026643526   0.0012273749  -0.0133286877  -0.0120036782   0.0010584689
       -0.1200322909   0.0455282305   0.0372022283   0.0017056518   0.0012255500
       -0.0000930429  -0.0045708883  -0.0028849207  -0.0022430662   0.0011153535
       -0.0001549859   0.0009480415  -0.0001085173  -0.0000099143   0.0000626250
       -0.0008311610  -0.0001957522  -0.0001920484  -0.0012804697  -0.0015429542
       -0.0000013911  -0.0257901807   0.0224062176   0.0158002679   0.0007024768
        0.0005278681   0.0003705592
       -0.0109239787  -0.0144335609   0.0008989501  -0.0282098214  -0.1349909190
        0.0356716691  -0.0019075813  -0.0057583363   0.0048734889   0.0086865272
        0.4392692262   0.0005802900  -0.0007401075  -0.0411826398   0.0240618477
       -0.0211952615  -0.0623968750  -0.0094745969  -0.0056182802  -0.0003653898
       -0.0033162237   0.0141490038   0.0037400215   0.0043136949   0.0002920741
        0.0001183468   0.0001880896   0.0015386180   0.0007306456   0.0003199090
        0.0000780273  -0.0001011406   0.0000330994   0.0056851458  -0.0259416596
        0.0005441599  -0.0009042236   0.0007395389   0.0001117018   0.0042787903
       -0.0026326261  -0.0007157637  -0.0335068585  -0.0203703025  -0.0028628925
        0.0683994957  -0.1367687034  -0.0649978737   0.0005666591  -0.0015335685
        0.0001791134  -0.0009745865  -0.0000320488  -0.0000631631   0.0011161379
        0.0005224213   0.0007904380  -0.0000538080  -0.0000615397   0.0000296357
        0.0010873887   0.0000875852   0.0002109610  -0.0023465144  -0.0043806940
        0.0024295153   0.0004452599   0.0059626683   0.0063033110   0.0000578938
       -0.0002204500  -0.0001093614
       -0.0018767199  -0.0083876726   0.0032747652   0.0062247036   0.0351530968
       -0.0793622013   0.0070633422   0.0287705327  -0.0168323757   0.0030097997
        0.0005802900   0.5061949858  -0.0224072594   0.0221655922  -0.2374075828
       -0.0353083366  -0.0100051489  -0.0793080919  -0.0284901709  -0.0087704588
       -0.0136798908   0.0056416243   0.0014812213   0.0018402758   0.0012051850
       -0.0003526201  -0.0001095323  -0.0009045847   0.0005827992   0.0012276536
        0.0002677746   0.0001513262  -0.0003782597   0.0009974460  -0.0113051062
        0.0042804452   0.0005985573  -0.0007952768  -0.0004627757   0.0024318574
       -0.0009479866   0.0000098614   0.0151367682   0.0065804225   0.0046069945
        0.0471620911  -0.0571814880  -0.0929303012  -0.0010938912  -0.0008430312
       -0.0005807539  -0.0021795855  -0.0014172470  -0.0002505529  -0.0010677547
       -0.0017182327   0.0004837648   0.0000277799   0.0002380586   0.0000027590
        0.0001194823   0.0001114390   0.0003626273   0.0004802501   0.0023353649
       -0.0003977889   0.0028428037   0.0037617509  -0.0005629674   0.0001188375
       -0.0001876255  -0.0000210582
        0.0003387633  -0.0004832585   0.0013586188   0.0011934909  -0.0021291633
        0.0053582582  -0.0000146624  -0.0011038038   0.0008321004  -0.0436578196
       -0.0007401075  -0.0224072594   0.0573085631  -0.0034239263   0.0186537280
       -0.0078030102   0.0006971862  -0.0293906473  -0.0052734389  -0.0016198470
       -0.0020861751   0.0003437298  -0.0006186839  -0.0012392135  -0.0005585508
        0.0001798750   0.0002020159  -0.0001592852   0.0001808292  -0.0002492245
       -0.0000862832  -0.0001873341   0.0002296306   0.0001180197  -0.0005363453
       -0.0000545838  -0.0000000195  -0.0001042743   0.0001159060   0.0002518772
        0.0000746813   0.0005145844   0.0016409123   0.0016727179   0.0008454055
       -0.0037920333   0.0079344873   0.0262503469   0.0000939636   0.0002113257
       -0.0002392276  -0.0000270279   0.0001035058  -0.0001065680  -0.0000683141
       -0.0003881780  -0.0001734415   0.0000078560   0.0000239541  -0.0000834440
       -0.0001215719   0.0001432468  -0.0000161790   0.0004090157   0.0001666023
       -0.0001218844   0.0000457941   0.0000864413   0.0017110878  -0.0001899687
       -0.0001399308   0.0000961656
        0.0005972865   0.0010822025   0.0015018841   0.0003834700  -0.0064187951
        0.0283680511  -0.0010391071  -0.0053063308   0.0026678910  -0.0006646236
       -0.0411826398   0.0221655922  -0.0034239263   0.0550333956  -0.0158506051
       -0.0029966279   0.0015115665  -0.0076709575  -0.0014261652  -0.0003267898
       -0.0006404889   0.0002468322   0.0000312395   0.0002292451   0.0002683464
        0.0000156912  -0.0000933589   0.0002059880  -0.0002185827   0.0002578173
       -0.0002343041  -0.0000142862  -0.0001428938  -0.0000259708   0.0010899760
       -0.0010570813  -0.0001100779  -0.0000003403  -0.0000843815  -0.0003295644
       -0.0001419933  -0.0001699038   0.0005823306   0.0006443971  -0.0003801379
        0.0077680034  -0.0061152135  -0.0278952494   0.0004405308  -0.0000648907
       -0.0004080952   0.0002649294   0.0002279971  -0.0001777621  -0.0003754485
       -0.0004241134  -0.0004726048   0.0000392431  -0.0000126240   0.0001115817
       -0.0000089380   0.0000085569   0.0000360736   0.0001762095  -0.0000209879
        0.0000059450  -0.0002631788   0.0007080777  -0.0004031353  -0.0000752371
       -0.0001055127   0.0001025746
       -0.0005521535  -0.0007884574   0.0007353571  -0.0006307937   0.0051058713
       -0.0154232725   0.0004956819   0.0023325126  -0.0012323475  -0.0249544034
        0.0240618477  -0.2374075828   0.0186537280  -0.0158506051   0.2900626266
       -0.0056168523   0.0005314581  -0.0143216663  -0.0020737601  -0.0005404983
       -0.0008417845   0.0003498368   0.0000167353  -0.0001563694  -0.0002325147
        0.0000476379   0.0002666882   0.0001764439   0.0003533149  -0.0003667946
        0.0001408824  -0.0001342490   0.0000766191  -0.0010899865   0.0001760311
        0.0010133571   0.0000307701   0.0000688433   0.0001892392   0.0000420224
        0.0000113763   0.0002844773   0.0004846254   0.0000972654   0.0010082465
        0.0140612908  -0.0151687633  -0.0248869001   0.0003630161  -0.0000581300
        0.0002206927  -0.0002489941  -0.0002184011   0.0001108364   0.0003032606
        0.0001898984   0.0003253818  -0.0000201858  -0.0000986516  -0.0000144588
        0.0000228728   0.0000333379  -0.0000293787   0.0008076698   0.0001474197
        0.0001510221  -0.0004337622  -0.0003462571   0.0003815890  -0.0000786946
        0.0000304629  -0.0001455781
        0.0002224484  -0.0002758927   0.0002311930  -0.0064634265  -0.0111564952
       -0.0005076069   0.0002510234   0.0007135914  -0.0001483572  -0.1506912071
       -0.0211952615  -0.0353083366  -0.0078030102  -0.0029966279  -0.0056168523
        0.4756573876   0.0023275817   0.0080537264  -0.0439096023  -0.0006816227
       -0.0088961462  -0.1041151198   0.0447349332   0.0235259227  -0.0027898391
        0.0050108941   0.0037886561   0.0051597735   0.0017756912  -0.0015003304
        0.0000809840  -0.0006731119   0.0000825225  -0.0019987952   0.0017210154
       -0.0000733624   0.0001819182  -0.0032252026   0.0001918011  -0.0382209364
        0.0211914528   0.0036313575  -0.0722957096  -0.0128654404  -0.0044161041
       -0.0372959454   0.0028449313   0.0011570223  -0.0000201318  -0.0001437619
       -0.0000713686  -0.0000271128  -0.0000304380  -0.0000585469   0.0000294977
       -0.0000903987   0.0000977643   0.0002005641  -0.0005530779  -0.0000277754
       -0.0054378820  -0.0001237792  -0.0017857739  -0.0072404691  -0.0290025533
        0.0170953647  -0.0034572582   0.0027321839   0.0005201302  -0.0000171511
       -0.0000386112   0.0000351003
       -0.0011289131  -0.0044007806   0.0010609257  -0.0221706671  -0.0133949716
       -0.0041990885  -0.0002224458   0.0005188577  -0.0006532631  -0.0341113658
       -0.0623968750  -0.0100051489   0.0006971862   0.0015115665   0.0005314581
        0.0023275817   0.4359978535   0.0062716777  -0.0004396979  -0.0426218642
       -0.0369260384   0.0570120289  -0.1006712188  -0.0268701421   0.0028985482
       -0.0027027711  -0.0025890067   0.0098766496  -0.0263770231  -0.0031749238
        0.0005201927   0.0008109119  -0.0008892594   0.0021417592   0.0043697238
        0.0002351692  -0.0017092652  -0.0026257420   0.0014013791  -0.0025941020
        0.0040235216   0.0019632921  -0.0328060191  -0.1747405437   0.0702141330
        0.0250352247   0.0024376591   0.0018020091   0.0007554213   0.0003099324
        0.0000855422  -0.0010637085  -0.0006065649  -0.0003886775   0.0000374928
       -0.0000554316   0.0002000076   0.0006243770  -0.0010460007  -0.0001868836
       -0.0006275711  -0.0009295803  -0.0011011760  -0.0070860526  -0.0151122470
        0.0046342998   0.0019861698  -0.0023811975  -0.0014392108   0.0000471762
        0.0000827855   0.0000229252
       -0.0002299621   0.0013639603  -0.0001152755   0.0073673914   0.0020876893
        0.0024969054   0.0008068270   0.0010568524  -0.0000521169  -0.0342299221
       -0.0094745969  -0.0793080919  -0.0293906473  -0.0076709575  -0.0143216663
        0.0080537264   0.0062716777   0.5080403625  -0.0087155409  -0.0357243569
       -0.2386227226   0.0245694723  -0.0293257424  -0.0779805954   0.0198654152
       -0.0215422550  -0.0129018293  -0.0049071979   0.0055131462   0.0024357865
       -0.0002579630   0.0016621424  -0.0001873015  -0.0000007480  -0.0001251220
       -0.0000727654  -0.0003381446   0.0032986738  -0.0001749783  -0.0107797542
        0.0090854765   0.0041070233   0.0089386622   0.0797203829  -0.1001181268
        0.0165653982   0.0022993091   0.0043151598   0.0005239182   0.0000632855
       -0.0002205647   0.0004517842   0.0003107212   0.0003694398  -0.0000117535
        0.0000560108   0.0000720457  -0.0002798866   0.0002189600   0.0003193058
       -0.0020292935  -0.0005879453   0.0000597789   0.0026875706  -0.0064151709
        0.0021419127   0.0014377179  -0.0020830695  -0.0002360025  -0.0000970698
       -0.0000590717  -0.0000456833
       -0.0001078984  -0.0000726789   0.0001479889   0.0003898428   0.0004590000
       -0.0009183794  -0.0001600327  -0.0002844622   0.0001772992  -0.0058318379
       -0.0056182802  -0.0284901709  -0.0052734389  -0.0014261652  -0.0020737601
       -0.0439096023  -0.0004396979  -0.0087155409   0.0518886373   0.0033419476
        0.0072249237  -0.0011412651   0.0071707822   0.0204026460  -0.0025502894
        0.0028335790   0.0013553701   0.0002927188  -0.0004571838   0.0005431453
        0.0000712786   0.0000452389  -0.0000712645  -0.0006901877   0.0001086175
        0.0000201319  -0.0001231046  -0.0000422077  -0.0001118607   0.0017783458
       -0.0005909032  -0.0002483910   0.0020150074  -0.0039702816   0.0085916783
        0.0024994144  -0.0006884558   0.0004965434   0.0000745449  -0.0000272030
        0.0000483041  -0.0000389880  -0.0000143972   0.0000561712   0.0000621389
        0.0000426675   0.0001189758   0.0000544135   0.0000752799  -0.0000167856
        0.0001735279  -0.0001536681   0.0000899207   0.0003200853  -0.0003011963
        0.0017324540   0.0002331025   0.0000326872  -0.0002837185  -0.0000264130
       -0.0000230186  -0.0000756809
       -0.0001135631   0.0000431151   0.0000493283  -0.0000027517   0.0003967600
       -0.0008099657  -0.0003147647  -0.0003166861   0.0001990265  -0.0018737397
       -0.0003653898  -0.0087704588  -0.0016198470  -0.0003267898  -0.0005404983
       -0.0006816227  -0.0426218642  -0.0357243569   0.0033419476   0.0628400964
        0.0287302725   0.0020435960  -0.0056420413  -0.0219186412   0.0029262793
       -0.0029011368  -0.0014300710   0.0004632889   0.0004242596  -0.0018976513
        0.0001024294  -0.0006294187   0.0003972296   0.0001589088  -0.0001230848
        0.0003302744  -0.0003349303   0.0004107421   0.0005955871  -0.0014975522
        0.0004634015   0.0009011188  -0.0031026076  -0.0120946926   0.0379237155
        0.0006959944  -0.0000658070   0.0007595307   0.0001023607  -0.0000759393
        0.0000827134   0.0000214614  -0.0000263949   0.0000018500   0.0001034559
        0.0000021790   0.0001166311  -0.0000582617  -0.0001180513  -0.0000630941
       -0.0002372542   0.0001113433  -0.0001098549  -0.0002286445   0.0006808252
        0.0012834235   0.0001033358  -0.0000632556  -0.0000673921   0.0000024811
       -0.0000021700  -0.0000387170
        0.0000042606   0.0000378311   0.0001326616   0.0002651043   0.0002808986
       -0.0000499814  -0.0001552322  -0.0001607234   0.0002694426  -0.0043391082
       -0.0033162237  -0.0136798908  -0.0020861751  -0.0006404889  -0.0008417845
       -0.0088961462  -0.0369260384  -0.2386227226   0.0072249237   0.0287302725
        0.2916484747   0.0018727302  -0.0065588301  -0.0151066402   0.0016683963
       -0.0017153522  -0.0008214462  -0.0000118872   0.0004556748  -0.0002197086
        0.0000228430  -0.0002473904   0.0003691961  -0.0002270227  -0.0004839829
       -0.0000699839   0.0000195450   0.0000202571   0.0003145956  -0.0004225533
        0.0004749403   0.0010731064   0.0045034180   0.0188548230  -0.0270027109
        0.0007194250   0.0000125775   0.0012102418  -0.0000057503  -0.0000139446
        0.0000380006   0.0000111484  -0.0000131075   0.0000490559   0.0000997487
        0.0000316142   0.0000434798  -0.0000241046   0.0000491702  -0.0000020353
       -0.0004794786   0.0005730158   0.0000626493  -0.0004714697   0.0002063744
        0.0012557612   0.0006456930   0.0003127874  -0.0000466144   0.0000616919
        0.0000358455  -0.0000031468
       -0.0003775107   0.0000339550  -0.0003466091   0.0011969332   0.0000700223
        0.0011492671  -0.0004268059   0.0000294876  -0.0000647734  -0.0226956598
        0.0141490038   0.0056416243   0.0003437298   0.0002468322   0.0003498368
       -0.1041151198   0.0570120289   0.0245694723  -0.0011412651   0.0020435960
        0.0018727302   0.4548586402  -0.0075216309  -0.0016219382  -0.0392565911
        0.0020873295   0.0211436213  -0.0555225352  -0.0268710732   0.0133570161
        0.0014382810  -0.0014793469   0.0010343898  -0.0228312264  -0.0286181422
        0.0026172686   0.0019167446   0.0249083514  -0.0044150814  -0.1824070723
       -0.0294459134  -0.0550525709   0.0045846668  -0.0018372536  -0.0002031663
       -0.0049271352  -0.0014182390  -0.0012019248   0.0001747960   0.0000563532
        0.0000144004   0.0001329242   0.0001849194   0.0000044729  -0.0000485978
       -0.0000111703   0.0001100521  -0.0022721085   0.0025254108   0.0013283545
       -0.0283624727  -0.0052226457  -0.0096915295   0.0008150785  -0.0017163090
       -0.0008425487  -0.0010451654   0.0007867610   0.0002444236  -0.0000325283
        0.0000076731   0.0000032125
        0.0001597134  -0.0003844945  -0.0001230817  -0.0004018877   0.0010433574
        0.0004886886  -0.0001770836  -0.0000280828   0.0000005458   0.0008113994
        0.0037400215   0.0014812213  -0.0006186839   0.0000312395   0.0000167353
        0.0447349332  -0.1006712188  -0.0293257424   0.0071707822  -0.0056420413
       -0.0065588301  -0.0075216309   0.4610744413   0.0133323077   0.0029372966
       -0.0440346205  -0.0073867123  -0.0171662337  -0.1357283949   0.0376953306
       -0.0021621943  -0.0037054613   0.0043766049  -0.0103653847  -0.0084825856
       -0.0002082276   0.0006810576  -0.0394499996   0.0051134922  -0.0520181120
       -0.0817942630  -0.0365531026   0.0164679195  -0.0510914641   0.0056365589
       -0.0028517522   0.0006836666   0.0003251264  -0.0000929496   0.0000414166
        0.0000782209  -0.0000626653   0.0000284533  -0.0000047462  -0.0000188743
        0.0000088668   0.0000691674   0.0019906835  -0.0039246585   0.0000380437
        0.0182742180   0.0080773557   0.0111657297   0.0005642692  -0.0000080671
        0.0002917670  -0.0003596351   0.0002341240   0.0000614056   0.0000248148
       -0.0000175909  -0.0000105030
        0.0002670968   0.0000823569   0.0000778703   0.0006140365  -0.0007350398
        0.0010111590  -0.0002347242   0.0002731506  -0.0003453649  -0.0035216544
        0.0043136949   0.0018402758  -0.0012392135   0.0002292451  -0.0001563694
        0.0235259227  -0.0268701421  -0.0779805954   0.0204026460  -0.0219186412
       -0.0151066402  -0.0016219382   0.0133323077   0.5116809498   0.0198727353
       -0.0086417975  -0.2474184716   0.0155016601   0.0430931532  -0.0852626402
        0.0095165443   0.0271270555  -0.0189908820  -0.0090367057  -0.0111918541
        0.0047345467  -0.0027005144  -0.0117659054   0.0051669664  -0.0650712866
       -0.0294760198  -0.0857898672  -0.0081946079   0.0183642129   0.0036094344
       -0.0025769485   0.0001887849   0.0002949593  -0.0004062169  -0.0000268216
       -0.0001165023  -0.0000716977  -0.0000544092  -0.0000457553  -0.0001593646
       -0.0000142548  -0.0000476841   0.0014397491  -0.0013213672   0.0005193488
        0.0040247073   0.0056094698   0.0010966910  -0.0005062370  -0.0009210504
        0.0008447270   0.0001032174   0.0002996846   0.0003324759   0.0000727940
        0.0000241871   0.0000513682
       -0.0001735389   0.0000277720   0.0001246541  -0.0003920777  -0.0000464763
        0.0003173875   0.0000973769   0.0000941413  -0.0002391197   0.0004981659
        0.0002920741   0.0012051850  -0.0005585508   0.0002683464  -0.0002325147
       -0.0027898391   0.0028985482   0.0198654152  -0.0025502894   0.0029262793
        0.0016683963  -0.0392565911   0.0029372966   0.0198727353   0.0580749143
        0.0016150193  -0.0117277965   0.0003134736  -0.0010852148   0.0089790419
       -0.0004496188  -0.0016464642   0.0007808572   0.0008602078   0.0009211751
       -0.0001853491  -0.0001219360   0.0004661323  -0.0005303746  -0.0144583340
       -0.0075218141  -0.0365755610   0.0006641955  -0.0018342741  -0.0007674642
        0.0002771253  -0.0002884358  -0.0005657954   0.0001220813  -0.0000227439
       -0.0000789208   0.0000310384   0.0000318565  -0.0000066932  -0.0001286374
       -0.0000104447  -0.0000555866  -0.0000494217   0.0000671603   0.0000285618
        0.0002409647   0.0001091738  -0.0018070010  -0.0000624811  -0.0000919416
       -0.0001595594  -0.0001178347  -0.0000657197   0.0000418008  -0.0000703930
       -0.0000414462   0.0000477012
       -0.0000707520  -0.0000318855   0.0000390382  -0.0001028153   0.0000550930
        0.0000517420   0.0001665274  -0.0002208127  -0.0000028675  -0.0004176660
        0.0001183468  -0.0003526201   0.0001798750   0.0000156912   0.0000476379
        0.0050108941  -0.0027027711  -0.0215422550   0.0028335790  -0.0029011368
       -0.0017153522   0.0020873295  -0.0440346205  -0.0086417975   0.0016150193
        0.0514362825   0.0132627846  -0.0041158832  -0.0029292950   0.0287574128
       -0.0016925107  -0.0050179954   0.0027732283   0.0012033397   0.0012082527
       -0.0008000018  -0.0004273283   0.0021685893  -0.0007421041  -0.0055292288
        0.0002916960  -0.0122118454  -0.0012529474   0.0022935658   0.0003629071
       -0.0000849411  -0.0001140903   0.0001591788   0.0000861579  -0.0000409316
       -0.0000340739  -0.0000133918  -0.0000248968   0.0000356426  -0.0000382467
       -0.0000090832  -0.0000079369  -0.0000300743   0.0002145307   0.0001391882
        0.0002924489   0.0006689183   0.0009180941   0.0002165346  -0.0005308804
       -0.0005160009   0.0000937602   0.0000761996   0.0000114531  -0.0000096802
        0.0000112336   0.0000085477
       -0.0000137278  -0.0000054726  -0.0000351767   0.0003041359   0.0003206527
       -0.0002976648  -0.0002065170  -0.0000168987   0.0000613843  -0.0002730249
        0.0001880896  -0.0001095323   0.0002020159  -0.0000933589   0.0002666882
        0.0037886561  -0.0025890067  -0.0129018293   0.0013553701  -0.0014300710
       -0.0008214462   0.0211436213  -0.0073867123  -0.2474184716  -0.0117277965
        0.0132627846   0.2974537518   0.0035251662   0.0035043888  -0.0191423169
        0.0008449189   0.0027504100  -0.0015066736   0.0003626321  -0.0008698105
        0.0012808473  -0.0000780241  -0.0008866452   0.0012219643  -0.0178399800
       -0.0064194185  -0.0207240557  -0.0009824442   0.0007713443   0.0012662066
       -0.0001059015   0.0000953426   0.0003110467  -0.0000694480   0.0000087238
        0.0000753342  -0.0000529465  -0.0000179533  -0.0000131452   0.0000351105
       -0.0000178185   0.0000583925  -0.0002367114  -0.0006128565  -0.0000014755
        0.0000201512  -0.0004550030   0.0012260918   0.0000389861  -0.0001577049
       -0.0002568642  -0.0000263823   0.0000353858  -0.0000189973  -0.0000078602
        0.0000216083   0.0000259416
       -0.0024831177   0.0006149213  -0.0004540866  -0.0348496827   0.0091949180
        0.0005723486   0.0015615302  -0.0005884472  -0.0011385232   0.0011562817
        0.0015386180  -0.0009045847  -0.0001592852   0.0002059880   0.0001764439
        0.0051597735   0.0098766496  -0.0049071979   0.0002927188   0.0004632889
       -0.0000118872  -0.0555225352  -0.0171662337   0.0155016601   0.0003134736
       -0.0041158832   0.0035251662   0.4103540389  -0.0042765850  -0.0212347420
       -0.0344671588  -0.0031042473   0.0080321654  -0.1399610714  -0.0390546083
       -0.0465092770  -0.1288468729   0.0721738820   0.0545594341  -0.0241130221
       -0.0300670512   0.0008512343  -0.0021455000   0.0078466596  -0.0004078842
        0.0011485607  -0.0021018335  -0.0000322962  -0.0000207895  -0.0004380372
       -0.0002147145  -0.0002924215   0.0001221417   0.0000903265  -0.0003547413
        0.0001285013   0.0000669057   0.0062747144  -0.0002444685  -0.0079950916
       -0.0015028091  -0.0012166066   0.0007761274  -0.0006113413  -0.0003466283
       -0.0002279237  -0.0007334486   0.0002522863  -0.0002447954  -0.0001972946
        0.0003027753   0.0001311919
        0.0017748640  -0.0016182587  -0.0009080071   0.0192211202   0.0043650336
        0.0077890419   0.0012290260   0.0002030047   0.0000915172   0.0014209711
        0.0007306456   0.0005827992   0.0001808292  -0.0002185827   0.0003533149
        0.0017756912  -0.0263770231   0.0055131462  -0.0004571838   0.0004242596
        0.0004556748  -0.0268710732  -0.1357283949   0.0430931532  -0.0010852148
       -0.0029292950   0.0035043888  -0.0042765850   0.4729311907   0.0166833668
       -0.0040968954  -0.0435491268   0.0079173778  -0.0616084140  -0.0826620305
       -0.0361178930   0.0573330780  -0.1474304197  -0.0358360016  -0.0106014141
       -0.0101608031   0.0001382114   0.0026976709  -0.0010889205  -0.0012163840
       -0.0009058208   0.0006016526   0.0002315921   0.0006861783   0.0001397805
        0.0004253009  -0.0003175286   0.0000019791   0.0000602752   0.0000537112
        0.0001043767   0.0002223451   0.0237412284  -0.0285380353  -0.0116739776
        0.0002339635   0.0014230451  -0.0009467607  -0.0003951843  -0.0003677924
       -0.0001205826   0.0000896443  -0.0001471771  -0.0000879315   0.0001773378
       -0.0001091085  -0.0001539672
        0.0001284433  -0.0015438587  -0.0003278613   0.0044977478   0.0076659130
        0.0021005553   0.0045367936  -0.0009397675   0.0014544304  -0.0009037042
        0.0003199090   0.0012276536  -0.0002492245   0.0002578173  -0.0003667946
       -0.0015003304  -0.0031749238   0.0024357865   0.0005431453  -0.0018976513
       -0.0002197086   0.0133570161   0.0376953306  -0.0852626402   0.0089790419
        0.0287574128  -0.0191423169  -0.0212347420   0.0166833668   0.4754003820
        0.0048191831   0.0066103350  -0.2143711902  -0.0542169788  -0.0291464157
       -0.0840891203   0.0528386810  -0.0459695476  -0.0847794962  -0.0083154261
       -0.0124756165   0.0039718591   0.0003162377  -0.0034394831   0.0008303009
        0.0012921317  -0.0009598668  -0.0009746536   0.0014007613   0.0001837585
       -0.0000334116   0.0001782932   0.0002365990   0.0000005766  -0.0003449210
        0.0002687829  -0.0001621476  -0.0065816582   0.0008276322   0.0006813304
        0.0010749149   0.0000174316   0.0014344313  -0.0000567174   0.0002518750
        0.0000582431  -0.0005053557  -0.0000662897   0.0000846339  -0.0000533328
       -0.0001627429   0.0000491577
       -0.0002865579   0.0001034835   0.0002225259   0.0015691198  -0.0018743189
       -0.0038690670   0.0002695477  -0.0000191968   0.0014349612  -0.0002100527
        0.0000780273   0.0002677746  -0.0000862832  -0.0002343041   0.0001408824
        0.0000809840   0.0005201927  -0.0002579630   0.0000712786   0.0001024294
        0.0000228430   0.0014382810  -0.0021621943   0.0095165443  -0.0004496188
       -0.0016925107   0.0008449189  -0.0344671588  -0.0040968954   0.0048191831
        0.0597272349  -0.0018004342  -0.0046227711  -0.0184363988  -0.0033384001
       -0.0365152951  -0.0104563373   0.0137435243   0.0275232724   0.0006841109
        0.0013765613  -0.0004456575  -0.0001395791  -0.0002435823  -0.0000192600
       -0.0000031265  -0.0000147845   0.0000462119   0.0000095006   0.0001173894
        0.0000959379   0.0000746724   0.0001294749  -0.0000784147   0.0001181755
        0.0000115057   0.0002346142   0.0007810726  -0.0004230137   0.0002019769
       -0.0002366990  -0.0002788836   0.0004900529   0.0000427368  -0.0000237166
        0.0000864607  -0.0000403983   0.0000256048  -0.0000606677  -0.0000545046
       -0.0000059582  -0.0000790640
       -0.0000160125   0.0000460496   0.0000599149   0.0000060868   0.0008703878
        0.0008532357  -0.0000566900   0.0000303421   0.0000217741  -0.0000164718
       -0.0001011406   0.0001513262  -0.0001873341  -0.0000142862  -0.0001342490
       -0.0006731119   0.0008109119   0.0016621424   0.0000452389  -0.0006294187
       -0.0002473904  -0.0014793469  -0.0037054613   0.0271270555  -0.0016464642
       -0.0050179954   0.0027504100  -0.0031042473  -0.0435491268   0.0066103350
       -0.0018004342   0.0568377358   0.0063293922  -0.0054652604   0.0014459231
       -0.0125237562   0.0129071001  -0.0086151698  -0.0288086314   0.0009919962
        0.0014974443  -0.0013295769   0.0002222954   0.0001192652  -0.0006644874
       -0.0000854188   0.0000166583  -0.0001450835   0.0000129504  -0.0000627886
       -0.0000353012  -0.0000334022  -0.0000360006  -0.0000904118  -0.0000061523
       -0.0000572828  -0.0000146417   0.0002715796   0.0002617667  -0.0019168449
        0.0000336210  -0.0001641099   0.0000862091  -0.0000074178   0.0000133159
        0.0001601760   0.0000856902   0.0000030615   0.0000968381   0.0000012059
       -0.0000000815   0.0000015654
        0.0001861770   0.0001309820   0.0002297566   0.0008617372  -0.0002458276
        0.0013005718  -0.0012294022   0.0006415394   0.0001580268  -0.0001657984
        0.0000330994  -0.0003782597   0.0002296306  -0.0001428938   0.0000766191
        0.0000825225  -0.0008892594  -0.0001873015  -0.0000712645   0.0003972296
        0.0003691961   0.0010343898   0.0043766049  -0.0189908820   0.0007808572
        0.0027732283  -0.0015066736   0.0080321654   0.0079173778  -0.2143711902
       -0.0046227711   0.0063293922   0.2733516620  -0.0211012705  -0.0061875886
       -0.0243121805   0.0151854588  -0.0148484748  -0.0191859276   0.0004430079
       -0.0010441667   0.0017777568   0.0000077184   0.0001054835   0.0003981045
       -0.0001074859   0.0000635212   0.0002665418  -0.0001403573   0.0000950451
        0.0001332673   0.0001203952   0.0000997538  -0.0001056934   0.0002055059
       -0.0000574200   0.0001583541   0.0000640951   0.0004747427   0.0012662771
        0.0000382048   0.0000945590  -0.0003370643   0.0000066640  -0.0000702957
       -0.0000802622   0.0000965274  -0.0000350168  -0.0000171401   0.0000632928
       -0.0000116153  -0.0000135590
       -0.0335894052   0.0234061261   0.0101609718  -0.1199547322   0.0701331556
        0.0326553327  -0.0112956631   0.0114394158   0.0141009815  -0.0014986606
        0.0056851458   0.0009974460   0.0001180197  -0.0000259708  -0.0010899865
       -0.0019987952   0.0021417592  -0.0000007480  -0.0006901877   0.0001589088
       -0.0002270227  -0.0228312264  -0.0103653847  -0.0090367057   0.0008602078
        0.0012033397   0.0003626321  -0.1399610714  -0.0616084140  -0.0542169788
       -0.0184363988  -0.0054652604  -0.0211012705   0.4131631408  -0.0474347201
        0.0285531837  -0.0521330388   0.0173261172  -0.0008927782  -0.0085741971
       -0.0087863732   0.0005755110   0.0004331270  -0.0004281723  -0.0001851593
       -0.0021063420   0.0041513995  -0.0000315654  -0.0090316950  -0.0028441741
       -0.0041426828   0.0016320900   0.0003733380   0.0006439068   0.0017241863
        0.0001423411   0.0001299228   0.0029461706  -0.0002311824   0.0019243010
        0.0010873749   0.0000452167  -0.0004061710   0.0003783936   0.0002627599
        0.0002251786   0.0010726386  -0.0001820447   0.0005347542  -0.0013139356
        0.0009026733   0.0004669466
        0.0002976624   0.0045737097   0.0023599177   0.0532929232  -0.1330129756
       -0.0473407032   0.0092332163  -0.0062252678  -0.0136743382   0.0254493220
       -0.0259416596  -0.0113051062  -0.0005363453   0.0010899760   0.0001760311
        0.0017210154   0.0043697238  -0.0001251220   0.0001086175  -0.0001230848
       -0.0004839829  -0.0286181422  -0.0084825856  -0.0111918541   0.0009211751
        0.0012082527  -0.0008698105  -0.0390546083  -0.0826620305  -0.0291464157
       -0.0033384001   0.0014459231  -0.0061875886  -0.0474347201   0.2673960376
        0.1135294471   0.0365948846  -0.0005519793   0.0032642816  -0.0087241890
       -0.0100155899   0.0005858614  -0.0000495711  -0.0000322764   0.0002598845
        0.0039387191  -0.0165926548  -0.0005846630  -0.0025127936   0.0009662192
       -0.0005766292   0.0002983540   0.0006788257  -0.0001355430  -0.0006694872
       -0.0001188731  -0.0000872006  -0.0001706149   0.0013392150   0.0010855452
        0.0005589866   0.0000700989   0.0001680500   0.0000725177   0.0003072314
       -0.0000911764  -0.0012029482   0.0001755274   0.0001127501  -0.0001755739
        0.0001382370   0.0002583646
       -0.0069357045   0.0067365313   0.0047998077   0.0247370168  -0.0477328360
       -0.0771383577   0.0265129370  -0.0257075265  -0.0169633610  -0.0028592759
        0.0005441599   0.0042804452  -0.0000545838  -0.0010570813   0.0010133571
       -0.0000733624   0.0002351692  -0.0000727654   0.0000201319   0.0003302744
       -0.0000699839   0.0026172686  -0.0002082276   0.0047345467  -0.0001853491
       -0.0008000018   0.0012808473  -0.0465092770  -0.0361178930  -0.0840891203
       -0.0365152951  -0.0125237562  -0.0243121805   0.0285531837   0.1135294471
        0.1749125520   0.0135470693   0.0008705269   0.0083660954   0.0007852787
        0.0008595887   0.0015266208  -0.0001429221  -0.0000858292   0.0003041270
       -0.0002617647   0.0008681328   0.0015341019  -0.0039771245  -0.0006297186
        0.0001524712  -0.0003597282   0.0000330493  -0.0001892929   0.0006747261
       -0.0000489977   0.0008937525   0.0005349658   0.0000999974  -0.0000260097
        0.0000004042   0.0001972672  -0.0004925707   0.0001031318  -0.0000668654
       -0.0000805137   0.0000314169   0.0001914674  -0.0004471532  -0.0002431437
        0.0004831218   0.0000825842
       -0.0011265417   0.0019722100   0.0010522435  -0.0082142525  -0.0042885280
       -0.0057663171   0.0004104672  -0.0002819410  -0.0002172985   0.0003840147
       -0.0009042236   0.0005985573  -0.0000000195  -0.0001100779   0.0000307701
        0.0001819182  -0.0017092652  -0.0003381446  -0.0001231046  -0.0003349303
        0.0000195450   0.0019167446   0.0006810576  -0.0027005144  -0.0001219360
       -0.0004273283  -0.0000780241  -0.1288468729   0.0573330780   0.0528386810
       -0.0104563373   0.0129071001   0.0151854588  -0.0521330388   0.0365948846
        0.0135470693   0.2801426910   0.0153722113  -0.1241333127   0.0016641918
       -0.0011313741   0.0012151429   0.0001209274   0.0000181399  -0.0001173964
       -0.0003286590   0.0006312991  -0.0000446275  -0.0012805569   0.0000539317
       -0.0002193438   0.0000804017   0.0002224714   0.0000144040   0.0000435947
        0.0000306818   0.0001509634  -0.0828734451  -0.1173252435   0.0494595013
        0.0004850896   0.0008114595  -0.0004944076   0.0001377955   0.0000038300
        0.0000170721   0.0002300352  -0.0001436457   0.0000360758  -0.0002931072
        0.0000242027  -0.0000560978
        0.0002572683  -0.0006687017  -0.0004187813   0.0007382832   0.0026267832
        0.0023502831  -0.0007345310   0.0000849819   0.0001253088  -0.0009657154
        0.0007395389  -0.0007952768  -0.0001042743  -0.0000003403   0.0000688433
       -0.0032252026  -0.0026257420   0.0032986738  -0.0000422077   0.0004107421
        0.0000202571   0.0249083514  -0.0394499996  -0.0117659054   0.0004661323
        0.0021685893  -0.0008866452   0.0721738820  -0.1474304197  -0.0459695476
        0.0137435243  -0.0086151698  -0.0148484748   0.0173261172  -0.0005519793
        0.0008705269   0.0153722113   0.5368345071  -0.0192788646   0.0010098272
       -0.0002555882  -0.0002672989   0.0010386254  -0.0048361159   0.0008091044
        0.0000219809  -0.0003654434   0.0000951607   0.0003016949   0.0000122400
        0.0000334814  -0.0000413791  -0.0000951428  -0.0000970309  -0.0000580367
       -0.0001062249  -0.0000019578  -0.1417687567  -0.3398880176   0.0862124475
       -0.0007619568   0.0014896654   0.0002758672   0.0001699691   0.0002019654
        0.0000370247   0.0000307209   0.0002207699   0.0000429413   0.0001434718
        0.0000991020   0.0000898632
        0.0001045811  -0.0000752793   0.0000046937  -0.0004733949   0.0002697432
        0.0005031493  -0.0006903510   0.0002016311   0.0004119974  -0.0001039467
        0.0001117018  -0.0004627757   0.0001159060  -0.0000843815   0.0001892392
        0.0001918011   0.0014013791  -0.0001749783  -0.0001118607   0.0005955871
        0.0003145956  -0.0044150814   0.0051134922   0.0051669664  -0.0005303746
       -0.0007421041   0.0012219643   0.0545594341  -0.0358360016  -0.0847794962
        0.0275232724  -0.0288086314  -0.0191859276  -0.0008927782   0.0032642816
        0.0083660954  -0.1241333127  -0.0192788646   0.1206546213  -0.0003026915
       -0.0008203456   0.0012467139  -0.0001643398   0.0004440707   0.0004714360
       -0.0000660593   0.0001052258   0.0004330983  -0.0002737013   0.0000791812
        0.0002146877  -0.0000015170  -0.0000011781  -0.0001139021   0.0001309956
       -0.0000361310   0.0001389461   0.0494074358   0.0735476558  -0.0333153840
        0.0000405949   0.0004434262  -0.0011437580   0.0000131454   0.0000197658
       -0.0001395512  -0.0000002952   0.0000295319  -0.0000438165   0.0000725380
        0.0000562439   0.0000213850
        0.0000810757   0.0004783219   0.0002514278   0.0012131104  -0.0000111527
       -0.0015069428   0.0001514503   0.0000259020   0.0001619958  -0.0008151483
        0.0042787903   0.0024318574   0.0002518772  -0.0003295644   0.0000420224
       -0.0382209364  -0.0025941020  -0.0107797542   0.0017783458  -0.0014975522
       -0.0004225533  -0.1824070723  -0.0520181120  -0.0650712866  -0.0144583340
       -0.0055292288  -0.0178399800  -0.0241130221  -0.0106014141  -0.0083154261
        0.0006841109   0.0009919962   0.0004430079  -0.0085741971  -0.0087241890
        0.0007852787   0.0016641918   0.0010098272  -0.0003026915   0.4578277347
       -0.1191358538   0.0311906351   0.0004236366  -0.0005027391  -0.0004776527
       -0.0029480389   0.0004283180   0.0002422668  -0.0000784566  -0.0000569926
        0.0001098543   0.0000664795   0.0000179420   0.0000278324   0.0001430032
        0.0000376670   0.0000945072   0.0003139451   0.0008391318   0.0000121978
       -0.1938953074   0.1925026775   0.0684969039   0.0012606855   0.0003396632
        0.0004701422  -0.0001847591   0.0001786542   0.0000779386  -0.0001643745
       -0.0001279909  -0.0001215814
       -0.0001248885   0.0001311185   0.0000719586   0.0005887580  -0.0004465597
       -0.0002933331   0.0000483249  -0.0000321383  -0.0000108958   0.0026643526
       -0.0026326261  -0.0009479866   0.0000746813  -0.0001419933   0.0000113763
        0.0211914528   0.0040235216   0.0090854765  -0.0005909032   0.0004634015
        0.0004749403  -0.0294459134  -0.0817942630  -0.0294760198  -0.0075218141
        0.0002916960  -0.0064194185  -0.0300670512  -0.0101608031  -0.0124756165
        0.0013765613   0.0014974443  -0.0010441667  -0.0087863732  -0.0100155899
        0.0008595887  -0.0011313741  -0.0002555882  -0.0008203456  -0.1191358538
        0.3221287531   0.1335401897   0.0018779406   0.0018294614  -0.0009708453
        0.0013104729   0.0002774265  -0.0000256609  -0.0000977295   0.0001295738
       -0.0000223226   0.0000669403   0.0000605935  -0.0000621637   0.0000276567
       -0.0000438388   0.0000543926  -0.0002702137   0.0008367520   0.0003710372
        0.1687784259  -0.2269986862  -0.0920637427  -0.0012036870   0.0010077733
        0.0001542522   0.0003926101  -0.0001773250   0.0000140019  -0.0000223756
        0.0000218961  -0.0000046961
        0.0000269996   0.0000557012   0.0000075305   0.0000605824   0.0002817187
       -0.0007057113  -0.0000530978  -0.0000967289   0.0001908469   0.0012273749
       -0.0007157637   0.0000098614   0.0005145844  -0.0001699038   0.0002844773
        0.0036313575   0.0019632921   0.0041070233  -0.0002483910   0.0009011188
        0.0010731064  -0.0550525709  -0.0365531026  -0.0857898672  -0.0365755610
       -0.0122118454  -0.0207240557   0.0008512343   0.0001382114   0.0039718591
       -0.0004456575  -0.0013295769   0.0017777568   0.0005755110   0.0005858614
        0.0015266208   0.0012151429  -0.0002672989   0.0012467139   0.0311906351
        0.1335401897   0.1353107717  -0.0008107851   0.0006757375   0.0010149972
        0.0000225346   0.0000673804   0.0004908014  -0.0000180781  -0.0000467030
        0.0001748681  -0.0000333999  -0.0000309259   0.0000457666   0.0001060350
       -0.0000075981   0.0001024629  -0.0001603781   0.0000876159  -0.0004642589
        0.0533480615  -0.0864195325  -0.0426466208   0.0005049246  -0.0004833806
       -0.0009101031   0.0001254057   0.0000155168  -0.0001059185  -0.0000024645
        0.0000200167   0.0000110711
       -0.0002236035  -0.0014977124   0.0007138398  -0.0069724613  -0.0006148537
       -0.0020255450   0.0000275436   0.0001281396  -0.0001609419  -0.0133286877
       -0.0335068585   0.0151367682   0.0016409123   0.0005823306   0.0004846254
       -0.0722957096  -0.0328060191   0.0089386622   0.0020150074  -0.0031026076
        0.0045034180   0.0045846668   0.0164679195  -0.0081946079   0.0006641955
       -0.0012529474  -0.0009824442  -0.0021455000   0.0026976709   0.0003162377
       -0.0001395791   0.0002222954   0.0000077184   0.0004331270  -0.0000495711
       -0.0001429221   0.0001209274   0.0010386254  -0.0001643398   0.0004236366
        0.0018779406  -0.0008107851   0.4413483128   0.1300769806   0.1077177431
        0.0010924653  -0.0005137766  -0.0000764558   0.0002853529  -0.0000947204
       -0.0000062576  -0.0004670464  -0.0003221128  -0.0001898426   0.0000189173
        0.0000198014   0.0000084714  -0.0000196472   0.0003744000  -0.0000086853
        0.0003557390   0.0001758795   0.0002769934  -0.3578689942  -0.0798391693
       -0.1251098976   0.0006020267   0.0000729132  -0.0001566808  -0.0001516016
       -0.0001345479  -0.0000750721
       -0.0001214044  -0.0008351770   0.0004972792  -0.0034283346   0.0011812588
       -0.0021154443   0.0003506434   0.0001004796   0.0001164982  -0.0120036782
       -0.0203703025   0.0065804225   0.0016727179   0.0006443971   0.0000972654
       -0.0128654404  -0.1747405437   0.0797203829  -0.0039702816  -0.0120946926
        0.0188548230  -0.0018372536  -0.0510914641   0.0183642129  -0.0018342741
        0.0022935658   0.0007713443   0.0078466596  -0.0010889205  -0.0034394831
       -0.0002435823   0.0001192652   0.0001054835  -0.0004281723  -0.0000322764
       -0.0000858292   0.0000181399  -0.0048361159   0.0004440707  -0.0005027391
        0.0018294614   0.0006757375   0.1300769806   0.3072589234  -0.0994269179
        0.0001101055   0.0017589081   0.0001542552   0.0001225218   0.0001238065
       -0.0000078469  -0.0002099916  -0.0001532570  -0.0001341809   0.0000667268
       -0.0000129863   0.0000535744   0.0002177510  -0.0005244746  -0.0000282208
       -0.0007621218   0.0006011346  -0.0001351136  -0.1027667611  -0.0502482220
       -0.0211088732   0.0006243063   0.0002384238   0.0001387849  -0.0001325175
       -0.0001211917  -0.0000922247
        0.0000232030  -0.0002026861   0.0000378214  -0.0010869884  -0.0009579325
        0.0001566871  -0.0003117065  -0.0004048514   0.0002608809   0.0010584689
       -0.0028628925   0.0046069945   0.0008454055  -0.0003801379   0.0010082465
       -0.0044161041   0.0702141330  -0.1001181268   0.0085916783   0.0379237155
       -0.0270027109  -0.0002031663   0.0056365589   0.0036094344  -0.0007674642
        0.0003629071   0.0012662066  -0.0004078842  -0.0012163840   0.0008303009
       -0.0000192600  -0.0006644874   0.0003981045  -0.0001851593   0.0002598845
        0.0003041270  -0.0001173964   0.0008091044   0.0004714360  -0.0004776527
       -0.0009708453   0.0010149972   0.1077177431  -0.0994269179   0.1660321234
        0.0000956090  -0.0000471898   0.0007849122  -0.0000478104   0.0000769248
        0.0001487675  -0.0000954945  -0.0000481125   0.0000371593   0.0001023793
       -0.0000161281   0.0001030214  -0.0000270873  -0.0000315782  -0.0000389488
        0.0002133800   0.0001412919  -0.0003916049  -0.1104979554  -0.0084547779
       -0.0533324826  -0.0000448526   0.0002058134  -0.0001923922   0.0000581153
        0.0000545879   0.0000050453
       -0.0010695478  -0.0004814912  -0.0003328586  -0.0010563218   0.0074842016
        0.0021103904  -0.0001494971  -0.0005353618  -0.0004133158  -0.1200322909
        0.0683994957   0.0471620911  -0.0037920333   0.0077680034   0.0140612908
       -0.0372959454   0.0250352247   0.0165653982   0.0024994144   0.0006959944
        0.0007194250  -0.0049271352  -0.0028517522  -0.0025769485   0.0002771253
       -0.0000849411  -0.0001059015   0.0011485607  -0.0009058208   0.0012921317
       -0.0000031265  -0.0000854188  -0.0001074859  -0.0021063420   0.0039387191
       -0.0002617647  -0.0003286590   0.0000219809  -0.0000660593  -0.0029480389
        0.0013104729   0.0000225346   0.0010924653   0.0001101055   0.0000956090
        0.5095467443   0.0397605676  -0.0313380006  -0.0058774852  -0.0084031565
       -0.0021979306   0.0001551679   0.0002059940   0.0003430872  -0.0003603733
        0.0000205826  -0.0000298651   0.0001785721   0.0000065977  -0.0000587246
       -0.0004713296   0.0001079186  -0.0001335456   0.0005227239   0.0003207754
       -0.0000562187  -0.3351982789  -0.1403538167  -0.0450242614   0.0001956312
       -0.0014848748   0.0003309231
       -0.0003276681   0.0018477894   0.0013130873   0.0250684941  -0.0303615386
       -0.0178133008   0.0002137925   0.0027804575  -0.0012717384   0.0455282305
       -0.1367687034  -0.0571814880   0.0079344873  -0.0061152135  -0.0151687633
        0.0028449313   0.0024376591   0.0022993091  -0.0006884558  -0.0000658070
        0.0000125775  -0.0014182390   0.0006836666   0.0001887849  -0.0002884358
       -0.0001140903   0.0000953426  -0.0021018335   0.0006016526  -0.0009598668
       -0.0000147845   0.0000166583   0.0000635212   0.0041513995  -0.0165926548
        0.0008681328   0.0006312991  -0.0003654434   0.0001052258   0.0004283180
        0.0002774265   0.0000673804  -0.0005137766   0.0017589081  -0.0000471898
        0.0397605676   0.2689465337   0.1239301016  -0.0050658247  -0.0057696713
       -0.0023219289   0.0004350483  -0.0001934475  -0.0000466802   0.0002164551
       -0.0000683680  -0.0002052577  -0.0001118408   0.0002411234  -0.0000973371
       -0.0002427073  -0.0000025203   0.0000586377  -0.0000156134  -0.0000629295
       -0.0002521858  -0.1163970229  -0.0818963423  -0.0338666855  -0.0000268208
       -0.0012151451   0.0002303216
        0.0001300782   0.0003663504  -0.0002478134   0.0004796429  -0.0004533820
        0.0028473138  -0.0003647188  -0.0007651569   0.0014612445   0.0372022283
       -0.0649978737  -0.0929303012   0.0262503469  -0.0278952494  -0.0248869001
        0.0011570223   0.0018020091   0.0043151598   0.0004965434   0.0007595307
        0.0012102418  -0.0012019248   0.0003251264   0.0002949593  -0.0005657954
        0.0001591788   0.0003110467  -0.0000322962   0.0002315921  -0.0009746536
        0.0000462119  -0.0001450835   0.0002665418  -0.0000315654  -0.0005846630
        0.0015341019  -0.0000446275   0.0000951607   0.0004330983   0.0002422668
       -0.0000256609   0.0004908014  -0.0000764558   0.0001542552   0.0007849122
       -0.0313380006   0.1239301016   0.1237599281  -0.0006914497  -0.0009072241
        0.0023047416   0.0000515770  -0.0002213406  -0.0000962499   0.0002829700
        0.0002470044   0.0002245271  -0.0000406946  -0.0000188163  -0.0000109779
       -0.0000806451   0.0000709967  -0.0001035595   0.0002192061  -0.0001356636
       -0.0002043085  -0.0322304397  -0.0322316181  -0.0204869336   0.0001405197
        0.0002404260  -0.0002969208
       -0.1479209918   0.0770296747   0.0452341787  -0.0318728776   0.0178463865
        0.0108189451   0.0018205051   0.0004108319   0.0003961056   0.0017056518
        0.0005666591  -0.0010938912   0.0000939636   0.0004405308   0.0003630161
       -0.0000201318   0.0007554213   0.0005239182   0.0000745449   0.0001023607
       -0.0000057503   0.0001747960  -0.0000929496  -0.0004062169   0.0001220813
        0.0000861579  -0.0000694480  -0.0000207895   0.0006861783   0.0014007613
        0.0000095006   0.0000129504  -0.0001403573  -0.0090316950  -0.0025127936
       -0.0039771245  -0.0012805569   0.0003016949  -0.0002737013  -0.0000784566
       -0.0000977295  -0.0000180781   0.0002853529   0.0001225218  -0.0000478104
       -0.0058774852  -0.0050658247  -0.0006914497   0.5146890461   0.0149238180
        0.0749451032  -0.0070167580   0.0155299736   0.0010420183  -0.0134655307
        0.0100069134   0.0150945758   0.0000580856  -0.0000924176   0.0001047276
       -0.0000342602   0.0000404995  -0.0000051128  -0.0000973205   0.0000399801
       -0.0000474585   0.0009656386   0.0003184744   0.0001592939  -0.3032823124
       -0.1313593122  -0.1433062449
        0.0600412330  -0.1223800477  -0.0487059980   0.0000898064   0.0059418933
        0.0030963690  -0.0004585629  -0.0003655610   0.0001671013   0.0012255500
       -0.0015335685  -0.0008430312   0.0002113257  -0.0000648907  -0.0000581300
       -0.0001437619   0.0003099324   0.0000632855  -0.0000272030  -0.0000759393
       -0.0000139446   0.0000563532   0.0000414166  -0.0000268216  -0.0000227439
       -0.0000409316   0.0000087238  -0.0004380372   0.0001397805   0.0001837585
        0.0001173894  -0.0000627886   0.0000950451  -0.0028441741   0.0009662192
       -0.0006297186   0.0000539317   0.0000122400   0.0000791812  -0.0000569926
        0.0001295738  -0.0000467030  -0.0000947204   0.0001238065   0.0000769248
       -0.0084031565  -0.0057696713  -0.0009072241   0.0149238180   0.2371610951
        0.1439919469   0.0327243087  -0.0304733106  -0.0129587593   0.0101859405
       -0.0033587706  -0.0104111330  -0.0000452850   0.0001501030  -0.0000870695
       -0.0000590178   0.0000454847   0.0000467677  -0.0000821306   0.0000182623
       -0.0000653243   0.0016711551   0.0005528552   0.0014105741  -0.1086250256
       -0.0814671827  -0.0744658206
        0.0315120383  -0.0458426292  -0.0778165177  -0.0053581242   0.0062325160
        0.0054564563   0.0010767438   0.0003281085   0.0008815073  -0.0000930429
        0.0001791134  -0.0005807539  -0.0002392276  -0.0004080952   0.0002206927
       -0.0000713686   0.0000855422  -0.0002205647   0.0000483041   0.0000827134
        0.0000380006   0.0000144004   0.0000782209  -0.0001165023  -0.0000789208
       -0.0000340739   0.0000753342  -0.0002147145   0.0004253009  -0.0000334116
        0.0000959379  -0.0000353012   0.0001332673  -0.0041426828  -0.0005766292
        0.0001524712  -0.0002193438   0.0000334814   0.0002146877   0.0001098543
       -0.0000223226   0.0001748681  -0.0000062576  -0.0000078469   0.0001487675
       -0.0021979306  -0.0023219289   0.0023047416   0.0749451032   0.1439919469
        0.1619203981  -0.0013521180  -0.0017770024   0.0050273355   0.0306177555
       -0.0239320295  -0.0162059879  -0.0000224842   0.0000288079  -0.0000910281
       -0.0000124268   0.0000250642   0.0000254001   0.0000565790   0.0000003183
        0.0000036518   0.0012495025   0.0014965712  -0.0027847023  -0.1257175767
       -0.0780298460  -0.0789281115
       -0.0431071890  -0.0312044718   0.0071838221  -0.0074587788  -0.0258148985
        0.0060586741   0.0007835362  -0.0000143931   0.0006430676  -0.0045708883
       -0.0009745865  -0.0021795855  -0.0000270279   0.0002649294  -0.0002489941
       -0.0000271128  -0.0010637085   0.0004517842  -0.0000389880   0.0000214614
        0.0000111484   0.0001329242  -0.0000626653  -0.0000716977   0.0000310384
       -0.0000133918  -0.0000529465  -0.0002924215  -0.0003175286   0.0001782932
        0.0000746724  -0.0000334022   0.0001203952   0.0016320900   0.0002983540
       -0.0003597282   0.0000804017  -0.0000413791  -0.0000015170   0.0000664795
        0.0000669403  -0.0000333999  -0.0004670464  -0.0002099916  -0.0000954945
        0.0001551679   0.0004350483   0.0000515770  -0.0070167580   0.0327243087
       -0.0013521180   0.0588274663   0.0258137367  -0.0098751287   0.0017570811
       -0.0016698156   0.0001454047  -0.0001878820   0.0000181079  -0.0000192852
       -0.0000637838  -0.0000293498   0.0000219772  -0.0000634531  -0.0001099010
        0.0000386444  -0.0002336598  -0.0000663744   0.0000538342   0.0000141318
        0.0019829712  -0.0006687267
       -0.0303517356  -0.2310311510   0.0651849642  -0.0071161771  -0.0154035721
        0.0030049964   0.0005377301  -0.0000231133   0.0001171826  -0.0028849207
       -0.0000320488  -0.0014172470   0.0001035058   0.0002279971  -0.0002184011
       -0.0000304380  -0.0006065649   0.0003107212  -0.0000143972  -0.0000263949
       -0.0000131075   0.0001849194   0.0000284533  -0.0000544092   0.0000318565
       -0.0000248968  -0.0000179533   0.0001221417   0.0000019791   0.0002365990
        0.0001294749  -0.0000360006   0.0000997538   0.0003733380   0.0006788257
        0.0000330493   0.0002224714  -0.0000951428  -0.0000011781   0.0000179420
        0.0000605935  -0.0000309259  -0.0003221128  -0.0001532570  -0.0000481125
        0.0002059940  -0.0001934475  -0.0002213406   0.0155299736  -0.0304733106
       -0.0017770024   0.0258137367   0.2809595941  -0.0704204324  -0.0023714766
       -0.0055314776   0.0055810302   0.0000167432   0.0000910647  -0.0000307222
       -0.0000211930   0.0000312754   0.0000266341  -0.0000713861  -0.0000432010
        0.0000065750   0.0001585402   0.0002951980   0.0001663821  -0.0002645304
        0.0012985981  -0.0005170555
        0.0088122470   0.0658747810  -0.0671508483  -0.0039281936  -0.0116683050
        0.0035200597  -0.0002128655  -0.0006977733   0.0002218057  -0.0022430662
       -0.0000631631  -0.0002505529  -0.0001065680  -0.0001777621   0.0001108364
       -0.0000585469  -0.0003886775   0.0003694398   0.0000561712   0.0000018500
        0.0000490559   0.0000044729  -0.0000047462  -0.0000457553  -0.0000066932
        0.0000356426  -0.0000131452   0.0000903265   0.0000602752   0.0000005766
       -0.0000784147  -0.0000904118  -0.0001056934   0.0006439068  -0.0001355430
       -0.0001892929   0.0000144040  -0.0000970309  -0.0001139021   0.0000278324
       -0.0000621637   0.0000457666  -0.0001898426  -0.0001341809   0.0000371593
        0.0003430872  -0.0000466802  -0.0000962499   0.0010420183  -0.0129587593
        0.0050273355  -0.0098751287  -0.0704204324   0.0733577280   0.0056808506
        0.0307094781  -0.0153720055   0.0000489205   0.0000042782  -0.0000110464
       -0.0000030778   0.0000207783   0.0000363929  -0.0000150397  -0.0000401017
        0.0000926817   0.0000921137  -0.0001598185  -0.0001674590  -0.0001389143
        0.0004384662   0.0006471128
       -0.0396722401  -0.0046508339   0.0091257621  -0.0022016650  -0.0006688833
       -0.0266889429  -0.0046850118  -0.0015938134  -0.0024318740   0.0011153535
        0.0011161379  -0.0010677547  -0.0000683141  -0.0003754485   0.0003032606
        0.0000294977   0.0000374928  -0.0000117535   0.0000621389   0.0001034559
        0.0000997487  -0.0000485978  -0.0000188743  -0.0001593646  -0.0001286374
       -0.0000382467   0.0000351105  -0.0003547413   0.0000537112  -0.0003449210
        0.0001181755  -0.0000061523   0.0002055059   0.0017241863  -0.0006694872
        0.0006747261   0.0000435947  -0.0000580367   0.0001309956   0.0001430032
        0.0000276567   0.0001060350   0.0000189173   0.0000667268   0.0001023793
       -0.0003603733   0.0002164551   0.0002829700  -0.0134655307   0.0101859405
        0.0306177555   0.0017570811  -0.0023714766   0.0056808506   0.0563707227
       -0.0015054823  -0.0183719678  -0.0000656528   0.0000023622  -0.0000889033
       -0.0000461265   0.0000051865  -0.0000600815  -0.0000041656  -0.0000027299
       -0.0000423335   0.0000156866  -0.0000566990   0.0001384972  -0.0002973012
        0.0002010385   0.0017642998
       -0.0034657457  -0.0449206293   0.0167739309  -0.0015223810   0.0007195945
       -0.0115509999  -0.0018456687  -0.0003954276  -0.0015052916  -0.0001549859
        0.0005224213  -0.0017182327  -0.0003881780  -0.0004241134   0.0001898984
       -0.0000903987  -0.0000554316   0.0000560108   0.0000426675   0.0000021790
        0.0000316142  -0.0000111703   0.0000088668  -0.0000142548  -0.0000104447
       -0.0000090832  -0.0000178185   0.0001285013   0.0001043767   0.0002687829
        0.0000115057  -0.0000572828  -0.0000574200   0.0001423411  -0.0001188731
       -0.0000489977   0.0000306818  -0.0001062249  -0.0000361310   0.0000376670
       -0.0000438388  -0.0000075981   0.0000198014  -0.0000129863  -0.0000161281
        0.0000205826  -0.0000683680   0.0002470044   0.0100069134  -0.0033587706
       -0.0239320295  -0.0016698156  -0.0055314776   0.0307094781  -0.0015054823
        0.0532132010  -0.0094461414   0.0000542047   0.0000049168   0.0001247718
        0.0000127459   0.0000216485   0.0000185021  -0.0000146742   0.0000023087
       -0.0000353465   0.0002299322  -0.0001644393  -0.0003148856  -0.0000585993
        0.0006674332   0.0002812819
        0.0090327279   0.0159117789  -0.2550725036  -0.0046842664  -0.0010961664
       -0.0186066933  -0.0026964872  -0.0011426340  -0.0011260756   0.0009480415
        0.0007904380   0.0004837648  -0.0001734415  -0.0004726048   0.0003253818
        0.0000977643   0.0002000076   0.0000720457   0.0001189758   0.0001166311
        0.0000434798   0.0001100521   0.0000691674  -0.0000476841  -0.0000555866
       -0.0000079369   0.0000583925   0.0000669057   0.0002223451  -0.0001621476
        0.0002346142  -0.0000146417   0.0001583541   0.0001299228  -0.0000872006
        0.0008937525   0.0001509634  -0.0000019578   0.0001389461   0.0000945072
        0.0000543926   0.0001024629   0.0000084714   0.0000535744   0.0001030214
       -0.0000298651  -0.0002052577   0.0002245271   0.0150945758  -0.0104111330
       -0.0162059879   0.0001454047   0.0055810302  -0.0153720055  -0.0183719678
       -0.0094461414   0.3030090371  -0.0000496371  -0.0000035604  -0.0001033362
       -0.0000054042   0.0000120870   0.0000173878   0.0000698151   0.0000280534
        0.0000185985   0.0002920360   0.0001928813  -0.0004064253  -0.0005281218
       -0.0003431525   0.0014537070
       -0.0000038464  -0.0000221382  -0.0000979054  -0.0003416318   0.0003573479
        0.0001136723   0.0000519409   0.0000300896  -0.0001347431  -0.0001085173
       -0.0000538080   0.0000277799   0.0000078560   0.0000392431  -0.0000201858
        0.0002005641   0.0006243770  -0.0002798866   0.0000544135  -0.0000582617
       -0.0000241046  -0.0022721085   0.0019906835   0.0014397491  -0.0000494217
       -0.0000300743  -0.0002367114   0.0062747144   0.0237412284  -0.0065816582
        0.0007810726   0.0002715796   0.0000640951   0.0029461706  -0.0001706149
        0.0005349658  -0.0828734451  -0.1417687567   0.0494074358   0.0003139451
       -0.0002702137  -0.0001603781  -0.0000196472   0.0002177510  -0.0000270873
        0.0001785721  -0.0001118408  -0.0000406946   0.0000580856  -0.0000452850
       -0.0000224842  -0.0001878820   0.0000167432   0.0000489205  -0.0000656528
        0.0000542047  -0.0000496371   0.0748972941   0.1148971403  -0.0442058502
        0.0003188676   0.0001756984   0.0002873301  -0.0000783438   0.0000075031
       -0.0000326242  -0.0000698588   0.0000254340  -0.0000261415  -0.0000131414
        0.0000819696   0.0000161437
       -0.0000488288   0.0000115976   0.0000196547  -0.0000958937  -0.0004657253
       -0.0001640256  -0.0000174667   0.0000475851   0.0001815741  -0.0000099143
       -0.0000615397   0.0002380586   0.0000239541  -0.0000126240  -0.0000986516
       -0.0005530779  -0.0010460007   0.0002189600   0.0000752799  -0.0001180513
        0.0000491702   0.0025254108  -0.0039246585  -0.0013213672   0.0000671603
        0.0002145307  -0.0006128565  -0.0002444685  -0.0285380353   0.0008276322
       -0.0004230137   0.0002617667   0.0004747427  -0.0002311824   0.0013392150
        0.0000999974  -0.1173252435  -0.3398880176   0.0735476558   0.0008391318
        0.0008367520   0.0000876159   0.0003744000  -0.0005244746  -0.0000315782
        0.0000065977   0.0002411234  -0.0000188163  -0.0000924176   0.0001501030
        0.0000288079   0.0000181079   0.0000910647   0.0000042782   0.0000023622
        0.0000049168  -0.0000035604   0.1148971403   0.3714326573  -0.0737113774
        0.0002343607  -0.0000049510   0.0001812704   0.0000461553   0.0000446207
        0.0000041756  -0.0000116495  -0.0000679126   0.0000138718  -0.0000569046
       -0.0000239424  -0.0000152322
       -0.0000305349  -0.0000323438  -0.0000622888  -0.0002849852   0.0000088038
        0.0002579221   0.0000784588  -0.0001412469  -0.0001354426   0.0000626250
        0.0000296357   0.0000027590  -0.0000834440   0.0001115817  -0.0000144588
       -0.0000277754  -0.0001868836   0.0003193058  -0.0000167856  -0.0000630941
       -0.0000020353   0.0013283545   0.0000380437   0.0005193488   0.0000285618
        0.0001391882  -0.0000014755  -0.0079950916  -0.0116739776   0.0006813304
        0.0002019769  -0.0019168449   0.0012662771   0.0019243010   0.0010855452
       -0.0000260097   0.0494595013   0.0862124475  -0.0333153840   0.0000121978
        0.0003710372  -0.0004642589  -0.0000086853  -0.0000282208  -0.0000389488
       -0.0000587246  -0.0000973371  -0.0000109779   0.0001047276  -0.0000870695
       -0.0000910281  -0.0000192852  -0.0000307222  -0.0000110464  -0.0000889033
        0.0001247718  -0.0001033362  -0.0442058502  -0.0737113774   0.0309707553
       -0.0003722017  -0.0001218234   0.0000588132  -0.0000030416  -0.0000479931
        0.0000582267   0.0000100334   0.0000186793   0.0001047142  -0.0000154294
       -0.0000007995   0.0000372382
        0.0000239724  -0.0000716985  -0.0000506904  -0.0002861981   0.0002180045
        0.0003767153  -0.0000687397  -0.0000196565  -0.0001323903  -0.0008311610
        0.0010873887   0.0001194823  -0.0001215719  -0.0000089380   0.0000228728
       -0.0054378820  -0.0006275711  -0.0020292935   0.0001735279  -0.0002372542
       -0.0004794786  -0.0283624727   0.0182742180   0.0040247073   0.0002409647
        0.0002924489   0.0000201512  -0.0015028091   0.0002339635   0.0010749149
       -0.0002366990   0.0000336210   0.0000382048   0.0010873749   0.0005589866
        0.0000004042   0.0004850896  -0.0007619568   0.0000405949  -0.1938953074
        0.1687784259   0.0533480615   0.0003557390  -0.0007621218   0.0002133800
       -0.0004713296  -0.0002427073  -0.0000806451  -0.0000342602  -0.0000590178
       -0.0000124268  -0.0000637838  -0.0000211930  -0.0000030778  -0.0000461265
        0.0000127459  -0.0000054042   0.0003188676   0.0002343607  -0.0003722017
        0.2288583432  -0.1869576261  -0.0562396743  -0.0001203968  -0.0000610848
        0.0001101731  -0.0000719615   0.0000889736   0.0000196746   0.0000068201
        0.0000176888  -0.0000040543
        0.0000010098   0.0000235190  -0.0000193705   0.0000653876  -0.0001401855
       -0.0001876324  -0.0000072118  -0.0000023676   0.0000296006  -0.0001957522
        0.0000875852   0.0001114390   0.0001432468   0.0000085569   0.0000333379
       -0.0001237792  -0.0009295803  -0.0005879453  -0.0001536681   0.0001113433
        0.0005730158  -0.0052226457   0.0080773557   0.0056094698   0.0001091738
        0.0006689183  -0.0004550030  -0.0012166066   0.0014230451   0.0000174316
       -0.0002788836  -0.0001641099   0.0000945590   0.0000452167   0.0000700989
        0.0001972672   0.0008114595   0.0014896654   0.0004434262   0.1925026775
       -0.2269986862  -0.0864195325   0.0001758795   0.0006011346   0.0001412919
        0.0001079186  -0.0000025203   0.0000709967   0.0000404995   0.0000454847
        0.0000250642  -0.0000293498   0.0000312754   0.0000207783   0.0000051865
        0.0000216485   0.0000120870   0.0001756984  -0.0000049510  -0.0001218234
       -0.1869576261   0.2152203466   0.0809231697   0.0000669226   0.0003440395
       -0.0004932662  -0.0000519026  -0.0000160270  -0.0000229157  -0.0000128512
        0.0000344106   0.0000045541
        0.0000093119  -0.0000026860   0.0000255937   0.0001354714  -0.0001661115
       -0.0000020217   0.0000828548   0.0000337914  -0.0000279744  -0.0001920484
        0.0002109610   0.0003626273  -0.0000161790   0.0000360736  -0.0000293787
       -0.0017857739  -0.0011011760   0.0000597789   0.0000899207  -0.0001098549
        0.0000626493  -0.0096915295   0.0111657297   0.0010966910  -0.0018070010
        0.0009180941   0.0012260918   0.0007761274  -0.0009467607   0.0014344313
        0.0004900529   0.0000862091  -0.0003370643  -0.0004061710   0.0001680500
       -0.0004925707  -0.0004944076   0.0002758672  -0.0011437580   0.0684969039
       -0.0920637427  -0.0426466208   0.0002769934  -0.0001351136  -0.0003916049
       -0.0001335456   0.0000586377  -0.0001035595  -0.0000051128   0.0000467677
        0.0000254001   0.0000219772   0.0000266341   0.0000363929  -0.0000600815
        0.0000185021   0.0000173878   0.0002873301   0.0001812704   0.0000588132
       -0.0562396743   0.0809231697   0.0406049927   0.0001926933   0.0003827084
        0.0000143653  -0.0000167362   0.0000024976   0.0000601682  -0.0000113762
       -0.0000095183   0.0000891694
       -0.0000796348  -0.0002578340  -0.0000261691  -0.0005685780  -0.0000184335
        0.0001333100  -0.0000633742  -0.0001667957   0.0000151485  -0.0012804697
       -0.0023465144   0.0004802501   0.0004090157   0.0001762095   0.0008076698
       -0.0072404691  -0.0070860526   0.0026875706   0.0003200853  -0.0002286445
       -0.0004714697   0.0008150785   0.0005642692  -0.0005062370  -0.0000624811
        0.0002165346   0.0000389861  -0.0006113413  -0.0003951843  -0.0000567174
        0.0000427368  -0.0000074178   0.0000066640   0.0003783936   0.0000725177
        0.0001031318   0.0001377955   0.0001699691   0.0000131454   0.0012606855
       -0.0012036870   0.0005049246  -0.3578689942  -0.1027667611  -0.1104979554
        0.0005227239  -0.0000156134   0.0002192061  -0.0000973205  -0.0000821306
        0.0000565790  -0.0000634531  -0.0000713861  -0.0000150397  -0.0000041656
       -0.0000146742   0.0000698151  -0.0000783438   0.0000461553  -0.0000030416
       -0.0001203968   0.0000669226   0.0001926933   0.3641196553   0.1133721782
        0.1063864344   0.0000825347   0.0000010413  -0.0001287967   0.0000503175
       -0.0000246681  -0.0000101023
       -0.0000327626  -0.0003535395   0.0001022680  -0.0014527524  -0.0003007717
       -0.0000726232  -0.0000397472  -0.0000308394  -0.0000826805  -0.0015429542
       -0.0043806940   0.0023353649   0.0001666023  -0.0000209879   0.0001474197
       -0.0290025533  -0.0151122470  -0.0064151709  -0.0003011963   0.0006808252
        0.0002063744  -0.0017163090  -0.0000080671  -0.0009210504  -0.0000919416
       -0.0005308804  -0.0001577049  -0.0003466283  -0.0003677924   0.0002518750
       -0.0000237166   0.0000133159  -0.0000702957   0.0002627599   0.0003072314
       -0.0000668654   0.0000038300   0.0002019654   0.0000197658   0.0003396632
        0.0010077733  -0.0004833806  -0.0798391693  -0.0502482220  -0.0084547779
        0.0003207754  -0.0000629295  -0.0001356636   0.0000399801   0.0000182623
        0.0000003183  -0.0001099010  -0.0000432010  -0.0000401017  -0.0000027299
        0.0000023087   0.0000280534   0.0000075031   0.0000446207  -0.0000479931
       -0.0000610848   0.0003440395   0.0003827084   0.1133721782   0.0687651394
        0.0134726986   0.0000266148   0.0000532473  -0.0000034113   0.0000235394
        0.0000214428   0.0000048728
        0.0000139552   0.0001368973  -0.0000538300   0.0005426254   0.0001685568
        0.0004600685   0.0000166583   0.0000090353  -0.0000057542  -0.0000013911
        0.0024295153  -0.0003977889  -0.0001218844   0.0000059450   0.0001510221
        0.0170953647   0.0046342998   0.0021419127   0.0017324540   0.0012834235
        0.0012557612  -0.0008425487   0.0002917670   0.0008447270  -0.0001595594
       -0.0005160009  -0.0002568642  -0.0002279237  -0.0001205826   0.0000582431
        0.0000864607   0.0001601760  -0.0000802622   0.0002251786  -0.0000911764
       -0.0000805137   0.0000170721   0.0000370247  -0.0001395512   0.0004701422
        0.0001542522  -0.0009101031  -0.1251098976  -0.0211088732  -0.0533324826
       -0.0000562187  -0.0002521858  -0.0002043085  -0.0000474585  -0.0000653243
        0.0000036518   0.0000386444   0.0000065750   0.0000926817  -0.0000423335
       -0.0000353465   0.0000185985  -0.0000326242   0.0000041756   0.0000582267
        0.0001101731  -0.0004932662   0.0000143653   0.1063864344   0.0134726986
        0.0504651871  -0.0000983218  -0.0000990265  -0.0001269618   0.0000049989
       -0.0000125596   0.0000239747
        0.0006210238   0.0012534793   0.0002047843  -0.0001844130   0.0006783597
       -0.0002626099  -0.0001272878   0.0003261546  -0.0003074701  -0.0257901807
        0.0004452599   0.0028428037   0.0000457941  -0.0002631788  -0.0004337622
       -0.0034572582   0.0019861698   0.0014377179   0.0002331025   0.0001033358
        0.0006456930  -0.0010451654  -0.0003596351   0.0001032174  -0.0001178347
        0.0000937602  -0.0000263823  -0.0007334486   0.0000896443  -0.0005053557
       -0.0000403983   0.0000856902   0.0000965274   0.0010726386  -0.0012029482
        0.0000314169   0.0002300352   0.0000307209  -0.0000002952  -0.0001847591
        0.0003926101   0.0001254057   0.0006020267   0.0006243063  -0.0000448526
       -0.3351982789  -0.1163970229  -0.0322304397   0.0009656386   0.0016711551
        0.0012495025  -0.0002336598   0.0001585402   0.0000921137   0.0000156866
        0.0002299322   0.0002920360  -0.0000698588  -0.0000116495   0.0000100334
       -0.0000719615  -0.0000519026  -0.0000167362   0.0000825347   0.0000266148
       -0.0000983218   0.3645033690   0.1101425246   0.0277988614  -0.0011173449
       -0.0000519208  -0.0010038875
        0.0025966064  -0.0018221819  -0.0014711205   0.0015837260   0.0010368945
        0.0002728197   0.0004464487  -0.0003277469   0.0002620136   0.0224062176
        0.0059626683   0.0037617509   0.0000864413   0.0007080777  -0.0003462571
        0.0027321839  -0.0023811975  -0.0020830695   0.0000326872  -0.0000632556
        0.0003127874   0.0007867610   0.0002341240   0.0002996846  -0.0000657197
        0.0000761996   0.0000353858   0.0002522863  -0.0001471771  -0.0000662897
        0.0000256048   0.0000030615  -0.0000350168  -0.0001820447   0.0001755274
        0.0001914674  -0.0001436457   0.0002207699   0.0000295319   0.0001786542
       -0.0001773250   0.0000155168   0.0000729132   0.0002384238   0.0002058134
       -0.1403538167  -0.0818963423  -0.0322316181   0.0003184744   0.0005528552
        0.0014965712  -0.0000663744   0.0002951980  -0.0001598185  -0.0000566990
       -0.0001644393   0.0001928813   0.0000254340  -0.0000679126   0.0000186793
        0.0000889736  -0.0000160270   0.0000024976   0.0000010413   0.0000532473
       -0.0000990265   0.1101425246   0.0760924098   0.0297098681  -0.0009086782
        0.0014141483  -0.0003150523
        0.0003361147  -0.0008225294   0.0004164961  -0.0005907780  -0.0010815068
        0.0014264138  -0.0005364957   0.0005243439  -0.0002485596   0.0158002679
        0.0063033110  -0.0005629674   0.0017110878  -0.0004031353   0.0003815890
        0.0005201302  -0.0014392108  -0.0002360025  -0.0002837185  -0.0000673921
       -0.0000466144   0.0002444236   0.0000614056   0.0003324759   0.0000418008
        0.0000114531  -0.0000189973  -0.0002447954  -0.0000879315   0.0000846339
       -0.0000606677   0.0000968381  -0.0000171401   0.0005347542   0.0001127501
       -0.0004471532   0.0000360758   0.0000429413  -0.0000438165   0.0000779386
        0.0000140019  -0.0001059185  -0.0001566808   0.0001387849  -0.0001923922
       -0.0450242614  -0.0338666855  -0.0204869336   0.0001592939   0.0014105741
       -0.0027847023   0.0000538342   0.0001663821  -0.0001674590   0.0001384972
       -0.0003148856  -0.0004064253  -0.0000261415   0.0000138718   0.0001047142
        0.0000196746  -0.0000229157   0.0000601682  -0.0001287967  -0.0000034113
       -0.0001269618   0.0277988614   0.0297098681   0.0227960761  -0.0004204191
       -0.0004969220   0.0002894766
       -0.0260910247  -0.0034550989  -0.0059172186  -0.0029428322   0.0030533771
        0.0011747141   0.0002574490   0.0000576844   0.0006316302   0.0007024768
        0.0000578938   0.0001188375  -0.0001899687  -0.0000752371  -0.0000786946
       -0.0000171511   0.0000471762  -0.0000970698  -0.0000264130   0.0000024811
        0.0000616919  -0.0000325283   0.0000248148   0.0000727940  -0.0000703930
       -0.0000096802  -0.0000078602  -0.0001972946   0.0001773378  -0.0000533328
       -0.0000545046   0.0000012059   0.0000632928  -0.0013139356  -0.0001755739
       -0.0002431437  -0.0002931072   0.0001434718   0.0000725380  -0.0001643745
       -0.0000223756  -0.0000024645  -0.0001516016  -0.0001325175   0.0000581153
        0.0001956312  -0.0000268208   0.0001405197  -0.3032823124  -0.1086250256
       -0.1257175767   0.0000141318  -0.0002645304  -0.0001389143  -0.0002973012
       -0.0000585993  -0.0005281218  -0.0000131414  -0.0000569046  -0.0000154294
        0.0000068201  -0.0000128512  -0.0000113762   0.0000503175   0.0000235394
        0.0000049989  -0.0011173449  -0.0009086782  -0.0004204191   0.3350284026
        0.1102349111   0.1308324893
        0.0176450039   0.0048663678   0.0091468137   0.0013614187  -0.0011661308
       -0.0013848300   0.0001420855  -0.0000569503   0.0003173254   0.0005278681
       -0.0002204500  -0.0001876255  -0.0001399308  -0.0001055127   0.0000304629
       -0.0000386112   0.0000827855  -0.0000590717  -0.0000230186  -0.0000021700
        0.0000358455   0.0000076731  -0.0000175909   0.0000241871  -0.0000414462
        0.0000112336   0.0000216083   0.0003027753  -0.0001091085  -0.0001627429
       -0.0000059582  -0.0000000815  -0.0000116153   0.0009026733   0.0001382370
        0.0004831218   0.0000242027   0.0000991020   0.0000562439  -0.0001279909
        0.0000218961   0.0000200167  -0.0001345479  -0.0001211917   0.0000545879
       -0.0014848748  -0.0012151451   0.0002404260  -0.1313593122  -0.0814671827
       -0.0780298460   0.0019829712   0.0012985981   0.0004384662   0.0002010385
        0.0006674332  -0.0003431525   0.0000819696  -0.0000239424  -0.0000007995
        0.0000176888   0.0000344106  -0.0000095183  -0.0000246681   0.0000214428
       -0.0000125596  -0.0000519208   0.0014141483  -0.0004969220   0.1102349111
        0.0758498016   0.0698295778
        0.0108964460   0.0057147998   0.0020204367   0.0004933229  -0.0008089080
       -0.0002538584  -0.0000839901  -0.0000177108   0.0001455631   0.0003705592
       -0.0001093614  -0.0000210582   0.0000961656   0.0001025746  -0.0001455781
        0.0000351003   0.0000229252  -0.0000456833  -0.0000756809  -0.0000387170
       -0.0000031468   0.0000032125  -0.0000105030   0.0000513682   0.0000477012
        0.0000085477   0.0000259416   0.0001311919  -0.0001539672   0.0000491577
       -0.0000790640   0.0000015654  -0.0000135590   0.0004669466   0.0002583646
        0.0000825842  -0.0000560978   0.0000898632   0.0000213850  -0.0001215814
       -0.0000046961   0.0000110711  -0.0000750721  -0.0000922247   0.0000050453
        0.0003309231   0.0002303216  -0.0002969208  -0.1433062449  -0.0744658206
       -0.0789281115  -0.0006687267  -0.0005170555   0.0006471128   0.0017642998
        0.0002812819   0.0014537070   0.0000161437  -0.0000152322   0.0000372382
       -0.0000040543   0.0000045541   0.0000891694  -0.0000101023   0.0000048728
        0.0000239747  -0.0010038875  -0.0003150523   0.0002894766   0.1308324893
        0.0698295778   0.0747546843
