           1           2   1.27918014445189     
           2           3   1.59804746518794     
           3           4   1.23997500020018     
           4           5   1.37503910216787     
           5           6   1.37503901921184     
           6           7   1.23997506396082     
           7           8   1.59804739038055     
           8           9   1.27918021408693     
           7          10  0.119553680238619     
           9          10   1.59804738421405     
           6          11   1.19913810260063     
          10          11   1.23997506339976     
           5          12  0.134412663867946     
          11          12   1.37503903991078     
           4          13   1.19913808589793     
          12          13   1.37503911980161     
           1          14   1.59804745950120     
           3          14  0.119553673332318     
          13          14   1.23997500261871     
           1          15  0.970588261671174     
           2          16  0.970588262021142     
           3          17  0.967875669848811     
           5          18  0.965517206195526     
           7          19  0.967875669129437     
           8          20  0.970588262002368     
           9          21  0.970588262840664     
          10          22  0.967875666740752     
          12          23  0.965517190974957     
          14          24  0.967875664827937     
