           1           2  0.958024058899922     
           2           3  0.960049276361477     
           2           4  0.972460033552142     
           4           5  0.956431059379742     
           4           6  0.972445934689436     
           6           7  0.955249253978505     
           6           8  0.969625592967134     
           8           9  0.953108861210907     
           8          10  0.959517797696014     
          10          11  0.947003918564829     
           2          12  0.963591870587422     
          10          12  0.955956860760430     
          10          13   1.01212849500953     
           8          14  0.998670942925628     
           6          15  0.999444779494055     
           4          16  0.997660607915129     
           1          17   1.01397552966108     
           1          18  0.967695707214445     
           1          19  0.969889339012309     
          13          20  0.829539709414997     
          14          21  0.846180609321193     
          15          22  0.845335476331972     
          16          23  0.842766021853475     
          17          24  0.854250321495535     
