$hessian                                                                        
        0.6608992088   0.0303209222   0.0183844015  -0.3345215073  -0.0082172052
        0.0589956982  -0.0472361576  -0.0117673245  -0.0790806003  -0.0415190022
        0.0019389681   0.0316582271   0.0536800607   0.0036672418   0.0166340830
       -0.1234260915   0.0012732859   0.0510847602  -0.0259525974   0.0023776826
        0.0267761367  -0.0021483103  -0.0020448807  -0.0008535781  -0.0014168404
        0.0008253021  -0.0008914126   0.0007626250   0.0003733135   0.0000407272
       -0.0000575620   0.0004254998  -0.0005009987   0.0007418250   0.0014070552
        0.0022274742  -0.0014677898  -0.0016322816   0.0001219086  -0.0001545350
       -0.0000974655  -0.0000294313  -0.0002691791  -0.0000931792   0.0001662676
       -0.0003217716   0.0001396421   0.0001526654   0.0000740349  -0.0000477037
       -0.0014637178   0.0016234331  -0.0002736201  -0.0010653999  -0.1234276727
       -0.0168196297  -0.1229402727  -0.0146013783  -0.0008148067   0.0033374119
       -0.0012814534  -0.0007149198  -0.0031162170   0.0000206613  -0.0002258967
        0.0003618672
        0.0303209222   0.1234037983   0.0608430401  -0.0185641138  -0.0461438749
       -0.0028016090  -0.0039475414   0.0007032096   0.0000275869   0.0017453923
       -0.0036639536   0.0002683525  -0.0009836452   0.0019945107  -0.0068274629
        0.0049469852  -0.0511355493  -0.0224958334   0.0055846420   0.0012932940
        0.0004191116  -0.0003808718   0.0007083224   0.0002475539   0.0005922318
       -0.0001520514  -0.0001087843  -0.0000146552   0.0001574544   0.0000938446
        0.0008444316  -0.0000364385  -0.0001049370  -0.0012509146  -0.0016276595
       -0.0013301166  -0.0023685703  -0.0013847185   0.0005794985  -0.0000394160
       -0.0000634992   0.0000294282  -0.0002466507   0.0000177800   0.0000054391
       -0.0001064060   0.0001532971   0.0001151897  -0.0001057132  -0.0002911654
       -0.0001005333  -0.0008707860   0.0050567645  -0.0009935731  -0.0165384643
       -0.0364022225  -0.0260946173   0.0020559927   0.0007743403  -0.0002286827
       -0.0007638430   0.0066850397  -0.0015240297   0.0000909939  -0.0000466783
       -0.0000188658
        0.0183844015   0.0608430401   0.6507562789  -0.0198420816  -0.0063489149
       -0.0940590428  -0.0177376773   0.0028704560   0.0340506233   0.0315032851
       -0.0000053663  -0.0177035410  -0.0349739743  -0.0092264906  -0.0642127081
        0.1168986882  -0.0206760810  -0.2685911966   0.0153984827  -0.0001186513
       -0.0041689357  -0.0021793582   0.0014119193   0.0015236852   0.0009911957
       -0.0004841223  -0.0001105549   0.0000833437  -0.0000159468  -0.0000150157
        0.0009038775   0.0000684877  -0.0000768978  -0.0029658025  -0.0002692741
       -0.0010914624   0.0004749486   0.0000664346  -0.0002010223  -0.0003239711
       -0.0003751218  -0.0000710626  -0.0004463841  -0.0000128697   0.0000078304
       -0.0002351149   0.0002677680   0.0001755087  -0.0009659936  -0.0001452528
       -0.0003252397  -0.0043789276  -0.0012376251  -0.0030020678  -0.1227675595
       -0.0256484609  -0.2260077389   0.0250360355   0.0009223426  -0.0029985726
       -0.0028469377  -0.0016452649  -0.0035757722  -0.0000104762  -0.0002410059
       -0.0003030954
       -0.3345215073  -0.0185641138  -0.0198420816   0.6547161320   0.0249462890
       -0.0281604105  -0.1413099401  -0.0127210494  -0.0662043268   0.0513932599
       -0.0022151379  -0.0396079845  -0.0479459326  -0.0049702559  -0.0242553923
       -0.0312876868   0.0084637630   0.0847864324   0.0026591003   0.0001780062
        0.0025492157  -0.0015050698   0.0005554777   0.0007682656   0.0002368176
        0.0000956920  -0.0000168822  -0.0000921125  -0.0000536086  -0.0000176333
        0.0002757858   0.0001692163  -0.0002284765  -0.0007353486   0.0000484040
       -0.0006504886   0.0002847297  -0.0000639869   0.0002141268  -0.0000680317
       -0.0001211194  -0.0000244916  -0.0001385634  -0.0000134120   0.0000152370
       -0.0000660821   0.0000220150   0.0000058696  -0.0001496798   0.0003655292
        0.0047986679  -0.0379491444  -0.0043733687  -0.0197728319  -0.0192406397
       -0.0011787450  -0.0008007568  -0.0941526303   0.0098162265   0.1068668612
       -0.0003761197  -0.0001974626  -0.0003583104  -0.0000273365  -0.0001883587
       -0.0000646093
       -0.0082172052  -0.0461438749  -0.0063489149   0.0249462890   0.1199482630
        0.0619174194  -0.0206883835  -0.0500359899  -0.0272026364   0.0048170031
       -0.0008829051  -0.0097853979  -0.0053572972  -0.0029456095  -0.0020286475
        0.0015301952   0.0022603358   0.0056474432   0.0002472004   0.0065743210
       -0.0010779208  -0.0011313275   0.0000477225   0.0002133014  -0.0000044925
        0.0000619634   0.0004218368  -0.0001420952  -0.0000144596   0.0000288242
        0.0000460043  -0.0001337172   0.0003025286   0.0010083000  -0.0001069052
       -0.0003161030  -0.0001716734  -0.0001664216  -0.0000579989   0.0000805385
        0.0000695215   0.0000188126   0.0001140981   0.0000267984  -0.0000552000
       -0.0001203641   0.0000886694   0.0000451859  -0.0000086360   0.0046174801
       -0.0005520065  -0.0027772872   0.0020340641  -0.0008897521  -0.0035393347
        0.0003104358   0.0000207806   0.0094605766  -0.0353861767  -0.0202760055
       -0.0000493323  -0.0002659645   0.0000927726  -0.0000427766   0.0000424491
       -0.0001183219
        0.0589956982  -0.0028016090  -0.0940590428  -0.0281604105   0.0619174194
        0.6580510880  -0.1346782161  -0.0310432216  -0.2515831155   0.0176452561
       -0.0068419083  -0.0626288296  -0.0241289599  -0.0016774383  -0.0085222436
        0.0283665645   0.0039769432   0.0173894545   0.0031304569  -0.0010126779
       -0.0043464551   0.0006624990   0.0000956312   0.0001227914   0.0002953692
       -0.0003509242   0.0001814046   0.0000147700  -0.0000536308  -0.0000156542
        0.0000315642   0.0000228128   0.0000727202  -0.0001498168  -0.0004392938
       -0.0003285170  -0.0000023390   0.0002153866   0.0001708422   0.0000061737
        0.0000120806  -0.0000055944  -0.0000767411   0.0000206010  -0.0000081796
        0.0000096200   0.0000462690   0.0000028554   0.0015978615  -0.0007999286
       -0.0019570081  -0.0075421279  -0.0003034166   0.0027011776  -0.0232851684
       -0.0011182698   0.0006950117   0.1075789062  -0.0200179046  -0.2563689310
       -0.0003224771   0.0000888101   0.0005388052   0.0000115174   0.0000642694
       -0.0001025799
       -0.0472361576  -0.0039475414  -0.0177376773  -0.1413099401  -0.0206883835
       -0.1346782161   0.4653965705   0.0184136986   0.0132232074  -0.1106636407
        0.0119739367   0.1203563878  -0.0307318332   0.0009213265   0.0243944672
        0.0060901835   0.0001818771  -0.0048660743  -0.0031606026   0.0000236423
        0.0000548164   0.0010861196  -0.0000992140  -0.0004281180  -0.0005338517
        0.0003995955   0.0001470657  -0.0004902945  -0.0000630401   0.0000523462
       -0.0005442694  -0.0002652949   0.0001037766   0.0011462276  -0.0002140105
       -0.0000170542  -0.0001821407   0.0001122702   0.0000862559   0.0000844824
        0.0000411368   0.0000303138   0.0002289993  -0.0000131026  -0.0000273957
        0.0001021536  -0.0001398510  -0.0000616316   0.0003534652  -0.0022109911
       -0.0179969933  -0.1369020031  -0.0045101830   0.0077619979  -0.0046747712
       -0.0006365413   0.0002675226   0.0060263251   0.0011571751   0.0088079201
       -0.0040064522  -0.0004327076   0.0005028089  -0.0000785698  -0.0000037978
        0.0000242740
       -0.0117673245   0.0007032096   0.0028704560  -0.0127210494  -0.0500359899
       -0.0310432216   0.0184136986   0.1068279460   0.0626759305   0.0050670610
       -0.0493468647  -0.0198804063   0.0082850068   0.0006245218   0.0029480616
       -0.0000680435  -0.0053920766  -0.0070624860  -0.0000497945   0.0002401446
       -0.0000189980  -0.0000739047  -0.0000134752  -0.0000349666   0.0000432342
       -0.0000120048  -0.0000108254   0.0000030964  -0.0000021055  -0.0000014794
        0.0000004150  -0.0000210155   0.0000224123   0.0000723702   0.0000138156
        0.0000177593   0.0000738349   0.0001047689  -0.0000504478  -0.0000020302
        0.0000107913  -0.0000006620  -0.0000166877   0.0000038021   0.0000012548
       -0.0000294692   0.0000415234   0.0000222216  -0.0004981139   0.0012440751
       -0.0059664453  -0.0042130215  -0.0202440661  -0.0003622555  -0.0006002938
        0.0077033710  -0.0007189303  -0.0013902511   0.0002528964  -0.0026180546
       -0.0005295759   0.0072909738  -0.0008066756   0.0000008427   0.0000057587
        0.0000177585
       -0.0790806003   0.0000275869   0.0340506233  -0.0662043268  -0.0272026364
       -0.2515831155   0.0132232074   0.0626759305   0.6049147565   0.0616393248
       -0.0226089612  -0.2515683322   0.0815727658   0.0061633685   0.0163077518
       -0.0039043406  -0.0073837180  -0.0624009663   0.0004194995  -0.0001931271
       -0.0007607185   0.0001295736  -0.0003203340   0.0000595848   0.0001461395
       -0.0002414685  -0.0001576451   0.0002673237   0.0001195027   0.0000378013
        0.0002383422  -0.0001107985   0.0000141097  -0.0002897561  -0.0004052945
        0.0000806570  -0.0006507510   0.0002003874   0.0001142856  -0.0000371829
        0.0000483487   0.0000187155  -0.0001619656   0.0000013825   0.0000283085
       -0.0000982588   0.0001255041   0.0000745938  -0.0033026094  -0.0052842663
       -0.0392861650   0.0099865518  -0.0002102460  -0.0261522006   0.0004498095
       -0.0007334577   0.0009892117  -0.0143437698  -0.0040780299  -0.0254461154
       -0.0000239148  -0.0006647490   0.0006025176   0.0000249382   0.0000750757
        0.0000623414
       -0.0415190022   0.0017453923   0.0315032851   0.0513932599   0.0048170031
        0.0176452561  -0.1106636407   0.0050670610   0.0616393248   0.5752634504
        0.0132393741  -0.0712195955  -0.3169750940  -0.0035664573   0.0649047692
       -0.0448581246  -0.0119420887  -0.0783031633   0.0014100936  -0.0010104250
       -0.0025654558  -0.0002324928   0.0000905267   0.0008656940   0.0004367023
        0.0001927696   0.0000353441  -0.0002951407  -0.0000612821  -0.0000184555
        0.0000724424  -0.0003667762  -0.0001093681  -0.0011619274  -0.0009449633
       -0.0008126512  -0.0006229369   0.0002671819   0.0001264291  -0.0000255730
       -0.0000084378   0.0000520336   0.0000539854  -0.0000136618   0.0000036916
       -0.0000694148   0.0001446973   0.0000304234  -0.0595283897  -0.0081572414
       -0.0496586916  -0.0349760348   0.0013080157   0.0242777544  -0.0004818648
       -0.0000970271   0.0005687660  -0.0009981506  -0.0008188187  -0.0023614112
       -0.0160483137  -0.0000526773   0.0032908428  -0.0001738331   0.0001678350
        0.0001051779
        0.0019389681  -0.0036639536  -0.0000053663  -0.0022151379  -0.0008829051
       -0.0068419083   0.0119739367  -0.0493468647  -0.0226089612   0.0132393741
        0.1042767256   0.0464476383  -0.0124425516  -0.0451843247  -0.0014646263
       -0.0044422969  -0.0003910539  -0.0012113340  -0.0010627970   0.0068023391
       -0.0012672534  -0.0009505209   0.0000249486   0.0000432068   0.0000514625
       -0.0000343354   0.0003614267   0.0000302333  -0.0000519782  -0.0000233780
       -0.0000125567   0.0000436163   0.0004223363   0.0011687447   0.0001984849
        0.0000370335   0.0001146924  -0.0000297806  -0.0001463342   0.0001032544
        0.0000582231  -0.0000023468  -0.0000722942   0.0000250903  -0.0000332417
       -0.0001006418   0.0000988733   0.0000490515  -0.0084248900  -0.0219879784
       -0.0124701708  -0.0004703610   0.0019587128   0.0003042344  -0.0000155315
        0.0002818778   0.0000049886  -0.0006178950   0.0070314712  -0.0012588616
        0.0023090446   0.0007172657  -0.0002543254  -0.0001022364   0.0000555456
       -0.0000818081
        0.0316582271   0.0002683525  -0.0177035410  -0.0396079845  -0.0097853979
       -0.0626288296   0.1203563878  -0.0198804063  -0.2515683322  -0.0712195955
        0.0464476383   0.5001696523  -0.0012632311  -0.0056547994  -0.0859100282
       -0.0181412906   0.0034494492   0.0314255009  -0.0043928075  -0.0013632774
       -0.0024144930   0.0007701040  -0.0000878438  -0.0002237758  -0.0003750990
        0.0001870040   0.0001570348  -0.0002706202  -0.0001000347  -0.0000126312
       -0.0004697232  -0.0003776461   0.0001082308   0.0000138374  -0.0003309906
       -0.0001810451   0.0001439830   0.0002235052   0.0001345132   0.0000441477
        0.0000071045   0.0000267893   0.0002102254   0.0000187904  -0.0000472365
        0.0000112454   0.0000956123   0.0000607749  -0.0519942219  -0.0125536295
       -0.1008038611   0.0098753608  -0.0003257968  -0.0046963937   0.0003776838
       -0.0000185363   0.0002448827  -0.0019310821  -0.0011905084  -0.0024053776
        0.0262642711   0.0007303128  -0.0036165394  -0.0000598179   0.0002410981
       -0.0001152947
        0.0536800607  -0.0009836452  -0.0349739743  -0.0479459326  -0.0053572972
       -0.0241289599  -0.0307318332   0.0082850068   0.0815727658  -0.3169750940
       -0.0124425516  -0.0012632311   0.6443060969   0.0242403728  -0.0205469654
       -0.1500622230  -0.0136779241  -0.0662731638  -0.0330813779  -0.0049205048
       -0.0234264999  -0.0001207081  -0.0012687404  -0.0027763308  -0.0003587114
       -0.0007747889   0.0006573411   0.0006926982  -0.0002961762  -0.0000909589
       -0.0011680180  -0.0006599950   0.0010996399  -0.0023716438   0.0027722103
        0.0014725290   0.0007034029   0.0000753577  -0.0002567292  -0.0003674070
       -0.0002020248  -0.0000970480  -0.0003026829   0.0000680638  -0.0001162932
       -0.0000037888  -0.0000847872  -0.0000068773  -0.0270727586  -0.0035030841
       -0.0169264207   0.0016500914  -0.0001220815   0.0001259389  -0.0003726642
       -0.0000287367   0.0024045507  -0.0002323316   0.0000589952  -0.0005314569
       -0.0895334028   0.0087049096   0.1046435419  -0.0003317721   0.0001174214
       -0.0005613981
        0.0036672418   0.0019945107  -0.0092264906  -0.0049702559  -0.0029456095
       -0.0016774383   0.0009213265   0.0006245218   0.0061633685  -0.0035664573
       -0.0451843247  -0.0056547994   0.0242403728   0.1190379116   0.0663911993
       -0.0179276878  -0.0515171700  -0.0295263280  -0.0077384463   0.0005181065
       -0.0004618442   0.0022003140  -0.0012195159  -0.0013051219  -0.0008986035
        0.0001164384   0.0000005737   0.0001571173   0.0001884420   0.0000392225
       -0.0005404026  -0.0001534217  -0.0000439641   0.0002614709   0.0003192692
        0.0000898208  -0.0000678663   0.0003988423   0.0001570529   0.0000386717
        0.0000987480   0.0000772172   0.0002475745   0.0000120828   0.0000119581
        0.0000315231  -0.0000444972   0.0000374752  -0.0049367246   0.0017450159
       -0.0020534831   0.0004329526   0.0045657374  -0.0010591831  -0.0001019376
        0.0064076422  -0.0011908790  -0.0000702603  -0.0002300408   0.0000630020
        0.0085890908  -0.0349214481  -0.0209229772   0.0000309860   0.0001887589
        0.0000916189
        0.0166340830  -0.0068274629  -0.0642127081  -0.0242553923  -0.0020286475
       -0.0085222436   0.0243944672   0.0029480616   0.0163077518   0.0649047692
       -0.0014646263  -0.0859100282  -0.0205469654   0.0663911993   0.6586196819
       -0.1331956776  -0.0335479882  -0.2406745396  -0.0121018858  -0.0004675744
        0.0014345985   0.0021949391  -0.0006508305  -0.0018618714  -0.0006483797
        0.0001223901  -0.0000296689  -0.0001492420  -0.0000794412  -0.0000375702
       -0.0008585012  -0.0000125699   0.0000255288   0.0025169066   0.0010315568
        0.0008325195   0.0003937415  -0.0000092368   0.0000030721   0.0002630346
        0.0002538671   0.0001072226   0.0003784001  -0.0000108309  -0.0000039359
        0.0001931613  -0.0002268923  -0.0001059535  -0.0287175261  -0.0026992020
       -0.0083281474   0.0027683429  -0.0009569378  -0.0037855525   0.0025172247
       -0.0011704354  -0.0046519194  -0.0006001457   0.0000104164   0.0003803378
        0.1036344487  -0.0203973618  -0.2598201813   0.0002801968  -0.0002074534
        0.0002336069
       -0.1234260915   0.0049469852   0.1168986882  -0.0312876868   0.0015301952
        0.0283665645   0.0060901835  -0.0000680435  -0.0039043406  -0.0448581246
       -0.0044422969  -0.0181412906  -0.1500622230  -0.0179276878  -0.1331956776
        0.6098315895   0.0241782971  -0.0066125928  -0.2139996841  -0.0052036146
        0.0145211740  -0.0276440659   0.0103462650   0.0137755219   0.0023557813
        0.0020710202   0.0022015866  -0.0023090354  -0.0001882448   0.0001863006
        0.0014819631  -0.0024201691  -0.0009621603  -0.0285277185  -0.0120244198
       -0.0083337745   0.0000772337  -0.0000100307   0.0002036058  -0.0000762509
        0.0002813624   0.0002608453   0.0004418337   0.0001047501  -0.0001478913
       -0.0001525053  -0.0000541809  -0.0001923217  -0.0039282318  -0.0005790621
       -0.0000729472  -0.0017437588  -0.0000776287   0.0001802495   0.0062993076
       -0.0002127631  -0.0128847438  -0.0055422911  -0.0003459340   0.0005067700
        0.0063696947   0.0005567694   0.0082269920   0.0006100809  -0.0004615686
       -0.0008805578
        0.0012732859  -0.0511355493  -0.0206760810   0.0084637630   0.0022603358
        0.0039769432   0.0001818771  -0.0053920766  -0.0073837180  -0.0119420887
       -0.0003910539   0.0034494492  -0.0136779241  -0.0515171700  -0.0335479882
        0.0241782971   0.1555782272   0.0747462585  -0.0054164274  -0.0570310762
       -0.0044517655   0.0214100820   0.0000072312  -0.0028680954   0.0014722424
       -0.0008416823  -0.0043055130   0.0000200900  -0.0001781600  -0.0002102876
       -0.0014843684  -0.0009847648  -0.0037885293  -0.0225370734  -0.0023234094
        0.0007165958  -0.0020974818  -0.0007330122   0.0007745409  -0.0011052671
       -0.0005198336  -0.0001337459   0.0000213887  -0.0002077087   0.0004363502
        0.0010189710  -0.0004100638  -0.0003019350   0.0001083070   0.0053365803
       -0.0004263365  -0.0001133768  -0.0000732260   0.0001128530   0.0010599196
        0.0005178304  -0.0035166184  -0.0008116013   0.0075101915  -0.0007400091
       -0.0011096343   0.0006777917  -0.0027173918   0.0010870194  -0.0001494013
        0.0008550238
        0.0510847602  -0.0224958334  -0.2685911966   0.0847864324   0.0056474432
        0.0173894545  -0.0048660743  -0.0070624860  -0.0624009663  -0.0783031633
       -0.0012113340   0.0314255009  -0.0662731638  -0.0295263280  -0.2406745396
       -0.0066125928   0.0747462585   0.6235655182   0.0146434822  -0.0028448988
       -0.0617475880   0.0153344891  -0.0020404392  -0.0018179839   0.0019323425
       -0.0044648863   0.0039335203   0.0001916100  -0.0005919569  -0.0000373819
       -0.0008384595  -0.0036110688   0.0042501669  -0.0100981002  -0.0004254502
        0.0020536250  -0.0015048768  -0.0001826319  -0.0013322292  -0.0007054590
       -0.0003415170  -0.0002222632  -0.0001345353   0.0004097785  -0.0007000508
        0.0005670620  -0.0001382854  -0.0002554481   0.0032187237  -0.0000736878
        0.0022925135   0.0001924583   0.0002885452   0.0008731601   0.0086257692
       -0.0027823192  -0.0239186237   0.0004984234  -0.0007723570   0.0011615622
       -0.0122634210  -0.0036678188  -0.0234161524   0.0005242929   0.0011412734
       -0.0018305979
       -0.0259525974   0.0055846420   0.0153984827   0.0026591003   0.0002472004
        0.0031304569  -0.0031606026  -0.0000497945   0.0004194995   0.0014100936
       -0.0010627970  -0.0043928075  -0.0330813779  -0.0077384463  -0.0121018858
       -0.2139996841  -0.0054164274   0.0146434822   0.6060294035   0.0189118827
       -0.0405026396  -0.1304556690   0.1061110469   0.0652309470  -0.0342503919
        0.0216096453   0.0157330450   0.0047751712  -0.0017315841  -0.0015471797
       -0.0389102963  -0.0189083094  -0.0065500346  -0.1414402216  -0.1175269030
       -0.0504408773   0.0055458890   0.0088086208   0.0041847443  -0.0033893664
       -0.0000857576   0.0006196077  -0.0009830683   0.0000809952   0.0001557195
       -0.0039601717   0.0000695059   0.0011481579  -0.0002034582   0.0001454258
        0.0002923230   0.0013862614   0.0001321295  -0.0001433999   0.0008992949
       -0.0003122565  -0.0008580201  -0.0003510877  -0.0002290284   0.0001345382
        0.0007455958   0.0006149999   0.0008152660   0.0066871833  -0.0092547903
       -0.0053694252
        0.0023776826   0.0012932940  -0.0001186513   0.0001780062   0.0065743210
       -0.0010126779   0.0000236423   0.0002401446  -0.0001931271  -0.0010104250
        0.0068023391  -0.0013632774  -0.0049205048   0.0005181065  -0.0004675744
       -0.0052036146  -0.0570310762  -0.0028448988   0.0189118827   0.4862049138
        0.2092537726   0.0447497354  -0.2009588356  -0.0957017173   0.0711329343
        0.0183355556   0.0014529699  -0.0033713128  -0.0439693095  -0.0233443906
       -0.0657625514   0.0131565248   0.0139837624  -0.0664938438  -0.1836714792
       -0.0696522153  -0.0004879215  -0.0296609918  -0.0171403663   0.0024257483
        0.0030177081  -0.0011326157   0.0009671901   0.0003676781   0.0002901595
       -0.0020989325   0.0026755698  -0.0007894708  -0.0002855397  -0.0000640709
       -0.0001610872   0.0000287358  -0.0011711150   0.0001169705   0.0003234206
       -0.0023043405   0.0000381367   0.0000566409  -0.0001160987  -0.0000502522
       -0.0001104076  -0.0024127979   0.0002445982   0.0085694344  -0.0178260399
       -0.0114080477
        0.0267761367   0.0004191116  -0.0041689357   0.0025492157  -0.0010779208
       -0.0043464551   0.0000548164  -0.0000189980  -0.0007607185  -0.0025654558
       -0.0012672534  -0.0024144930  -0.0234264999  -0.0004618442   0.0014345985
        0.0145211740  -0.0044517655  -0.0617475880  -0.0405026396   0.2092537726
        0.2697033673   0.0337296233  -0.1023363863  -0.1069344481   0.0443615110
        0.0080550390   0.0000098825  -0.0026993588  -0.0239645006  -0.0145643530
       -0.0328408625   0.0105368471   0.0081649304  -0.0253355546  -0.0654303439
       -0.0795264406  -0.0003738392  -0.0179721110  -0.0079124496   0.0022446855
       -0.0008579758   0.0036994456   0.0006767009   0.0002409560   0.0000409721
       -0.0005279709  -0.0010825031   0.0042724044  -0.0013389149  -0.0001740623
       -0.0005634479  -0.0002359397   0.0001271329   0.0000629801   0.0008272902
        0.0000995550   0.0004929466   0.0012194103   0.0000009917  -0.0001616286
       -0.0011965151   0.0000066721   0.0005095017   0.0040829871  -0.0096444131
       -0.0052900710
       -0.0021483103  -0.0003808718  -0.0021793582  -0.0015050698  -0.0011313275
        0.0006624990   0.0010861196  -0.0000739047   0.0001295736  -0.0002324928
       -0.0009505209   0.0007701040  -0.0001207081   0.0022003140   0.0021949391
       -0.0276440659   0.0214100820   0.0153344891  -0.1304556690   0.0447497354
        0.0337296233   0.6454506783   0.0411469284  -0.0344044039  -0.3172993885
        0.0131492333   0.0354028485  -0.0420653553  -0.0652580638  -0.0323311150
       -0.0398920752   0.0215161475   0.0162963225   0.0517252844   0.0235073877
        0.0076154991  -0.0008692154  -0.0041615684  -0.0017761071   0.0002562348
       -0.0004579448  -0.0004558944   0.0013114644  -0.0009058789  -0.0001884887
       -0.0216651169   0.0150865188   0.0111682805  -0.0000791068  -0.0000493993
       -0.0000114362  -0.0005399598   0.0001825010   0.0000227463  -0.0000925013
        0.0003679381  -0.0000286378  -0.0003402013   0.0000285418   0.0000107830
       -0.0002787909   0.0006090400   0.0001434767  -0.1146017541  -0.1105848878
       -0.0521057436
       -0.0020448807   0.0007083224   0.0014119193   0.0005554777   0.0000477225
        0.0000956312  -0.0000992140  -0.0000134752  -0.0003203340   0.0000905267
        0.0000249486  -0.0000878438  -0.0012687404  -0.0012195159  -0.0006508305
        0.0103462650   0.0000072312  -0.0020404392   0.1061110469  -0.2009588356
       -0.1023363863   0.0411469284   0.5259207260   0.2332021445  -0.0438860933
       -0.0723342576  -0.0110852592  -0.0179738905   0.0160192660   0.0103229122
        0.0217394723  -0.0079828281  -0.0061019509  -0.0236292018  -0.0505074772
       -0.0266224220  -0.0017988992  -0.0007672214  -0.0027554941  -0.0010537674
       -0.0012995313  -0.0004523713  -0.0032220405  -0.0016057592  -0.0031131564
        0.0251740199  -0.0081018070  -0.0085695803  -0.0001263766  -0.0000132103
       -0.0001417213  -0.0000691598   0.0000133304   0.0000130761   0.0000449227
       -0.0001813544  -0.0002549256  -0.0000306688  -0.0000492364   0.0000304764
       -0.0001857318   0.0002422886  -0.0001928527  -0.1098199947  -0.1979493259
       -0.0803505922
       -0.0008535781   0.0002475539   0.0015236852   0.0007682656   0.0002133014
        0.0001227914  -0.0004281180  -0.0000349666   0.0000595848   0.0008656940
        0.0000432068  -0.0002237758  -0.0027763308  -0.0013051219  -0.0018618714
        0.0137755219  -0.0028680954  -0.0018179839   0.0652309470  -0.0957017173
       -0.1069344481  -0.0344044039   0.2332021445   0.2426343005   0.0023378289
       -0.0176087115  -0.0537866541  -0.0053154682   0.0157062359   0.0097940499
        0.0161335759  -0.0057868292  -0.0062462305  -0.0176533878  -0.0316525153
       -0.0133820374  -0.0003453185  -0.0021574647   0.0032210004  -0.0006892397
       -0.0006261995  -0.0004792551  -0.0016818705  -0.0033074066   0.0026221274
        0.0169472324  -0.0076170370  -0.0038638687  -0.0000329973   0.0000588028
       -0.0000112431  -0.0000641667   0.0000032336   0.0000389519   0.0000377629
       -0.0001402760  -0.0000476165   0.0000235732   0.0000063242  -0.0000084241
       -0.0000478991   0.0000927320   0.0001901283  -0.0518276232  -0.0807671943
       -0.0715432112
       -0.0014168404   0.0005922318   0.0009911957   0.0002368176  -0.0000044925
        0.0002953692  -0.0005338517   0.0000432342   0.0001461395   0.0004367023
        0.0000514625  -0.0003750990  -0.0003587114  -0.0008986035  -0.0006483797
        0.0023557813   0.0014722424   0.0019323425  -0.0342503919   0.0711329343
        0.0443615110  -0.3172993885  -0.0438860933   0.0023378289   0.5847914405
        0.0675389436  -0.0116886378  -0.1309863008  -0.0681411076  -0.0304956984
        0.0498654814  -0.0250325587  -0.0195566863  -0.0457510030  -0.0240117374
       -0.0087789288   0.0006898296   0.0000391367   0.0000416455  -0.0010037612
        0.0022682486   0.0020470098  -0.0375051723  -0.0189253575  -0.0066987192
       -0.0507352224   0.0399497347   0.0260081080  -0.0000148366   0.0000366569
       -0.0000552166   0.0002275637  -0.0000274481  -0.0000336620  -0.0000270572
       -0.0000364880  -0.0001769933  -0.0000244985  -0.0000590230   0.0000236496
       -0.0001954839  -0.0000592212  -0.0001525434  -0.0185010963  -0.0020426952
        0.0004757647
        0.0008253021  -0.0001520514  -0.0004841223   0.0000956920   0.0000619634
       -0.0003509242   0.0003995955  -0.0000120048  -0.0002414685   0.0001927696
       -0.0000343354   0.0001870040  -0.0007747889   0.0001164384   0.0001223901
        0.0020710202  -0.0008416823  -0.0044648863   0.0216096453   0.0183355556
        0.0080550390   0.0131492333  -0.0723342576  -0.0176087115   0.0675389436
        0.3959167922   0.1643665213  -0.1188362550  -0.1892554460  -0.0711124690
        0.0212940735  -0.0508779705  -0.0309179014  -0.0225248021  -0.0124375181
       -0.0030844026  -0.0005909852   0.0017688963   0.0008934052   0.0020495887
        0.0021025802  -0.0016039962  -0.0067566538  -0.0013111500  -0.0011749692
        0.0418913437  -0.0903167601  -0.0444607804  -0.0000609824   0.0000194219
        0.0000555940  -0.0002754609  -0.0000217221   0.0000619825   0.0001136321
        0.0000135559  -0.0000000576   0.0000274565  -0.0000114276  -0.0000072044
       -0.0000227166  -0.0001034029   0.0001318311  -0.0214156512  -0.0006254752
        0.0016381263
       -0.0008914126  -0.0001087843  -0.0001105549  -0.0000168822   0.0004218368
        0.0001814046   0.0001470657  -0.0000108254  -0.0001576451   0.0000353441
        0.0003614267   0.0001570348   0.0006573411   0.0000005737  -0.0000296689
        0.0022015866  -0.0043055130   0.0039335203   0.0157330450   0.0014529699
        0.0000098825   0.0354028485  -0.0110852592  -0.0537866541  -0.0116886378
        0.1643665213   0.1903692918  -0.0590024457  -0.0764930216  -0.0812291130
        0.0064757723  -0.0259439628  -0.0160121219  -0.0079462573  -0.0032136099
       -0.0028618520  -0.0003884083   0.0010087691   0.0005235554   0.0018070944
       -0.0015743341   0.0036385080   0.0002651365   0.0000958501   0.0019248043
        0.0271528886  -0.0443288802  -0.0480405150   0.0000929939   0.0000132765
        0.0001319785  -0.0000156334  -0.0000619611   0.0000236686   0.0000364746
       -0.0001260347  -0.0000112943  -0.0000828689  -0.0000249858   0.0000063104
        0.0001175832  -0.0001446290   0.0000400156  -0.0100926284  -0.0002994229
        0.0012994444
        0.0007626250  -0.0000146552   0.0000833437  -0.0000921125  -0.0001420952
        0.0000147700  -0.0004902945   0.0000030964   0.0002673237  -0.0002951407
        0.0000302333  -0.0002706202   0.0006926982   0.0001571173  -0.0001492420
       -0.0023090354   0.0000200900   0.0001916100   0.0047751712  -0.0033713128
       -0.0026993588  -0.0420653553  -0.0179738905  -0.0053154682  -0.1309863008
       -0.1188362550  -0.0590024457   0.4631682815   0.0220826354  -0.0249823363
       -0.1159231827   0.1043638716   0.0664667246  -0.0326616542   0.0215858812
        0.0147696410  -0.0016389394  -0.0021360121  -0.0003387795   0.0011386404
       -0.0138639858  -0.0075845629  -0.1427209204  -0.0019887282   0.0118011754
        0.0024817107   0.0106717308   0.0059523306   0.0000767491   0.0000211508
        0.0000876652   0.0002048757   0.0000148197  -0.0000117657  -0.0000945270
        0.0000067742  -0.0000741065   0.0000741365   0.0000052850  -0.0000062455
       -0.0000915836  -0.0000018939   0.0000906092  -0.0040058419  -0.0006338573
        0.0007097380
        0.0003733135   0.0001574544  -0.0000159468  -0.0000536086  -0.0000144596
       -0.0000536308  -0.0000630401  -0.0000021055   0.0001195027  -0.0000612821
       -0.0000519782  -0.0001000347  -0.0002961762   0.0001884420  -0.0000794412
       -0.0001882448  -0.0001781600  -0.0005919569  -0.0017315841  -0.0439693095
       -0.0239645006  -0.0652580638   0.0160192660   0.0157062359  -0.0681411076
       -0.1892554460  -0.0764930216   0.0220826354   0.4722757340   0.2143800292
        0.0543370020  -0.1881308662  -0.0878351563   0.0667193774   0.0168638925
        0.0027173086  -0.0020019620   0.0012368483  -0.0015508581  -0.0022230935
       -0.0318518383  -0.0188646070  -0.0019897854  -0.0236061528  -0.0022195914
       -0.0014251927  -0.0314052932  -0.0188870549   0.0000419572   0.0000035893
        0.0000802154   0.0000633457   0.0000198641  -0.0000005917  -0.0000159492
        0.0000145670   0.0001014754   0.0000294693   0.0000023901  -0.0000040766
        0.0000240604   0.0000420016   0.0001165524  -0.0002220707   0.0016415600
       -0.0025608510
        0.0000407272   0.0000938446  -0.0000150157  -0.0000176333   0.0000288242
       -0.0000156542   0.0000523462  -0.0000014794   0.0000378013  -0.0000184555
       -0.0000233780  -0.0000126312  -0.0000909589   0.0000392225  -0.0000375702
        0.0001863006  -0.0002102876  -0.0000373819  -0.0015471797  -0.0233443906
       -0.0145643530  -0.0323311150   0.0103229122   0.0097940499  -0.0304956984
       -0.0711124690  -0.0812291130  -0.0249823363   0.2143800292   0.2143785920
        0.0386958273  -0.0937554968  -0.0973637695   0.0405605940   0.0074082820
       -0.0007348861  -0.0005708852  -0.0015129369   0.0037313030  -0.0012098132
       -0.0173455442  -0.0077720466   0.0115880324  -0.0022721979  -0.0217674717
       -0.0008804353  -0.0200721667  -0.0095232656   0.0000401092   0.0000024779
        0.0000568269   0.0000016194   0.0000071272  -0.0000006317  -0.0000272392
        0.0000184475   0.0000667320   0.0000095279  -0.0000038986  -0.0000061475
        0.0000403821   0.0000306367   0.0000544438   0.0009562837  -0.0026775584
        0.0049601889
       -0.0000575620   0.0008444316   0.0009038775   0.0002757858   0.0000460043
        0.0000315642  -0.0005442694   0.0000004150   0.0002383422   0.0000724424
       -0.0000125567  -0.0004697232  -0.0011680180  -0.0005404026  -0.0008585012
        0.0014819631  -0.0014843684  -0.0008384595  -0.0389102963  -0.0657625514
       -0.0328408625  -0.0398920752   0.0217394723   0.0161335759   0.0498654814
        0.0212940735   0.0064757723  -0.1159231827   0.0543370020   0.0386958273
        0.5528395557  -0.0332734924  -0.0676493978  -0.2893703726   0.0206391297
        0.0389080899  -0.0229506975   0.0135109338   0.0098895861  -0.0582133826
       -0.0477463315  -0.0228693429  -0.0351803492   0.0181202672   0.0142198226
       -0.0019625373  -0.0020220537  -0.0005614910   0.0000928289   0.0000547918
        0.0001434802   0.0002988958   0.0000194681  -0.0000470895  -0.0002474807
        0.0000783291   0.0000972630   0.0000960353  -0.0000104696  -0.0000098055
       -0.0000877222   0.0000761454   0.0001672207  -0.0005150427   0.0000917623
        0.0002402513
        0.0004254998  -0.0000364385   0.0000684877   0.0001692163  -0.0001337172
        0.0000228128  -0.0002652949  -0.0000210155  -0.0001107985  -0.0003667762
        0.0000436163  -0.0003776461  -0.0006599950  -0.0001534217  -0.0000125699
       -0.0024201691  -0.0009847648  -0.0036110688  -0.0189083094   0.0131565248
        0.0105368471   0.0215161475  -0.0079828281  -0.0057868292  -0.0250325587
       -0.0508779705  -0.0259439628   0.1043638716  -0.1881308662  -0.0937554968
       -0.0332734924   0.3990425873   0.1747021877  -0.0280964590  -0.0600784172
       -0.0069012372   0.0255892408  -0.0114449066  -0.0097191503  -0.0479372838
       -0.0924045225  -0.0348756757   0.0066841249  -0.0013827385  -0.0023901356
       -0.0018100975   0.0016386612  -0.0013743627  -0.0000896471   0.0000082921
        0.0000075631   0.0000166674   0.0000159335  -0.0000041796   0.0000314787
       -0.0001678105  -0.0002032920   0.0000003641  -0.0000369537  -0.0000073418
       -0.0001206401  -0.0000211444   0.0000345012   0.0001841122  -0.0000480990
       -0.0002986524
       -0.0005009987  -0.0001049370  -0.0000768978  -0.0002284765   0.0003025286
        0.0000727202   0.0001037766   0.0000224123   0.0000141097  -0.0001093681
        0.0004223363   0.0001082308   0.0010996399  -0.0000439641   0.0000255288
       -0.0009621603  -0.0037885293   0.0042501669  -0.0065500346   0.0139837624
        0.0081649304   0.0162963225  -0.0061019509  -0.0062462305  -0.0195566863
       -0.0309179014  -0.0160121219   0.0664667246  -0.0878351563  -0.0973637695
       -0.0676493978   0.1747021877   0.1957595014   0.0108712815  -0.0113289427
       -0.0503293700   0.0161083858  -0.0085703615  -0.0042273493  -0.0225754720
       -0.0352120878  -0.0366998142   0.0077096834  -0.0035990443  -0.0011049296
       -0.0004358315  -0.0013110257   0.0037279640   0.0000614982   0.0000139273
        0.0000215854  -0.0001941103  -0.0000727922   0.0000133371  -0.0000217302
       -0.0001935091  -0.0001797660  -0.0000750880  -0.0000181369  -0.0000040724
       -0.0000274382  -0.0001520185  -0.0000256712   0.0001694801  -0.0001967969
        0.0001119177
        0.0007418250  -0.0012509146  -0.0029658025  -0.0007353486   0.0010083000
       -0.0001498168   0.0011462276   0.0000723702  -0.0002897561  -0.0011619274
        0.0011687447   0.0000138374  -0.0023716438   0.0002614709   0.0025169066
       -0.0285277185  -0.0225370734  -0.0100981002  -0.1414402216  -0.0664938438
       -0.0253355546   0.0517252844  -0.0236292018  -0.0176533878  -0.0457510030
       -0.0225248021  -0.0079462573  -0.0326616542   0.0667193774   0.0405605940
       -0.2893703726  -0.0280964590   0.0108712815   0.5604081237   0.0703810111
       -0.0098302464  -0.0481635535   0.0405093656   0.0239782775  -0.0254898095
       -0.0149195430  -0.0049731982   0.0022800241  -0.0002684041  -0.0000170966
        0.0012066625  -0.0006862388  -0.0005724341  -0.0004928858  -0.0000912846
       -0.0003196164  -0.0004818394  -0.0002646958   0.0000627028  -0.0002816401
       -0.0005728426   0.0003686651  -0.0001103264   0.0000549474  -0.0000454900
        0.0000756214  -0.0005221753   0.0001763387  -0.0005438243   0.0016818917
        0.0016481533
        0.0014070552  -0.0016276595  -0.0002692741   0.0000484040  -0.0001069052
       -0.0004392938  -0.0002140105   0.0000138156  -0.0004052945  -0.0009449633
        0.0001984849  -0.0003309906   0.0027722103   0.0003192692   0.0010315568
       -0.0120244198  -0.0023234094  -0.0004254502  -0.1175269030  -0.1836714792
       -0.0654303439   0.0235073877  -0.0505074772  -0.0316525153  -0.0240117374
       -0.0124375181  -0.0032136099   0.0215858812   0.0168638925   0.0074082820
        0.0206391297  -0.0600784172  -0.0113289427   0.0703810111   0.4014332134
        0.1605771407   0.0394450439  -0.0954944091  -0.0428590846  -0.0263239765
       -0.0124072992  -0.0050975121  -0.0004747800  -0.0010935036  -0.0032807939
       -0.0005092324   0.0014198572   0.0007877967   0.0003722949   0.0001067916
        0.0004485046   0.0003337209   0.0000014798  -0.0000539905   0.0003870825
        0.0004455442  -0.0004177179   0.0001793911   0.0000281080  -0.0000344320
       -0.0001139464  -0.0001035837  -0.0003907701   0.0010853569  -0.0009787950
       -0.0046232648
        0.0022274742  -0.0013301166  -0.0010914624  -0.0006504886  -0.0003161030
       -0.0003285170  -0.0000170542   0.0000177593   0.0000806570  -0.0008126512
        0.0000370335  -0.0001810451   0.0014725290   0.0000898208   0.0008325195
       -0.0083337745   0.0007165958   0.0020536250  -0.0504408773  -0.0696522153
       -0.0795264406   0.0076154991  -0.0266224220  -0.0133820374  -0.0087789288
       -0.0030844026  -0.0028618520   0.0147696410   0.0027173086  -0.0007348861
        0.0389080899  -0.0069012372  -0.0503293700  -0.0098302464   0.1605771407
        0.1830080637   0.0233549348  -0.0435208278  -0.0444505352  -0.0115438699
       -0.0061298952  -0.0000795293   0.0000655401  -0.0031537618   0.0027987980
       -0.0002934342   0.0006581928   0.0003511897   0.0003048899   0.0000793883
        0.0003549866   0.0003102426   0.0000313622  -0.0000208813   0.0003608534
        0.0002952385  -0.0002011718   0.0000803612   0.0000662279  -0.0000084123
       -0.0001227891  -0.0000157405  -0.0001951316   0.0013540589  -0.0045593464
        0.0039114326
       -0.0014677898  -0.0023685703   0.0004749486   0.0002847297  -0.0001716734
       -0.0000023390  -0.0001821407   0.0000738349  -0.0006507510  -0.0006229369
        0.0001146924   0.0001439830   0.0007034029  -0.0000678663   0.0003937415
        0.0000772337  -0.0020974818  -0.0015048768   0.0055458890  -0.0004879215
       -0.0003738392  -0.0008692154  -0.0017988992  -0.0003453185   0.0006898296
       -0.0005909852  -0.0003884083  -0.0016389394  -0.0020019620  -0.0005708852
       -0.0229506975   0.0255892408   0.0161083858  -0.0481635535   0.0394450439
        0.0233549348   0.0752087990  -0.0564802238  -0.0383418056  -0.0041316304
        0.0007878778   0.0007355469  -0.0016599568   0.0008039752   0.0006035037
       -0.0005124476   0.0009278774   0.0004587030   0.0000397942   0.0000179422
        0.0001146792   0.0000158467   0.0000468163   0.0000286789  -0.0003087982
       -0.0013670984  -0.0000769811  -0.0000436488  -0.0000502180   0.0000361569
        0.0000048845   0.0000399968   0.0000146184  -0.0000186543  -0.0003643977
       -0.0002126762
       -0.0016322816  -0.0013847185   0.0000664346  -0.0000639869  -0.0001664216
        0.0002153866   0.0001122702   0.0001047689   0.0002003874   0.0002671819
       -0.0000297806   0.0002235052   0.0000753577   0.0003988423  -0.0000092368
       -0.0000100307  -0.0007330122  -0.0001826319   0.0088086208  -0.0296609918
       -0.0179721110  -0.0041615684  -0.0007672214  -0.0021574647   0.0000391367
        0.0017688963   0.0010087691  -0.0021360121   0.0012368483  -0.0015129369
        0.0135109338  -0.0114449066  -0.0085703615   0.0405093656  -0.0954944091
       -0.0435208278  -0.0564802238   0.1357552412   0.0692634464  -0.0003965342
        0.0043890130   0.0029468553   0.0010414199  -0.0002579413  -0.0001338948
        0.0008248346  -0.0015820264  -0.0005692399   0.0000157372  -0.0000552219
       -0.0001549949   0.0000962656   0.0000257143  -0.0000156728  -0.0016416050
       -0.0015115776   0.0012254127   0.0001519642   0.0000607581   0.0000193675
        0.0001994433  -0.0000476613   0.0000654104   0.0008697112  -0.0006041920
       -0.0004356021
        0.0001219086   0.0005794985  -0.0002010223   0.0002141268  -0.0000579989
        0.0001708422   0.0000862559  -0.0000504478   0.0001142856   0.0001264291
       -0.0001463342   0.0001345132  -0.0002567292   0.0001570529   0.0000030721
        0.0002036058   0.0007745409  -0.0013322292   0.0041847443  -0.0171403663
       -0.0079124496  -0.0017761071  -0.0027554941   0.0032210004   0.0000416455
        0.0008934052   0.0005235554  -0.0003387795  -0.0015508581   0.0037313030
        0.0098895861  -0.0097191503  -0.0042273493   0.0239782775  -0.0428590846
       -0.0444505352  -0.0383418056   0.0692634464   0.0510369543  -0.0000735902
        0.0026483250   0.0002896605   0.0007230372  -0.0002095609  -0.0001736949
        0.0003776081  -0.0004395934  -0.0010318757   0.0000166462  -0.0000005887
       -0.0000714731   0.0000498760   0.0000206257  -0.0000138854   0.0001775586
        0.0007500703   0.0005096675   0.0000916364   0.0000556321  -0.0000177451
        0.0000713158   0.0000324438   0.0000413261   0.0004327537  -0.0002455635
       -0.0003439205
       -0.0001545350  -0.0000394160  -0.0003239711  -0.0000680317   0.0000805385
        0.0000061737   0.0000844824  -0.0000020302  -0.0000371829  -0.0000255730
        0.0001032544   0.0000441477  -0.0003674070   0.0000386717   0.0002630346
       -0.0000762509  -0.0011052671  -0.0007054590  -0.0033893664   0.0024257483
        0.0022446855   0.0002562348  -0.0010537674  -0.0006892397  -0.0010037612
        0.0020495887   0.0018070944   0.0011386404  -0.0022230935  -0.0012098132
       -0.0582133826  -0.0479372838  -0.0225754720  -0.0254898095  -0.0263239765
       -0.0115438699  -0.0041316304  -0.0003965342  -0.0000735902   0.0870447991
        0.0703274357   0.0308736151   0.0036804266   0.0040590910   0.0017906652
        0.0002833220  -0.0002610637  -0.0001993898   0.0000578732   0.0000173481
        0.0000688895   0.0001217274  -0.0000083374   0.0000141602   0.0000212702
       -0.0000649213   0.0000651683  -0.0000109851   0.0000028608   0.0000305947
        0.0000772145  -0.0000403919   0.0000536392   0.0001647422   0.0003515460
        0.0000961195
       -0.0000974655  -0.0000634992  -0.0003751218  -0.0001211194   0.0000695215
        0.0000120806   0.0000411368   0.0000107913   0.0000483487  -0.0000084378
        0.0000582231   0.0000071045  -0.0002020248   0.0000987480   0.0002538671
        0.0002813624  -0.0005198336  -0.0003415170  -0.0000857576   0.0030177081
       -0.0008579758  -0.0004579448  -0.0012995313  -0.0006261995   0.0022682486
        0.0021025802  -0.0015743341  -0.0138639858  -0.0318518383  -0.0173455442
       -0.0477463315  -0.0924045225  -0.0352120878  -0.0149195430  -0.0124072992
       -0.0061298952   0.0007878778   0.0043890130   0.0026483250   0.0703274357
        0.1315143153   0.0597396774   0.0032527367  -0.0009425976  -0.0001427061
       -0.0000996569  -0.0018366386  -0.0010500400   0.0000943342   0.0000166763
        0.0000786220   0.0001216260  -0.0000159276   0.0000186293   0.0000434370
       -0.0000612553   0.0001865300  -0.0000130026   0.0000075819   0.0000544877
        0.0001064541  -0.0000352725   0.0000071819   0.0002906202   0.0001530571
        0.0006005673
       -0.0000294313   0.0000294282  -0.0000710626  -0.0000244916   0.0000188126
       -0.0000055944   0.0000303138  -0.0000006620   0.0000187155   0.0000520336
       -0.0000023468   0.0000267893  -0.0000970480   0.0000772172   0.0001072226
        0.0002608453  -0.0001337459  -0.0002222632   0.0006196077  -0.0011326157
        0.0036994456  -0.0004558944  -0.0004523713  -0.0004792551   0.0020470098
       -0.0016039962   0.0036385080  -0.0075845629  -0.0188646070  -0.0077720466
       -0.0228693429  -0.0348756757  -0.0366998142  -0.0049731982  -0.0050975121
       -0.0000795293   0.0007355469   0.0029468553   0.0002896605   0.0308736151
        0.0597396774   0.0400917646   0.0012955100  -0.0002906818  -0.0014498612
       -0.0001080019  -0.0009118105  -0.0005805988   0.0000253233   0.0000088936
        0.0000052841   0.0000603806   0.0000011476  -0.0000015110   0.0000231659
       -0.0000306613   0.0000563941   0.0000058899  -0.0000000167   0.0000113309
        0.0000515047  -0.0000177707   0.0000040450   0.0000612248   0.0005924418
       -0.0005876237
       -0.0002691791  -0.0002466507  -0.0004463841  -0.0001385634   0.0001140981
       -0.0000767411   0.0002289993  -0.0000166877  -0.0001619656   0.0000539854
       -0.0000722942   0.0002102254  -0.0003026829   0.0002475745   0.0003784001
        0.0004418337   0.0000213887  -0.0001345353  -0.0009830683   0.0009671901
        0.0006767009   0.0013114644  -0.0032220405  -0.0016818705  -0.0375051723
       -0.0067566538   0.0002651365  -0.1427209204  -0.0019897854   0.0115880324
       -0.0351803492   0.0066841249   0.0077096834   0.0022800241  -0.0004747800
        0.0000655401  -0.0016599568   0.0010414199   0.0007230372   0.0036804266
        0.0032527367   0.0012955100   0.2080504049   0.0031353405  -0.0187682865
        0.0033950807  -0.0032672411  -0.0021733228   0.0001162352   0.0000224950
        0.0000558362   0.0001519166   0.0000158721  -0.0000414877   0.0000502529
        0.0000526186   0.0000632487  -0.0000385865   0.0000051980   0.0000312660
        0.0001441715  -0.0000365405   0.0000257021  -0.0011063164   0.0005226168
        0.0003962746
       -0.0000931792   0.0000177800  -0.0000128697  -0.0000134120   0.0000267984
        0.0000206010  -0.0000131026   0.0000038021   0.0000013825  -0.0000136618
        0.0000250903   0.0000187904   0.0000680638   0.0000120828  -0.0000108309
        0.0001047501  -0.0002077087   0.0004097785   0.0000809952   0.0003676781
        0.0002409560  -0.0009058789  -0.0016057592  -0.0033074066  -0.0189253575
       -0.0013111500   0.0000958501  -0.0019887282  -0.0236061528  -0.0022721979
        0.0181202672  -0.0013827385  -0.0035990443  -0.0002684041  -0.0010935036
       -0.0031537618   0.0008039752  -0.0002579413  -0.0002095609   0.0040590910
       -0.0009425976  -0.0002906818   0.0031353405   0.0308663096   0.0114341058
       -0.0034209175  -0.0009052812   0.0004627687   0.0000201883  -0.0000045569
        0.0000158943   0.0000159640  -0.0000135510  -0.0000028849  -0.0000104223
       -0.0000190128   0.0000108725  -0.0000162675  -0.0000022646   0.0000059444
        0.0000311554  -0.0000146391   0.0000261393  -0.0007704591   0.0000473161
        0.0001161553
        0.0001662676   0.0000054391   0.0000078304   0.0000152370  -0.0000552000
       -0.0000081796  -0.0000273957   0.0000012548   0.0000283085   0.0000036916
       -0.0000332417  -0.0000472365  -0.0001162932   0.0000119581  -0.0000039359
       -0.0001478913   0.0004363502  -0.0007000508   0.0001557195   0.0002901595
        0.0000409721  -0.0001884887  -0.0031131564   0.0026221274  -0.0066987192
       -0.0011749692   0.0019248043   0.0118011754  -0.0022195914  -0.0217674717
        0.0142198226  -0.0023901356  -0.0011049296  -0.0000170966  -0.0032807939
        0.0027987980   0.0006035037  -0.0001338948  -0.0001736949   0.0017906652
       -0.0001427061  -0.0014498612  -0.0187682865   0.0114341058   0.0185135225
       -0.0023857541   0.0003899504  -0.0006466178  -0.0000356050  -0.0000072258
       -0.0000361609  -0.0000498982   0.0000005924  -0.0000024822   0.0000161496
        0.0000052824   0.0000237245  -0.0000027665   0.0000030237   0.0000076666
       -0.0000073337   0.0000026104  -0.0000125049  -0.0003267036  -0.0000298118
       -0.0000146284
       -0.0003217716  -0.0001064060  -0.0002351149  -0.0000660821  -0.0001203641
        0.0000096200   0.0001021536  -0.0000294692  -0.0000982588  -0.0000694148
       -0.0001006418   0.0000112454  -0.0000037888   0.0000315231   0.0001931613
       -0.0001525053   0.0010189710   0.0005670620  -0.0039601717  -0.0020989325
       -0.0005279709  -0.0216651169   0.0251740199   0.0169472324  -0.0507352224
        0.0418913437   0.0271528886   0.0024817107  -0.0014251927  -0.0008804353
       -0.0019625373  -0.0018100975  -0.0004358315   0.0012066625  -0.0005092324
       -0.0002934342  -0.0005124476   0.0008248346   0.0003776081   0.0002833220
       -0.0000996569  -0.0001080019   0.0033950807  -0.0034209175  -0.0023857541
        0.0713255920  -0.0599578464  -0.0405343907   0.0001019620   0.0000272247
        0.0001282825   0.0001165739   0.0000245212  -0.0000079849   0.0000446475
        0.0000189039  -0.0000452609  -0.0000074760  -0.0000077155   0.0000171724
       -0.0000269574   0.0000382007   0.0000101971   0.0004257870   0.0006369299
        0.0001379682
        0.0001396421   0.0001532971   0.0002677680   0.0000220150   0.0000886694
        0.0000462690  -0.0001398510   0.0000415234   0.0001255041   0.0001446973
        0.0000988733   0.0000956123  -0.0000847872  -0.0000444972  -0.0002268923
       -0.0000541809  -0.0004100638  -0.0001382854   0.0000695059   0.0026755698
       -0.0010825031   0.0150865188  -0.0081018070  -0.0076170370   0.0399497347
       -0.0903167601  -0.0443288802   0.0106717308  -0.0314052932  -0.0200721667
       -0.0020220537   0.0016386612  -0.0013110257  -0.0006862388   0.0014198572
        0.0006581928   0.0009278774  -0.0015820264  -0.0004395934  -0.0002610637
       -0.0018366386  -0.0009118105  -0.0032672411  -0.0009052812   0.0003899504
       -0.0599578464   0.1283359584   0.0734709292  -0.0001435686  -0.0000573827
       -0.0001965833  -0.0000638614  -0.0000293332  -0.0000126947  -0.0000804870
       -0.0000172960   0.0000309834  -0.0000348679   0.0000235120  -0.0000091515
        0.0000880339  -0.0000167132   0.0000918341  -0.0003037082   0.0002471708
        0.0011695804
        0.0001526654   0.0001151897   0.0001755087   0.0000058696   0.0000451859
        0.0000028554  -0.0000616316   0.0000222216   0.0000745938   0.0000304234
        0.0000490515   0.0000607749  -0.0000068773   0.0000374752  -0.0001059535
       -0.0001923217  -0.0003019350  -0.0002554481   0.0011481579  -0.0007894708
        0.0042724044   0.0111682805  -0.0085695803  -0.0038638687   0.0260081080
       -0.0444607804  -0.0480405150   0.0059523306  -0.0188870549  -0.0095232656
       -0.0005614910  -0.0013743627   0.0037279640  -0.0005724341   0.0007877967
        0.0003511897   0.0004587030  -0.0005692399  -0.0010318757  -0.0001993898
       -0.0010500400  -0.0005805988  -0.0021733228   0.0004627687  -0.0006466178
       -0.0405343907   0.0734709292   0.0565791159  -0.0000808297  -0.0000401142
       -0.0001161453  -0.0000970829  -0.0000141607  -0.0000076021  -0.0000468781
       -0.0000068674   0.0000126440  -0.0000202012   0.0000119280  -0.0000094823
        0.0000413385  -0.0000072483   0.0000421236  -0.0004190261   0.0010683081
       -0.0011178016
        0.0000740349  -0.0001057132  -0.0009659936  -0.0001496798  -0.0000086360
        0.0015978615   0.0003534652  -0.0004981139  -0.0033026094  -0.0595283897
       -0.0084248900  -0.0519942219  -0.0270727586  -0.0049367246  -0.0287175261
       -0.0039282318   0.0001083070   0.0032187237  -0.0002034582  -0.0002855397
       -0.0013389149  -0.0000791068  -0.0001263766  -0.0000329973  -0.0000148366
       -0.0000609824   0.0000929939   0.0000767491   0.0000419572   0.0000401092
        0.0000928289  -0.0000896471   0.0000614982  -0.0004928858   0.0003722949
        0.0003048899   0.0000397942   0.0000157372   0.0000166462   0.0000578732
        0.0000943342   0.0000253233   0.0001162352   0.0000201883  -0.0000356050
        0.0001019620  -0.0001435686  -0.0000808297   0.0859155573   0.0132619844
        0.0776824514   0.0041012876   0.0006461437   0.0035482469   0.0001717521
        0.0001266004   0.0001916397  -0.0000897659   0.0000376290   0.0002008762
        0.0005020501   0.0000096829  -0.0004912214  -0.0000444767  -0.0000546671
       -0.0000213409
       -0.0000477037  -0.0002911654  -0.0001452528   0.0003655292   0.0046174801
       -0.0007999286  -0.0022109911   0.0012440751  -0.0052842663  -0.0081572414
       -0.0219879784  -0.0125536295  -0.0035030841   0.0017450159  -0.0026992020
       -0.0005790621   0.0053365803  -0.0000736878   0.0001454258  -0.0000640709
       -0.0001740623  -0.0000493993  -0.0000132103   0.0000588028   0.0000366569
        0.0000194219   0.0000132765   0.0000211508   0.0000035893   0.0000024779
        0.0000547918   0.0000082921   0.0000139273  -0.0000912846   0.0001067916
        0.0000793883   0.0000179422  -0.0000552219  -0.0000005887   0.0000173481
        0.0000166763   0.0000088936   0.0000224950  -0.0000045569  -0.0000072258
        0.0000272247  -0.0000573827  -0.0000401142   0.0132619844   0.0136781373
        0.0210222799   0.0005030148  -0.0011018546   0.0001673036   0.0001207457
       -0.0011526814   0.0002079426  -0.0001657631  -0.0000702768  -0.0001078293
        0.0002238962  -0.0019652016   0.0003173112  -0.0000136761  -0.0000124591
       -0.0000058164
       -0.0014637178  -0.0001005333  -0.0003252397   0.0047986679  -0.0005520065
       -0.0019570081  -0.0179969933  -0.0059664453  -0.0392861650  -0.0496586916
       -0.0124701708  -0.1008038611  -0.0169264207  -0.0020534831  -0.0083281474
       -0.0000729472  -0.0004263365   0.0022925135   0.0002923230  -0.0001610872
       -0.0005634479  -0.0000114362  -0.0001417213  -0.0000112431  -0.0000552166
        0.0000555940   0.0001319785   0.0000876652   0.0000802154   0.0000568269
        0.0001434802   0.0000075631   0.0000215854  -0.0003196164   0.0004485046
        0.0003549866   0.0001146792  -0.0001549949  -0.0000714731   0.0000688895
        0.0000786220   0.0000052841   0.0000558362   0.0000158943  -0.0000361609
        0.0001282825  -0.0001965833  -0.0001161453   0.0776824514   0.0210222799
        0.1495330895   0.0036352336   0.0000945792  -0.0012213849   0.0002087581
        0.0002580396   0.0003161838  -0.0011143308  -0.0001594745  -0.0011755273
        0.0004924370   0.0003140596   0.0011213828  -0.0000893332   0.0000074850
        0.0000619726
        0.0016234331  -0.0008707860  -0.0043789276  -0.0379491444  -0.0027772872
       -0.0075421279  -0.1369020031  -0.0042130215   0.0099865518  -0.0349760348
       -0.0004703610   0.0098753608   0.0016500914   0.0004329526   0.0027683429
       -0.0017437588  -0.0001133768   0.0001924583   0.0013862614   0.0000287358
       -0.0002359397  -0.0005399598  -0.0000691598  -0.0000641667   0.0002275637
       -0.0002754609  -0.0000156334   0.0002048757   0.0000633457   0.0000016194
        0.0002988958   0.0000166674  -0.0001941103  -0.0004818394   0.0003337209
        0.0003102426   0.0000158467   0.0000962656   0.0000498760   0.0001217274
        0.0001216260   0.0000603806   0.0001519166   0.0000159640  -0.0000498982
        0.0001165739  -0.0000638614  -0.0000970829   0.0041012876   0.0005030148
        0.0036352336   0.2040325089   0.0072923514  -0.0143585680  -0.0011286404
       -0.0000408226   0.0002707188   0.0009316858   0.0001537080   0.0001546730
       -0.0012321840  -0.0000718235  -0.0003054485   0.0000908967  -0.0000923914
       -0.0000635545
       -0.0002736201   0.0050567645  -0.0012376251  -0.0043733687   0.0020340641
       -0.0003034166  -0.0045101830  -0.0202440661  -0.0002102460   0.0013080157
        0.0019587128  -0.0003257968  -0.0001220815   0.0045657374  -0.0009569378
       -0.0000776287  -0.0000732260   0.0002885452   0.0001321295  -0.0011711150
        0.0001271329   0.0001825010   0.0000133304   0.0000032336  -0.0000274481
       -0.0000217221  -0.0000619611   0.0000148197   0.0000198641   0.0000071272
        0.0000194681   0.0000159335  -0.0000727922  -0.0002646958   0.0000014798
        0.0000313622   0.0000468163   0.0000257143   0.0000206257  -0.0000083374
       -0.0000159276   0.0000011476   0.0000158721  -0.0000135510   0.0000005924
        0.0000245212  -0.0000293332  -0.0000141607   0.0006461437  -0.0011018546
        0.0000945792   0.0072923514   0.0109768794   0.0022645115  -0.0001506193
       -0.0001194441   0.0000244798   0.0000402217  -0.0018409027   0.0003366784
        0.0000692752  -0.0000307678  -0.0000240975   0.0000158470  -0.0000065701
        0.0000070181
       -0.0010653999  -0.0009935731  -0.0030020678  -0.0197728319  -0.0008897521
        0.0027011776   0.0077619979  -0.0003622555  -0.0261522006   0.0242777544
        0.0003042344  -0.0046963937   0.0001259389  -0.0010591831  -0.0037855525
        0.0001802495   0.0001128530   0.0008731601  -0.0001433999   0.0001169705
        0.0000629801   0.0000227463   0.0000130761   0.0000389519  -0.0000336620
        0.0000619825   0.0000236686  -0.0000117657  -0.0000005917  -0.0000006317
       -0.0000470895  -0.0000041796   0.0000133371   0.0000627028  -0.0000539905
       -0.0000208813   0.0000286789  -0.0000156728  -0.0000138854   0.0000141602
        0.0000186293  -0.0000015110  -0.0000414877  -0.0000028849  -0.0000024822
       -0.0000079849  -0.0000126947  -0.0000076021   0.0035482469   0.0001673036
       -0.0012213849  -0.0143585680   0.0022645115   0.0344609502  -0.0008096741
       -0.0000287442   0.0000267484  -0.0007606444   0.0002824191   0.0007291782
        0.0010567581   0.0000428706  -0.0000325416  -0.0000267260   0.0000386718
        0.0000069826
       -0.1234276727  -0.0165384643  -0.1227675595  -0.0192406397  -0.0035393347
       -0.0232851684  -0.0046747712  -0.0006002938   0.0004498095  -0.0004818648
       -0.0000155315   0.0003776838  -0.0003726642  -0.0001019376   0.0025172247
        0.0062993076   0.0010599196   0.0086257692   0.0008992949   0.0003234206
        0.0008272902  -0.0000925013   0.0000449227   0.0000377629  -0.0000270572
        0.0001136321   0.0000364746  -0.0000945270  -0.0000159492  -0.0000272392
       -0.0002474807   0.0000314787  -0.0000217302  -0.0002816401   0.0003870825
        0.0003608534  -0.0003087982  -0.0016416050   0.0001775586   0.0000212702
        0.0000434370   0.0000231659   0.0000502529  -0.0000104223   0.0000161496
        0.0000446475  -0.0000804870  -0.0000468781   0.0001717521   0.0001207457
        0.0002087581  -0.0011286404  -0.0001506193  -0.0008096741   0.1422256872
        0.0205006019   0.1336168376   0.0003762814   0.0000489878  -0.0008415659
        0.0002722608   0.0001041306   0.0005580020   0.0000175030  -0.0000837146
       -0.0000335246
       -0.0168196297  -0.0364022225  -0.0256484609  -0.0011787450   0.0003104358
       -0.0011182698  -0.0006365413   0.0077033710  -0.0007334577  -0.0000970271
        0.0002818778  -0.0000185363  -0.0000287367   0.0064076422  -0.0011704354
       -0.0002127631   0.0005178304  -0.0027823192  -0.0003122565  -0.0023043405
        0.0000995550   0.0003679381  -0.0001813544  -0.0001402760  -0.0000364880
        0.0000135559  -0.0001260347   0.0000067742   0.0000145670   0.0000184475
        0.0000783291  -0.0001678105  -0.0001935091  -0.0005728426   0.0004455442
        0.0002952385  -0.0013670984  -0.0015115776   0.0007500703  -0.0000649213
       -0.0000612553  -0.0000306613   0.0000526186  -0.0000190128   0.0000052824
        0.0000189039  -0.0000172960  -0.0000068674   0.0001266004  -0.0011526814
        0.0002580396  -0.0000408226  -0.0001194441  -0.0000287442   0.0205006019
        0.0286988086   0.0302687622   0.0002356479  -0.0024205397   0.0003436464
       -0.0000421680  -0.0000262037  -0.0000723094   0.0000226262  -0.0000098943
        0.0000308396
       -0.1229402727  -0.0260946173  -0.2260077389  -0.0008007568   0.0000207806
        0.0006950117   0.0002675226  -0.0007189303   0.0009892117   0.0005687660
        0.0000049886   0.0002448827   0.0024045507  -0.0011908790  -0.0046519194
       -0.0128847438  -0.0035166184  -0.0239186237  -0.0008580201   0.0000381367
        0.0004929466  -0.0000286378  -0.0002549256  -0.0000476165  -0.0001769933
       -0.0000000576  -0.0000112943  -0.0000741065   0.0001014754   0.0000667320
        0.0000972630  -0.0002032920  -0.0001797660   0.0003686651  -0.0004177179
       -0.0002011718  -0.0000769811   0.0012254127   0.0005096675   0.0000651683
        0.0001865300   0.0000563941   0.0000632487   0.0000108725   0.0000237245
       -0.0000452609   0.0000309834   0.0000126440   0.0001916397   0.0002079426
        0.0003161838   0.0002707188   0.0000244798   0.0000267484   0.1336168376
        0.0302687622   0.2516886458   0.0008338300   0.0003888439   0.0008954022
       -0.0007406007  -0.0001929155  -0.0010587408  -0.0001218367   0.0000807450
        0.0000586762
       -0.0146013783   0.0020559927   0.0250360355  -0.0941526303   0.0094605766
        0.1075789062   0.0060263251  -0.0013902511  -0.0143437698  -0.0009981506
       -0.0006178950  -0.0019310821  -0.0002323316  -0.0000702603  -0.0006001457
       -0.0055422911  -0.0008116013   0.0004984234  -0.0003510877   0.0000566409
        0.0012194103  -0.0003402013  -0.0000306688   0.0000235732  -0.0000244985
        0.0000274565  -0.0000828689   0.0000741365   0.0000294693   0.0000095279
        0.0000960353   0.0000003641  -0.0000750880  -0.0001103264   0.0001793911
        0.0000803612  -0.0000436488   0.0001519642   0.0000916364  -0.0000109851
       -0.0000130026   0.0000058899  -0.0000385865  -0.0000162675  -0.0000027665
       -0.0000074760  -0.0000348679  -0.0000202012  -0.0000897659  -0.0001657631
       -0.0011143308   0.0009316858   0.0000402217  -0.0007606444   0.0003762814
        0.0002356479   0.0008338300   0.1090339359  -0.0090730638  -0.1163452068
       -0.0000062694   0.0000688772  -0.0000879747   0.0000112275  -0.0000829610
       -0.0000135151
       -0.0008148067   0.0007743403   0.0009223426   0.0098162265  -0.0353861767
       -0.0200179046   0.0011571751   0.0002528964  -0.0040780299  -0.0008188187
        0.0070314712  -0.0011905084   0.0000589952  -0.0002300408   0.0000104164
       -0.0003459340   0.0075101915  -0.0007723570  -0.0002290284  -0.0001160987
        0.0000009917   0.0000285418  -0.0000492364   0.0000063242  -0.0000590230
       -0.0000114276  -0.0000249858   0.0000052850   0.0000023901  -0.0000038986
       -0.0000104696  -0.0000369537  -0.0000181369   0.0000549474   0.0000281080
        0.0000662279  -0.0000502180   0.0000607581   0.0000556321   0.0000028608
        0.0000075819  -0.0000000167   0.0000051980  -0.0000022646   0.0000030237
       -0.0000077155   0.0000235120   0.0000119280   0.0000376290  -0.0000702768
       -0.0001594745   0.0001537080  -0.0018409027   0.0002824191   0.0000489878
       -0.0024205397   0.0003888439  -0.0090730638   0.0258706710   0.0243281914
        0.0000639283  -0.0014004223   0.0001941923  -0.0000244052   0.0000024195
       -0.0000052210
        0.0033374119  -0.0002286827  -0.0029985726   0.1068668612  -0.0202760055
       -0.2563689310   0.0088079201  -0.0026180546  -0.0254461154  -0.0023614112
       -0.0012588616  -0.0024053776  -0.0005314569   0.0000630020   0.0003803378
        0.0005067700  -0.0007400091   0.0011615622   0.0001345382  -0.0000502522
       -0.0001616286   0.0000107830   0.0000304764  -0.0000084241   0.0000236496
       -0.0000072044   0.0000063104  -0.0000062455  -0.0000040766  -0.0000061475
       -0.0000098055  -0.0000073418  -0.0000040724  -0.0000454900  -0.0000344320
       -0.0000084123   0.0000361569   0.0000193675  -0.0000177451   0.0000305947
        0.0000544877   0.0000113309   0.0000312660   0.0000059444   0.0000076666
        0.0000171724  -0.0000091515  -0.0000094823   0.0002008762  -0.0001078293
       -0.0011755273   0.0001546730   0.0003366784   0.0007291782  -0.0008415659
        0.0003436464   0.0008954022  -0.1163452068   0.0243281914   0.2853725181
       -0.0000066502   0.0001559197   0.0000454685  -0.0000108410   0.0000041873
        0.0000006613
       -0.0012814534  -0.0007638430  -0.0028469377  -0.0003761197  -0.0000493323
       -0.0003224771  -0.0040064522  -0.0005295759  -0.0000239148  -0.0160483137
        0.0023090446   0.0262642711  -0.0895334028   0.0085890908   0.1036344487
        0.0063696947  -0.0011096343  -0.0122634210   0.0007455958  -0.0001104076
       -0.0011965151  -0.0002787909  -0.0001857318  -0.0000478991  -0.0001954839
       -0.0000227166   0.0001175832  -0.0000915836   0.0000240604   0.0000403821
       -0.0000877222  -0.0001206401  -0.0000274382   0.0000756214  -0.0001139464
       -0.0001227891   0.0000048845   0.0001994433   0.0000713158   0.0000772145
        0.0001064541   0.0000515047   0.0001441715   0.0000311554  -0.0000073337
       -0.0000269574   0.0000880339   0.0000413385   0.0005020501   0.0002238962
        0.0004924370  -0.0012321840   0.0000692752   0.0010567581   0.0002722608
       -0.0000421680  -0.0007406007  -0.0000062694   0.0000639283  -0.0000066502
        0.1052286929  -0.0092107787  -0.1138449206  -0.0002554530   0.0005543925
       -0.0003191417
       -0.0007149198   0.0066850397  -0.0016452649  -0.0001974626  -0.0002659645
        0.0000888101  -0.0004327076   0.0072909738  -0.0006647490  -0.0000526773
        0.0007172657   0.0007303128   0.0087049096  -0.0349214481  -0.0203973618
        0.0005567694   0.0006777917  -0.0036678188   0.0006149999  -0.0024127979
        0.0000066721   0.0006090400   0.0002422886   0.0000927320  -0.0000592212
       -0.0001034029  -0.0001446290  -0.0000018939   0.0000420016   0.0000306367
        0.0000761454  -0.0000211444  -0.0001520185  -0.0005221753  -0.0001035837
       -0.0000157405   0.0000399968  -0.0000476613   0.0000324438  -0.0000403919
       -0.0000352725  -0.0000177707  -0.0000365405  -0.0000146391   0.0000026104
        0.0000382007  -0.0000167132  -0.0000072483   0.0000096829  -0.0019652016
        0.0003140596  -0.0000718235  -0.0000307678   0.0000428706   0.0001041306
       -0.0000262037  -0.0001929155   0.0000688772  -0.0014004223   0.0001559197
       -0.0092107787   0.0260466075   0.0250062541   0.0005178397  -0.0003367456
        0.0004021951
       -0.0031162170  -0.0015240297  -0.0035757722  -0.0003583104   0.0000927726
        0.0005388052   0.0005028089  -0.0008066756   0.0006025176   0.0032908428
       -0.0002543254  -0.0036165394   0.1046435419  -0.0209229772  -0.2598201813
        0.0082269920  -0.0027173918  -0.0234161524   0.0008152660   0.0002445982
        0.0005095017   0.0001434767  -0.0001928527   0.0001901283  -0.0001525434
        0.0001318311   0.0000400156   0.0000906092   0.0001165524   0.0000544438
        0.0001672207   0.0000345012  -0.0000256712   0.0001763387  -0.0003907701
       -0.0001951316   0.0000146184   0.0000654104   0.0000413261   0.0000536392
        0.0000071819   0.0000040450   0.0000257021   0.0000261393  -0.0000125049
        0.0000101971   0.0000918341   0.0000421236  -0.0004912214   0.0003173112
        0.0011213828  -0.0003054485  -0.0000240975  -0.0000325416   0.0005580020
       -0.0000723094  -0.0010587408  -0.0000879747   0.0001941923   0.0000454685
       -0.1138449206   0.0250062541   0.2884519188  -0.0003626196   0.0005768508
        0.0001115582
        0.0000206613   0.0000909939  -0.0000104762  -0.0000273365  -0.0000427766
        0.0000115174  -0.0000785698   0.0000008427   0.0000249382  -0.0001738331
       -0.0001022364  -0.0000598179  -0.0003317721   0.0000309860   0.0002801968
        0.0006100809   0.0010870194   0.0005242929   0.0066871833   0.0085694344
        0.0040829871  -0.1146017541  -0.1098199947  -0.0518276232  -0.0185010963
       -0.0214156512  -0.0100926284  -0.0040058419  -0.0002220707   0.0009562837
       -0.0005150427   0.0001841122   0.0001694801  -0.0005438243   0.0010853569
        0.0013540589  -0.0000186543   0.0008697112   0.0004327537   0.0001647422
        0.0002906202   0.0000612248  -0.0011063164  -0.0007704591  -0.0003267036
        0.0004257870  -0.0003037082  -0.0004190261  -0.0000444767  -0.0000136761
       -0.0000893332   0.0000908967   0.0000158470  -0.0000267260   0.0000175030
        0.0000226262  -0.0001218367   0.0000112275  -0.0000244052  -0.0000108410
       -0.0002554530   0.0005178397  -0.0003626196   0.1321758893   0.1199495882
        0.0554498983
       -0.0002258967  -0.0000466783  -0.0002410059  -0.0001883587   0.0000424491
        0.0000642694  -0.0000037978   0.0000057587   0.0000750757   0.0001678350
        0.0000555456   0.0002410981   0.0001174214   0.0001887589  -0.0002074534
       -0.0004615686  -0.0001494013   0.0011412734  -0.0092547903  -0.0178260399
       -0.0096444131  -0.1105848878  -0.1979493259  -0.0807671943  -0.0020426952
       -0.0006254752  -0.0002994229  -0.0006338573   0.0016415600  -0.0026775584
        0.0000917623  -0.0000480990  -0.0001967969   0.0016818917  -0.0009787950
       -0.0045593464  -0.0003643977  -0.0006041920  -0.0002455635   0.0003515460
        0.0001530571   0.0005924418   0.0005226168   0.0000473161  -0.0000298118
        0.0006369299   0.0002471708   0.0010683081  -0.0000546671  -0.0000124591
        0.0000074850  -0.0000923914  -0.0000065701   0.0000386718  -0.0000837146
       -0.0000098943   0.0000807450  -0.0000829610   0.0000024195   0.0000041873
        0.0005543925  -0.0003367456   0.0005768508   0.1199495882   0.2162096398
        0.0949781600
        0.0003618672  -0.0000188658  -0.0003030954  -0.0000646093  -0.0001183219
       -0.0001025799   0.0000242740   0.0000177585   0.0000623414   0.0001051779
       -0.0000818081  -0.0001152947  -0.0005613981   0.0000916189   0.0002336069
       -0.0008805578   0.0008550238  -0.0018305979  -0.0053694252  -0.0114080477
       -0.0052900710  -0.0521057436  -0.0803505922  -0.0715432112   0.0004757647
        0.0016381263   0.0012994444   0.0007097380  -0.0025608510   0.0049601889
        0.0002402513  -0.0002986524   0.0001119177   0.0016481533  -0.0046232648
        0.0039114326  -0.0002126762  -0.0004356021  -0.0003439205   0.0000961195
        0.0006005673  -0.0005876237   0.0003962746   0.0001161553  -0.0000146284
        0.0001379682   0.0011695804  -0.0011178016  -0.0000213409  -0.0000058164
        0.0000619726  -0.0000635545   0.0000070181   0.0000069826  -0.0000335246
        0.0000308396   0.0000586762  -0.0000135151  -0.0000052210   0.0000006613
       -0.0003191417   0.0004021951   0.0001115582   0.0554498983   0.0949781600
        0.0704300419
