$hessian                                                                        
        0.4588262654  -0.0341368122  -0.0043321600  -0.1514883515  -0.0179386899
       -0.0468795254  -0.0023520731  -0.0017879137  -0.0034667848  -0.0104614861
       -0.0109048690  -0.0014022704   0.0003528317   0.0006480290  -0.0003739171
       -0.0000625660  -0.0009397884   0.0000332702  -0.0000317115  -0.0000445686
        0.0000733211  -0.0004358781   0.0001923925   0.0001716785  -0.0001015547
       -0.0000136657  -0.0000449635  -0.0021439453   0.0025048047   0.0009031091
       -0.0002134045   0.0001389248   0.0001491356  -0.0341768395   0.0035543901
       -0.0080138529  -0.0016553957   0.0006722869  -0.0000220375   0.0001357673
       -0.0000758029   0.0000812760   0.0000237430   0.0001360859  -0.0000473904
       -0.0008359230   0.0010847051  -0.0001389437  -0.0812061428  -0.0358099887
        0.0154139792  -0.0446505126   0.0100419053   0.0198268314  -0.1162000578
        0.1051982324   0.0084758113  -0.0000357809  -0.0000547139  -0.0001188180
        0.0000540207  -0.0000406157  -0.0000140362  -0.0000730894  -0.0000478050
        0.0000174839  -0.0001384246  -0.0001656316   0.0000822702  -0.0131294908
       -0.0222108914   0.0196265334
       -0.0341368122   0.4775308167   0.0255213477  -0.0264378390  -0.0641069964
       -0.0157205411  -0.0028707644   0.0010125445  -0.0015034386  -0.0221459897
       -0.0110885858  -0.0060349991  -0.0002980496   0.0007159527  -0.0007046354
       -0.0006222175  -0.0032664635   0.0013852707  -0.0000277036  -0.0000003867
        0.0000412412  -0.0000669883  -0.0002529400   0.0003644052  -0.0000927435
       -0.0000471168   0.0000079211   0.0024660190  -0.0016780579  -0.0018868052
       -0.0000843757  -0.0000012492  -0.0001171205   0.0247108388   0.0023789648
        0.0087007268   0.0019039504  -0.0009072959   0.0000995102   0.0000940380
        0.0001068999   0.0000123386  -0.0015095631  -0.0007268741  -0.0001562652
       -0.0004740213  -0.0008211648   0.0001317871  -0.0493537207  -0.1416132662
        0.0733049717   0.0112893129  -0.0662805948  -0.0717330203   0.1034210717
       -0.1794416796  -0.0163255756   0.0000900101   0.0000124856  -0.0000048585
        0.0000155742  -0.0000301248   0.0000036171  -0.0000619816  -0.0002637691
        0.0001339751   0.0001784935   0.0003555143  -0.0003582338  -0.0059865383
       -0.0115866127   0.0048383807
       -0.0043321600   0.0255213477   0.4844925810  -0.0441749004  -0.0132095492
       -0.0895286055  -0.0279004478  -0.0071742298  -0.0168089545   0.0083587152
        0.0025989437   0.0031953845   0.0010389783   0.0009076903   0.0005219476
        0.0002749621   0.0012655476  -0.0002167035   0.0002112140   0.0000398265
        0.0002054051  -0.0003254553   0.0000264307  -0.0000146138   0.0001152029
        0.0000191589  -0.0000356809  -0.0005456705  -0.0006370218   0.0001182569
        0.0000963392  -0.0000112641   0.0002105008   0.0061963674   0.0029342144
        0.0048125628   0.0006511273  -0.0002786891   0.0001272358   0.0002720822
       -0.0000665894   0.0000056323   0.0009583077   0.0004690155   0.0001293201
       -0.0001036689   0.0004981139   0.0000718897   0.0318755649   0.0838723829
       -0.1223745465   0.0209095493  -0.0729238003  -0.2265504443   0.0071619426
       -0.0155661690  -0.0433617719  -0.0000769631  -0.0000262879  -0.0000129614
       -0.0000426473   0.0000474373   0.0000032167  -0.0000716289   0.0001535984
       -0.0000852076  -0.0004472123  -0.0004490103   0.0000335898  -0.0000995984
       -0.0080110969   0.0050619668
       -0.1514883515  -0.0264378390  -0.0441749004   0.4648335283   0.0174952229
        0.0071937282  -0.0417448041  -0.0023948348   0.0062715748  -0.0729188728
       -0.0389649372   0.0137246250   0.0002822948  -0.0020928828   0.0017192240
       -0.0109825896  -0.0225872926   0.0079955982   0.0006651875  -0.0000777900
        0.0004396235   0.0010959040  -0.0003625682   0.0003774412  -0.0003816396
       -0.0000081812   0.0003000065  -0.0322854925   0.0215724279   0.0055689694
        0.0014316551   0.0002218403   0.0007670133  -0.1025938690   0.0494550260
        0.0163588920  -0.0069246916   0.0019786844  -0.0011660226   0.0012834400
        0.0004607114   0.0001406818  -0.0074442012  -0.0026895601  -0.0013886262
        0.0045320052   0.0198754775  -0.0047226323  -0.0212302132  -0.0144295269
        0.0001762080  -0.0015324987  -0.0006741421  -0.0033593428  -0.0197517991
        0.0005811705  -0.0079896210  -0.0007649273   0.0000995353  -0.0001851009
       -0.0003208916   0.0001083163   0.0000990282  -0.0005972724  -0.0015400376
        0.0003162198  -0.0016381690   0.0022758285   0.0007717952  -0.0015237317
       -0.0018646485   0.0007656172
       -0.0179386899  -0.0641069964  -0.0132095492   0.0174952229   0.4372257984
        0.0073779355  -0.0011869543  -0.0397913233   0.0017688799  -0.0368234013
       -0.1331910658   0.0370474420  -0.0019095637  -0.0034947448   0.0038484933
       -0.0120848425  -0.0112508713   0.0017647050   0.0004878510   0.0004631103
        0.0003971233  -0.0001722727   0.0011326498  -0.0008513759  -0.0000209893
        0.0001300076   0.0002929630   0.0131641664   0.0008693588   0.0072840113
       -0.0016999484   0.0010325749  -0.0003972283   0.0642699856  -0.1446631122
       -0.0479820724  -0.0026864351   0.0020783107   0.0006655344  -0.0004335198
       -0.0005346991   0.0002045651  -0.0000877699   0.0015234827  -0.0007950519
        0.0001452043  -0.0284070465   0.0032336393  -0.0294410881  -0.0130041312
       -0.0043302079  -0.0099391873  -0.0020163731  -0.0066914388   0.0198483509
        0.0023239522   0.0082674947   0.0004391223   0.0001744830  -0.0002145887
        0.0002918506  -0.0001745429  -0.0001835122   0.0000139538  -0.0002455096
        0.0001867797   0.0013322100  -0.0031552731   0.0001955791  -0.0030632553
       -0.0029180392   0.0021198798
       -0.0468795254  -0.0157205411  -0.0895286055   0.0071937282   0.0073779355
        0.5119658356   0.0093338011   0.0008310875  -0.2484472783   0.0142443549
        0.0395184192  -0.0833326885   0.0104542645   0.0269143852  -0.0158365453
       -0.0014414503  -0.0049541464   0.0032051758  -0.0011528940  -0.0010357379
        0.0001672584   0.0010206844   0.0000875220   0.0009889864   0.0002852011
        0.0000277312  -0.0002248916  -0.0010291909   0.0088104572   0.0020506324
       -0.0032766431   0.0013089671   0.0016594798   0.0282268153  -0.0516459618
       -0.0785662535  -0.0054911328   0.0033240123   0.0006314911  -0.0012964541
       -0.0001105931  -0.0007445855  -0.0027373816  -0.0022109205   0.0000564649
       -0.0026725816  -0.0111414639   0.0046001158   0.0178596733   0.0066324564
        0.0072378657  -0.0271744529  -0.0084595332  -0.0163916403   0.0015499782
        0.0003660837   0.0012936161   0.0000670553  -0.0005940290  -0.0000647812
        0.0002928077  -0.0001717528   0.0000780740   0.0000332517  -0.0002316185
        0.0003763145   0.0014211514  -0.0012192206   0.0000037191   0.0011689395
        0.0022964614  -0.0011777600
       -0.0023520731  -0.0028707644  -0.0279004478  -0.0417448041  -0.0011869543
        0.0093338011   0.0543315592  -0.0026721109  -0.0155832606  -0.0000251683
       -0.0026050081   0.0104204452  -0.0003506547  -0.0015043725   0.0008521430
        0.0002683087  -0.0003252305   0.0012406926  -0.0002095547  -0.0004347283
       -0.0002177033  -0.0004424011  -0.0001042198  -0.0002001044   0.0001506289
        0.0001277853  -0.0002278718   0.0015005252   0.0010680601   0.0041448836
        0.0001389022   0.0000008662  -0.0010326860  -0.0091611137   0.0100745418
        0.0227371313   0.0002153569  -0.0005647307  -0.0003347033   0.0002199416
        0.0000266203  -0.0000980478   0.0001174560   0.0004241049  -0.0003925329
       -0.0000863166   0.0002920711  -0.0003107326   0.0018065880   0.0018460936
        0.0006443554  -0.0049647429  -0.0014441284  -0.0024823605   0.0001941345
       -0.0001480014  -0.0003168751   0.0000203705  -0.0000329613  -0.0002629719
       -0.0000548351   0.0000182295   0.0000610140  -0.0000528875  -0.0000254410
        0.0000095582  -0.0000088250  -0.0000079065   0.0000026413   0.0004896052
        0.0000481853  -0.0000863675
       -0.0017879137   0.0010125445  -0.0071742298  -0.0023948348  -0.0397913233
        0.0008310875  -0.0026721109   0.0537516880   0.0077417574  -0.0030116470
       -0.0034418356   0.0270469806  -0.0017282599  -0.0046581892   0.0022640226
        0.0006973481   0.0005107768   0.0011365671  -0.0003354774  -0.0002209421
       -0.0002355421  -0.0000238876  -0.0000003236   0.0003115229   0.0000600831
       -0.0002434567  -0.0000041693  -0.0011147212   0.0003217340  -0.0014891265
        0.0000668588   0.0001099453   0.0007967447   0.0128410030  -0.0100032611
       -0.0292832435  -0.0002185056   0.0001126078   0.0001311130   0.0000730591
       -0.0000199663  -0.0000804356   0.0003093060   0.0002001093  -0.0004336191
       -0.0004436638   0.0018320334  -0.0010381419   0.0007426926   0.0003553380
       -0.0004669094  -0.0012375508  -0.0000274218  -0.0006352454   0.0001289652
       -0.0001254487   0.0001393176  -0.0000447172   0.0000844088   0.0001774530
       -0.0000344837   0.0000194382   0.0000270515  -0.0001065477   0.0000333246
       -0.0000176638   0.0000648390   0.0001748422   0.0001340100   0.0001701664
        0.0000133776   0.0001206985
       -0.0034667848  -0.0015034386  -0.0168089545   0.0062715748   0.0017688799
       -0.2484472783  -0.0155832606   0.0077417574   0.2956808986   0.0020077202
        0.0042753586  -0.0172224008   0.0011975274   0.0024905430  -0.0011357876
       -0.0002968615  -0.0008370353   0.0002357263   0.0002558401   0.0001760767
        0.0003490061  -0.0000064122   0.0000499134  -0.0003165861  -0.0002506845
        0.0000266325   0.0000417972  -0.0009435422   0.0001844404   0.0019288800
        0.0012852234  -0.0001407881   0.0001186794   0.0117730363  -0.0143788414
       -0.0165604877  -0.0003246081   0.0002159711   0.0002569902   0.0001144601
       -0.0000255788   0.0001997372  -0.0002700865   0.0000840894   0.0002663789
       -0.0002388206  -0.0003209934   0.0011632723   0.0007480831   0.0003923966
        0.0010848612  -0.0026427487  -0.0001188447  -0.0010341547   0.0001151004
        0.0000679509  -0.0002361483  -0.0001812829   0.0002285500   0.0001060010
       -0.0001097970   0.0000295186  -0.0000309198  -0.0000393829  -0.0001004660
       -0.0000058871  -0.0003194942  -0.0005286091   0.0000773409   0.0009052009
        0.0002225171   0.0002890357
       -0.0104614861  -0.0221459897   0.0083587152  -0.0729188728  -0.0368234013
        0.0142443549  -0.0000251683  -0.0030116470   0.0020077202   0.4486705422
        0.0034443610  -0.0117440696  -0.0398163138  -0.0036436572  -0.0053371668
       -0.1426675514  -0.0272070324  -0.0387032469  -0.0036327844  -0.0004915120
       -0.0035063337  -0.0220662057   0.0039624650  -0.0039690521   0.0004710128
       -0.0006514859  -0.0004762071   0.0025093505   0.0024163715  -0.0007206406
       -0.0002247615  -0.0000178469  -0.0001180481   0.0003331045   0.0244024834
       -0.0035949151   0.0000872947  -0.0014181559  -0.0001583011   0.0005492833
        0.0021236969   0.0010100166  -0.0194982612  -0.0124539564  -0.0012462407
       -0.1384315639   0.0795096493   0.0506047883  -0.0065947492  -0.0022773787
       -0.0022777337   0.0000631397   0.0003295646   0.0000501702  -0.0008166458
       -0.0009892514   0.0006923188   0.0000038347   0.0001208857   0.0001474973
       -0.0007099094  -0.0000413436  -0.0001740169  -0.0020177145  -0.0021029970
       -0.0000345440   0.0078124053  -0.0018940052  -0.0057537168  -0.0006179795
       -0.0011398168   0.0006986517
       -0.0109048690  -0.0110885858   0.0025989437  -0.0389649372  -0.1331910658
        0.0395184192  -0.0026050081  -0.0034418356   0.0042753586   0.0034443610
        0.4668520410  -0.0020396322  -0.0033269837  -0.0402531951   0.0058838239
       -0.0143967990  -0.0562533115  -0.0084961345  -0.0049093459   0.0002275002
       -0.0032861104   0.0167141267   0.0012790650   0.0052110674   0.0004324671
        0.0001374369   0.0002830929   0.0001219473   0.0003066352   0.0003287798
        0.0002200129  -0.0001394563   0.0000946114   0.0062540745  -0.0362689529
        0.0016771704  -0.0004190705   0.0008382729   0.0000862473   0.0037407351
       -0.0028473955  -0.0004669847  -0.0338928636  -0.0165484922  -0.0049019526
        0.0555864027  -0.1377470959  -0.0308302031  -0.0007390188   0.0001781412
       -0.0012803950   0.0005747677   0.0001518760   0.0000252839   0.0015038144
        0.0005081835   0.0002137041  -0.0001096762   0.0000201104   0.0000036358
        0.0010445866   0.0000124054   0.0002068318  -0.0019526824  -0.0043350599
        0.0017499624   0.0225368764  -0.0281825448  -0.0111095326   0.0000470820
       -0.0002146764   0.0002540124
       -0.0014022704  -0.0060349991   0.0031953845   0.0137246250   0.0370474420
       -0.0833326885   0.0104204452   0.0270469806  -0.0172224008  -0.0117440696
       -0.0020396322   0.5023603705  -0.0022241936   0.0048828804  -0.2431979743
       -0.0418399834  -0.0097480550  -0.0840246517  -0.0281058923  -0.0052103697
       -0.0158216930   0.0040293022   0.0015500006   0.0019184542   0.0014746344
       -0.0006004696  -0.0000253093  -0.0009420468   0.0005874440   0.0010834483
        0.0003042026   0.0001003202  -0.0003655241   0.0001450574  -0.0113438837
        0.0049795258   0.0006993539  -0.0007515507  -0.0003280560   0.0023838324
       -0.0012859673   0.0003554760   0.0142648604   0.0045711220   0.0051243443
        0.0479989837  -0.0394444241  -0.0769036817  -0.0028049974  -0.0018869921
       -0.0001524603  -0.0008632296  -0.0009748525  -0.0001669375   0.0001181545
       -0.0003893958   0.0007849465  -0.0000860812   0.0001157515   0.0000540974
        0.0001533619   0.0001389464   0.0002849316   0.0006216789   0.0022826412
       -0.0000584828  -0.0062821853   0.0015567304   0.0009311326  -0.0000435429
       -0.0001696676   0.0005277484
        0.0003528317  -0.0002980496   0.0010389783   0.0002822948  -0.0019095637
        0.0104542645  -0.0003506547  -0.0017282599   0.0011975274  -0.0398163138
       -0.0033269837  -0.0022241936   0.0552500139  -0.0039378710  -0.0046791470
       -0.0049246130  -0.0005032595  -0.0291715183  -0.0051427174  -0.0010681795
       -0.0024526531   0.0004560139  -0.0007076859  -0.0014383825  -0.0006208392
        0.0002609758   0.0002249253  -0.0001341876   0.0001591201  -0.0001774757
       -0.0001476746  -0.0001630356   0.0002210017   0.0001530309   0.0000575656
       -0.0004635936  -0.0000289552  -0.0001017212   0.0000117377   0.0003104422
        0.0000084565   0.0005943408   0.0015858304   0.0013824632   0.0009160093
       -0.0080477062   0.0114502834   0.0263893425   0.0001584827   0.0004565286
       -0.0004518275   0.0000162994  -0.0003775411  -0.0001439539  -0.0002523645
        0.0001609186   0.0002167404   0.0000450490   0.0000790577   0.0000073846
       -0.0000218229   0.0001086484  -0.0000115248   0.0002797054   0.0000796115
       -0.0001238076   0.0006622398  -0.0000438436   0.0000792055  -0.0000643849
       -0.0000376353  -0.0000133805
        0.0006480290   0.0007159527   0.0009076903  -0.0020928828  -0.0034947448
        0.0269143852  -0.0015043725  -0.0046581892   0.0024905430  -0.0036436572
       -0.0402531951   0.0048828804  -0.0039378710   0.0540590657   0.0039672436
       -0.0021379225   0.0013293232  -0.0066089173  -0.0010773523  -0.0000575528
       -0.0004146134   0.0003365153   0.0001689467   0.0005390166   0.0003628158
        0.0000748072  -0.0000836359   0.0002036132  -0.0001935969   0.0002732480
       -0.0002139578   0.0000284024  -0.0001810306  -0.0001777442   0.0018555133
       -0.0008863622  -0.0000725389   0.0000944614  -0.0000840704  -0.0003209125
       -0.0001717016  -0.0002162980   0.0005932227   0.0004218688   0.0000101772
        0.0124886007  -0.0098877476  -0.0290929365   0.0004459532   0.0003632280
       -0.0004213440  -0.0001923145  -0.0003226875  -0.0001441718  -0.0000002721
       -0.0000264186  -0.0001256942   0.0000590331  -0.0001050762   0.0000367286
        0.0000172732   0.0000271129   0.0000412866   0.0001501102   0.0000068539
        0.0000100731   0.0002016122   0.0000085564  -0.0017362070  -0.0001349803
        0.0000168177  -0.0000779914
       -0.0003739171  -0.0007046354   0.0005219476   0.0017192240   0.0038484933
       -0.0158365453   0.0008521430   0.0022640226  -0.0011357876  -0.0053371668
        0.0058838239  -0.2431979743  -0.0046791470   0.0039672436   0.2923926059
       -0.0052622190   0.0004065691  -0.0185349072  -0.0028101308  -0.0005491263
       -0.0012905910   0.0005970007  -0.0000630979  -0.0000845189  -0.0003471943
        0.0001402046   0.0003814565   0.0000337846   0.0004129955  -0.0003486314
        0.0001525509  -0.0001976699   0.0001123197  -0.0009028223  -0.0005741700
        0.0012213151  -0.0000250448  -0.0000711936   0.0000829689   0.0000724957
        0.0000442383   0.0003892415   0.0005947787   0.0002440866   0.0013835684
        0.0144632480  -0.0155193160  -0.0173292236  -0.0001826763  -0.0000902426
        0.0002043479   0.0001016296   0.0003338990   0.0002417757   0.0002219524
       -0.0001221980  -0.0002430853   0.0000263677   0.0000746340   0.0000294003
        0.0000352491   0.0000029532  -0.0000221014   0.0007316715   0.0000457167
        0.0000626683   0.0003100267   0.0002985067   0.0009611069   0.0000081958
       -0.0000757375   0.0000386432
       -0.0000625660  -0.0006222175   0.0002749621  -0.0109825896  -0.0120848425
       -0.0014414503   0.0002683087   0.0006973481  -0.0002968615  -0.1426675514
       -0.0143967990  -0.0418399834  -0.0049246130  -0.0021379225  -0.0052622190
        0.4643295526  -0.0040904302   0.0074085660  -0.0435833524   0.0019326999
       -0.0000751275  -0.0960200609   0.0451970569   0.0216592191  -0.0031290833
        0.0064196038   0.0042916558   0.0056655060  -0.0010913983  -0.0019508615
        0.0000886828  -0.0006397066  -0.0000165731  -0.0014614781   0.0021173089
       -0.0000391717   0.0005030949  -0.0047482471  -0.0000045672  -0.0353450853
        0.0256234591   0.0004544875  -0.0782595809  -0.0229050875   0.0032682677
       -0.0392909229   0.0121092368  -0.0021259824  -0.0000330212   0.0000137850
       -0.0000048366   0.0000096467  -0.0000397607   0.0000464309   0.0001739340
        0.0002126135   0.0000773034   0.0000791294  -0.0001129884   0.0001355339
       -0.0053371335  -0.0002501409  -0.0011341706  -0.0107894844  -0.0303968177
        0.0155911277   0.0007963160  -0.0008083087   0.0009613712  -0.0000276484
        0.0000015555   0.0000228794
       -0.0009397884  -0.0032664635   0.0012655476  -0.0225872926  -0.0112508713
       -0.0049541464  -0.0003252305   0.0005107768  -0.0008370353  -0.0272070324
       -0.0562533115  -0.0097480550  -0.0005032595   0.0013293232   0.0004065691
       -0.0040904302   0.4416741573   0.0044087269   0.0026229895  -0.0406038621
       -0.0298918270   0.0586748329  -0.1118771575  -0.0275613356   0.0026252579
       -0.0032274688  -0.0025227946   0.0062317774  -0.0286842861  -0.0026145772
        0.0007315443   0.0006764367  -0.0009016355   0.0030068502   0.0036864214
        0.0004489367  -0.0017013178  -0.0022047146   0.0015762625   0.0018061894
        0.0018192880   0.0015158140  -0.0442975240  -0.1729369473   0.0665412987
        0.0329445171  -0.0065882608   0.0019018648  -0.0010467869  -0.0004736829
       -0.0002448442  -0.0001632116   0.0000306148  -0.0000029742   0.0002755501
       -0.0000847679   0.0000361940   0.0001206553  -0.0008084998  -0.0003069878
        0.0001037976  -0.0011323731  -0.0007407493  -0.0080988051  -0.0102355267
        0.0013356707   0.0019674434   0.0001267793   0.0007098790  -0.0001507259
       -0.0002256037   0.0001801981
        0.0000332702   0.0013852707  -0.0002167035   0.0079955982   0.0017647050
        0.0032051758   0.0012406926   0.0011365671   0.0002357263  -0.0387032469
       -0.0084961345  -0.0840246517  -0.0291715183  -0.0066089173  -0.0185349072
        0.0074085660   0.0044087269   0.5063140456   0.0000414080  -0.0278789124
       -0.2405006598   0.0220394440  -0.0293294719  -0.0769064877   0.0178348493
       -0.0237803818  -0.0128360800  -0.0038096616   0.0046810055   0.0020117465
       -0.0000987583   0.0017484469  -0.0001200263  -0.0001099930   0.0002088076
        0.0000441619  -0.0007674259   0.0037895103   0.0005054430  -0.0117912119
        0.0117029822   0.0035401617   0.0157493721   0.0713387727  -0.0910298734
        0.0119356045  -0.0007281882   0.0050612513   0.0009148563   0.0004246229
        0.0001067687   0.0001888825   0.0000673371   0.0001172428   0.0001459440
       -0.0000548470  -0.0000762592   0.0000252794  -0.0000659162  -0.0001789808
       -0.0025901420  -0.0002687218  -0.0000127192   0.0021432320  -0.0065054821
        0.0021942984  -0.0006305796   0.0009492544   0.0012239434  -0.0000244616
        0.0001109641  -0.0001226165
       -0.0000317115  -0.0000277036   0.0002112140   0.0006651875   0.0004878510
       -0.0011528940  -0.0002095547  -0.0003354774   0.0002558401  -0.0036327844
       -0.0049093459  -0.0281058923  -0.0051427174  -0.0010773523  -0.0028101308
       -0.0435833524   0.0026229895   0.0000414080   0.0506390175   0.0019209200
       -0.0049622131  -0.0015265196   0.0065075305   0.0195285325  -0.0021577227
        0.0030281859   0.0012481702   0.0003335500  -0.0006173639   0.0003883605
        0.0001377309   0.0000358757  -0.0000720005  -0.0006327187   0.0002263732
        0.0000760749  -0.0001057904   0.0000982491  -0.0001076636   0.0016308118
       -0.0007835066  -0.0003188541   0.0004557337  -0.0064518658   0.0133987749
        0.0029210816  -0.0004618535   0.0010619431   0.0000502263   0.0000505266
        0.0000873094   0.0000784696   0.0001441632   0.0001267917   0.0000635092
       -0.0000195717  -0.0000653173   0.0000087154  -0.0000368391  -0.0000583434
        0.0001404967  -0.0001691608   0.0001357369   0.0001988261  -0.0003424291
        0.0014987940  -0.0003058354   0.0001200868  -0.0003764401   0.0000053508
       -0.0000102818  -0.0000292010
       -0.0000445686  -0.0000003867   0.0000398265  -0.0000777900   0.0004631103
       -0.0010357379  -0.0004347283  -0.0002209421   0.0001760767  -0.0004915120
        0.0002275002  -0.0052103697  -0.0010681795  -0.0000575528  -0.0005491263
        0.0019326999  -0.0406038621  -0.0278789124   0.0019209200   0.0609503460
        0.0205323424   0.0029589491  -0.0056796057  -0.0232601993   0.0028402253
       -0.0035046324  -0.0016037538   0.0005222775   0.0006483186  -0.0018914452
        0.0000663092  -0.0006664218   0.0003800725   0.0001891788  -0.0001766833
        0.0003445851  -0.0002842439   0.0002782751   0.0004730758  -0.0016230765
        0.0007192742   0.0008361513  -0.0065655389  -0.0129478274   0.0366418160
        0.0000886385  -0.0001778809   0.0004718610   0.0000454588  -0.0000164731
        0.0000966310   0.0000836804   0.0000453006   0.0000945907   0.0000736548
       -0.0000029631   0.0000239759   0.0000077926   0.0000920494   0.0001029645
       -0.0001537641   0.0001339500  -0.0001837911  -0.0002898509   0.0005751212
        0.0009763603   0.0003083338  -0.0000861992   0.0004503574  -0.0000048660
        0.0000081850  -0.0000273515
        0.0000733211   0.0000412412   0.0002054051   0.0004396235   0.0003971233
        0.0001672584  -0.0002177033  -0.0002355421   0.0003490061  -0.0035063337
       -0.0032861104  -0.0158216930  -0.0024526531  -0.0004146134  -0.0012905910
       -0.0000751275  -0.0298918270  -0.2405006598  -0.0049622131   0.0205323424
        0.2920188667   0.0021361375  -0.0061723917  -0.0144864769   0.0014518165
       -0.0018505418  -0.0008105251   0.0000353674   0.0006367060  -0.0000677937
       -0.0000082498  -0.0002944506   0.0003804984  -0.0003412763  -0.0005022490
       -0.0001312388  -0.0000304752  -0.0000960446   0.0001293317  -0.0004737851
        0.0005074317   0.0013073680   0.0074052033   0.0190872022  -0.0237233832
        0.0011693165   0.0003809303   0.0015002902  -0.0000379840  -0.0000039910
        0.0000622613   0.0000959228   0.0001580555   0.0000379307   0.0000427802
        0.0000007709  -0.0000563932   0.0000755540   0.0001455386   0.0001426650
       -0.0002990851   0.0005530483  -0.0000652694  -0.0004370827   0.0001271594
        0.0009652675  -0.0001534153   0.0001616862  -0.0003251142   0.0000703413
        0.0000185257   0.0000129892
       -0.0004358781  -0.0000669883  -0.0003254553   0.0010959040  -0.0001722727
        0.0010206844  -0.0004424011  -0.0000238876  -0.0000064122  -0.0220662057
        0.0167141267   0.0040293022   0.0004560139   0.0003365153   0.0005970007
       -0.0960200609   0.0586748329   0.0220394440  -0.0015265196   0.0029589491
        0.0021361375   0.4545266189  -0.0124439030  -0.0030965903  -0.0405741220
        0.0022933536   0.0307791930  -0.0585828799  -0.0372646828   0.0179903864
        0.0006664667  -0.0029131569   0.0021005426  -0.0287219665  -0.0268954577
        0.0013689202  -0.0008008805   0.0252485660  -0.0000076376  -0.1839792116
       -0.0166872081  -0.0662278315   0.0054925726  -0.0090251620   0.0003632559
       -0.0057774435   0.0001603050  -0.0013598485   0.0002971045   0.0001914422
       -0.0000037028   0.0000606119  -0.0000315157   0.0001653089   0.0000684788
        0.0000826583   0.0000501550   0.0001154197   0.0001715977  -0.0019536490
       -0.0247784494   0.0002159937  -0.0086656613   0.0009109581  -0.0016740197
       -0.0008752184  -0.0000080372   0.0001332371  -0.0000871710   0.0000239069
        0.0000166769  -0.0000311529
        0.0001923925  -0.0002529400   0.0000264307  -0.0003625682   0.0011326498
        0.0000875220  -0.0001042198  -0.0000003236   0.0000499134   0.0039624650
        0.0012790650   0.0015500006  -0.0007076859   0.0001689467  -0.0000630979
        0.0451970569  -0.1118771575  -0.0293294719   0.0065075305  -0.0056796057
       -0.0061723917  -0.0124439030   0.4495345586   0.0118423451   0.0026736796
       -0.0445016275  -0.0067538023  -0.0254198533  -0.1142312526   0.0332555459
       -0.0034542810  -0.0038133293   0.0051990644  -0.0099328395  -0.0047232306
       -0.0010037400   0.0028455356  -0.0477967782   0.0030672296  -0.0418597810
       -0.0776923629  -0.0300941464   0.0118751663  -0.0507198815   0.0037255430
       -0.0029065066   0.0019561185   0.0002690289  -0.0000984195   0.0000360585
       -0.0000080872   0.0000165669   0.0000132073   0.0000577747   0.0000467662
        0.0000351595   0.0000249750  -0.0000605802  -0.0011043999   0.0003468735
        0.0236203945   0.0080438150   0.0132683439   0.0006186643   0.0004718369
        0.0006093713  -0.0002273567  -0.0002541907   0.0000593862   0.0000217764
       -0.0000243357  -0.0000146108
        0.0001716785   0.0003644052  -0.0000146138   0.0003774412  -0.0008513759
        0.0009889864  -0.0002001044   0.0003115229  -0.0003165861  -0.0039690521
        0.0052110674   0.0019184542  -0.0014383825   0.0005390166  -0.0000845189
        0.0216592191  -0.0275613356  -0.0769064877   0.0195285325  -0.0232601993
       -0.0144864769  -0.0030965903   0.0118423451   0.5026148530   0.0281293398
       -0.0067193518  -0.2411659822   0.0200385661   0.0331725773  -0.0828173036
        0.0135615662   0.0255277975  -0.0196191493  -0.0116507608  -0.0103835417
        0.0048167532  -0.0038105606  -0.0097100166   0.0074900382  -0.0677428479
       -0.0184669975  -0.0864343767  -0.0065214825   0.0169092967   0.0035260804
       -0.0036790399   0.0013850330   0.0004004562  -0.0002245335  -0.0002420782
       -0.0000566090  -0.0001116283  -0.0000820718  -0.0000270733  -0.0001055696
       -0.0000155928  -0.0000530455  -0.0000054857  -0.0009061577   0.0002211135
       -0.0005331576   0.0042348372  -0.0011725358  -0.0006699909  -0.0010833449
        0.0010807753   0.0002105306  -0.0002407269   0.0000540180   0.0000823125
        0.0000248917   0.0000432301
       -0.0001015547  -0.0000927435   0.0001152029  -0.0003816396  -0.0000209893
        0.0002852011   0.0001506289   0.0000600831  -0.0002506845   0.0004710128
        0.0004324671   0.0014746344  -0.0006208392   0.0003628158  -0.0003471943
       -0.0031290833   0.0026252579   0.0178348493  -0.0021577227   0.0028402253
        0.0014518165  -0.0405741220   0.0026736796   0.0281293398   0.0586312095
       -0.0002544945  -0.0203860232  -0.0009427985  -0.0007954370   0.0122615916
       -0.0009152666  -0.0021010216   0.0011031048   0.0010944105   0.0008893484
       -0.0003905950   0.0000815431   0.0004332919  -0.0007216138  -0.0130516037
       -0.0052595769  -0.0374012928   0.0004780429  -0.0014218004  -0.0008198869
        0.0002232702  -0.0004785832  -0.0005949752   0.0001390516   0.0001170958
       -0.0001369265  -0.0000540790  -0.0000649080  -0.0000565984   0.0000489508
        0.0000108299  -0.0000054998   0.0002838549  -0.0000303806   0.0000799372
        0.0002809920   0.0001783416  -0.0015350964   0.0000297308  -0.0001393421
       -0.0001641060   0.0000640671   0.0000357935   0.0000835686  -0.0000480561
        0.0000000472  -0.0000087530
       -0.0000136657  -0.0000471168   0.0000191589  -0.0000081812   0.0001300076
        0.0000277312   0.0001277853  -0.0002434567   0.0000266325  -0.0006514859
        0.0001374369  -0.0006004696   0.0002609758   0.0000748072   0.0001402046
        0.0064196038  -0.0032274688  -0.0237803818   0.0030281859  -0.0035046324
       -0.0018505418   0.0022933536  -0.0445016275  -0.0067193518  -0.0002544945
        0.0500543749   0.0120238803  -0.0054654076  -0.0012921919   0.0263982198
       -0.0023281328  -0.0044562191   0.0027439558   0.0012033031   0.0008075876
       -0.0008244172   0.0006832243   0.0023586375  -0.0010367713  -0.0041694022
        0.0017484668  -0.0080409516  -0.0011744943   0.0025055298   0.0006523179
       -0.0000481637  -0.0000529594   0.0003180624   0.0000038999  -0.0000164366
       -0.0000017067  -0.0000304504   0.0000010147  -0.0000150379   0.0000243123
       -0.0000146040  -0.0000017395  -0.0004075080  -0.0005384655   0.0002687294
        0.0003908338   0.0005058082   0.0008161075   0.0001023155  -0.0004721273
       -0.0004644848   0.0000529089   0.0000351372  -0.0000903290  -0.0000393159
        0.0000084976  -0.0000088173
       -0.0000449635   0.0000079211  -0.0000356809   0.0003000065   0.0002929630
       -0.0002248916  -0.0002278718  -0.0000041693   0.0000417972  -0.0004762071
        0.0002830929  -0.0000253093   0.0002249253  -0.0000836359   0.0003814565
        0.0042916558  -0.0025227946  -0.0128360800   0.0012481702  -0.0016037538
       -0.0008105251   0.0307791930  -0.0067538023  -0.2411659822  -0.0203860232
        0.0120238803   0.2915640998   0.0043321694   0.0022584628  -0.0171143433
        0.0011889081   0.0023884911  -0.0014628461   0.0004164149  -0.0007805858
        0.0012752492  -0.0011329484  -0.0011924254   0.0013932901  -0.0197440432
       -0.0048417048  -0.0229163274  -0.0009468083   0.0006031689   0.0013205059
       -0.0000678944   0.0000959533   0.0003313897  -0.0000383434  -0.0000239833
        0.0000697454   0.0000258724   0.0000556617   0.0000427405  -0.0000432061
       -0.0000104555  -0.0000203615   0.0003076372   0.0002825695   0.0000821826
        0.0000407969  -0.0003169579   0.0004166781  -0.0000240138  -0.0001952067
       -0.0002509871  -0.0000328585   0.0000476622  -0.0000734178   0.0000094325
       -0.0000103516   0.0000176172
       -0.0021439453   0.0024660190  -0.0005456705  -0.0322854925   0.0131641664
       -0.0010291909   0.0015005252  -0.0011147212  -0.0009435422   0.0025093505
        0.0001219473  -0.0009420468  -0.0001341876   0.0002036132   0.0000337846
        0.0056655060   0.0062317774  -0.0038096616   0.0003335500   0.0005222775
        0.0000353674  -0.0585828799  -0.0254198533   0.0200385661  -0.0009427985
       -0.0054654076   0.0043321694   0.4160626001  -0.0131267667   0.0047950318
       -0.0397034190  -0.0029795417   0.0118829061  -0.1600076526  -0.0305047472
       -0.0570154847  -0.1059240048   0.0846917296   0.0176734641  -0.0273216089
       -0.0261855615   0.0002818350  -0.0009655375   0.0074746513  -0.0004098466
       -0.0001903828  -0.0010864806  -0.0000036204   0.0003585554  -0.0006096831
        0.0001637120  -0.0000026313   0.0002999029   0.0003786152  -0.0005983422
       -0.0001526238  -0.0002049122   0.0044772776  -0.0069077725   0.0052497294
       -0.0015663864  -0.0011507804  -0.0002099507  -0.0006221486  -0.0002961111
       -0.0002573462  -0.0000627845  -0.0002031287   0.0001813912   0.0001468375
        0.0000270949   0.0003247005
        0.0025048047  -0.0016780579  -0.0006370218   0.0215724279   0.0008693588
        0.0088104572   0.0010680601   0.0003217340   0.0001844404   0.0024163715
        0.0003066352   0.0005874440   0.0001591201  -0.0001935969   0.0004129955
       -0.0010913983  -0.0286842861   0.0046810055  -0.0006173639   0.0006483186
        0.0006367060  -0.0372646828  -0.1142312526   0.0331725773  -0.0007954370
       -0.0012921919   0.0022584628  -0.0131267667   0.4443515466   0.0336411603
       -0.0028844571  -0.0409825868   0.0037561067  -0.0482894710  -0.0721723819
       -0.0316893261   0.0719859545  -0.1688420096  -0.0458722468  -0.0046734067
       -0.0049428737   0.0015698434   0.0026194740   0.0007708796  -0.0011776427
       -0.0016907544   0.0012792623   0.0001413556  -0.0001147937  -0.0005894011
        0.0002524073   0.0000076310   0.0000969900   0.0001634868   0.0010291060
        0.0000596643   0.0002224556   0.0072743748  -0.0150448422  -0.0100615549
        0.0003040035   0.0009441793  -0.0009417368  -0.0005539696  -0.0006065529
       -0.0001979172   0.0001951497  -0.0004877076   0.0001281088  -0.0000339765
        0.0000991724  -0.0000415668
        0.0009031091  -0.0018868052   0.0001182569   0.0055689694   0.0072840113
        0.0020506324   0.0041448836  -0.0014891265   0.0019288800  -0.0007206406
        0.0003287798   0.0010834483  -0.0001774757   0.0002732480  -0.0003486314
       -0.0019508615  -0.0026145772   0.0020117465   0.0003883605  -0.0018914452
       -0.0000677937   0.0179903864   0.0332555459  -0.0828173036   0.0122615916
        0.0263982198  -0.0171143433   0.0047950318   0.0336411603   0.5084026726
        0.0081715116   0.0063295940  -0.2323560405  -0.0640144320  -0.0259232878
       -0.0930042474   0.0033278197  -0.0298396502  -0.0848559513  -0.0111392680
       -0.0128019171   0.0030837063   0.0000629450  -0.0035097860   0.0007881374
        0.0007400788  -0.0012159962  -0.0007548364   0.0002144178   0.0002997688
       -0.0003125215  -0.0003152325  -0.0000617879   0.0000360341   0.0006109234
        0.0001423669   0.0004285067   0.0186513221  -0.0274456415  -0.0103131752
        0.0007614251   0.0001564968   0.0019290238  -0.0000121919   0.0002617445
        0.0000584879  -0.0000071271   0.0002903105   0.0000723706  -0.0002555465
        0.0000187743  -0.0000470593
       -0.0002134045  -0.0000843757   0.0000963392   0.0014316551  -0.0016999484
       -0.0032766431   0.0001389022   0.0000668588   0.0012852234  -0.0002247615
        0.0002200129   0.0003042026  -0.0001476746  -0.0002139578   0.0001525509
        0.0000886828   0.0007315443  -0.0000987583   0.0001377309   0.0000663092
       -0.0000082498   0.0006664667  -0.0034542810   0.0135615662  -0.0009152666
       -0.0023281328   0.0011889081  -0.0397034190  -0.0028844571   0.0081715116
        0.0556214351  -0.0012851971  -0.0062948251  -0.0145958821  -0.0010112716
       -0.0362079297  -0.0013274832   0.0099951772   0.0187799197   0.0012406707
        0.0014050197  -0.0005371773  -0.0001398982  -0.0002847826  -0.0000767665
        0.0000463808  -0.0001269710   0.0000582222   0.0001017774   0.0001414997
        0.0000880698   0.0001139308   0.0000721890   0.0002274886   0.0000428030
        0.0000143287   0.0001119641  -0.0019576505   0.0007743041   0.0019667428
       -0.0004656549  -0.0001585950   0.0005374492   0.0000574940  -0.0000033818
        0.0000733894   0.0000279955   0.0000584023  -0.0000400643  -0.0000248302
       -0.0000102939  -0.0000631336
        0.0001389248  -0.0000012492  -0.0000112641   0.0002218403   0.0010325749
        0.0013089671   0.0000008662   0.0001099453  -0.0001407881  -0.0000178469
       -0.0001394563   0.0001003202  -0.0001630356   0.0000284024  -0.0001976699
       -0.0006397066   0.0006764367   0.0017484469   0.0000358757  -0.0006664218
       -0.0002944506  -0.0029131569  -0.0038133293   0.0255277975  -0.0021010216
       -0.0044562191   0.0023884911  -0.0029795417  -0.0409825868   0.0063295940
       -0.0012851971   0.0573475982   0.0067114150  -0.0017827478   0.0015415315
       -0.0078973447   0.0064723407  -0.0109951780  -0.0307608611   0.0012740561
        0.0012699463  -0.0011266909   0.0002569603   0.0002203374  -0.0007372880
       -0.0000615053   0.0000460510  -0.0001394056  -0.0000451213  -0.0000768751
       -0.0000240106  -0.0000237192  -0.0000754386  -0.0000489020   0.0000093795
       -0.0000186938   0.0000369608   0.0036297906  -0.0012293507  -0.0029985930
       -0.0000164095   0.0001107178   0.0000336248  -0.0000244824   0.0000529215
        0.0001199959   0.0000292094   0.0000030812   0.0000599013  -0.0000157516
        0.0000152544   0.0000117541
        0.0001491356  -0.0001171205   0.0002105008   0.0007670133  -0.0003972283
        0.0016594798  -0.0010326860   0.0007967447   0.0001186794  -0.0001180481
        0.0000946114  -0.0003655241   0.0002210017  -0.0001810306   0.0001123197
       -0.0000165731  -0.0009016355  -0.0001200263  -0.0000720005   0.0003800725
        0.0003804984   0.0021005426   0.0051990644  -0.0196191493   0.0011031048
        0.0027439558  -0.0014628461   0.0118829061   0.0037561067  -0.2323560405
       -0.0062948251   0.0067114150   0.2869400719  -0.0183109050  -0.0039429163
       -0.0224156765   0.0063567962  -0.0139095428  -0.0138845689   0.0000291187
       -0.0011153256   0.0016670716   0.0000376134   0.0001035968   0.0003742763
        0.0000045654   0.0001007317   0.0002208966  -0.0000425967   0.0001039473
        0.0000553183   0.0002051530   0.0000413703   0.0001330140   0.0000352083
        0.0000248531   0.0000631227   0.0026745284   0.0006916536  -0.0013473026
        0.0002779297  -0.0000466566  -0.0002107479  -0.0000246975  -0.0000619113
       -0.0000842880  -0.0000098395  -0.0000777366  -0.0000494070   0.0000775545
        0.0000029808  -0.0000196720
       -0.0341768395   0.0247108388   0.0061963674  -0.1025938690   0.0642699856
        0.0282268153  -0.0091611137   0.0128410030   0.0117730363   0.0003331045
        0.0062540745   0.0001450574   0.0001530309  -0.0001777442  -0.0009028223
       -0.0014614781   0.0030068502  -0.0001099930  -0.0006327187   0.0001891788
       -0.0003412763  -0.0287219665  -0.0099328395  -0.0116507608   0.0010944105
        0.0012033031   0.0004164149  -0.1600076526  -0.0482894710  -0.0640144320
       -0.0145958821  -0.0017827478  -0.0183109050   0.4014209022  -0.0630947835
        0.0554623663  -0.0447768793   0.0190635828  -0.0037624990  -0.0113568868
       -0.0092812046  -0.0000955366   0.0003826346  -0.0006597429  -0.0001484951
        0.0003196642   0.0015308224  -0.0001653933   0.0015922306   0.0008003995
       -0.0006244342   0.0025276378   0.0002561928   0.0008814049  -0.0069924874
       -0.0012847215  -0.0028758651   0.0044518011  -0.0001951034   0.0000259875
        0.0013524475  -0.0000880527  -0.0002162376   0.0004358277   0.0003029263
        0.0002441582  -0.0000470823   0.0001780307  -0.0000353556   0.0004611642
        0.0001792226  -0.0001176023
        0.0035543901   0.0023789648   0.0029342144   0.0494550260  -0.1446631122
       -0.0516459618   0.0100745418  -0.0100032611  -0.0143788414   0.0244024834
       -0.0362689529  -0.0113438837   0.0000575656   0.0018555133  -0.0005741700
        0.0021173089   0.0036864214   0.0002088076   0.0002263732  -0.0001766833
       -0.0005022490  -0.0268954577  -0.0047232306  -0.0103835417   0.0008893484
        0.0008075876  -0.0007805858  -0.0305047472  -0.0721723819  -0.0259232878
       -0.0010112716   0.0015415315  -0.0039429163  -0.0630947835   0.2851402312
        0.1064602496   0.0423155917  -0.0074443296   0.0072270080  -0.0089343476
       -0.0081223545   0.0000651203  -0.0001250516  -0.0000127277   0.0002753557
       -0.0015999981  -0.0134112713   0.0025726804  -0.0006957710   0.0014076000
       -0.0001988996  -0.0008948660   0.0002201199   0.0000288089  -0.0010037702
        0.0006019156  -0.0001713591  -0.0006285880   0.0006541163   0.0005045367
        0.0005323691  -0.0000278910   0.0003175491   0.0000695540   0.0003097022
       -0.0001232203   0.0016436964  -0.0014096609  -0.0004018493   0.0000504038
       -0.0001678467  -0.0002235647
       -0.0080138529   0.0087007268   0.0048125628   0.0163588920  -0.0479820724
       -0.0785662535   0.0227371313  -0.0292832435  -0.0165604877  -0.0035949151
        0.0016771704   0.0049795258  -0.0004635936  -0.0008863622   0.0012213151
       -0.0000391717   0.0004489367   0.0000441619   0.0000760749   0.0003445851
       -0.0001312388   0.0013689202  -0.0010037400   0.0048167532  -0.0003905950
       -0.0008244172   0.0012752492  -0.0570154847  -0.0316893261  -0.0930042474
       -0.0362079297  -0.0078973447  -0.0224156765   0.0554623663   0.1064602496
        0.1819880300   0.0105895720  -0.0026255540   0.0080020463   0.0002278496
        0.0005334003   0.0015656599  -0.0002022102  -0.0001969065   0.0002789033
        0.0000899915   0.0019106378   0.0010262698  -0.0002847717  -0.0002509770
        0.0006845977   0.0005873826   0.0011177514   0.0009392585  -0.0032756696
       -0.0000169460  -0.0007020872   0.0014856936   0.0015066588   0.0003071802
        0.0001770574   0.0001107866  -0.0005136643   0.0001093828  -0.0000632051
       -0.0001113052  -0.0001246252  -0.0000106037   0.0000040339   0.0003425051
       -0.0000802050   0.0000594131
       -0.0016553957   0.0019039504   0.0006511273  -0.0069246916  -0.0026864351
       -0.0054911328   0.0002153569  -0.0002185056  -0.0003246081   0.0000872947
       -0.0004190705   0.0006993539  -0.0000289552  -0.0000725389  -0.0000250448
        0.0005030949  -0.0017013178  -0.0007674259  -0.0001057904  -0.0002842439
       -0.0000304752  -0.0008008805   0.0028455356  -0.0038105606   0.0000815431
        0.0006832243  -0.0011329484  -0.1059240048   0.0719859545   0.0033278197
       -0.0013274832   0.0064723407   0.0063567962  -0.0447768793   0.0423155917
        0.0105895720   0.2357730539  -0.0934818011   0.1193370660   0.0033605273
       -0.0014547378   0.0011972992   0.0000899773   0.0009909143  -0.0002201611
       -0.0000690079   0.0003027415  -0.0000352633   0.0001506541   0.0002768690
       -0.0000002381   0.0001034452   0.0000262762   0.0001412353  -0.0008731644
       -0.0001297917  -0.0002202931  -0.0786252992  -0.0288314184  -0.1309520939
        0.0007044628   0.0014904129   0.0008563341   0.0000518823  -0.0000191429
        0.0000804238   0.0000990029   0.0000329238  -0.0000545820  -0.0001087432
       -0.0000277310  -0.0001722003
        0.0006722869  -0.0009072959  -0.0002786891   0.0019786844   0.0020783107
        0.0033240123  -0.0005647307   0.0001126078   0.0002159711  -0.0014181559
        0.0008382729  -0.0007515507  -0.0001017212   0.0000944614  -0.0000711936
       -0.0047482471  -0.0022047146   0.0037895103   0.0000982491   0.0002782751
       -0.0000960446   0.0252485660  -0.0477967782  -0.0097100166   0.0004332919
        0.0023586375  -0.0011924254   0.0846917296  -0.1688420096  -0.0298396502
        0.0099951772  -0.0109951780  -0.0139095428   0.0190635828  -0.0074443296
       -0.0026255540  -0.0934818011   0.3058812223   0.1794906279   0.0005573043
       -0.0000754345  -0.0002003485   0.0009715732  -0.0066328339   0.0006093711
        0.0006178441  -0.0004412132  -0.0000003059  -0.0002300767   0.0001910531
       -0.0000564911  -0.0000294198  -0.0000826830  -0.0000883152   0.0001970985
        0.0000946683   0.0001099931  -0.0446861978  -0.0701684804  -0.1293841137
        0.0004719684   0.0028582819   0.0004875464   0.0002794633   0.0005885432
        0.0000972446  -0.0002143709   0.0002467207  -0.0000334374   0.0001979015
       -0.0000301041   0.0001134021
       -0.0000220375   0.0000995102   0.0001272358  -0.0011660226   0.0006655344
        0.0006314911  -0.0003347033   0.0001311130   0.0002569902  -0.0001583011
        0.0000862473  -0.0003280560   0.0000117377  -0.0000840704   0.0000829689
       -0.0000045672   0.0015762625   0.0005054430  -0.0001076636   0.0004730758
        0.0001293317  -0.0000076376   0.0030672296   0.0074900382  -0.0007216138
       -0.0010367713   0.0013932901   0.0176734641  -0.0458722468  -0.0848559513
        0.0187799197  -0.0307608611  -0.0138845689  -0.0037624990   0.0072270080
        0.0080020463   0.1193370660   0.1794906279   0.3838315758  -0.0010903366
       -0.0002608725   0.0005270724  -0.0001852661  -0.0001521034   0.0003399160
       -0.0000239500  -0.0000080860   0.0001728644  -0.0000050210  -0.0000809744
        0.0000345675   0.0000820157   0.0000382450   0.0000133664  -0.0000481108
       -0.0000338607  -0.0000224971  -0.1477810564  -0.1151339984  -0.3032733875
       -0.0006114188   0.0006345585  -0.0011553665   0.0001070319  -0.0000653910
       -0.0000461844  -0.0000222734  -0.0000044656  -0.0000244974   0.0000612435
        0.0000042895   0.0000523112
        0.0001357673   0.0000940380   0.0002720822   0.0012834400  -0.0004335198
       -0.0012964541   0.0002199416   0.0000730591   0.0001144601   0.0005492833
        0.0037407351   0.0023838324   0.0003104422  -0.0003209125   0.0000724957
       -0.0353450853   0.0018061894  -0.0117912119   0.0016308118  -0.0016230765
       -0.0004737851  -0.1839792116  -0.0418597810  -0.0677428479  -0.0130516037
       -0.0041694022  -0.0197440432  -0.0273216089  -0.0046734067  -0.0111392680
        0.0012406707   0.0012740561   0.0000291187  -0.0113568868  -0.0089343476
        0.0002278496   0.0033605273   0.0005573043  -0.0010903366   0.3951790479
       -0.1294243834   0.0975360469   0.0006686132  -0.0002795116  -0.0005043428
       -0.0035860321   0.0015242929   0.0001556546   0.0001116346   0.0001119052
        0.0000763774   0.0001501421   0.0000655444   0.0000863498   0.0000080568
        0.0000134042   0.0000348220   0.0000561327   0.0006502642   0.0007417423
       -0.1313197121   0.1817796608   0.0115952737   0.0010620260   0.0002269385
        0.0005479465   0.0001563004  -0.0001867479   0.0000499978  -0.0001626975
       -0.0000123030  -0.0001417602
       -0.0000758029   0.0001068999  -0.0000665894   0.0004607114  -0.0005346991
       -0.0001105931   0.0000266203  -0.0000199663  -0.0000255788   0.0021236969
       -0.0028473955  -0.0012859673   0.0000084565  -0.0001717016   0.0000442383
        0.0256234591   0.0018192880   0.0117029822  -0.0007835066   0.0007192742
        0.0005074317  -0.0166872081  -0.0776923629  -0.0184669975  -0.0052595769
        0.0017484668  -0.0048417048  -0.0261855615  -0.0049428737  -0.0128019171
        0.0014050197   0.0012699463  -0.0011153256  -0.0092812046  -0.0081223545
        0.0005334003  -0.0014547378  -0.0000754345  -0.0002608725  -0.1294243834
        0.4012484787   0.0721533704   0.0016118902   0.0018433647  -0.0006935883
        0.0023904051  -0.0008462222   0.0001056734  -0.0000610573   0.0000259143
        0.0000760154   0.0000538254  -0.0000411955   0.0000538789  -0.0001176514
       -0.0000124614   0.0000594190  -0.0002635754   0.0003949196   0.0003055675
        0.1572795699  -0.3150390448  -0.0456492493  -0.0013819480   0.0009371569
       -0.0000592422   0.0000514873   0.0002249282  -0.0000779652  -0.0000589280
        0.0000070744  -0.0000863862
        0.0000812760   0.0000123386   0.0000056323   0.0001406818   0.0002045651
       -0.0007445855  -0.0000980478  -0.0000804356   0.0001997372   0.0010100166
       -0.0004669847   0.0003554760   0.0005943408  -0.0002162980   0.0003892415
        0.0004544875   0.0015158140   0.0035401617  -0.0003188541   0.0008361513
        0.0013073680  -0.0662278315  -0.0300941464  -0.0864343767  -0.0374012928
       -0.0080409516  -0.0229163274   0.0002818350   0.0015698434   0.0030837063
       -0.0005371773  -0.0011266909   0.0016670716  -0.0000955366   0.0000651203
        0.0015656599   0.0011972992  -0.0002003485   0.0005270724   0.0975360469
        0.0721533704   0.1115536319  -0.0006105371   0.0008294134   0.0011894083
       -0.0001971394   0.0001908110   0.0005277547  -0.0000271885  -0.0000373790
        0.0001502297   0.0001054875   0.0000936330   0.0000669165   0.0000137270
       -0.0000123527   0.0000099843   0.0003291426   0.0005046911   0.0001909421
        0.0030065194  -0.0372293370  -0.0150240960   0.0007232921  -0.0004141642
       -0.0010122567   0.0000489500  -0.0000459171  -0.0001649658  -0.0000094973
       -0.0000107457  -0.0000333864
        0.0000237430  -0.0015095631   0.0009583077  -0.0074442012  -0.0000877699
       -0.0027373816   0.0001174560   0.0003093060  -0.0002700865  -0.0194982612
       -0.0338928636   0.0142648604   0.0015858304   0.0005932227   0.0005947787
       -0.0782595809  -0.0442975240   0.0157493721   0.0004557337  -0.0065655389
        0.0074052033   0.0054925726   0.0118751663  -0.0065214825   0.0004780429
       -0.0011744943  -0.0009468083  -0.0009655375   0.0026194740   0.0000629450
       -0.0001398982   0.0002569603   0.0000376134   0.0003826346  -0.0001250516
       -0.0002022102   0.0000899773   0.0009715732  -0.0001852661   0.0006686132
        0.0016118902  -0.0006105371   0.4812049049   0.1023769018   0.0901898577
        0.0005036523  -0.0027084975  -0.0003382935  -0.0004777437  -0.0002212034
       -0.0002864651  -0.0000380372   0.0000503367  -0.0000624534   0.0001538043
       -0.0000291994   0.0000053468  -0.0000006034   0.0000222075   0.0000845605
        0.0002483498   0.0002681954   0.0002809749  -0.3863005894  -0.0315914203
       -0.1174540160   0.0019214907   0.0013511486  -0.0000113708  -0.0002023531
       -0.0001032568  -0.0000074495
        0.0001360859  -0.0007268741   0.0004690155  -0.0026895601   0.0015234827
       -0.0022109205   0.0004241049   0.0002001093   0.0000840894  -0.0124539564
       -0.0165484922   0.0045711220   0.0013824632   0.0004218688   0.0002440866
       -0.0229050875  -0.1729369473   0.0713387727  -0.0064518658  -0.0129478274
        0.0190872022  -0.0090251620  -0.0507198815   0.0169092967  -0.0014218004
        0.0025055298   0.0006031689   0.0074746513   0.0007708796  -0.0035097860
       -0.0002847826   0.0002203374   0.0001035968  -0.0006597429  -0.0000127277
       -0.0001969065   0.0009909143  -0.0066328339  -0.0001521034  -0.0002795116
        0.0018433647   0.0008294134   0.1023769018   0.2829911345  -0.1062113014
        0.0003216741   0.0014018331   0.0007376600  -0.0003037716  -0.0000024994
       -0.0000655248   0.0000552670  -0.0000008357   0.0000160073  -0.0000411418
       -0.0000524710   0.0000840089  -0.0001579343   0.0002078544   0.0003560397
       -0.0007059208   0.0007564887  -0.0002825682  -0.0551024775  -0.0329683065
       -0.0021067189  -0.0004973665   0.0007866474  -0.0005777659  -0.0001819806
       -0.0000798335  -0.0001198846
       -0.0000473904  -0.0001562652   0.0001293201  -0.0013886262  -0.0007950519
        0.0000564649  -0.0003925329  -0.0004336191   0.0002663789  -0.0012462407
       -0.0049019526   0.0051243443   0.0009160093   0.0000101772   0.0013835684
        0.0032682677   0.0665412987  -0.0910298734   0.0133987749   0.0366418160
       -0.0237233832   0.0003632559   0.0037255430   0.0035260804  -0.0008198869
        0.0006523179   0.0013205059  -0.0004098466  -0.0011776427   0.0007881374
       -0.0000767665  -0.0007372880   0.0003742763  -0.0001484951   0.0002753557
        0.0002789033  -0.0002201611   0.0006093711   0.0003399160  -0.0005043428
       -0.0006935883   0.0011894083   0.0901898577  -0.1062113014   0.1453099108
        0.0009694463   0.0000116298   0.0013211705  -0.0001507105  -0.0000398360
        0.0001107965   0.0000556972   0.0001519879   0.0000830523  -0.0000172411
       -0.0000119654  -0.0000644874   0.0001282588   0.0001234905   0.0000008289
        0.0002934922  -0.0000005320  -0.0003243141  -0.1037634412   0.0067543381
       -0.0453354334  -0.0004567788  -0.0003036046  -0.0011506941   0.0000594007
       -0.0000346787   0.0000251225
       -0.0008359230  -0.0004740213  -0.0001036689   0.0045320052   0.0001452043
       -0.0026725816  -0.0000863166  -0.0004436638  -0.0002388206  -0.1384315639
        0.0555864027   0.0479989837  -0.0080477062   0.0124886007   0.0144632480
       -0.0392909229   0.0329445171   0.0119356045   0.0029210816   0.0000886385
        0.0011693165  -0.0057774435  -0.0029065066  -0.0036790399   0.0002232702
       -0.0000481637  -0.0000678944  -0.0001903828  -0.0016907544   0.0007400788
        0.0000463808  -0.0000615053   0.0000045654   0.0003196642  -0.0015999981
        0.0000899915  -0.0000690079   0.0006178441  -0.0000239500  -0.0035860321
        0.0023904051  -0.0001971394   0.0005036523   0.0003216741   0.0009694463
        0.2867947650   0.0327654721  -0.1219406583   0.0003985709  -0.0005912022
        0.0001129054   0.0000166459  -0.0000913054   0.0000140084   0.0001347488
       -0.0010257130  -0.0002627069   0.0000383168  -0.0002133091  -0.0000381858
       -0.0005854165   0.0000715055  -0.0000552625   0.0009591959   0.0005397991
       -0.0002013378  -0.1001055291  -0.1290417954   0.0519773105   0.0001179471
        0.0002278749   0.0000057872
        0.0010847051  -0.0008211648   0.0004981139   0.0198754775  -0.0284070465
       -0.0111414639   0.0002920711   0.0018320334  -0.0003209934   0.0795096493
       -0.1377470959  -0.0394444241   0.0114502834  -0.0098877476  -0.0155193160
        0.0121092368  -0.0065882608  -0.0007281882  -0.0004618535  -0.0001778809
        0.0003809303   0.0001603050   0.0019561185   0.0013850330  -0.0004785832
       -0.0000529594   0.0000959533  -0.0010864806   0.0012792623  -0.0012159962
       -0.0001269710   0.0000460510   0.0001007317   0.0015308224  -0.0134112713
        0.0019106378   0.0003027415  -0.0004412132  -0.0000080860   0.0015242929
       -0.0008462222   0.0001908110  -0.0027084975   0.0014018331   0.0000116298
        0.0327654721   0.5162394409  -0.0208771319   0.0001424972   0.0003063786
        0.0001452967   0.0005302199   0.0001096234  -0.0001652304  -0.0008079615
       -0.0006376469   0.0000144693  -0.0000829135   0.0002411159   0.0002031908
        0.0000163867   0.0001287980   0.0000211751  -0.0006169134   0.0001710098
       -0.0001175281  -0.1548727457  -0.3248723656   0.0847654690  -0.0000512410
        0.0001792102  -0.0001850835
       -0.0001389437   0.0001317871   0.0000718897  -0.0047226323   0.0032336393
        0.0046001158  -0.0003107326  -0.0010381419   0.0011632723   0.0506047883
       -0.0308302031  -0.0769036817   0.0263893425  -0.0290929365  -0.0173292236
       -0.0021259824   0.0019018648   0.0050612513   0.0010619431   0.0004718610
        0.0015002902  -0.0013598485   0.0002690289   0.0004004562  -0.0005949752
        0.0003180624   0.0003313897  -0.0000036204   0.0001413556  -0.0007548364
        0.0000582222  -0.0001394056   0.0002208966  -0.0001653933   0.0025726804
        0.0010262698  -0.0000352633  -0.0000003059   0.0001728644   0.0001556546
        0.0001056734   0.0005277547  -0.0003382935   0.0007376600   0.0013211705
       -0.1219406583  -0.0208771319   0.1108467161  -0.0003267892  -0.0004641307
        0.0006205522   0.0002145784   0.0004002592   0.0002346700   0.0002928169
        0.0000908625  -0.0003915901  -0.0000128784   0.0001111796   0.0000268341
       -0.0000662848   0.0000357351  -0.0001099398   0.0000752848  -0.0002444941
       -0.0003503333   0.0531525311   0.0721135483  -0.0322184238   0.0001371339
        0.0000515521  -0.0000683651
       -0.0812061428  -0.0493537207   0.0318755649  -0.0212302132  -0.0294410881
        0.0178596733   0.0018065880   0.0007426926   0.0007480831  -0.0065947492
       -0.0007390188  -0.0028049974   0.0001584827   0.0004459532  -0.0001826763
       -0.0000330212  -0.0010467869   0.0009148563   0.0000502263   0.0000454588
       -0.0000379840   0.0002971045  -0.0000984195  -0.0002245335   0.0001390516
        0.0000038999  -0.0000383434   0.0003585554  -0.0001147937   0.0002144178
        0.0001017774  -0.0000451213  -0.0000425967   0.0015922306  -0.0006957710
       -0.0002847717   0.0001506541  -0.0002300767  -0.0000050210   0.0001116346
       -0.0000610573  -0.0000271885  -0.0004777437  -0.0003037716  -0.0001507105
        0.0003985709   0.0001424972  -0.0003267892   0.4331601375   0.1631789666
        0.1094657528  -0.0032702844  -0.0078788037   0.0116222281   0.0083297251
        0.0037690137  -0.0062670801   0.0000692932   0.0000565950  -0.0000151576
       -0.0000314246   0.0001117803   0.0000317214  -0.0001778389  -0.0000835115
       -0.0000018378  -0.0000527121  -0.0000490362   0.0000774374  -0.3336499019
       -0.0783558804  -0.1624000474
       -0.0358099887  -0.1416132662   0.0838723829  -0.0144295269  -0.0130041312
        0.0066324564   0.0018460936   0.0003553380   0.0003923966  -0.0022773787
        0.0001781412  -0.0018869921   0.0004565286   0.0003632280  -0.0000902426
        0.0000137850  -0.0004736829   0.0004246229   0.0000505266  -0.0000164731
       -0.0000039910   0.0001914422   0.0000360585  -0.0002420782   0.0001170958
       -0.0000164366  -0.0000239833  -0.0006096831  -0.0005894011   0.0002997688
        0.0001414997  -0.0000768751   0.0001039473   0.0008003995   0.0014076000
       -0.0002509770   0.0002768690   0.0001910531  -0.0000809744   0.0001119052
        0.0000259143  -0.0000373790  -0.0002212034  -0.0000024994  -0.0000398360
       -0.0005912022   0.0003063786  -0.0004641307   0.1631789666   0.2288644588
       -0.0969969393  -0.0052844988   0.0001640840   0.0112567026  -0.0114082384
       -0.0370036595   0.0257095180  -0.0001965055  -0.0000524069   0.0001455961
       -0.0001063183   0.0000841810   0.0000330104  -0.0001780800  -0.0000585615
       -0.0000835885  -0.0002778349  -0.0001424241   0.0003323863  -0.0957946530
       -0.0389266180  -0.0290016761
        0.0154139792   0.0733049717  -0.1223745465   0.0001762080  -0.0043302079
        0.0072378657   0.0006443554  -0.0004669094   0.0010848612  -0.0022777337
       -0.0012803950  -0.0001524603  -0.0004518275  -0.0004213440   0.0002043479
       -0.0000048366  -0.0002448442   0.0001067687   0.0000873094   0.0000966310
        0.0000622613  -0.0000037028  -0.0000080872  -0.0000566090  -0.0001369265
       -0.0000017067   0.0000697454   0.0001637120   0.0002524073  -0.0003125215
        0.0000880698  -0.0000240106   0.0000553183  -0.0006244342  -0.0001988996
        0.0006845977  -0.0000002381  -0.0000564911   0.0000345675   0.0000763774
        0.0000760154   0.0001502297  -0.0002864651  -0.0000655248   0.0001107965
        0.0001129054   0.0001452967   0.0006205522   0.1094657528  -0.0969969393
        0.2391819827   0.0176557639   0.0307645191  -0.0309934866   0.0014873603
        0.0144922282  -0.0036487722  -0.0000604730   0.0000567737   0.0000550185
        0.0000049297  -0.0000322854  -0.0000341501   0.0000920798  -0.0000586428
        0.0000251986   0.0001414000   0.0001078865  -0.0002153327  -0.1417635657
       -0.0151104414  -0.0918962332
       -0.0446505126   0.0112893129   0.0209095493  -0.0015324987  -0.0099391873
       -0.0271744529  -0.0049647429  -0.0012375508  -0.0026427487   0.0000631397
        0.0005747677  -0.0008632296   0.0000162994  -0.0001923145   0.0001016296
        0.0000096467  -0.0001632116   0.0001888825   0.0000784696   0.0000836804
        0.0000959228   0.0000606119   0.0000165669  -0.0001116283  -0.0000540790
       -0.0000304504   0.0000258724  -0.0000026313   0.0000076310  -0.0003152325
        0.0001139308  -0.0000237192   0.0002051530   0.0025276378  -0.0008948660
        0.0005873826   0.0001034452  -0.0000294198   0.0000820157   0.0001501421
        0.0000538254   0.0001054875  -0.0000380372   0.0000552670   0.0000556972
        0.0000166459   0.0005302199   0.0002145784  -0.0032702844  -0.0052844988
        0.0176557639   0.0535006306  -0.0046534921  -0.0283845783  -0.0020007534
        0.0098992310   0.0176507614  -0.0001027620   0.0000543804  -0.0000151568
       -0.0000132697   0.0000087207  -0.0000159308  -0.0000124318  -0.0000185498
       -0.0000123341   0.0000394562   0.0000072659  -0.0000194780  -0.0000380527
       -0.0001136089   0.0016760736
        0.0100419053  -0.0662805948  -0.0729238003  -0.0006741421  -0.0020163731
       -0.0084595332  -0.0014441284  -0.0000274218  -0.0001188447   0.0003295646
        0.0001518760  -0.0009748525  -0.0003775411  -0.0003226875   0.0003338990
       -0.0000397607   0.0000306148   0.0000673371   0.0001441632   0.0000453006
        0.0001580555  -0.0000315157   0.0000132073  -0.0000820718  -0.0000649080
        0.0000010147   0.0000556617   0.0002999029   0.0000969900  -0.0000617879
        0.0000721890  -0.0000754386   0.0000413703   0.0002561928   0.0002201199
        0.0011177514   0.0000262762  -0.0000826830   0.0000382450   0.0000655444
       -0.0000411955   0.0000936330   0.0000503367  -0.0000008357   0.0001519879
       -0.0000913054   0.0001096234   0.0004002592  -0.0078788037   0.0001640840
        0.0307645191  -0.0046534921   0.0777079542   0.0725820530   0.0046178310
       -0.0104878983  -0.0239466374   0.0000499454   0.0000474921   0.0000001827
        0.0000102419   0.0000307506  -0.0000172414  -0.0000171519   0.0000044670
       -0.0000516183  -0.0002156747  -0.0001849425  -0.0000858872  -0.0004756695
        0.0008965762   0.0009173199
        0.0198268314  -0.0717330203  -0.2265504443  -0.0033593428  -0.0066914388
       -0.0163916403  -0.0024823605  -0.0006352454  -0.0010341547   0.0000501702
        0.0000252839  -0.0001669375  -0.0001439539  -0.0001441718   0.0002417757
        0.0000464309  -0.0000029742   0.0001172428   0.0001267917   0.0000945907
        0.0000379307   0.0001653089   0.0000577747  -0.0000270733  -0.0000565984
       -0.0000150379   0.0000427405   0.0003786152   0.0001634868   0.0000360341
        0.0002274886  -0.0000489020   0.0001330140   0.0008814049   0.0000288089
        0.0009392585   0.0001412353  -0.0000883152   0.0000133664   0.0000863498
        0.0000538789   0.0000669165  -0.0000624534   0.0000160073   0.0000830523
        0.0000140084  -0.0001652304   0.0002346700   0.0116222281   0.0112567026
       -0.0309934866  -0.0283845783   0.0725820530   0.2768426743   0.0015196064
       -0.0051282076  -0.0050972521  -0.0000520302   0.0000496822   0.0000858369
        0.0000037873   0.0000070058  -0.0000006674   0.0000587032   0.0000109897
       -0.0000035966  -0.0000213562   0.0000919388  -0.0000669555  -0.0005862866
        0.0002143404   0.0014576956
       -0.1162000578   0.1034210717   0.0071619426  -0.0197517991   0.0198483509
        0.0015499782   0.0001941345   0.0001289652   0.0001151004  -0.0008166458
        0.0015038144   0.0001181545  -0.0002523645  -0.0000002721   0.0002219524
        0.0001739340   0.0002755501   0.0001459440   0.0000635092   0.0000736548
        0.0000427802   0.0000684788   0.0000467662  -0.0001055696   0.0000489508
        0.0000243123  -0.0000432061  -0.0005983422   0.0010291060   0.0006109234
        0.0000428030   0.0000093795   0.0000352083  -0.0069924874  -0.0010037702
       -0.0032756696  -0.0008731644   0.0001970985  -0.0000481108   0.0000080568
       -0.0001176514   0.0000137270   0.0001538043  -0.0000411418  -0.0000172411
        0.0001347488  -0.0008079615   0.0002928169   0.0083297251  -0.0114082384
        0.0014873603  -0.0020007534   0.0046178310   0.0015196064   0.1367686267
       -0.1158854892  -0.0093031526   0.0001009716  -0.0000316578  -0.0000777623
        0.0000594618   0.0000158931   0.0000004167   0.0000498727   0.0000506529
        0.0000207176   0.0002890173   0.0002167558  -0.0003652651   0.0009995194
       -0.0021630198  -0.0001006518
        0.1051982324  -0.1794416796  -0.0155661690   0.0005811705   0.0023239522
        0.0003660837  -0.0001480014  -0.0001254487   0.0000679509  -0.0009892514
        0.0005081835  -0.0003893958   0.0001609186  -0.0000264186  -0.0001221980
        0.0002126135  -0.0000847679  -0.0000548470  -0.0000195717  -0.0000029631
        0.0000007709   0.0000826583   0.0000351595  -0.0000155928   0.0000108299
       -0.0000146040  -0.0000104555  -0.0001526238   0.0000596643   0.0001423669
        0.0000143287  -0.0000186938   0.0000248531  -0.0012847215   0.0006019156
       -0.0000169460  -0.0001297917   0.0000946683  -0.0000338607   0.0000134042
       -0.0000124614  -0.0000123527  -0.0000291994  -0.0000524710  -0.0000119654
       -0.0010257130  -0.0006376469   0.0000908625   0.0037690137  -0.0370036595
        0.0144922282   0.0098992310  -0.0104878983  -0.0051282076  -0.1158854892
        0.2243566800   0.0059223555  -0.0000467097   0.0000023014   0.0000329671
       -0.0000146413   0.0000067021   0.0000041824  -0.0000437699  -0.0000156619
        0.0000109298  -0.0002023162  -0.0003175805   0.0000113561   0.0000293992
        0.0002527284   0.0001950834
        0.0084758113  -0.0163255756  -0.0433617719  -0.0079896210   0.0082674947
        0.0012936161  -0.0003168751   0.0001393176  -0.0002361483   0.0006923188
        0.0002137041   0.0007849465   0.0002167404  -0.0001256942  -0.0002430853
        0.0000773034   0.0000361940  -0.0000762592  -0.0000653173   0.0000239759
       -0.0000563932   0.0000501550   0.0000249750  -0.0000530455  -0.0000054998
       -0.0000017395  -0.0000203615  -0.0002049122   0.0002224556   0.0004285067
        0.0001119641   0.0000369608   0.0000631227  -0.0028758651  -0.0001713591
       -0.0007020872  -0.0002202931   0.0001099931  -0.0000224971   0.0000348220
        0.0000594190   0.0000099843   0.0000053468   0.0000840089  -0.0000644874
       -0.0002627069   0.0000144693  -0.0003915901  -0.0062670801   0.0257095180
       -0.0036487722   0.0176507614  -0.0239466374  -0.0050972521  -0.0093031526
        0.0059223555   0.0504750293  -0.0000540255   0.0000117896   0.0000026092
       -0.0000083821  -0.0000244009   0.0000057497   0.0000327578   0.0000057434
        0.0000213829   0.0001919600   0.0001196260   0.0001152848   0.0000337898
       -0.0004065937   0.0007735189
       -0.0000357809   0.0000900101  -0.0000769631  -0.0007649273   0.0004391223
        0.0000670553   0.0000203705  -0.0000447172  -0.0001812829   0.0000038347
       -0.0001096762  -0.0000860812   0.0000450490   0.0000590331   0.0000263677
        0.0000791294   0.0001206553   0.0000252794   0.0000087154   0.0000077926
        0.0000755540   0.0001154197  -0.0000605802  -0.0000054857   0.0002838549
       -0.0004075080   0.0003076372   0.0044772776   0.0072743748   0.0186513221
       -0.0019576505   0.0036297906   0.0026745284   0.0044518011  -0.0006285880
        0.0014856936  -0.0786252992  -0.0446861978  -0.1477810564   0.0000561327
       -0.0002635754   0.0003291426  -0.0000006034  -0.0001579343   0.0001282588
        0.0000383168  -0.0000829135  -0.0000128784   0.0000692932  -0.0001965055
       -0.0000604730  -0.0001027620   0.0000499454  -0.0000520302   0.0001009716
       -0.0000467097  -0.0000540255   0.0717945132   0.0348729310   0.1252057157
        0.0000326545   0.0001778252  -0.0006544901  -0.0000733650  -0.0000090786
       -0.0000926148  -0.0000264533  -0.0000547275   0.0000047235   0.0000095072
        0.0000272316   0.0000761031
       -0.0000547139   0.0000124856  -0.0000262879   0.0000995353   0.0001744830
       -0.0005940290  -0.0000329613   0.0000844088   0.0002285500   0.0001208857
        0.0000201104   0.0001157515   0.0000790577  -0.0001050762   0.0000746340
       -0.0001129884  -0.0008084998  -0.0000659162  -0.0000368391   0.0000920494
        0.0001455386   0.0001715977  -0.0011043999  -0.0009061577  -0.0000303806
       -0.0005384655   0.0002825695  -0.0069077725  -0.0150448422  -0.0274456415
        0.0007743041  -0.0012293507   0.0006916536  -0.0001951034   0.0006541163
        0.0015066588  -0.0288314184  -0.0701684804  -0.1151339984   0.0006502642
        0.0003949196   0.0005046911   0.0000222075   0.0002078544   0.0001234905
       -0.0002133091   0.0002411159   0.0001111796   0.0000565950  -0.0000524069
        0.0000567737   0.0000543804   0.0000474921   0.0000496822  -0.0000316578
        0.0000023014   0.0000117896   0.0348729310   0.0872319103   0.1407654040
       -0.0004119696   0.0000006566  -0.0003706491   0.0000195814  -0.0001087738
       -0.0000653849   0.0000209767  -0.0000068066  -0.0000138547  -0.0000832027
        0.0000031982  -0.0000464472
       -0.0001188180  -0.0000048585  -0.0000129614  -0.0001851009  -0.0002145887
       -0.0000647812  -0.0002629719   0.0001774530   0.0001060010   0.0001474973
        0.0000036358   0.0000540974   0.0000073846   0.0000367286   0.0000294003
        0.0001355339  -0.0003069878  -0.0001789808  -0.0000583434   0.0001029645
        0.0001426650  -0.0019536490   0.0003468735   0.0002211135   0.0000799372
        0.0002687294   0.0000821826   0.0052497294  -0.0100615549  -0.0103131752
        0.0019667428  -0.0029985930  -0.0013473026   0.0000259875   0.0005045367
        0.0003071802  -0.1309520939  -0.1293841137  -0.3032733875   0.0007417423
        0.0003055675   0.0001909421   0.0000845605   0.0003560397   0.0000008289
       -0.0000381858   0.0002031908   0.0000268341  -0.0000151576   0.0001455961
        0.0000550185  -0.0000151568   0.0000001827   0.0000858369  -0.0000777623
        0.0000329671   0.0000026092   0.1252057157   0.1407654040   0.3141420322
        0.0001164810  -0.0002738410  -0.0001039195  -0.0000323932   0.0000214864
       -0.0000594997  -0.0000354833   0.0000065854  -0.0000185879  -0.0000161960
       -0.0000334035  -0.0000741463
        0.0000540207   0.0000155742  -0.0000426473  -0.0003208916   0.0002918506
        0.0002928077  -0.0000548351  -0.0000344837  -0.0001097970  -0.0007099094
        0.0010445866   0.0001533619  -0.0000218229   0.0000172732   0.0000352491
       -0.0053371335   0.0001037976  -0.0025901420   0.0001404967  -0.0001537641
       -0.0002990851  -0.0247784494   0.0236203945  -0.0005331576   0.0002809920
        0.0003908338   0.0000407969  -0.0015663864   0.0003040035   0.0007614251
       -0.0004656549  -0.0000164095   0.0002779297   0.0013524475   0.0005323691
        0.0001770574   0.0007044628   0.0004719684  -0.0006114188  -0.1313197121
        0.1572795699   0.0030065194   0.0002483498  -0.0007059208   0.0002934922
       -0.0005854165   0.0000163867  -0.0000662848  -0.0000314246  -0.0001063183
        0.0000049297  -0.0000132697   0.0000102419   0.0000037873   0.0000594618
       -0.0000146413  -0.0000083821   0.0000326545  -0.0004119696   0.0001164810
        0.1622852009  -0.1825835557  -0.0009457699  -0.0000225924  -0.0000034967
       -0.0000054519   0.0000240124  -0.0000839123   0.0000150979   0.0000453992
        0.0000156219   0.0000332012
       -0.0000406157  -0.0000301248   0.0000474373   0.0001083163  -0.0001745429
       -0.0001717528   0.0000182295   0.0000194382   0.0000295186  -0.0000413436
        0.0000124054   0.0001389464   0.0001086484   0.0000271129   0.0000029532
       -0.0002501409  -0.0011323731  -0.0002687218  -0.0001691608   0.0001339500
        0.0005530483   0.0002159937   0.0080438150   0.0042348372   0.0001783416
        0.0005058082  -0.0003169579  -0.0011507804   0.0009441793   0.0001564968
       -0.0001585950   0.0001107178  -0.0000466566  -0.0000880527  -0.0000278910
        0.0001107866   0.0014904129   0.0028582819   0.0006345585   0.1817796608
       -0.3150390448  -0.0372293370   0.0002681954   0.0007564887  -0.0000005320
        0.0000715055   0.0001287980   0.0000357351   0.0001117803   0.0000841810
       -0.0000322854   0.0000087207   0.0000307506   0.0000070058   0.0000158931
        0.0000067021  -0.0000244009   0.0001778252   0.0000006566  -0.0002738410
       -0.1825835557   0.3022124961   0.0327811261   0.0000682758   0.0005541839
       -0.0003767605  -0.0001380290  -0.0000124605   0.0000032493  -0.0000015257
       -0.0000135289   0.0000055467
       -0.0000140362   0.0000036171   0.0000032167   0.0000990282  -0.0001835122
        0.0000780740   0.0000610140   0.0000270515  -0.0000309198  -0.0001740169
        0.0002068318   0.0002849316  -0.0000115248   0.0000412866  -0.0000221014
       -0.0011341706  -0.0007407493  -0.0000127192   0.0001357369  -0.0001837911
       -0.0000652694  -0.0086656613   0.0132683439  -0.0011725358  -0.0015350964
        0.0008161075   0.0004166781  -0.0002099507  -0.0009417368   0.0019290238
        0.0005374492   0.0000336248  -0.0002107479  -0.0002162376   0.0003175491
       -0.0005136643   0.0008563341   0.0004875464  -0.0011553665   0.0115952737
       -0.0456492493  -0.0150240960   0.0002809749  -0.0002825682  -0.0003243141
       -0.0000552625   0.0000211751  -0.0001099398   0.0000317214   0.0000330104
       -0.0000341501  -0.0000159308  -0.0000172414  -0.0000006674   0.0000004167
        0.0000041824   0.0000057497  -0.0006544901  -0.0003706491  -0.0001039195
       -0.0009457699   0.0327811261   0.0158679152   0.0000929881   0.0003177651
        0.0001629234  -0.0000497751   0.0000095941   0.0000279358  -0.0000090144
        0.0000006854   0.0000039627
       -0.0000730894  -0.0000619816  -0.0000716289  -0.0005972724   0.0000139538
        0.0000332517  -0.0000528875  -0.0001065477  -0.0000393829  -0.0020177145
       -0.0019526824   0.0006216789   0.0002797054   0.0001501102   0.0007316715
       -0.0107894844  -0.0080988051   0.0021432320   0.0001988261  -0.0002898509
       -0.0004370827   0.0009109581   0.0006186643  -0.0006699909   0.0000297308
        0.0001023155  -0.0000240138  -0.0006221486  -0.0005539696  -0.0000121919
        0.0000574940  -0.0000244824  -0.0000246975   0.0004358277   0.0000695540
        0.0001093828   0.0000518823   0.0002794633   0.0001070319   0.0010620260
       -0.0013819480   0.0007232921  -0.3863005894  -0.0551024775  -0.1037634412
        0.0009591959  -0.0006169134   0.0000752848  -0.0001778389  -0.0001780800
        0.0000920798  -0.0000124318  -0.0000171519   0.0000587032   0.0000498727
       -0.0000437699   0.0000327578  -0.0000733650   0.0000195814  -0.0000323932
       -0.0000225924   0.0000682758   0.0000929881   0.3963313469   0.0673713366
        0.1006437555   0.0003321226  -0.0002783377  -0.0004181854   0.0000404257
        0.0000137432   0.0000278983
       -0.0000478050  -0.0002637691   0.0001535984  -0.0015400376  -0.0002455096
       -0.0002316185  -0.0000254410   0.0000333246  -0.0001004660  -0.0021029970
       -0.0043350599   0.0022826412   0.0000796115   0.0000068539   0.0000457167
       -0.0303968177  -0.0102355267  -0.0065054821  -0.0003424291   0.0005751212
        0.0001271594  -0.0016740197   0.0004718369  -0.0010833449  -0.0001393421
       -0.0004721273  -0.0001952067  -0.0002961111  -0.0006065529   0.0002617445
       -0.0000033818   0.0000529215  -0.0000619113   0.0003029263   0.0003097022
       -0.0000632051  -0.0000191429   0.0005885432  -0.0000653910   0.0002269385
        0.0009371569  -0.0004141642  -0.0315914203  -0.0329683065   0.0067543381
        0.0005397991   0.0001710098  -0.0002444941  -0.0000835115  -0.0000585615
       -0.0000586428  -0.0000185498   0.0000044670   0.0000109897   0.0000506529
       -0.0000156619   0.0000057434  -0.0000090786  -0.0001087738   0.0000214864
       -0.0000034967   0.0005541839   0.0003177651   0.0673713366   0.0455501979
       -0.0011836236  -0.0002809013   0.0000674726   0.0001915357   0.0000032183
       -0.0000129426   0.0000348315
        0.0000174839   0.0001339751  -0.0000852076   0.0003162198   0.0001867797
        0.0003763145   0.0000095582  -0.0000176638  -0.0000058871  -0.0000345440
        0.0017499624  -0.0000584828  -0.0001238076   0.0000100731   0.0000626683
        0.0155911277   0.0013356707   0.0021942984   0.0014987940   0.0009763603
        0.0009652675  -0.0008752184   0.0006093713   0.0010807753  -0.0001641060
       -0.0004644848  -0.0002509871  -0.0002573462  -0.0001979172   0.0000584879
        0.0000733894   0.0001199959  -0.0000842880   0.0002441582  -0.0001232203
       -0.0001113052   0.0000804238   0.0000972446  -0.0000461844   0.0005479465
       -0.0000592422  -0.0010122567  -0.1174540160  -0.0021067189  -0.0453354334
       -0.0002013378  -0.0001175281  -0.0003503333  -0.0000018378  -0.0000835885
        0.0000251986  -0.0000123341  -0.0000516183  -0.0000035966   0.0000207176
        0.0000109298   0.0000213829  -0.0000926148  -0.0000653849  -0.0000594997
       -0.0000054519  -0.0003767605   0.0001629234   0.1006437555  -0.0011836236
        0.0423165905   0.0001822223  -0.0004024035   0.0001299102  -0.0000031823
        0.0000197916   0.0000096443
       -0.0001384246   0.0001784935  -0.0004472123  -0.0016381690   0.0013322100
        0.0014211514  -0.0000088250   0.0000648390  -0.0003194942   0.0078124053
        0.0225368764  -0.0062821853   0.0006622398   0.0002016122   0.0003100267
        0.0007963160   0.0019674434  -0.0006305796  -0.0003058354   0.0003083338
       -0.0001534153  -0.0000080372  -0.0002273567   0.0002105306   0.0000640671
        0.0000529089  -0.0000328585  -0.0000627845   0.0001951497  -0.0000071271
        0.0000279955   0.0000292094  -0.0000098395  -0.0000470823   0.0016436964
       -0.0001246252   0.0000990029  -0.0002143709  -0.0000222734   0.0001563004
        0.0000514873   0.0000489500   0.0019214907  -0.0004973665  -0.0004567788
       -0.1001055291  -0.1548727457   0.0531525311  -0.0000527121  -0.0002778349
        0.0001414000   0.0000394562  -0.0002156747  -0.0000213562   0.0002890173
       -0.0002023162   0.0001919600  -0.0000264533   0.0000209767  -0.0000354833
        0.0000240124  -0.0001380290  -0.0000497751   0.0003321226  -0.0002809013
        0.0001822223   0.0901481823   0.1283136248  -0.0470657662   0.0000212438
        0.0000297344  -0.0000000019
       -0.0001656316   0.0003555143  -0.0004490103   0.0022758285  -0.0031552731
       -0.0012192206  -0.0000079065   0.0001748422  -0.0005286091  -0.0018940052
       -0.0281825448   0.0015567304  -0.0000438436   0.0000085564   0.0002985067
       -0.0008083087   0.0001267793   0.0009492544   0.0001200868  -0.0000861992
        0.0001616862   0.0001332371  -0.0002541907  -0.0002407269   0.0000357935
        0.0000351372   0.0000476622  -0.0002031287  -0.0004877076   0.0002903105
        0.0000584023   0.0000030812  -0.0000777366   0.0001780307  -0.0014096609
       -0.0000106037   0.0000329238   0.0002467207  -0.0000044656  -0.0001867479
        0.0002249282  -0.0000459171   0.0013511486   0.0007866474  -0.0003036046
       -0.1290417954  -0.3248723656   0.0721135483  -0.0000490362  -0.0001424241
        0.0001078865   0.0000072659  -0.0001849425   0.0000919388   0.0002167558
       -0.0003175805   0.0001196260  -0.0000547275  -0.0000068066   0.0000065854
       -0.0000839123  -0.0000124605   0.0000095941  -0.0002783377   0.0000674726
       -0.0004024035   0.1283136248   0.3570058740  -0.0725118277   0.0000942837
        0.0000766026   0.0000407966
        0.0000822702  -0.0003582338   0.0000335898   0.0007717952   0.0001955791
        0.0000037191   0.0000026413   0.0001340100   0.0000773409  -0.0057537168
       -0.0111095326   0.0009311326   0.0000792055  -0.0017362070   0.0009611069
        0.0009613712   0.0007098790   0.0012239434  -0.0003764401   0.0004503574
       -0.0003251142  -0.0000871710   0.0000593862   0.0000540180   0.0000835686
       -0.0000903290  -0.0000734178   0.0001813912   0.0001281088   0.0000723706
       -0.0000400643   0.0000599013  -0.0000494070  -0.0000353556  -0.0004018493
        0.0000040339  -0.0000545820  -0.0000334374  -0.0000244974   0.0000499978
       -0.0000779652  -0.0001649658  -0.0000113708  -0.0005777659  -0.0011506941
        0.0519773105   0.0847654690  -0.0322184238   0.0000774374   0.0003323863
       -0.0002153327  -0.0000194780  -0.0000858872  -0.0000669555  -0.0003652651
        0.0000113561   0.0001152848   0.0000047235  -0.0000138547  -0.0000185879
        0.0000150979   0.0000032493   0.0000279358  -0.0004181854   0.0001915357
        0.0001299102  -0.0470657662  -0.0725118277   0.0306755258  -0.0000594148
       -0.0000443287  -0.0000025158
       -0.0131294908  -0.0059865383  -0.0000995984  -0.0015237317  -0.0030632553
        0.0011689395   0.0004896052   0.0001701664   0.0009052009  -0.0006179795
        0.0000470820  -0.0000435429  -0.0000643849  -0.0001349803   0.0000081958
       -0.0000276484  -0.0001507259  -0.0000244616   0.0000053508  -0.0000048660
        0.0000703413   0.0000239069   0.0000217764   0.0000823125  -0.0000480561
       -0.0000393159   0.0000094325   0.0001468375  -0.0000339765  -0.0002555465
       -0.0000248302  -0.0000157516   0.0000775545   0.0004611642   0.0000504038
        0.0003425051  -0.0001087432   0.0001979015   0.0000612435  -0.0001626975
       -0.0000589280  -0.0000094973  -0.0002023531  -0.0001819806   0.0000594007
        0.0001179471  -0.0000512410   0.0001371339  -0.3336499019  -0.0957946530
       -0.1417635657  -0.0000380527  -0.0004756695  -0.0005862866   0.0009995194
        0.0000293992   0.0000337898   0.0000095072  -0.0000832027  -0.0000161960
        0.0000453992  -0.0000015257  -0.0000090144   0.0000404257   0.0000032183
       -0.0000031823   0.0000212438   0.0000942837  -0.0000594148   0.3472369630
        0.1054623792   0.1399142565
       -0.0222108914  -0.0115866127  -0.0080110969  -0.0018646485  -0.0029180392
        0.0022964614   0.0000481853   0.0000133776   0.0002225171  -0.0011398168
       -0.0002146764  -0.0001696676  -0.0000376353   0.0000168177  -0.0000757375
        0.0000015555  -0.0002256037   0.0001109641  -0.0000102818   0.0000081850
        0.0000185257   0.0000166769  -0.0000243357   0.0000248917   0.0000000472
        0.0000084976  -0.0000103516   0.0000270949   0.0000991724   0.0000187743
       -0.0000102939   0.0000152544   0.0000029808   0.0001792226  -0.0001678467
       -0.0000802050  -0.0000277310  -0.0000301041   0.0000042895  -0.0000123030
        0.0000070744  -0.0000107457  -0.0001032568  -0.0000798335  -0.0000346787
        0.0002278749   0.0001792102   0.0000515521  -0.0783558804  -0.0389266180
       -0.0151104414  -0.0001136089   0.0008965762   0.0002143404  -0.0021630198
        0.0002527284  -0.0004065937   0.0000272316   0.0000031982  -0.0000334035
        0.0000156219  -0.0000135289   0.0000006854   0.0000137432  -0.0000129426
        0.0000197916   0.0000297344   0.0000766026  -0.0000443287   0.1054623792
        0.0526234468   0.0210014763
        0.0196265334   0.0048383807   0.0050619668   0.0007656172   0.0021198798
       -0.0011777600  -0.0000863675   0.0001206985   0.0002890357   0.0006986517
        0.0002540124   0.0005277484  -0.0000133805  -0.0000779914   0.0000386432
        0.0000228794   0.0001801981  -0.0001226165  -0.0000292010  -0.0000273515
        0.0000129892  -0.0000311529  -0.0000146108   0.0000432301  -0.0000087530
       -0.0000088173   0.0000176172   0.0003247005  -0.0000415668  -0.0000470593
       -0.0000631336   0.0000117541  -0.0000196720  -0.0001176023  -0.0002235647
        0.0000594131  -0.0001722003   0.0001134021   0.0000523112  -0.0001417602
       -0.0000863862  -0.0000333864  -0.0000074495  -0.0001198846   0.0000251225
        0.0000057872  -0.0001850835  -0.0000683651  -0.1624000474  -0.0290016761
       -0.0918962332   0.0016760736   0.0009173199   0.0014576956  -0.0001006518
        0.0001950834   0.0007735189   0.0000761031  -0.0000464472  -0.0000741463
        0.0000332012   0.0000055467   0.0000039627   0.0000278983   0.0000348315
        0.0000096443  -0.0000000019   0.0000407966  -0.0000025158   0.1399142565
        0.0210014763   0.0850688559
