           1           2  0.988828370717044     
           2           3  0.994695409520992     
           2           4   1.35761935492418     
           2           5  0.216260528460456     
           4           5   1.60877616854678     
           1           6  0.972398853978318     
           1           7  0.976963241052420     
           1           8  0.972471208517586     
           3           9  0.970860761667406     
           3          10  0.970834213098003     
           3          11  0.977271236350871     
           4          12  0.923456039744334     
