           1           2   1.00901317158903     
           2           3  0.973205093039295     
           2           4  0.991969055388648     
           4           5   1.00911847490708     
           5           6  0.991931891838081     
           6           7  0.919671554983794     
           6           8  0.994606712433216     
           8           9   1.79380924709721     
           2          10  0.967190220848149     
           8          10   1.00626991954811     
           6          11  0.967045917026242     
          11          12   1.01122319405041     
          11          13   1.00936817928812     
           1          14  0.985542734586889     
           1          15  0.985609866050651     
           1          16  0.984571608939977     
           4          17  0.974347187981906     
           4          18  0.973108266783729     
           5          19  0.975385744003737     
           5          20  0.973241151486197     
          10          21  0.943735167117530     
          10          22  0.974272028362450     
          11          23  0.965877877930933     
          12          24  0.979336021828308     
          12          25  0.984987624660140     
          12          26  0.985799778651384     
          13          27  0.985992120946201     
          13          28  0.984384154837539     
          13          29  0.985411324006724     
