           1           2   1.01828723120825     
           2           3   1.76428875694807     
           2           4   1.03118219514141     
           4           5   1.37687278869253     
           5           6   1.45665366627073     
           4           7  0.102326640569725     
           6           7   1.43121889087554     
           5           8  0.106944660737446     
           7           8   1.43235450097858     
           4           9   1.38194135025143     
           6           9  0.106691162735608     
           8           9   1.45426806319906     
           1          10  0.977050729789515     
           1          11  0.942403908100983     
           1          12  0.961118932332672     
           5          13  0.967907554172924     
           6          14  0.968680711202589     
           7          15  0.969391393398460     
           8          16  0.968506872491351     
           9          17  0.963023823579095     
