           1           2   1.01053711810745     
           2           3  0.972939531122810     
           2           4  0.993018238918619     
           4           5   1.01003545410405     
           5           6   1.00480766958696     
           6           7   1.00440122370491     
           2           8  0.981328210209316     
           7           8  0.998867003981111     
           8           9  0.969093748511275     
           8          10   1.00916645690893     
           1          11  0.984760660795113     
           1          12  0.985144297288691     
           1          13  0.985772487394383     
           4          14  0.976376749497208     
           4          15  0.979156640124277     
           5          16  0.978744980305079     
           5          17  0.979233007083264     
           6          18  0.981295836431242     
           6          19  0.981607822450090     
           7          20  0.977406090323821     
           7          21  0.977933489872664     
          10          22  0.986028625676451     
          10          23  0.985701458910357     
          10          24  0.985846077524791     
