           1           2  0.973058460103205     
           2           3  0.956913360913065     
           2           4  0.957693665815203     
           4           5  0.956026071901068     
           4           6  0.967821861051280     
           6           7  0.956510871814606     
           6           8  0.960370564379314     
           8           9  0.954541512000360     
           8          10  0.948812410724943     
          10          11  0.949342422456554     
           2          12  0.963536120184027     
          10          12  0.948557788032449     
          10          13   1.03143242958648     
           8          14   1.00394307541580     
           6          15   1.00118014894102     
           4          16   1.00282436090811     
           1          17   1.01526627809233     
           1          18  0.968849889784265     
           1          19  0.966653719039608     
          13          20  0.831892231887640     
          14          21  0.839444107302875     
          15          22  0.852159994448468     
          16          23  0.852288971771556     
          17          24  0.843125827717714     
