$hessian                                                                        
        0.5076419037  -0.0417423854   0.0006033930  -0.1536945492  -0.0801663790
        0.0005058018   0.0036291235  -0.0004603757   0.0000239830   0.0002413333
        0.0032278545  -0.0000662771  -0.0055781304  -0.0010464718  -0.0000002058
       -0.0178180110  -0.0210929606   0.0000431187   0.0016120406   0.0022871563
        0.0000131615  -0.0016978579  -0.0008993867  -0.0000196697  -0.0003871509
       -0.0001856681   0.0000008707  -0.0003862549   0.0001714554  -0.0000014581
        0.0002575853  -0.0000035718  -0.0000012291  -0.0003500283  -0.0017632555
        0.0000029419  -0.0003832208  -0.0000505839   0.0000186748   0.0000388091
       -0.0000358006  -0.0000026766  -0.0451202011   0.0163459492  -0.0229782341
       -0.0479290905   0.0230007450   0.0295742912  -0.2410340123   0.1014648635
       -0.0077386011   0.0010892251   0.0010268946   0.0000303744  -0.0000312906
        0.0000163610   0.0000295694  -0.0000179676  -0.0001603776  -0.0000105842
       -0.0000371573   0.0000280828  -0.0000251958  -0.0000162737   0.0000124742
       -0.0000109901  -0.0000164806   0.0000136220   0.0000098229  -0.0000123435
        0.0000117582  -0.0000008816
       -0.0417423854   0.5000416021  -0.0000583316  -0.0797193077  -0.1635452344
        0.0006501522  -0.0154169311  -0.0134955185   0.0000168937  -0.0083442292
       -0.0079834092   0.0000835478   0.0029802497  -0.0047984907   0.0000051737
        0.0022538961   0.0075960777  -0.0000920695   0.0001281440  -0.0017034448
        0.0000234153   0.0015371918   0.0012623827  -0.0000152422   0.0003154677
        0.0005579654   0.0000051190  -0.0005241001  -0.0006204530  -0.0000002645
        0.0003274488   0.0001774309  -0.0000010590   0.0005594186   0.0005688753
       -0.0000167896   0.0000660564   0.0000610714   0.0000214059   0.0000162411
       -0.0000597811   0.0000021969   0.0182193318  -0.1085220383   0.1076833575
        0.0253698465  -0.1210325893  -0.1118767894   0.0943891628  -0.0889186800
        0.0035610199  -0.0004524159   0.0002737085   0.0000236054   0.0000240242
        0.0000365959   0.0000818293   0.0000184575   0.0000100032  -0.0000098370
        0.0000246976   0.0000448917  -0.0000891655   0.0000234162   0.0000139358
       -0.0000013309   0.0000235820   0.0000118236   0.0000014079  -0.0000772634
        0.0000232750   0.0000017547
        0.0006033930  -0.0000583316   0.4966489669   0.0002995639   0.0006119792
       -0.0505139858  -0.0000656242  -0.0002143698  -0.0066135372   0.0002001183
        0.0000244903   0.0076422412  -0.0000803175   0.0002245370   0.0021808467
       -0.0000988980  -0.0002167709  -0.0042157036   0.0000478214   0.0001054494
       -0.0004805058  -0.0000958245  -0.0000568937   0.0000192369  -0.0000197206
       -0.0000215050   0.0001201255  -0.0000441373   0.0000435399   0.0000372658
        0.0000288502  -0.0000074727  -0.0000191083  -0.0000034379  -0.0000529736
        0.0005755564  -0.0000212126  -0.0000001182   0.0002381610  -0.0000051638
        0.0000009633   0.0000292145  -0.0245179560   0.1062244420  -0.2083850739
        0.0312640084  -0.1103245856  -0.1940576185  -0.0075170772   0.0037146894
       -0.0425664266   0.0000207691   0.0000080565  -0.0006662521   0.0000055578
        0.0000375292   0.0000069239  -0.0000086442  -0.0000106574  -0.0000021053
        0.0000083373  -0.0000294996   0.0000027513  -0.0000000005   0.0000276606
       -0.0000005077  -0.0000028959  -0.0000287289  -0.0000008668   0.0000024908
       -0.0000014298   0.0000204014
       -0.1536945492  -0.0797193077   0.0002995639   0.6691296930   0.0928370780
       -0.0000860251  -0.0878339557   0.0441122506  -0.0002650053  -0.0302125275
       -0.0180362823  -0.0000389021  -0.0355980645  -0.0520699766   0.0000818625
       -0.2817371250   0.0167194242  -0.0003858904  -0.0330118515   0.0086069986
       -0.0000249899   0.0033966835  -0.0021864679   0.0000045237   0.0076734998
        0.0089061690  -0.0000085832   0.0054270529  -0.0119364864   0.0000051504
       -0.0048467787   0.0006035568  -0.0000117873  -0.0181497585  -0.0004276991
       -0.0000445778  -0.0013913802   0.0007388257   0.0000893506  -0.0002901305
       -0.0000072751   0.0000037775  -0.0010086879  -0.0069979570   0.0046501840
        0.0002153985  -0.0057734324  -0.0041443955  -0.0312976154  -0.0224904055
        0.0000212448  -0.0068582332   0.0271793994  -0.0001053806   0.0001906534
        0.0001408781   0.0000645483  -0.0000714063  -0.0002764104  -0.0000278185
        0.0001899764   0.0002613360  -0.0000857870  -0.0000196103  -0.0000970672
       -0.0001944376  -0.0000139757  -0.0000970725   0.0001942521  -0.0001873073
        0.0000099238   0.0000091223
       -0.0801663790  -0.1635452344   0.0006119792   0.0928370780   0.7324472147
       -0.0024183454   0.0575550047  -0.3225218486   0.0009341403  -0.0724966228
       -0.0806596042   0.0001028977  -0.0203825094  -0.0151046692   0.0000678063
        0.0208918936  -0.0854206650   0.0001298120   0.0301794312   0.0026949163
        0.0000391297  -0.0029369043   0.0005715626  -0.0000000415   0.0018940750
       -0.0064886965   0.0000000399  -0.0009735365   0.0021024702   0.0000021029
        0.0023552092   0.0003590282   0.0000002224   0.0037546015  -0.0075508185
        0.0000136287  -0.0020087192  -0.0004661548   0.0000497568   0.0011531112
        0.0004883707  -0.0000105290  -0.0200872511  -0.0249849585   0.0067488199
       -0.0205921787  -0.0262444615  -0.0060707499   0.0045761255   0.0081340949
       -0.0001081398   0.0037955863  -0.0140084831  -0.0000120242   0.0003219233
        0.0001672698   0.0003305108  -0.0003283427  -0.0002080501   0.0000112328
        0.0003696423   0.0003338847  -0.0004143558   0.0001468945  -0.0001140602
        0.0000730183   0.0001371020  -0.0001074647  -0.0000769129   0.0000047655
        0.0001263571  -0.0000039992
        0.0005058018   0.0006501522  -0.0505139858  -0.0000860251  -0.0024183454
        0.1210823341  -0.0001499727   0.0011445218  -0.0459268040  -0.0001655200
        0.0002522504   0.0146988360   0.0000866105  -0.0002651483   0.0047476523
       -0.0003994508   0.0001680293  -0.0468558297  -0.0000597744  -0.0001007655
       -0.0076118967   0.0000506414   0.0000781220  -0.0002267959   0.0000336621
        0.0000138545   0.0043945196   0.0000746829  -0.0000640698  -0.0000362726
       -0.0000649103  -0.0000062200  -0.0004791046  -0.0000871888   0.0000668290
        0.0037700191   0.0000115198  -0.0000014797   0.0005206360   0.0000058229
       -0.0000037346   0.0007202797   0.0173159957   0.0191950465   0.0021088746
       -0.0163881657  -0.0181604016   0.0022539341  -0.0006458618  -0.0006768212
        0.0003855503  -0.0000167547   0.0001102647  -0.0030172569   0.0000124889
        0.0000873652  -0.0000260142  -0.0000217668  -0.0000207075  -0.0000360219
       -0.0000118374  -0.0000481051  -0.0000153251  -0.0001763823   0.0001423018
        0.0000297253   0.0001765330  -0.0001450659   0.0000308497  -0.0000001480
        0.0000021271   0.0000020967
        0.0036291235  -0.0154169311  -0.0000656242  -0.0878339557   0.0575550047
       -0.0001499727   0.8061035089  -0.0727427231   0.0013522417  -0.2854577295
       -0.1362209104  -0.0000046169  -0.1007040777   0.0404310229  -0.0003275270
       -0.0478110917   0.0235299275  -0.0001086150  -0.0054501581  -0.0032857913
       -0.0000583441   0.0004516345   0.0009759376   0.0000055930  -0.0017859066
       -0.0003120138  -0.0000012310  -0.0024482232   0.0023958270   0.0000070884
       -0.0017998040  -0.0002460694   0.0000117784  -0.0050716895   0.0033143166
       -0.0000482604   0.0003117976  -0.0006213022  -0.0000112658  -0.0005482195
       -0.0000411813   0.0000052145  -0.0009138461  -0.0025550703  -0.0002232981
       -0.0010082338  -0.0027024153   0.0002774530   0.0006235398  -0.0020955966
        0.0000386187  -0.2698241918   0.1080042481  -0.0007320367  -0.0003589861
        0.0001197950  -0.0000938341   0.0001847787   0.0000869906  -0.0000322164
       -0.0004327389  -0.0000109077   0.0001647549  -0.0000012120  -0.0000187322
       -0.0000459458   0.0000014636  -0.0000218014   0.0000468643   0.0001442174
       -0.0001216239  -0.0000068188
       -0.0004603757  -0.0134955185  -0.0002143698   0.0441122506  -0.3225218486
        0.0011445218  -0.0727427231   0.6138475609  -0.0015680511  -0.1283892625
       -0.1724143104   0.0001113461  -0.0035089274   0.0347697769  -0.0001368980
        0.0567333395  -0.0501987665   0.0002456351  -0.0108925276   0.0075332501
       -0.0000162691  -0.0004589816  -0.0034400598  -0.0000149337   0.0073384821
        0.0034680733   0.0000084728   0.0015529786  -0.0046285211   0.0000009855
       -0.0016471476  -0.0003163809  -0.0000038215  -0.0015878488  -0.0041702886
        0.0000324565   0.0005767822   0.0000335500   0.0000246552   0.0004491947
       -0.0000418171   0.0000071293   0.0013577241   0.0002108904  -0.0017389803
        0.0011443006   0.0000193526   0.0016743535   0.0004248490   0.0011892523
        0.0000647674   0.1069715947  -0.0893264014   0.0003703479  -0.0004100219
        0.0000169584  -0.0000917814   0.0000224988  -0.0002646732  -0.0000474408
       -0.0004846734  -0.0000466419   0.0001419791   0.0000599235  -0.0001749488
       -0.0000816713   0.0000636300  -0.0001723375   0.0000858935  -0.0002250586
        0.0001238498   0.0000016732
        0.0000239830   0.0000168937  -0.0066135372  -0.0002650053   0.0009341403
       -0.0459268040   0.0013522417  -0.0015680511   0.1184659214   0.0000518073
        0.0001128642  -0.0605559931  -0.0002026373   0.0000346981   0.0059620165
       -0.0002042441   0.0001521685   0.0070943516  -0.0000237716   0.0000034480
        0.0035237026   0.0000004884  -0.0000052242  -0.0002993650   0.0000039560
        0.0000135749  -0.0000181299   0.0000077235  -0.0000148669   0.0013709509
       -0.0000094636  -0.0000078557  -0.0006131058   0.0000064440   0.0001450066
        0.0048704118   0.0000547560  -0.0001095857   0.0003853499   0.0000009102
        0.0000001438  -0.0004288736   0.0021875228   0.0028128127  -0.0004942106
       -0.0021304600  -0.0028605872  -0.0004645047  -0.0000076360  -0.0000262974
        0.0001985128  -0.0007452542   0.0003570095  -0.0263100884   0.0001038875
        0.0000310285  -0.0000785625  -0.0000011609  -0.0000187692  -0.0000041273
       -0.0002019863  -0.0000024439  -0.0000488581   0.0000794186  -0.0000801566
       -0.0000161790  -0.0000823096   0.0000811686  -0.0000156821   0.0000007897
       -0.0000011194   0.0000168036
        0.0002413333  -0.0083442292   0.0002001183  -0.0302125275  -0.0724966228
       -0.0001655200  -0.2854577295  -0.1283892625   0.0000518073   0.5425143719
        0.0315911265   0.0005398031  -0.1761189244   0.1052657206  -0.0004193713
        0.0056424844   0.0654780853  -0.0001679649   0.0088087772  -0.0087130305
        0.0000304436   0.0011162912   0.0060747872   0.0000015276  -0.0049588072
       -0.0008538894   0.0000071699  -0.0001467162  -0.0050414146   0.0000576458
       -0.0026288735   0.0024696407  -0.0000069709  -0.0361660433   0.0262964777
       -0.0000736352   0.0006440804   0.0004197911  -0.0001274806  -0.0001606016
       -0.0001039460  -0.0000070147  -0.0021297265  -0.0012398924   0.0009903575
       -0.0021213334  -0.0011907592  -0.0009594067   0.0009796420   0.0002392195
       -0.0000320805  -0.0212990675  -0.0130650806  -0.0000067337   0.0004783230
        0.0001798878   0.0000215563   0.0005972339   0.0008223596  -0.0000344308
        0.0004396429   0.0003224862   0.0001030558  -0.0001148457   0.0001700355
        0.0001078749  -0.0001212967   0.0001717425  -0.0001139433   0.0001743128
       -0.0000632328   0.0000031925
        0.0032278545  -0.0079834092   0.0000244903  -0.0180362823  -0.0806596042
        0.0002522504  -0.1362209104  -0.1724143104   0.0001128642   0.0315911265
        0.5513444325  -0.0012443031   0.1099051589  -0.2271264705   0.0006925985
        0.0027775176  -0.0730414783   0.0001949344  -0.0078560812  -0.0020984735
        0.0000383989   0.0017225842  -0.0064100902  -0.0000055955  -0.0001348601
       -0.0007654665  -0.0000098180  -0.0049509740   0.0026865636   0.0000313938
        0.0007618396   0.0006006812  -0.0000123943   0.0082470039   0.0080684645
       -0.0001748444  -0.0013535384   0.0018202690   0.0001821121   0.0000682859
        0.0002035376  -0.0000069460  -0.0013478969  -0.0012647239  -0.0001161202
       -0.0014485322  -0.0013641752   0.0001356336   0.0009160973   0.0007817894
       -0.0000173009   0.0113390196   0.0071088826  -0.0000219171   0.0005485106
        0.0001950288   0.0004532237  -0.0001068728   0.0002403559  -0.0000078667
        0.0004896272   0.0000769694  -0.0005030632   0.0000146365  -0.0000444280
       -0.0001031325   0.0000157260  -0.0000431498   0.0001027978  -0.0001690400
        0.0000888051   0.0000026042
       -0.0000662771   0.0000835478   0.0076422412  -0.0000389021   0.0001028977
        0.0146988360  -0.0000046169   0.0001113461  -0.0605559931   0.0005398031
       -0.0012443031   0.0859308442  -0.0004966413   0.0007571139  -0.0612012060
       -0.0000267853   0.0003712063   0.0158707006   0.0000836939  -0.0000417341
        0.0061235254  -0.0000134974   0.0000516712  -0.0017897104  -0.0000337642
       -0.0000297137   0.0004285574  -0.0000187921   0.0000501862   0.0009242628
        0.0000209116  -0.0000146477   0.0008819356   0.0000138678  -0.0000688110
       -0.0025889431   0.0000128075   0.0001368999  -0.0016499208  -0.0000022770
       -0.0000054876  -0.0004060515  -0.0010185487  -0.0015819796   0.0001523866
        0.0010124198   0.0015435296   0.0001367359   0.0000233567   0.0000019040
       -0.0002592062  -0.0000583304  -0.0000578544  -0.0044883676   0.0001970763
       -0.0000927769   0.0001539860  -0.0000104137   0.0000568521   0.0000789190
       -0.0001176483  -0.0001335071  -0.0000658252  -0.0000065664  -0.0000938665
       -0.0000022820   0.0000043622   0.0000982111  -0.0000014582   0.0000047617
       -0.0000006843  -0.0000139666
       -0.0055781304   0.0029802497  -0.0000803175  -0.0355980645  -0.0203825094
        0.0000866105  -0.1007040777  -0.0035089274  -0.0002026373  -0.1761189244
        0.1099051589  -0.0004966413   0.7932768891   0.0389631761   0.0005210781
       -0.1250678318  -0.0801252745   0.0001558457   0.0307329051  -0.0133721467
        0.0000130431  -0.0016226147   0.0159520927  -0.0000070765  -0.0168520036
       -0.0181607027  -0.0000591786  -0.0368782113   0.0437457279   0.0000032070
       -0.0049097984  -0.0024663562   0.0000531977  -0.3011905109  -0.0624567588
       -0.0003470137  -0.0136378367  -0.0067769904   0.0004825989  -0.0009398189
       -0.0012904064  -0.0000098234   0.0004436698   0.0005503658  -0.0004241124
        0.0004463129   0.0005594678   0.0003697615  -0.0013464561  -0.0012902465
        0.0000229598  -0.0058412963  -0.0038661833  -0.0000078282   0.0009359787
        0.0013466358   0.0010705704  -0.0015556586  -0.0009590401  -0.0001609787
        0.0011923055   0.0010469885  -0.0009855167   0.0000078978   0.0000546146
        0.0000244178   0.0000217955   0.0000554010  -0.0000124113   0.0007834798
       -0.0005043364  -0.0000097549
       -0.0010464718  -0.0047984907   0.0002245370  -0.0520699766  -0.0151046692
       -0.0002651483   0.0404310229   0.0347697769   0.0000346981   0.1052657206
       -0.2271264705   0.0007571139   0.0389631761   0.6252592298  -0.0013673206
       -0.0948222923  -0.2600990764   0.0002661069   0.0203832384  -0.0553456808
        0.0000414476   0.0054605599   0.0115789350   0.0000193035  -0.0152164911
       -0.0096772458  -0.0000239182   0.0224431366   0.0222417968  -0.0000182425
        0.0040884490  -0.0074990987   0.0000060251  -0.0357002008  -0.0949389831
        0.0001629518  -0.0290346502  -0.0074799646   0.0001490795  -0.0002137865
       -0.0013508342   0.0000118927  -0.0012637123  -0.0005255810   0.0008378325
       -0.0012091705  -0.0004218555  -0.0008505118   0.0004593540  -0.0005969272
       -0.0000274023  -0.0017444612  -0.0019900997   0.0000075179  -0.0011387177
       -0.0006190846  -0.0005389458  -0.0029522779  -0.0063463624  -0.0000639435
       -0.0011069914  -0.0003152855   0.0006454489  -0.0002388899   0.0003105184
        0.0002982760  -0.0002358132   0.0003026476  -0.0002988391   0.0004992460
       -0.0002271948  -0.0000079593
       -0.0000002058   0.0000051737   0.0021808467   0.0000818625   0.0000678063
        0.0047476523  -0.0003275270  -0.0001368980   0.0059620165  -0.0004193713
        0.0006925985  -0.0612012060   0.0005210781  -0.0013673206   0.1309241747
        0.0001109525   0.0002996299  -0.0539012251  -0.0000404423   0.0001280104
       -0.0059687719  -0.0000153399  -0.0000542117   0.0050024527   0.0000091958
        0.0000091030  -0.0014983236  -0.0001041151  -0.0000406242  -0.0046679906
       -0.0000332131   0.0001547935   0.0051598237  -0.0003483403   0.0000406863
       -0.0316265930   0.0000244511   0.0001290073  -0.0028632468  -0.0000009322
        0.0000072414   0.0002888982  -0.0001638964  -0.0001484789  -0.0000456430
        0.0001389186   0.0001310768  -0.0000444708   0.0000151694   0.0000075647
        0.0003041097  -0.0000077538   0.0000216981   0.0063404950  -0.0007495660
       -0.0012699092   0.0001923235   0.0004848133   0.0004067789   0.0003563722
        0.0008226588   0.0009177230   0.0004186101   0.0000433683   0.0000287931
       -0.0000333905  -0.0000386788  -0.0000305784  -0.0000325010  -0.0000030864
        0.0000003361   0.0000055870
       -0.0178180110   0.0022538961  -0.0000988980  -0.2817371250   0.0208918936
       -0.0003994508  -0.0478110917   0.0567333395  -0.0002042441   0.0056424844
        0.0027775176  -0.0000267853  -0.1250678318  -0.0948222923   0.0001109525
        0.6470022276  -0.0727412417   0.0006290966  -0.1147622663   0.1074717879
       -0.0000501013   0.0084275525  -0.0104166722  -0.0000214500  -0.0592366826
        0.0153460624   0.0000275676  -0.0067173291   0.0154887983   0.0000122552
        0.0070976463  -0.0010924585  -0.0000074062  -0.0037710702  -0.0388019783
        0.0000168338  -0.0045609024  -0.0006291069   0.0000444799  -0.0047535435
       -0.0028645778   0.0000138305   0.0003933471   0.0009186614  -0.0004103673
        0.0004461855   0.0008634208   0.0003317240  -0.0021156121  -0.0023829936
        0.0000446536   0.0008140771   0.0007083141  -0.0000007108  -0.0001127199
        0.0002247332   0.0001838791  -0.0006484982  -0.0013602451  -0.0000106445
       -0.0000467584   0.0003613533  -0.0001743826  -0.0008524995   0.0009501299
        0.0000109413  -0.0008303020   0.0009233756  -0.0000107956   0.0010187231
       -0.0008017171  -0.0000109775
       -0.0210929606   0.0075960777  -0.0002167709   0.0167194242  -0.0854206650
        0.0001680293   0.0235299275  -0.0501987665   0.0001521685   0.0654780853
       -0.0730414783   0.0003712063  -0.0801252745  -0.2600990764   0.0002996299
       -0.0727412417   0.7371459842  -0.0009185938   0.0709516484  -0.1753079818
       -0.0000660736   0.0116568459  -0.0866373713  -0.0000070558   0.0366850527
        0.0197562315   0.0000030451   0.0029209461  -0.0287159905   0.0000208440
        0.0016007469   0.0031342432  -0.0000205810  -0.0480831371  -0.0014912614
        0.0001717260  -0.0004399523   0.0011028309  -0.0000912408  -0.0014472587
        0.0021853200   0.0000150539   0.0001866094  -0.0002437822  -0.0004757861
        0.0002605613  -0.0001590703   0.0005473411  -0.0039697409  -0.0031069992
        0.0000408497  -0.0011375553  -0.0053586050   0.0000410849   0.0001068890
       -0.0003305004  -0.0002102224   0.0001851803  -0.0005525681   0.0000287793
        0.0001578262  -0.0000532953   0.0001261879   0.0001774438  -0.0001611805
       -0.0003099366   0.0001804934  -0.0001776554   0.0003151142  -0.0017605592
        0.0001355600   0.0000152008
        0.0000431187  -0.0000920695  -0.0042157036  -0.0003858904   0.0001298120
       -0.0468558297  -0.0001086150   0.0002456351   0.0070943516  -0.0001679649
        0.0001949344   0.0158707006   0.0001558457   0.0002661069  -0.0539012251
        0.0006290966  -0.0009185938   0.0990882238  -0.0000257483   0.0001012620
       -0.0482269558   0.0000038019  -0.0000752930   0.0144178026  -0.0000018449
       -0.0000259229   0.0022757404  -0.0000257789   0.0000190217  -0.0008506109
        0.0000302698   0.0000179902   0.0003701438   0.0000270954  -0.0000006765
        0.0003944428  -0.0000970581   0.0000063661   0.0026157635  -0.0000152575
        0.0000121079   0.0048551707   0.0009691846   0.0005551056   0.0004294836
       -0.0009527956  -0.0004096566   0.0004634998  -0.0001369073  -0.0000670929
        0.0007143005  -0.0000095692   0.0000212359   0.0051933261   0.0002286232
        0.0005428706   0.0000196223  -0.0000149995  -0.0001083886   0.0001316700
       -0.0001389022  -0.0004145071   0.0000411004  -0.0006671596   0.0009528501
        0.0000482483   0.0006757524  -0.0009559822   0.0000395503  -0.0000142971
        0.0000028846  -0.0000128161
        0.0016120406   0.0001281440   0.0000478214  -0.0330118515   0.0301794312
       -0.0000597744  -0.0054501581  -0.0108925276  -0.0000237716   0.0088087772
       -0.0078560812   0.0000836939   0.0307329051   0.0203832384  -0.0000404423
       -0.1147622663   0.0709516484  -0.0000257483   0.4750271730   0.0460911565
       -0.0001231511  -0.1088904798  -0.1331078730   0.0000376186  -0.1882093650
        0.0184379389   0.0001690558  -0.0127514204  -0.0672760709   0.0000341031
        0.0083878709   0.0085018373  -0.0000539300  -0.0303974954   0.0157600184
       -0.0000852463  -0.0019136054   0.0007611694   0.0000185048  -0.0272459563
        0.0073626280   0.0000595717  -0.0004988945   0.0002143731   0.0006707718
       -0.0005699094   0.0001936632  -0.0007506505   0.0003614396  -0.0006226137
        0.0000119331  -0.0004784411   0.0013559532  -0.0000121414   0.0004816741
        0.0003884023   0.0003133452  -0.0000245362  -0.0007612963   0.0000478455
        0.0004445662   0.0005262734  -0.0003180361  -0.0009155844  -0.0001627075
       -0.0008996009  -0.0008436415  -0.0002067012   0.0009086707   0.0001071586
       -0.0003500042  -0.0000104427
        0.0022871563  -0.0017034448   0.0001054494   0.0086069986   0.0026949163
       -0.0001007655  -0.0032857913   0.0075332501   0.0000034480  -0.0087130305
       -0.0020984735  -0.0000417341  -0.0133721467  -0.0553456808   0.0001280104
        0.1074717879  -0.1753079818   0.0001012620   0.0460911565   0.8434178376
       -0.0000708954  -0.1344771262  -0.5294816126   0.0000192766  -0.0313219687
       -0.0829847640   0.0000238414  -0.0301653000   0.0079980604   0.0000124038
        0.0045526713  -0.0049727626  -0.0000332857   0.0247474064  -0.0038319562
       -0.0001668236  -0.0006634051  -0.0018366777   0.0001153389   0.0195461441
        0.0034307273  -0.0000107901  -0.0017022523   0.0005793059   0.0012901689
       -0.0018302612   0.0005807955  -0.0014067589  -0.0001472885  -0.0007573428
        0.0000207789   0.0002195468  -0.0000410858  -0.0000034345   0.0000875507
        0.0005973074   0.0005929934   0.0001680849   0.0004287626  -0.0000502013
        0.0000831555   0.0003501155  -0.0004967169   0.0034477937  -0.0037256547
       -0.0000639530   0.0034466934  -0.0036175698   0.0000769251   0.0049224246
       -0.0019060714  -0.0000445377
        0.0000131615   0.0000234153  -0.0004805058  -0.0000249899   0.0000391297
       -0.0076118967  -0.0000583441  -0.0000162691   0.0035237026   0.0000304436
        0.0000383989   0.0061235254   0.0000130431   0.0000414476  -0.0059687719
       -0.0000501013  -0.0000660736  -0.0482269558  -0.0001231511  -0.0000708954
        0.1528982018   0.0000309410   0.0000002982  -0.0567451316   0.0001368802
        0.0000103816  -0.0383962856  -0.0000034371  -0.0000251730  -0.0094077612
       -0.0000226399   0.0000006509   0.0042000507   0.0000026535   0.0000272286
       -0.0005847167  -0.0000190832  -0.0000025816   0.0009128152   0.0000142689
        0.0000043042  -0.0019187067   0.0002445080   0.0001633365  -0.0000241283
       -0.0002382454  -0.0001757472   0.0000131466  -0.0000073282   0.0000034212
        0.0000008870  -0.0000031652   0.0000129730   0.0018302469   0.0001148528
        0.0000675213  -0.0000476860   0.0000193393  -0.0000289126   0.0000689868
       -0.0001169683  -0.0000485102  -0.0000187724   0.0024502687  -0.0013356984
       -0.0007133311  -0.0024221733   0.0013513484  -0.0007272354   0.0000192667
       -0.0000139945   0.0013003223
       -0.0016978579   0.0015371918  -0.0000958245   0.0033966835  -0.0029369043
        0.0000506414   0.0004516345  -0.0004589816   0.0000004884   0.0011162912
        0.0017225842  -0.0000134974  -0.0016226147   0.0054605599  -0.0000153399
        0.0084275525   0.0116568459   0.0000038019  -0.1088904798  -0.1344771262
        0.0000309410   0.1526985812   0.1844713657  -0.0001167292  -0.0416596425
       -0.0642306873   0.0000010728  -0.0019790950   0.0112084613   0.0000260751
       -0.0068311120  -0.0059004362   0.0000115623   0.0002411960  -0.0021408582
        0.0000569964   0.0005779226  -0.0001634467  -0.0000455135  -0.0036923842
       -0.0030474944   0.0000271348   0.0006519481  -0.0001734366  -0.0008168483
        0.0006293691  -0.0001222619   0.0008919068  -0.0001670721   0.0005589520
        0.0000057917  -0.0000710953   0.0000010753  -0.0000008747  -0.0001430865
       -0.0001696372  -0.0001940786   0.0000286738   0.0002325426  -0.0000091573
       -0.0001251826  -0.0001612701   0.0001924515   0.0006816432  -0.0011122945
       -0.0002412189   0.0006847974  -0.0010726369   0.0002244305  -0.0027066706
       -0.0006821065   0.0000257874
       -0.0008993867   0.0012623827  -0.0000568937  -0.0021864679   0.0005715626
        0.0000781220   0.0009759376  -0.0034400598  -0.0000052242   0.0060747872
       -0.0064100902   0.0000516712   0.0159520927   0.0115789350  -0.0000542117
       -0.0104166722  -0.0866373713  -0.0000752930  -0.1331078730  -0.5294816126
        0.0000002982   0.1844713657   0.6517654412  -0.0000425191  -0.0486062049
       -0.0449908789   0.0000089767   0.0068098839   0.0047576384   0.0000063050
       -0.0104696893  -0.0039312598   0.0000400099  -0.0117868627   0.0008838160
        0.0001500711   0.0003575823   0.0002952486  -0.0001187709   0.0028019305
        0.0016813695  -0.0000326827   0.0008357127  -0.0002444763  -0.0007511055
        0.0009066080  -0.0002525344   0.0008178554  -0.0000222252   0.0001571507
       -0.0000234998  -0.0003636445   0.0002841899   0.0000043966  -0.0001095776
       -0.0003493614  -0.0003943333  -0.0000882284   0.0000750213   0.0000280896
       -0.0001107780  -0.0001747963   0.0003421680  -0.0000670055   0.0007468168
        0.0000215053  -0.0001090370   0.0007184433  -0.0000306713  -0.0008422477
        0.0011344250   0.0000357360
       -0.0000196697  -0.0000152422   0.0000192369   0.0000045237  -0.0000000415
       -0.0002267959   0.0000055930  -0.0000149337  -0.0002993650   0.0000015276
       -0.0000055955  -0.0017897104  -0.0000070765   0.0000193035   0.0050024527
       -0.0000214500  -0.0000070558   0.0144178026   0.0000376186   0.0000192766
       -0.0567451316  -0.0001167292  -0.0000425191   0.0259121619   0.0000299044
        0.0000123980   0.0117800461   0.0000119902   0.0000096687   0.0050042710
        0.0000061534  -0.0000164043  -0.0005543533   0.0000023585  -0.0000235334
        0.0003462203   0.0000164934   0.0000195797  -0.0011564737   0.0000299439
       -0.0000034219  -0.0004494588  -0.0003638861   0.0001107860   0.0000146221
        0.0003901271  -0.0000875231  -0.0000304551   0.0000027358  -0.0000056482
        0.0000879896   0.0000004151  -0.0000007924  -0.0001023426  -0.0001269429
       -0.0002125241   0.0000025243  -0.0000077244   0.0000445050  -0.0000258354
        0.0001194370   0.0001755250  -0.0000146161  -0.0002971845  -0.0006592518
        0.0000740990   0.0003023445   0.0006693208   0.0000832031  -0.0000005033
        0.0000141237  -0.0013500917
       -0.0003871509   0.0003154677  -0.0000197206   0.0076734998   0.0018940750
        0.0000336621  -0.0017859066   0.0073384821   0.0000039560  -0.0049588072
       -0.0001348601  -0.0000337642  -0.0168520036  -0.0152164911   0.0000091958
       -0.0592366826   0.0366850527  -0.0000018449  -0.1882093650  -0.0313219687
        0.0001368802  -0.0416596425  -0.0486062049   0.0000299044   0.6049476317
        0.0120174283  -0.0001913627  -0.0880272344  -0.0065137570   0.0000022982
       -0.0715242339  -0.0594872995   0.0001070212   0.0309360735   0.0020115515
        0.0002469892  -0.0008260358   0.0016859878  -0.0001235708  -0.1352726711
        0.0635782139  -0.0000404698   0.0002438425  -0.0000796799  -0.0002545352
        0.0002717510  -0.0000985343   0.0002819563  -0.0000971535   0.0002147003
       -0.0000065232   0.0002147968   0.0001406934  -0.0000019294  -0.0002839669
        0.0001164816  -0.0003726618  -0.0005583902   0.0008844176  -0.0000758869
       -0.0001437105   0.0003105798   0.0003449079  -0.0225076461   0.0211828536
        0.0051253323  -0.0221498036   0.0210394062  -0.0052301071   0.0101928092
       -0.0079565961   0.0000302729
       -0.0001856681   0.0005579654  -0.0000215050   0.0089061690  -0.0064886965
        0.0000138545  -0.0003120138   0.0034680733   0.0000135749  -0.0008538894
       -0.0007654665  -0.0000297137  -0.0181607027  -0.0096772458   0.0000091030
        0.0153460624   0.0197562315  -0.0000259229   0.0184379389  -0.0829847640
        0.0000103816  -0.0642306873  -0.0449908789   0.0000123980   0.0120174283
        0.5887334743  -0.0001855827  -0.0598016032  -0.1817556541  -0.0000115942
       -0.0399376386  -0.0242314444   0.0000850988   0.0247741919  -0.0674725673
        0.0000127740   0.0054171109  -0.0023831425   0.0001409809   0.0647664572
       -0.1503463490   0.0000410945   0.0001413243  -0.0002948269  -0.0001555147
        0.0001602676  -0.0003228870   0.0001816428  -0.0000247913   0.0002268626
       -0.0000052665   0.0001048171  -0.0004974719   0.0000066313  -0.0006324949
       -0.0011803301  -0.0001844884  -0.0000223658   0.0022901794  -0.0001124444
       -0.0007388540  -0.0015187965   0.0001159306   0.0080680798  -0.0040466717
       -0.0055792355   0.0084339273  -0.0045352354   0.0057227454   0.0183269346
       -0.0315403580  -0.0000549423
        0.0000008707   0.0000051190   0.0001201255  -0.0000085832   0.0000000399
        0.0043945196  -0.0000012310   0.0000084728  -0.0000181299   0.0000071699
       -0.0000098180   0.0004285574  -0.0000591786  -0.0000239182  -0.0014983236
        0.0000275676   0.0000030451   0.0022757404   0.0001690558   0.0000238414
       -0.0383962856   0.0000010728   0.0000089767   0.0117800461  -0.0001913627
       -0.0001855827   0.0942923611  -0.0000130944  -0.0000407812  -0.0454491132
       -0.0000462858   0.0001530595   0.0140156904   0.0000893740   0.0001149835
        0.0019977804   0.0000491915  -0.0001376685   0.0048100068  -0.0000290874
        0.0000512038  -0.0540644690  -0.0000892673  -0.0000728319  -0.0000169726
        0.0000854457   0.0000739374  -0.0000268865   0.0000078123   0.0000002274
       -0.0000554308   0.0000003848  -0.0000024104  -0.0005186959   0.0004417642
        0.0011698857   0.0000299253   0.0000078454  -0.0001412221  -0.0000941988
       -0.0004302055  -0.0010318037   0.0000821652   0.0160262936  -0.0189240280
        0.0028161150  -0.0162714041   0.0191834865   0.0028893932   0.0002258518
       -0.0002262142   0.0002060794
       -0.0003862549  -0.0005241001  -0.0000441373   0.0054270529  -0.0009735365
        0.0000746829  -0.0024482232   0.0015529786   0.0000077235  -0.0001467162
       -0.0049509740  -0.0000187921  -0.0368782113   0.0224431366  -0.0001041151
       -0.0067173291   0.0029209461  -0.0000257789  -0.0127514204  -0.0301653000
       -0.0000034371  -0.0019790950   0.0068098839   0.0000119902  -0.0880272344
       -0.0598016032  -0.0000130944   0.8401513848   0.0160228905  -0.0003289300
       -0.5649180554  -0.0573025190   0.0003502968  -0.1355229871   0.0939584260
        0.0003166447   0.0075084880  -0.0022812711  -0.0004721076   0.0039996661
        0.0128689225  -0.0000350000   0.0000413118   0.0002400380  -0.0003347323
        0.0000068233   0.0002097962   0.0003198836   0.0003657168   0.0000052999
        0.0000133507  -0.0000466428   0.0001856526   0.0000022967  -0.0012949902
       -0.0039522268  -0.0004988096   0.0005076289  -0.0043146562   0.0004954830
       -0.0019676044  -0.0038085000   0.0002611453  -0.0001674460   0.0037503438
        0.0023533603  -0.0001733688   0.0037457250  -0.0023243291  -0.0045824932
        0.0033606475  -0.0000035941
        0.0001714554  -0.0006204530   0.0000435399  -0.0119364864   0.0021024702
       -0.0000640698   0.0023958270  -0.0046285211  -0.0000148669  -0.0050414146
        0.0026865636   0.0000501862   0.0437457279   0.0222417968  -0.0000406242
        0.0154887983  -0.0287159905   0.0000190217  -0.0672760709   0.0079980604
       -0.0000251730   0.0112084613   0.0047576384   0.0000096687  -0.0065137570
       -0.1817556541  -0.0000407812   0.0160228905   0.5047072471  -0.0004444321
       -0.0573160553  -0.0739345177   0.0000604745   0.0491080387  -0.1835601605
        0.0001113250   0.0089266251  -0.0283473635   0.0001902805   0.0008818537
       -0.0318424442  -0.0000068869  -0.0002619124   0.0000199743   0.0002445783
       -0.0002598182   0.0000529995  -0.0002570343   0.0000499315  -0.0002119316
        0.0000031746  -0.0003234814  -0.0002500072  -0.0000056231   0.0004582041
       -0.0018732166   0.0007476032   0.0004541587  -0.0021102499   0.0001064603
        0.0000659258  -0.0027050417  -0.0006743608  -0.0005872688   0.0000124645
        0.0005515561  -0.0006040458   0.0000213155  -0.0005804787   0.0011424128
       -0.0040449788   0.0000164621
       -0.0000014581  -0.0000002645   0.0000372658   0.0000051504   0.0000021029
       -0.0000362726   0.0000070884   0.0000009855   0.0013709509   0.0000576458
        0.0000313938   0.0009242628   0.0000032070  -0.0000182425  -0.0046679906
        0.0000122552   0.0000208440  -0.0008506109   0.0000341031   0.0000124038
       -0.0094077612   0.0000260751   0.0000063050   0.0050042710   0.0000022982
       -0.0000115942  -0.0454491132  -0.0003289300  -0.0004444321   0.1590547196
        0.0002528445   0.0001133129  -0.0610382367   0.0002604483  -0.0001697716
       -0.0382040355  -0.0001634108   0.0001470156  -0.0056470150   0.0000013350
       -0.0000179344  -0.0023271179   0.0000248664   0.0000432344  -0.0000146567
       -0.0000198093  -0.0000461970  -0.0000041306  -0.0000018821   0.0000036680
       -0.0000029492   0.0000014787   0.0000009610   0.0000490931  -0.0006919395
       -0.0036914922  -0.0007116132   0.0000200405   0.0003131486   0.0012589034
        0.0005048257   0.0037613711  -0.0006164062   0.0008500058  -0.0017211303
        0.0004952291  -0.0008697972   0.0017290443   0.0004599141   0.0000135588
       -0.0000647319   0.0003232996
        0.0002575853   0.0003274488   0.0000288502  -0.0048467787   0.0023552092
       -0.0000649103  -0.0017998040  -0.0016471476  -0.0000094636  -0.0026288735
        0.0007618396   0.0000209116  -0.0049097984   0.0040884490  -0.0000332131
        0.0070976463   0.0016007469   0.0000302698   0.0083878709   0.0045526713
       -0.0000226399  -0.0068311120  -0.0104696893   0.0000061534  -0.0715242339
       -0.0399376386  -0.0000462858  -0.5649180554  -0.0573160553   0.0002528445
        0.7224464148   0.0695691593  -0.0000487465  -0.0861631973   0.0221647853
       -0.0002326057   0.0015159873  -0.0009439206   0.0003801818   0.0038752669
        0.0051542989   0.0000488129   0.0000392488  -0.0001744435   0.0002057477
        0.0000672369  -0.0001547223  -0.0001927573  -0.0001710826   0.0000857413
       -0.0000073349  -0.0001765496  -0.0004718060  -0.0000000441   0.0002137930
        0.0001010483   0.0000583754  -0.0001539246   0.0017227377  -0.0004372394
        0.0004561306  -0.0002967481   0.0000831874  -0.0001909267  -0.0012388470
       -0.0015398382  -0.0002070760  -0.0012350745   0.0015114356   0.0001642318
        0.0014019571   0.0000083083
       -0.0000035718   0.0001774309  -0.0000074727   0.0006035568   0.0003590282
       -0.0000062200  -0.0002460694  -0.0003163809  -0.0000078557   0.0024696407
        0.0006006812  -0.0000146477  -0.0024663562  -0.0074990987   0.0001547935
       -0.0010924585   0.0031342432   0.0000179902   0.0085018373  -0.0049727626
        0.0000006509  -0.0059004362  -0.0039312598  -0.0000164043  -0.0594872995
       -0.0242314444   0.0001530595  -0.0573025190  -0.0739345177   0.0001133129
        0.0695691593   0.1130128936  -0.0003339413   0.0446698288  -0.0013353821
       -0.0003027520   0.0046734975  -0.0021623756   0.0004035913  -0.0052508051
       -0.0021389364  -0.0000487449   0.0000851184  -0.0000293122  -0.0000494932
        0.0000890569  -0.0000294042   0.0000551039  -0.0000484296   0.0000661749
       -0.0000017624   0.0001410351   0.0000896875   0.0000007235   0.0003510242
        0.0010691291   0.0002188851   0.0013803766  -0.0005350413  -0.0000300679
        0.0007846805   0.0009806709  -0.0003017219  -0.0001769214   0.0001826628
        0.0005113696  -0.0001310467   0.0002890114  -0.0005364346  -0.0012128986
        0.0011543023   0.0000280383
       -0.0000012291  -0.0000010590  -0.0000191083  -0.0000117873   0.0000002224
       -0.0004791046   0.0000117784  -0.0000038215  -0.0006131058  -0.0000069709
       -0.0000123943   0.0008819356   0.0000531977   0.0000060251   0.0051598237
       -0.0000074062  -0.0000205810   0.0003701438  -0.0000539300  -0.0000332857
        0.0042000507   0.0000115623   0.0000400099  -0.0005543533   0.0001070212
        0.0000850988   0.0140156904   0.0003502968   0.0000604745  -0.0610382367
       -0.0000487465  -0.0003339413   0.0290935858  -0.0001220228   0.0002417598
        0.0113285154  -0.0000652335   0.0001520879   0.0002985501  -0.0000123822
       -0.0000436440  -0.0007919147   0.0000067787   0.0000054218   0.0000031704
       -0.0000068025  -0.0000040538   0.0000005723   0.0000004866  -0.0000026617
       -0.0000015321   0.0000004211  -0.0000005057  -0.0001379193  -0.0005508569
        0.0002381996   0.0001188981  -0.0000676792  -0.0001666899  -0.0012725862
        0.0004340609  -0.0002150463   0.0000570493  -0.0000420905   0.0003540078
       -0.0003616093   0.0000172175  -0.0003472420  -0.0003350300   0.0000043164
        0.0000016185   0.0000765145
       -0.0003500283   0.0005594186  -0.0000034379  -0.0181497585   0.0037546015
       -0.0000871888  -0.0050716895  -0.0015878488   0.0000064440  -0.0361660433
        0.0082470039   0.0000138678  -0.3011905109  -0.0357002008  -0.0003483403
       -0.0037710702  -0.0480831371   0.0000270954  -0.0303974954   0.0247474064
        0.0000026535   0.0002411960  -0.0117868627   0.0000023585   0.0309360735
        0.0247741919   0.0000893740  -0.1355229871   0.0491080387   0.0002604483
       -0.0861631973   0.0446698288  -0.0001220228   0.6904680639   0.0133094528
        0.0008698101  -0.0939014843  -0.0474719178  -0.0003339243   0.0004935751
       -0.0011228548   0.0000000988   0.0000402395  -0.0000945526   0.0002130581
        0.0000742042  -0.0000446901  -0.0001696692  -0.0001641121  -0.0001175830
        0.0000045659  -0.0007091029  -0.0012000224  -0.0000005721   0.0031480528
        0.0022842927  -0.0026655665  -0.0180155176  -0.0329438317   0.0002766939
        0.0051622416   0.0093561518   0.0019764839  -0.0003233346  -0.0002368476
       -0.0001920734  -0.0003353376  -0.0002245522   0.0001668029  -0.0003319772
       -0.0001954854   0.0000130403
       -0.0017632555   0.0005688753  -0.0000529736  -0.0004276991  -0.0075508185
        0.0000668290   0.0033143166  -0.0041702886   0.0001450066   0.0262964777
        0.0080684645  -0.0000688110  -0.0624567588  -0.0949389831   0.0000406863
       -0.0388019783  -0.0014912614  -0.0000006765   0.0157600184  -0.0038319562
        0.0000272286  -0.0021408582   0.0008838160  -0.0000235334   0.0020115515
       -0.0674725673   0.0001149835   0.0939584260  -0.1835601605  -0.0001697716
        0.0221647853  -0.0013353821   0.0002417598   0.0133094528   0.6252539066
        0.0019189283  -0.0446339103  -0.1999106538  -0.0007488763  -0.0047888582
       -0.0049863430  -0.0000085284   0.0001408269   0.0000890984  -0.0002094976
        0.0001334402   0.0000795741   0.0002127424  -0.0003412201  -0.0002657812
        0.0000031223   0.0011792020   0.0008529707   0.0000039659  -0.0089946460
       -0.0304585863  -0.0081143404  -0.0072478863  -0.0033710502   0.0005560700
       -0.0079299694  -0.0318702927   0.0060550533  -0.0001907611   0.0005900524
        0.0001309624  -0.0001673664   0.0005530863  -0.0001153530   0.0016166702
       -0.0017257192  -0.0000049765
        0.0000029419  -0.0000167896   0.0005755564  -0.0000445778   0.0000136287
        0.0037700191  -0.0000482604   0.0000324565   0.0048704118  -0.0000736352
       -0.0001748444  -0.0025889431  -0.0003470137   0.0001629518  -0.0316265930
        0.0000168338   0.0001717260   0.0003944428  -0.0000852463  -0.0001668236
       -0.0005847167   0.0000569964   0.0001500711   0.0003462203   0.0002469892
        0.0000127740   0.0019977804   0.0003166447   0.0001113250  -0.0382040355
       -0.0002326057  -0.0003027520   0.0113285154   0.0008698101   0.0019189283
        0.0869984071  -0.0002548128  -0.0012625925  -0.0479846015   0.0000009908
       -0.0000181672   0.0032733783  -0.0001762750  -0.0001151663   0.0000145689
        0.0001580820   0.0001098141   0.0000024270   0.0000148445   0.0000092892
        0.0000023616  -0.0000137865  -0.0000063884   0.0008098848  -0.0090485176
       -0.0240620646   0.0032582858   0.0010089009   0.0031604394   0.0003842894
        0.0076267693   0.0202743432   0.0027216420  -0.0003435179   0.0007226106
        0.0000488622   0.0003494184  -0.0007288761   0.0000458767  -0.0000009732
        0.0000041067   0.0001459596
       -0.0003832208   0.0000660564  -0.0000212126  -0.0013913802  -0.0020087192
        0.0000115198   0.0003117976   0.0005767822   0.0000547560   0.0006440804
       -0.0013535384   0.0000128075  -0.0136378367  -0.0290346502   0.0000244511
       -0.0045609024  -0.0004399523  -0.0000970581  -0.0019136054  -0.0006634051
       -0.0000190832   0.0005779226   0.0003575823   0.0000164934  -0.0008260358
        0.0054171109   0.0000491915   0.0075084880   0.0089266251  -0.0001634108
        0.0015159873   0.0046734975  -0.0000652335  -0.0939014843  -0.0446339103
       -0.0002548128   0.5315455890  -0.0395259557   0.0016985151   0.0004730481
        0.0006987795   0.0000060112  -0.0000173842   0.0000075863   0.0000019410
       -0.0000194797   0.0000025719  -0.0000019286  -0.0000965890  -0.0000936718
        0.0000022478  -0.0000471881  -0.0000677568   0.0000023665  -0.0554429635
        0.0246425133   0.0501679243  -0.2828803728   0.0210520121   0.0284314413
       -0.0874008859   0.0513383667  -0.0798571888   0.0000498799  -0.0000934006
        0.0000110533   0.0000520363  -0.0000916944  -0.0000117824  -0.0001595003
        0.0002471707   0.0000009910
       -0.0000505839   0.0000610714  -0.0000001182   0.0007388257  -0.0004661548
       -0.0000014797  -0.0006213022   0.0000335500  -0.0001095857   0.0004197911
        0.0018202690   0.0001368999  -0.0067769904  -0.0074799646   0.0001290073
       -0.0006291069   0.0011028309   0.0000063661   0.0007611694  -0.0018366777
       -0.0000025816  -0.0001634467   0.0002952486   0.0000195797   0.0016859878
       -0.0023831425  -0.0001376685  -0.0022812711  -0.0283473635   0.0001470156
       -0.0009439206  -0.0021623756   0.0001520879  -0.0474719178  -0.1999106538
       -0.0012625925  -0.0395259557   0.4575687210  -0.0001359886  -0.0005001560
       -0.0010486529  -0.0000124756   0.0000254802   0.0000475258  -0.0000622105
        0.0000264947   0.0000485224   0.0000650667   0.0000129640  -0.0000311186
        0.0000053509   0.0001003026   0.0000690534   0.0000042212   0.0264514210
       -0.0793763859  -0.0877455492   0.0139458207  -0.0416302903  -0.0017924280
        0.0546616002  -0.0961874060   0.0905923450  -0.0000878139   0.0000214935
        0.0001279526  -0.0000836063   0.0000230035  -0.0001264450   0.0003062142
       -0.0002311033   0.0000032301
        0.0000186748   0.0000214059   0.0002381610   0.0000893506   0.0000497568
        0.0005206360  -0.0000112658   0.0000246552   0.0003853499  -0.0001274806
        0.0001821121  -0.0016499208   0.0004825989   0.0001490795  -0.0028632468
        0.0000444799  -0.0000912408   0.0026157635   0.0000185048   0.0001153389
        0.0009128152  -0.0000455135  -0.0001187709  -0.0011564737  -0.0001235708
        0.0001409809   0.0048100068  -0.0004721076   0.0001902805  -0.0056470150
        0.0003801818   0.0004035913   0.0002985501  -0.0003339243  -0.0007488763
       -0.0479846015   0.0016985151  -0.0001359886   0.5046074590   0.0000141170
        0.0000447621   0.0005346172  -0.0000231346  -0.0000128599  -0.0000045436
        0.0000269098   0.0000138178  -0.0000025389   0.0000003564   0.0000048720
        0.0000139291   0.0000051940   0.0000055975   0.0000375355   0.0511516222
       -0.0862984353  -0.2273243691   0.0282826681  -0.0024759715  -0.0464032922
       -0.0810701900   0.0885245500  -0.1819448498  -0.0000371589   0.0000745289
       -0.0000151201   0.0000404529  -0.0000796795  -0.0000096380  -0.0000092802
        0.0000164935   0.0000307863
        0.0000388091   0.0000162411  -0.0000051638  -0.0002901305   0.0011531112
        0.0000058229  -0.0005482195   0.0004491947   0.0000009102  -0.0001606016
        0.0000682859  -0.0000022770  -0.0009398189  -0.0002137865  -0.0000009322
       -0.0047535435  -0.0014472587  -0.0000152575  -0.0272459563   0.0195461441
        0.0000142689  -0.0036923842   0.0028019305   0.0000299439  -0.1352726711
        0.0647664572  -0.0000290874   0.0039996661   0.0008818537   0.0000013350
        0.0038752669  -0.0052508051  -0.0000123822   0.0004935751  -0.0047888582
        0.0000009908   0.0004730481  -0.0005001560   0.0000141170   0.5061047247
        0.0593017705  -0.0000204631   0.0000275941   0.0000566364  -0.0000702853
        0.0000298013   0.0000634080   0.0000706357  -0.0000280978  -0.0000216485
        0.0000030915  -0.0000104110   0.0001297786  -0.0000003830  -0.0000186095
       -0.0001033932  -0.0000695577   0.0000032380   0.0002477117  -0.0000006060
       -0.0000197673  -0.0001529805   0.0000576573  -0.1181493287  -0.0154242612
        0.1114781627  -0.1142515426  -0.0134019201  -0.1100299478  -0.1096646410
       -0.1081774554  -0.0014205929
       -0.0000358006  -0.0000597811   0.0000009633  -0.0000072751   0.0004883707
       -0.0000037346  -0.0000411813  -0.0000418171   0.0000001438  -0.0001039460
        0.0002035376  -0.0000054876  -0.0012904064  -0.0013508342   0.0000072414
       -0.0028645778   0.0021853200   0.0000121079   0.0073626280   0.0034307273
        0.0000043042  -0.0030474944   0.0016813695  -0.0000034219   0.0635782139
       -0.1503463490   0.0000512038   0.0128689225  -0.0318424442  -0.0000179344
        0.0051542989  -0.0021389364  -0.0000436440  -0.0011228548  -0.0049863430
       -0.0000181672   0.0006987795  -0.0010486529   0.0000447621   0.0593017705
        0.4826274034  -0.0000606836   0.0000350758   0.0000102234   0.0000357233
        0.0000379099   0.0000087756  -0.0000342034  -0.0000145216   0.0000420336
       -0.0000015369   0.0000292453   0.0000137264   0.0000000527  -0.0000594473
       -0.0001980551   0.0001014924   0.0001677321   0.0001143069  -0.0000187991
       -0.0000934890  -0.0002865831  -0.0000946124  -0.0139070876  -0.0414964148
        0.0178177584  -0.0119865875  -0.0409857336  -0.0154923222  -0.1146599068
       -0.2160238497  -0.0022812058
       -0.0000026766   0.0000021969   0.0000292145   0.0000037775  -0.0000105290
        0.0007202797   0.0000052145   0.0000071293  -0.0004288736  -0.0000070147
       -0.0000069460  -0.0004060515  -0.0000098234   0.0000118927   0.0002888982
        0.0000138305   0.0000150539   0.0048551707   0.0000595717  -0.0000107901
       -0.0019187067   0.0000271348  -0.0000326827  -0.0004494588  -0.0000404698
        0.0000410945  -0.0540644690  -0.0000350000  -0.0000068869  -0.0023271179
        0.0000488129  -0.0000487449  -0.0007919147   0.0000000988  -0.0000085284
        0.0032733783   0.0000060112  -0.0000124756   0.0005346172  -0.0000204631
       -0.0000606836   0.5009825838   0.0000182348   0.0000047830  -0.0000034281
       -0.0000170809  -0.0000069596  -0.0000012254  -0.0000000784  -0.0000007327
       -0.0000189442   0.0000004982  -0.0000014623  -0.0001523874   0.0000864377
        0.0001379442  -0.0000005608   0.0000015772  -0.0000032019   0.0000481274
       -0.0000833354  -0.0001404337   0.0000058707   0.1106631943   0.0198476968
       -0.2015200331  -0.1092516979  -0.0174863821  -0.2056856648  -0.0014667542
       -0.0022303520  -0.0429693043
       -0.0451202011   0.0182193318  -0.0245179560  -0.0010086879  -0.0200872511
        0.0173159957  -0.0009138461   0.0013577241   0.0021875228  -0.0021297265
       -0.0013478969  -0.0010185487   0.0004436698  -0.0012637123  -0.0001638964
        0.0003933471   0.0001866094   0.0009691846  -0.0004988945  -0.0017022523
        0.0002445080   0.0006519481   0.0008357127  -0.0003638861   0.0002438425
        0.0001413243  -0.0000892673   0.0000413118  -0.0002619124   0.0000248664
        0.0000392488   0.0000851184   0.0000067787   0.0000402395   0.0001408269
       -0.0001762750  -0.0000173842   0.0000254802  -0.0000231346   0.0000275941
        0.0000350758   0.0000182348   0.0505345689  -0.0104284865   0.0241945303
        0.0020921586  -0.0016608996   0.0050058039  -0.0047207399   0.0156177877
       -0.0234624276  -0.0001170418   0.0000401648  -0.0001553214   0.0000195032
        0.0000093146   0.0000182936  -0.0000017732   0.0000105090   0.0000021099
        0.0000128747   0.0000225754  -0.0000217189   0.0000157523   0.0000041421
       -0.0000126863   0.0000056966  -0.0000064366   0.0000004644  -0.0000334608
        0.0000271506   0.0000168254
        0.0163459492  -0.1085220383   0.1062244420  -0.0069979570  -0.0249849585
        0.0191950465  -0.0025550703   0.0002108904   0.0028128127  -0.0012398924
       -0.0012647239  -0.0015819796   0.0005503658  -0.0005255810  -0.0001484789
        0.0009186614  -0.0002437822   0.0005551056   0.0002143731   0.0005793059
        0.0001633365  -0.0001734366  -0.0002444763   0.0001107860  -0.0000796799
       -0.0002948269  -0.0000728319   0.0002400380   0.0000199743   0.0000432344
       -0.0001744435  -0.0000293122   0.0000054218  -0.0000945526   0.0000890984
       -0.0001151663   0.0000075863   0.0000475258  -0.0000128599   0.0000566364
        0.0000102234   0.0000047830  -0.0104284865   0.1335195625  -0.1265830423
       -0.0013039838   0.0090926894  -0.0136367758   0.0047566394  -0.0078323444
        0.0129980904  -0.0000998167   0.0003577503   0.0000461057   0.0000136937
       -0.0000050547   0.0000035721  -0.0000022376   0.0000182192   0.0000021075
        0.0000116414   0.0000099401  -0.0000058492   0.0000043281  -0.0000102888
        0.0000049859   0.0000028940  -0.0000099081  -0.0000039872   0.0000267499
        0.0000121156  -0.0000088592
       -0.0229782341   0.1076833575  -0.2083850739   0.0046501840   0.0067488199
        0.0021088746  -0.0002232981  -0.0017389803  -0.0004942106   0.0009903575
       -0.0001161202   0.0001523866  -0.0004241124   0.0008378325  -0.0000456430
       -0.0004103673  -0.0004757861   0.0004294836   0.0006707718   0.0012901689
       -0.0000241283  -0.0008168483  -0.0007511055   0.0000146221  -0.0002545352
       -0.0001555147  -0.0000169726  -0.0003347323   0.0002445783  -0.0000146567
        0.0002057477  -0.0000494932   0.0000031704   0.0002130581  -0.0002094976
        0.0000145689   0.0000019410  -0.0000622105  -0.0000045436  -0.0000702853
        0.0000357233  -0.0000034281   0.0241945303  -0.1265830423   0.2368745118
       -0.0034395490   0.0115015060  -0.0283880021  -0.0020215332   0.0020292703
       -0.0021864611   0.0000696498  -0.0001839406  -0.0000332238  -0.0000156795
       -0.0000051600   0.0000093632   0.0000071341  -0.0000049830  -0.0000003263
       -0.0000220583  -0.0000070735  -0.0000092590  -0.0000095184  -0.0000023485
       -0.0000100483  -0.0000096870   0.0000004511   0.0000088010   0.0000270641
       -0.0000264521   0.0000001951
       -0.0479290905   0.0253698465   0.0312640084   0.0002153985  -0.0205921787
       -0.0163881657  -0.0010082338   0.0011443006  -0.0021304600  -0.0021213334
       -0.0014485322   0.0010124198   0.0004463129  -0.0012091705   0.0001389186
        0.0004461855   0.0002605613  -0.0009527956  -0.0005699094  -0.0018302612
       -0.0002382454   0.0006293691   0.0009066080   0.0003901271   0.0002717510
        0.0001602676   0.0000854457   0.0000068233  -0.0002598182  -0.0000198093
        0.0000672369   0.0000890569  -0.0000068025   0.0000742042   0.0001334402
        0.0001580820  -0.0000194797   0.0000264947   0.0000269098   0.0000298013
        0.0000379099  -0.0000170809   0.0020921586  -0.0013039838  -0.0034395490
        0.0533369855  -0.0184988354  -0.0323507439  -0.0058729579   0.0169426482
        0.0223116737  -0.0001138538  -0.0000019262   0.0001657483   0.0000148353
        0.0000187204   0.0000198415  -0.0000046257   0.0000089027  -0.0000023749
        0.0000219480   0.0000167091  -0.0000213891   0.0000080955  -0.0000044157
       -0.0000013506   0.0000161895   0.0000032125   0.0000124563  -0.0000378111
        0.0000304432  -0.0000168643
        0.0230007450  -0.1210325893  -0.1103245856  -0.0057734324  -0.0262444615
       -0.0181604016  -0.0027024153   0.0000193526  -0.0028605872  -0.0011907592
       -0.0013641752   0.0015435296   0.0005594678  -0.0004218555   0.0001310768
        0.0008634208  -0.0001590703  -0.0004096566   0.0001936632   0.0005807955
       -0.0001757472  -0.0001222619  -0.0002525344  -0.0000875231  -0.0000985343
       -0.0003228870   0.0000739374   0.0002097962   0.0000529995  -0.0000461970
       -0.0001547223  -0.0000294042  -0.0000040538  -0.0000446901   0.0000795741
        0.0001098141   0.0000025719   0.0000485224   0.0000138178   0.0000634080
        0.0000087756  -0.0000069596  -0.0016608996   0.0090926894   0.0115015060
       -0.0184988354   0.1481336979   0.1309886617   0.0053891470  -0.0085835366
       -0.0122492629  -0.0001019527   0.0003748464  -0.0000413500   0.0000158824
        0.0000067404   0.0000064240  -0.0000055585   0.0000195169  -0.0000004609
        0.0000213346   0.0000006605  -0.0000103685   0.0000019489  -0.0000123719
        0.0000051441   0.0000048449  -0.0000095011  -0.0000048176   0.0000278309
        0.0000142158   0.0000080598
        0.0295742912  -0.1118767894  -0.1940576185  -0.0041443955  -0.0060707499
        0.0022539341   0.0002774530   0.0016743535  -0.0004645047  -0.0009594067
        0.0001356336   0.0001367359   0.0003697615  -0.0008505118  -0.0000444708
        0.0003317240   0.0005473411   0.0004634998  -0.0007506505  -0.0014067589
        0.0000131466   0.0008919068   0.0008178554  -0.0000304551   0.0002819563
        0.0001816428  -0.0000268865   0.0003198836  -0.0002570343  -0.0000041306
       -0.0001927573   0.0000551039   0.0000005723  -0.0001696692   0.0002127424
        0.0000024270  -0.0000019286   0.0000650667  -0.0000025389   0.0000706357
       -0.0000342034  -0.0000012254   0.0050058039  -0.0136367758  -0.0283880021
       -0.0323507439   0.1309886617   0.2202907047   0.0015056076  -0.0007659214
       -0.0001195193  -0.0000731627   0.0001752811  -0.0000211352   0.0000172983
        0.0000052470  -0.0000088206  -0.0000083530   0.0000050106   0.0000025346
        0.0000156347   0.0000054672   0.0000021717   0.0000125415   0.0000013574
        0.0000068883   0.0000078609   0.0000006877  -0.0000096347  -0.0000312914
        0.0000272927   0.0000063274
       -0.2410340123   0.0943891628  -0.0075170772  -0.0312976154   0.0045761255
       -0.0006458618   0.0006235398   0.0004248490  -0.0000076360   0.0009796420
        0.0009160973   0.0000233567  -0.0013464561   0.0004593540   0.0000151694
       -0.0021156121  -0.0039697409  -0.0001369073   0.0003614396  -0.0001472885
       -0.0000073282  -0.0001670721  -0.0000222252   0.0000027358  -0.0000971535
       -0.0000247913   0.0000078123   0.0003657168   0.0000499315  -0.0000018821
       -0.0001710826  -0.0000484296   0.0000004866  -0.0001641121  -0.0003412201
        0.0000148445  -0.0000965890   0.0000129640   0.0000003564  -0.0000280978
       -0.0000145216  -0.0000000784  -0.0047207399   0.0047566394  -0.0020215332
       -0.0058729579   0.0053891470   0.0015056076   0.2846532373  -0.1059345656
        0.0087756194   0.0001050095  -0.0004251111  -0.0000086000  -0.0000029930
        0.0000000450  -0.0000189669  -0.0000129483  -0.0000215579   0.0000008955
       -0.0000017005   0.0000004203   0.0000177907   0.0000019485  -0.0000039140
        0.0000039960   0.0000022531  -0.0000032865  -0.0000026318   0.0000363561
       -0.0000180834  -0.0000001679
        0.1014648635  -0.0889186800   0.0037146894  -0.0224904055   0.0081340949
       -0.0006768212  -0.0020955966   0.0011892523  -0.0000262974   0.0002392195
        0.0007817894   0.0000019040  -0.0012902465  -0.0005969272   0.0000075647
       -0.0023829936  -0.0031069992  -0.0000670929  -0.0006226137  -0.0007573428
        0.0000034212   0.0005589520   0.0001571507  -0.0000056482   0.0002147003
        0.0002268626   0.0000002274   0.0000052999  -0.0002119316   0.0000036680
        0.0000857413   0.0000661749  -0.0000026617  -0.0001175830  -0.0002657812
        0.0000092892  -0.0000936718  -0.0000311186   0.0000048720  -0.0000216485
        0.0000420336  -0.0000007327   0.0156177877  -0.0078323444   0.0020292703
        0.0169426482  -0.0085835366  -0.0007659214  -0.1059345656   0.1000800239
       -0.0042326924  -0.0000507517  -0.0004011180   0.0000016084   0.0000017108
        0.0000159085   0.0000095087  -0.0000040947  -0.0000269789  -0.0000004352
       -0.0000012301   0.0000207323  -0.0000063843   0.0000070591   0.0000016678
       -0.0000066247   0.0000059259   0.0000009393   0.0000051159  -0.0000385066
        0.0000161285   0.0000001727
       -0.0077386011   0.0035610199  -0.0425664266   0.0000212448  -0.0001081398
        0.0003855503   0.0000386187   0.0000647674   0.0001985128  -0.0000320805
       -0.0000173009  -0.0002592062   0.0000229598  -0.0000274023   0.0003041097
        0.0000446536   0.0000408497   0.0007143005   0.0000119331   0.0000207789
        0.0000008870   0.0000057917  -0.0000234998   0.0000879896  -0.0000065232
       -0.0000052665  -0.0000554308   0.0000133507   0.0000031746  -0.0000029492
       -0.0000073349  -0.0000017624  -0.0000015321   0.0000045659   0.0000031223
        0.0000023616   0.0000022478   0.0000053509   0.0000139291   0.0000030915
       -0.0000015369  -0.0000189442  -0.0234624276   0.0129980904  -0.0021864611
        0.0223116737  -0.0122492629  -0.0001195193   0.0087756194  -0.0042326924
        0.0434633427  -0.0000033668  -0.0000304434   0.0000455683   0.0000001586
        0.0000018466  -0.0000024972  -0.0000001225  -0.0000002491   0.0000002121
       -0.0000041232  -0.0000023406   0.0000001194   0.0000008828  -0.0000073248
        0.0000007470  -0.0000021013   0.0000082211   0.0000008809  -0.0000001110
        0.0000000002  -0.0000055443
        0.0010892251  -0.0004524159   0.0000207691  -0.0068582332   0.0037955863
       -0.0000167547  -0.2698241918   0.1069715947  -0.0007452542  -0.0212990675
        0.0113390196  -0.0000583304  -0.0058412963  -0.0017444612  -0.0000077538
        0.0008140771  -0.0011375553  -0.0000095692  -0.0004784411   0.0002195468
       -0.0000031652  -0.0000710953  -0.0003636445   0.0000004151   0.0002147968
        0.0001048171   0.0000003848  -0.0000466428  -0.0003234814   0.0000014787
       -0.0001765496   0.0001410351   0.0000004211  -0.0007091029   0.0011792020
       -0.0000137865  -0.0000471881   0.0001003026   0.0000051940  -0.0000104110
        0.0000292453   0.0000004982  -0.0001170418  -0.0000998167   0.0000696498
       -0.0001138538  -0.0001019527  -0.0000731627   0.0001050095  -0.0000507517
       -0.0000033668   0.3033138747  -0.1197303673   0.0008362435   0.0000220440
        0.0000536443   0.0000322702   0.0000113362   0.0000275332   0.0000018824
        0.0000114135   0.0000693494  -0.0000376239   0.0000018658  -0.0000139402
       -0.0000093073   0.0000024080  -0.0000140961   0.0000089583   0.0000070642
        0.0000016067  -0.0000000905
        0.0010268946   0.0002737085   0.0000080565   0.0271793994  -0.0140084831
        0.0001102647   0.1080042481  -0.0893264014   0.0003570095  -0.0130650806
        0.0071088826  -0.0000578544  -0.0038661833  -0.0019900997   0.0000216981
        0.0007083141  -0.0053586050   0.0000212359   0.0013559532  -0.0000410858
        0.0000129730   0.0000010753   0.0002841899  -0.0000007924   0.0001406934
       -0.0004974719  -0.0000024104   0.0001856526  -0.0002500072   0.0000009610
       -0.0004718060   0.0000896875  -0.0000005057  -0.0012000224   0.0008529707
       -0.0000063884  -0.0000677568   0.0000690534   0.0000055975   0.0001297786
        0.0000137264  -0.0000014623   0.0000401648   0.0003577503  -0.0001839406
       -0.0000019262   0.0003748464   0.0001752811  -0.0004251111  -0.0004011180
       -0.0000304434  -0.1197303673   0.1023366964  -0.0004227648   0.0000295009
        0.0000352918   0.0000190087  -0.0000142745   0.0000185409   0.0000009584
        0.0000332432   0.0000516232  -0.0000266094   0.0000051824  -0.0000096114
        0.0000045660   0.0000043107  -0.0000086673  -0.0000050842  -0.0000018830
        0.0000245829   0.0000006454
        0.0000303744   0.0000236054  -0.0006662521  -0.0001053806  -0.0000120242
       -0.0030172569  -0.0007320367   0.0003703479  -0.0263100884  -0.0000067337
       -0.0000219171  -0.0044883676  -0.0000078282   0.0000075179   0.0063404950
       -0.0000007108   0.0000410849   0.0051933261  -0.0000121414  -0.0000034345
        0.0018302469  -0.0000008747   0.0000043966  -0.0001023426  -0.0000019294
        0.0000066313  -0.0005186959   0.0000022967  -0.0000056231   0.0000490931
       -0.0000000441   0.0000007235  -0.0001379193  -0.0000005721   0.0000039659
        0.0008098848   0.0000023665   0.0000042212   0.0000375355  -0.0000003830
        0.0000000527  -0.0001523874  -0.0001553214   0.0000461057  -0.0000332238
        0.0001657483  -0.0000413500  -0.0000211352  -0.0000086000   0.0000016084
        0.0000455683   0.0008362435  -0.0004227648   0.0211267327   0.0000179656
        0.0000279175   0.0000035530   0.0000000781  -0.0000036160   0.0000131339
       -0.0000206257  -0.0000272999   0.0000009673   0.0000305808  -0.0000235473
       -0.0000026265  -0.0000321699   0.0000237508  -0.0000015467  -0.0000003022
       -0.0000003528   0.0000013056
       -0.0000312906   0.0000240242   0.0000055578   0.0001906534   0.0003219233
        0.0000124889  -0.0003589861  -0.0004100219   0.0001038875   0.0004783230
        0.0005485106   0.0001970763   0.0009359787  -0.0011387177  -0.0007495660
       -0.0001127199   0.0001068890   0.0002286232   0.0004816741   0.0000875507
        0.0001148528  -0.0001430865  -0.0001095776  -0.0001269429  -0.0002839669
       -0.0006324949   0.0004417642  -0.0012949902   0.0004582041  -0.0006919395
        0.0002137930   0.0003510242  -0.0005508569   0.0031480528  -0.0089946460
       -0.0090485176  -0.0554429635   0.0264514210   0.0511516222  -0.0000186095
       -0.0000594473   0.0000864377   0.0000195032   0.0000136937  -0.0000156795
        0.0000148353   0.0000158824   0.0000172983  -0.0000029930   0.0000017108
        0.0000001586   0.0000220440   0.0000295009   0.0000179656   0.0581358221
       -0.0255295785  -0.0565754926  -0.0094670879   0.0124596118   0.0280778900
        0.0035157490  -0.0040009721  -0.0126836643  -0.0000091182   0.0000055474
       -0.0000077577  -0.0000069874   0.0000112750  -0.0000014588   0.0000163709
       -0.0000113133  -0.0000037473
        0.0000163610   0.0000365959   0.0000375292   0.0001408781   0.0001672698
        0.0000873652   0.0001197950   0.0000169584   0.0000310285   0.0001798878
        0.0001950288  -0.0000927769   0.0013466358  -0.0006190846  -0.0012699092
        0.0002247332  -0.0003305004   0.0005428706   0.0003884023   0.0005973074
        0.0000675213  -0.0001696372  -0.0003493614  -0.0002125241   0.0001164816
       -0.0011803301   0.0011698857  -0.0039522268  -0.0018732166  -0.0036914922
        0.0001010483   0.0010691291   0.0002381996   0.0022842927  -0.0304585863
       -0.0240620646   0.0246425133  -0.0793763859  -0.0862984353  -0.0001033932
       -0.0001980551   0.0001379442   0.0000093146  -0.0000050547  -0.0000051600
        0.0000187204   0.0000067404   0.0000052470   0.0000000450   0.0000159085
        0.0000018466   0.0000536443   0.0000352918   0.0000279175  -0.0255295785
        0.1055987428   0.1050042315   0.0026731562  -0.0001006093  -0.0034312887
       -0.0025640477   0.0067355712   0.0117046875  -0.0000287231   0.0000467311
        0.0000027116   0.0000083879   0.0000019617  -0.0000036719   0.0000233091
       -0.0000320527   0.0000083369
        0.0000295694   0.0000818293   0.0000069239   0.0000645483   0.0003305108
       -0.0000260142  -0.0000938341  -0.0000917814  -0.0000785625   0.0000215563
        0.0004532237   0.0001539860   0.0010705704  -0.0005389458   0.0001923235
        0.0001838791  -0.0002102224   0.0000196223   0.0003133452   0.0005929934
       -0.0000476860  -0.0001940786  -0.0003943333   0.0000025243  -0.0003726618
       -0.0001844884   0.0000299253  -0.0004988096   0.0007476032  -0.0007116132
        0.0000583754   0.0002188851   0.0001188981  -0.0026655665  -0.0081143404
        0.0032582858   0.0501679243  -0.0877455492  -0.2273243691  -0.0000695577
        0.0001014924  -0.0000005608   0.0000182936   0.0000035721   0.0000093632
        0.0000198415   0.0000064240  -0.0000088206  -0.0000189669   0.0000095087
       -0.0000024972   0.0000322702   0.0000190087   0.0000035530  -0.0565754926
        0.1050042315   0.2568195320   0.0033858400  -0.0023848809  -0.0051712542
        0.0051167868  -0.0079295640  -0.0272553175   0.0000021754   0.0000193285
       -0.0000161818   0.0000122150   0.0000046595   0.0000217680  -0.0000082228
        0.0000008348   0.0000061717
       -0.0000179676   0.0000184575  -0.0000086442  -0.0000714063  -0.0003283427
       -0.0000217668   0.0001847787   0.0000224988  -0.0000011609   0.0005972339
       -0.0001068728  -0.0000104137  -0.0015556586  -0.0029522779   0.0004848133
       -0.0006484982   0.0001851803  -0.0000149995  -0.0000245362   0.0001680849
        0.0000193393   0.0000286738  -0.0000882284  -0.0000077244  -0.0005583902
       -0.0000223658   0.0000078454   0.0005076289   0.0004541587   0.0000200405
       -0.0001539246   0.0013803766  -0.0000676792  -0.0180155176  -0.0072478863
        0.0010089009  -0.2828803728   0.0139458207   0.0282826681   0.0000032380
        0.0001677321   0.0000015772  -0.0000017732  -0.0000022376   0.0000071341
       -0.0000046257  -0.0000055585  -0.0000083530  -0.0000129483  -0.0000040947
       -0.0000001225   0.0000113362  -0.0000142745   0.0000000781  -0.0094670879
        0.0026731562   0.0033858400   0.3273364596  -0.0115062513  -0.0328314078
       -0.0152974931   0.0032209806  -0.0002440491   0.0000362388  -0.0000018647
       -0.0000224236   0.0000297083  -0.0000013683   0.0000205849  -0.0000250957
        0.0000451771  -0.0000000771
       -0.0001603776   0.0000100032  -0.0000106574  -0.0002764104  -0.0002080501
       -0.0000207075   0.0000869906  -0.0002646732  -0.0000187692   0.0008223596
        0.0002403559   0.0000568521  -0.0009590401  -0.0063463624   0.0004067789
       -0.0013602451  -0.0005525681  -0.0001083886  -0.0007612963   0.0004287626
       -0.0000289126   0.0002325426   0.0000750213   0.0000445050   0.0008844176
        0.0022901794  -0.0001412221  -0.0043146562  -0.0021102499   0.0003131486
        0.0017227377  -0.0005350413  -0.0001666899  -0.0329438317  -0.0033710502
        0.0031604394   0.0210520121  -0.0416302903  -0.0024759715   0.0002477117
        0.0001143069  -0.0000032019   0.0000105090   0.0000182192  -0.0000049830
        0.0000089027   0.0000195169   0.0000050106  -0.0000215579  -0.0000269789
       -0.0000002491   0.0000275332   0.0000185409  -0.0000036160   0.0124596118
       -0.0001006093  -0.0023848809  -0.0115062513   0.0523906340   0.0023271267
        0.0147940120  -0.0004469426  -0.0009414073  -0.0000157899  -0.0000523336
       -0.0000328899  -0.0000170050  -0.0000416685   0.0000309360  -0.0000128791
        0.0000812782  -0.0000022505
       -0.0000105842  -0.0000098370  -0.0000021053  -0.0000278185   0.0000112328
       -0.0000360219  -0.0000322164  -0.0000474408  -0.0000041273  -0.0000344308
       -0.0000078667   0.0000789190  -0.0001609787  -0.0000639435   0.0003563722
       -0.0000106445   0.0000287793   0.0001316700   0.0000478455  -0.0000502013
        0.0000689868  -0.0000091573   0.0000280896  -0.0000258354  -0.0000758869
       -0.0001124444  -0.0000941988   0.0004954830   0.0001064603   0.0012589034
       -0.0004372394  -0.0000300679  -0.0012725862   0.0002766939   0.0005560700
        0.0003842894   0.0284314413  -0.0017924280  -0.0464032922  -0.0000006060
       -0.0000187991   0.0000481274   0.0000021099   0.0000021075  -0.0000003263
       -0.0000023749  -0.0000004609   0.0000025346   0.0000008955  -0.0000004352
        0.0000002121   0.0000018824   0.0000009584   0.0000131339   0.0280778900
       -0.0034312887  -0.0051712542  -0.0328314078   0.0023271267   0.0486716335
       -0.0236997470   0.0025059474   0.0020177637   0.0000004813  -0.0000173428
        0.0000034056  -0.0000021368   0.0000216626  -0.0000144389   0.0000005065
       -0.0000058783  -0.0000117649
       -0.0000371573   0.0000246976   0.0000083373   0.0001899764   0.0003696423
       -0.0000118374  -0.0004327389  -0.0004846734  -0.0002019863   0.0004396429
        0.0004896272  -0.0001176483   0.0011923055  -0.0011069914   0.0008226588
       -0.0000467584   0.0001578262  -0.0001389022   0.0004445662   0.0000831555
       -0.0001169683  -0.0001251826  -0.0001107780   0.0001194370  -0.0001437105
       -0.0007388540  -0.0004302055  -0.0019676044   0.0000659258   0.0005048257
        0.0004561306   0.0007846805   0.0004340609   0.0051622416  -0.0079299694
        0.0076267693  -0.0874008859   0.0546616002  -0.0810701900  -0.0000197673
       -0.0000934890  -0.0000833354   0.0000128747   0.0000116414  -0.0000220583
        0.0000219480   0.0000213346   0.0000156347  -0.0000017005  -0.0000012301
       -0.0000041232   0.0000114135   0.0000332432  -0.0000206257   0.0035157490
       -0.0025640477   0.0051167868  -0.0152974931   0.0147940120  -0.0236997470
        0.0940197024  -0.0584576169   0.0912553548  -0.0000110241   0.0000050170
       -0.0000038514  -0.0000100872  -0.0000001009   0.0000150505   0.0000275596
       -0.0000146528   0.0000025633
        0.0000280828   0.0000448917  -0.0000294996   0.0002613360   0.0003338847
       -0.0000481051  -0.0000109077  -0.0000466419  -0.0000024439   0.0003224862
        0.0000769694  -0.0001335071   0.0010469885  -0.0003152855   0.0009177230
        0.0003613533  -0.0000532953  -0.0004145071   0.0005262734   0.0003501155
       -0.0000485102  -0.0001612701  -0.0001747963   0.0001755250   0.0003105798
       -0.0015187965  -0.0010318037  -0.0038085000  -0.0027050417   0.0037613711
       -0.0002967481   0.0009806709  -0.0002150463   0.0093561518  -0.0318702927
        0.0202743432   0.0513383667  -0.0961874060   0.0885245500  -0.0001529805
       -0.0002865831  -0.0001404337   0.0000225754   0.0000099401  -0.0000070735
        0.0000167091   0.0000006605   0.0000054672   0.0000004203   0.0000207323
       -0.0000023406   0.0000693494   0.0000516232  -0.0000272999  -0.0040009721
        0.0067355712  -0.0079295640   0.0032209806  -0.0004469426   0.0025059474
       -0.0584576169   0.1249912907  -0.1061270797  -0.0000003214   0.0000161320
        0.0000079781  -0.0000341504   0.0000537424  -0.0000071508   0.0000418137
       -0.0000611430  -0.0000085398
       -0.0000251958  -0.0000891655   0.0000027513  -0.0000857870  -0.0004143558
       -0.0000153251   0.0001647549   0.0001419791  -0.0000488581   0.0001030558
       -0.0005030632  -0.0000658252  -0.0009855167   0.0006454489   0.0004186101
       -0.0001743826   0.0001261879   0.0000411004  -0.0003180361  -0.0004967169
       -0.0000187724   0.0001924515   0.0003421680  -0.0000146161   0.0003449079
        0.0001159306   0.0000821652   0.0002611453  -0.0006743608  -0.0006164062
        0.0000831874  -0.0003017219   0.0000570493   0.0019764839   0.0060550533
        0.0027216420  -0.0798571888   0.0905923450  -0.1819448498   0.0000576573
       -0.0000946124   0.0000058707  -0.0000217189  -0.0000058492  -0.0000092590
       -0.0000213891  -0.0000103685   0.0000021717   0.0000177907  -0.0000063843
        0.0000001194  -0.0000376239  -0.0000266094   0.0000009673  -0.0126836643
        0.0117046875  -0.0272553175  -0.0002440491  -0.0009414073   0.0020177637
        0.0912553548  -0.1061270797   0.2046344534  -0.0000078311  -0.0000073443
        0.0000138495  -0.0000007584  -0.0000219779  -0.0000130956   0.0000063522
       -0.0000027831   0.0000038111
       -0.0000162737   0.0000234162  -0.0000000005  -0.0000196103   0.0001468945
       -0.0001763823  -0.0000012120   0.0000599235   0.0000794186  -0.0001148457
        0.0000146365  -0.0000065664   0.0000078978  -0.0002388899   0.0000433683
       -0.0008524995   0.0001774438  -0.0006671596  -0.0009155844   0.0034477937
        0.0024502687   0.0006816432  -0.0000670055  -0.0002971845  -0.0225076461
        0.0080680798   0.0160262936  -0.0001674460  -0.0005872688   0.0008500058
       -0.0001909267  -0.0001769214  -0.0000420905  -0.0003233346  -0.0001907611
       -0.0003435179   0.0000498799  -0.0000878139  -0.0000371589  -0.1181493287
       -0.0139070876   0.1106631943   0.0000157523   0.0000043281  -0.0000095184
        0.0000080955   0.0000019489   0.0000125415   0.0000019485   0.0000070591
        0.0000008828   0.0000018658   0.0000051824   0.0000305808  -0.0000091182
       -0.0000287231   0.0000021754   0.0000362388  -0.0000157899   0.0000004813
       -0.0000110241  -0.0000003214  -0.0000078311   0.1436568682   0.0069437870
       -0.1308669245   0.0091173381   0.0007906748  -0.0127671456  -0.0102986783
       -0.0043905855   0.0150622691
        0.0000124742   0.0000139358   0.0000276606  -0.0000970672  -0.0001140602
        0.0001423018  -0.0000187322  -0.0001749488  -0.0000801566   0.0001700355
       -0.0000444280  -0.0000938665   0.0000546146   0.0003105184   0.0000287931
        0.0009501299  -0.0001611805   0.0009528501  -0.0001627075  -0.0037256547
       -0.0013356984  -0.0011122945   0.0007468168  -0.0006592518   0.0211828536
       -0.0040466717  -0.0189240280   0.0037503438   0.0000124645  -0.0017211303
       -0.0012388470   0.0001826628   0.0003540078  -0.0002368476   0.0005900524
        0.0007226106  -0.0000934006   0.0000214935   0.0000745289  -0.0154242612
       -0.0414964148   0.0198476968   0.0000041421  -0.0000102888  -0.0000023485
       -0.0000044157  -0.0000123719   0.0000013574  -0.0000039140   0.0000016678
       -0.0000073248  -0.0000139402  -0.0000096114  -0.0000235473   0.0000055474
        0.0000467311   0.0000193285  -0.0000018647  -0.0000523336  -0.0000173428
        0.0000050170   0.0000161320  -0.0000073443   0.0069437870   0.0493098499
       -0.0180202468   0.0006482159   0.0015917207  -0.0028008772  -0.0153188685
       -0.0029960811   0.0215220274
       -0.0000109901  -0.0000013309  -0.0000005077  -0.0001944376   0.0000730183
        0.0000297253  -0.0000459458  -0.0000816713  -0.0000161790   0.0001078749
       -0.0001031325  -0.0000022820   0.0000244178   0.0002982760  -0.0000333905
        0.0000109413  -0.0003099366   0.0000482483  -0.0008996009  -0.0000639530
       -0.0007133311  -0.0002412189   0.0000215053   0.0000740990   0.0051253323
       -0.0055792355   0.0028161150   0.0023533603   0.0005515561   0.0004952291
       -0.0015398382   0.0005113696  -0.0003616093  -0.0001920734   0.0001309624
        0.0000488622   0.0000110533   0.0001279526  -0.0000151201   0.1114781627
        0.0178177584  -0.2015200331  -0.0000126863   0.0000049859  -0.0000100483
       -0.0000013506   0.0000051441   0.0000068883   0.0000039960  -0.0000066247
        0.0000007470  -0.0000093073   0.0000045660  -0.0000026265  -0.0000077577
        0.0000027116  -0.0000161818  -0.0000224236  -0.0000328899   0.0000034056
       -0.0000038514   0.0000079781   0.0000138495  -0.1308669245  -0.0180202468
        0.2286718293   0.0134236643   0.0032822788  -0.0285661551   0.0015096033
        0.0013589577  -0.0009515340
       -0.0000164806   0.0000235820  -0.0000028959  -0.0000139757   0.0001371020
        0.0001765330   0.0000014636   0.0000636300  -0.0000823096  -0.0001212967
        0.0000157260   0.0000043622   0.0000217955  -0.0002358132  -0.0000386788
       -0.0008303020   0.0001804934   0.0006757524  -0.0008436415   0.0034466934
       -0.0024221733   0.0006847974  -0.0001090370   0.0003023445  -0.0221498036
        0.0084339273  -0.0162714041  -0.0001733688  -0.0006040458  -0.0008697972
       -0.0002070760  -0.0001310467   0.0000172175  -0.0003353376  -0.0001673664
        0.0003494184   0.0000520363  -0.0000836063   0.0000404529  -0.1142515426
       -0.0119865875  -0.1092516979   0.0000056966   0.0000028940  -0.0000096870
        0.0000161895   0.0000048449   0.0000078609   0.0000022531   0.0000059259
       -0.0000021013   0.0000024080   0.0000043107  -0.0000321699  -0.0000069874
        0.0000083879   0.0000122150   0.0000297083  -0.0000170050  -0.0000021368
       -0.0000100872  -0.0000341504  -0.0000007584   0.0091173381   0.0006482159
        0.0134236643   0.1390725497   0.0045745690   0.1293098883  -0.0100463365
       -0.0041816441  -0.0153338995
        0.0000136220   0.0000118236  -0.0000287289  -0.0000970725  -0.0001074647
       -0.0001450659  -0.0000218014  -0.0001723375   0.0000811686   0.0001717425
       -0.0000431498   0.0000982111   0.0000554010   0.0003026476  -0.0000305784
        0.0009233756  -0.0001776554  -0.0009559822  -0.0002067012  -0.0036175698
        0.0013513484  -0.0010726369   0.0007184433   0.0006693208   0.0210394062
       -0.0045352354   0.0191834865   0.0037457250   0.0000213155   0.0017290443
       -0.0012350745   0.0002890114  -0.0003472420  -0.0002245522   0.0005530863
       -0.0007288761  -0.0000916944   0.0000230035  -0.0000796795  -0.0134019201
       -0.0409857336  -0.0174863821  -0.0000064366  -0.0000099081   0.0000004511
        0.0000032125  -0.0000095011   0.0000006877  -0.0000032865   0.0000009393
        0.0000082211  -0.0000140961  -0.0000086673   0.0000237508   0.0000112750
        0.0000019617   0.0000046595  -0.0000013683  -0.0000416685   0.0000216626
       -0.0000001009   0.0000537424  -0.0000219779   0.0007906748   0.0015917207
        0.0032822788   0.0045745690   0.0488133766   0.0152091874  -0.0149522619
       -0.0026721807  -0.0218389657
        0.0000098229   0.0000014079  -0.0000008668   0.0001942521  -0.0000769129
        0.0000308497   0.0000468643   0.0000858935  -0.0000156821  -0.0001139433
        0.0001027978  -0.0000014582  -0.0000124113  -0.0002988391  -0.0000325010
       -0.0000107956   0.0003151142   0.0000395503   0.0009086707   0.0000769251
       -0.0007272354   0.0002244305  -0.0000306713   0.0000832031  -0.0052301071
        0.0057227454   0.0028893932  -0.0023243291  -0.0005804787   0.0004599141
        0.0015114356  -0.0005364346  -0.0003350300   0.0001668029  -0.0001153530
        0.0000458767  -0.0000117824  -0.0001264450  -0.0000096380  -0.1100299478
       -0.0154923222  -0.2056856648   0.0000004644  -0.0000039872   0.0000088010
        0.0000124563  -0.0000048176  -0.0000096347  -0.0000026318   0.0000051159
        0.0000008809   0.0000089583  -0.0000050842  -0.0000015467  -0.0000014588
       -0.0000036719   0.0000217680   0.0000205849   0.0000309360  -0.0000144389
        0.0000150505  -0.0000071508  -0.0000130956  -0.0127671456  -0.0028008772
       -0.0285661551   0.1293098883   0.0152091874   0.2334585778  -0.0019251287
       -0.0014670774  -0.0016258672
       -0.0000123435  -0.0000772634   0.0000024908  -0.0001873073   0.0000047655
       -0.0000001480   0.0001442174  -0.0002250586   0.0000007897   0.0001743128
       -0.0001690400   0.0000047617   0.0007834798   0.0004992460  -0.0000030864
        0.0010187231  -0.0017605592  -0.0000142971   0.0001071586   0.0049224246
        0.0000192667  -0.0027066706  -0.0008422477  -0.0000005033   0.0101928092
        0.0183269346   0.0002258518  -0.0045824932   0.0011424128   0.0000135588
        0.0001642318  -0.0012128986   0.0000043164  -0.0003319772   0.0016166702
       -0.0000009732  -0.0001595003   0.0003062142  -0.0000092802  -0.1096646410
       -0.1146599068  -0.0014667542  -0.0000334608   0.0000267499   0.0000270641
       -0.0000378111   0.0000278309  -0.0000312914   0.0000363561  -0.0000385066
       -0.0000001110   0.0000070642  -0.0000018830  -0.0000003022   0.0000163709
        0.0000233091  -0.0000082228  -0.0000250957  -0.0000128791   0.0000005065
        0.0000275596   0.0000418137   0.0000063522  -0.0102986783  -0.0153188685
        0.0015096033  -0.0100463365  -0.0149522619  -0.0019251287   0.1254140319
        0.1223330019   0.0016455366
        0.0000117582   0.0000232750  -0.0000014298   0.0000099238   0.0001263571
        0.0000021271  -0.0001216239   0.0001238498  -0.0000011194  -0.0000632328
        0.0000888051  -0.0000006843  -0.0005043364  -0.0002271948   0.0000003361
       -0.0008017171   0.0001355600   0.0000028846  -0.0003500042  -0.0019060714
       -0.0000139945  -0.0006821065   0.0011344250   0.0000141237  -0.0079565961
       -0.0315403580  -0.0002262142   0.0033606475  -0.0040449788  -0.0000647319
        0.0014019571   0.0011543023   0.0000016185  -0.0001954854  -0.0017257192
        0.0000041067   0.0002471707  -0.0002311033   0.0000164935  -0.1081774554
       -0.2160238497  -0.0022303520   0.0000271506   0.0000121156  -0.0000264521
        0.0000304432   0.0000142158   0.0000272927  -0.0000180834   0.0000161285
        0.0000000002   0.0000016067   0.0000245829  -0.0000003528  -0.0000113133
       -0.0000320527   0.0000008348   0.0000451771   0.0000812782  -0.0000058783
       -0.0000146528  -0.0000611430  -0.0000027831  -0.0043905855  -0.0029960811
        0.0013589577  -0.0041816441  -0.0026721807  -0.0014670774   0.1223330019
        0.2585258373   0.0026122942
       -0.0000008816   0.0000017547   0.0000204014   0.0000091223  -0.0000039992
        0.0000020967  -0.0000068188   0.0000016732   0.0000168036   0.0000031925
        0.0000026042  -0.0000139666  -0.0000097549  -0.0000079593   0.0000055870
       -0.0000109775   0.0000152008  -0.0000128161  -0.0000104427  -0.0000445377
        0.0013003223   0.0000257874   0.0000357360  -0.0013500917   0.0000302729
       -0.0000549423   0.0002060794  -0.0000035941   0.0000164621   0.0003232996
        0.0000083083   0.0000280383   0.0000765145   0.0000130403  -0.0000049765
        0.0001459596   0.0000009910   0.0000032301   0.0000307863  -0.0014205929
       -0.0022812058  -0.0429693043   0.0000168254  -0.0000088592   0.0000001951
       -0.0000168643   0.0000080598   0.0000063274  -0.0000001679   0.0000001727
       -0.0000055443  -0.0000000905   0.0000006454   0.0000013056  -0.0000037473
        0.0000083369   0.0000061717  -0.0000000771  -0.0000022505  -0.0000117649
        0.0000025633  -0.0000085398   0.0000038111   0.0150622691   0.0215220274
       -0.0009515340  -0.0153338995  -0.0218389657  -0.0016258672   0.0016455366
        0.0026122942   0.0447952278
