           1           2   1.01787537146118     
           2           3   1.75952693150465     
           2           4   1.04046922943541     
           4           5   1.37686513879061     
           5           6   1.46009739975901     
           4           7  0.100509148117886     
           6           7   1.42852221825901     
           5           8  0.105689914000194     
           7           8   1.43068462941888     
           4           9   1.37489579374274     
           6           9  0.104896736405507     
           8           9   1.45857649111235     
           1          10  0.953342238509126     
           1          11  0.982489548629798     
           1          12  0.953215887714564     
           5          13  0.964306228839555     
           6          14  0.968713382677319     
           7          15  0.969378203745258     
           8          16  0.968984322837583     
           9          17  0.966631321411981     
