$hessian                                                                        
        0.5080275386   0.0119166831  -0.0275988716  -0.0816392446   0.0201609835
       -0.0475447461   0.0039176500  -0.0030307690   0.0077089087  -0.0218243580
        0.0097334697  -0.0232717314  -0.0023353913  -0.0014933123  -0.0005469211
       -0.0010163822   0.0002095005   0.0015241446  -0.0000567333   0.0003815164
        0.0000038772   0.0003623463   0.0003045981   0.0010274313  -0.0002291179
        0.0005525456  -0.0005617992  -0.0888381253   0.0411131603   0.0844520928
       -0.0470672158  -0.0284840644   0.0013943431  -0.2708993134  -0.0516561706
        0.0000864865   0.0015482501  -0.0003303899   0.0009232783  -0.0002737628
        0.0007748486   0.0028107366   0.0009975031  -0.0001667647   0.0008841115
        0.0002679143  -0.0001268209   0.0000922322  -0.0000692744  -0.0000664330
       -0.0004395119  -0.0003155160   0.0000432437   0.0000098225  -0.0000943220
        0.0000138057  -0.0002821907  -0.0000308640  -0.0000237386  -0.0000325315
       -0.0004315814   0.0001741080  -0.0006391616
        0.0119166831   0.5132491581   0.0219195167   0.0167626196  -0.0864464666
        0.0407835571  -0.0031485720   0.0036242547  -0.0078684407   0.0026550058
        0.0033785386  -0.0027991654  -0.0002679441  -0.0000891300  -0.0001312575
        0.0000085291  -0.0000170826   0.0000037868  -0.0001081793   0.0001305960
       -0.0000394058   0.0006805867   0.0000483860   0.0000184846  -0.0007948567
       -0.0011422786   0.0002601953   0.0412414496  -0.0830838213  -0.0779487368
       -0.0284908479  -0.2801393777   0.0045471181  -0.0518818942  -0.0554583771
       -0.0010257821   0.0124833825  -0.0160199081   0.0262897156   0.0006636091
        0.0000306017  -0.0027035200  -0.0002080501   0.0001608538  -0.0000262182
       -0.0004146988   0.0011865890  -0.0009712217  -0.0000816785   0.0003346392
        0.0000795097  -0.0000673259   0.0000934444   0.0000133196  -0.0000634268
        0.0000842664   0.0000264709  -0.0000296941   0.0000258771   0.0000184285
       -0.0008546971   0.0000492370  -0.0004463547
       -0.0275988716   0.0219195167   0.4698864210  -0.0406473586   0.0418634210
       -0.1469799763  -0.0076079560   0.0072819917  -0.0303176511  -0.0094223490
        0.0001762102  -0.0025066099   0.0010229750  -0.0005199937  -0.0005397105
       -0.0003534553  -0.0000353724   0.0000753438   0.0000117523   0.0000356408
        0.0000080250  -0.0002864091   0.0000793097   0.0001740148   0.0009088940
        0.0006328622   0.0002488710   0.0846274623  -0.0780351082  -0.1972151999
        0.0014086183   0.0042491606  -0.0429499494   0.0001538057  -0.0013536235
       -0.0420458310  -0.0026254843   0.0042058030  -0.0044023748   0.0018509866
       -0.0017784555  -0.0051069218  -0.0009463712   0.0003438509   0.0007300491
       -0.0005264652   0.0009692713   0.0010755785  -0.0000024348  -0.0000999271
       -0.0000400189   0.0000439046  -0.0000660146   0.0000515360   0.0000381210
        0.0000047586  -0.0000178803   0.0000158218   0.0000364500  -0.0000227012
       -0.0000651865   0.0000902483  -0.0001050140
       -0.0816392446   0.0167626196  -0.0406473586   0.4706314991   0.0123686187
       -0.0002549989  -0.0818256396   0.0175220451   0.0405198944  -0.1922814681
       -0.0196534017   0.0001118701  -0.0282053714   0.0038454017  -0.0000130009
        0.0000169937   0.0029733046  -0.0000088227  -0.0010733090  -0.0002319408
        0.0000007546   0.0014829441  -0.0015671950   0.0000053719  -0.0165834012
       -0.0114761167   0.0000786044   0.0046120260  -0.0040797470   0.0086032655
        0.0012448659   0.0007095890   0.0019748484  -0.0169737828   0.0112320879
       -0.0255692629  -0.0486367290  -0.0357318216   0.0003124431   0.0046236291
       -0.0042218698  -0.0085066877  -0.0170238785   0.0116543747   0.0253496224
        0.0012355515   0.0007019805  -0.0019525084   0.0010143960  -0.0018257851
        0.0000053139  -0.0007547325  -0.0001984318   0.0000002378   0.0002038565
       -0.0000010705  -0.0000004185  -0.0003023960   0.0001155283  -0.0000009140
        0.0002341908   0.0011018301  -0.0000082538
        0.0201609835  -0.0864464666   0.0418634210   0.0123686187   0.5352712905
       -0.0006834541   0.0210146503  -0.0878813415  -0.0428387411  -0.0291225309
       -0.0717681650   0.0001003985   0.0206154812   0.0012111405   0.0000101593
        0.0023861793  -0.0028978176   0.0000573835   0.0003015284  -0.0004878009
        0.0000019812  -0.0021453833  -0.0048710533   0.0000572772  -0.0265061771
       -0.0057142551   0.0000312614  -0.0043767776   0.0041970972  -0.0090307986
        0.0126722107  -0.0165152250   0.0259064162  -0.0016976062   0.0021509511
       -0.0042414251  -0.0349677162  -0.2563641492   0.0017778688  -0.0042117728
        0.0041866711   0.0084995081  -0.0016628557   0.0022038553   0.0041842902
        0.0127446571  -0.0170259100  -0.0256505754   0.0026558795   0.0006109904
       -0.0000186575   0.0013995929  -0.0001434660  -0.0000024812   0.0001998105
        0.0000939957  -0.0000099320  -0.0013510469  -0.0003881801   0.0000038300
       -0.0004777254   0.0005778383  -0.0000177303
       -0.0475447461   0.0407835571  -0.1469799763  -0.0002549989  -0.0006834541
        0.4420548931   0.0473111305  -0.0417601904  -0.1454678258   0.0002283087
        0.0001023560  -0.0556282465  -0.0000958118   0.0000156984   0.0028266685
       -0.0000006332   0.0000538316   0.0075614666  -0.0000060387   0.0000000723
       -0.0001968180   0.0000227387   0.0000654515   0.0068213174   0.0001417313
        0.0000237257  -0.0004970745  -0.0098108863   0.0085542690  -0.0249855609
       -0.0011022346   0.0047083862  -0.0030575819  -0.0040179765   0.0018169582
       -0.0034690718   0.0002933700   0.0017787674  -0.0413427307   0.0099369315
       -0.0090548130  -0.0249854965   0.0040313540  -0.0019024602  -0.0034728404
        0.0008851548  -0.0044642849  -0.0025266673  -0.0000175118  -0.0000130951
       -0.0022509447  -0.0000069775   0.0000001709  -0.0001917570  -0.0000023921
       -0.0000090570  -0.0017000157   0.0000071889   0.0000015505   0.0000195072
        0.0000022992  -0.0000174401  -0.0025312449
        0.0039176500  -0.0031485720  -0.0076079560  -0.0818256396   0.0210146503
        0.0473111305   0.5079110028   0.0123837988   0.0274560155  -0.0218329874
        0.0101296647   0.0230728331  -0.0023611013  -0.0014887718   0.0005687350
       -0.0010253692   0.0002004039  -0.0015196835  -0.0000575471   0.0003823445
       -0.0000083602   0.0003634900   0.0002999863  -0.0010226581  -0.0002242531
        0.0005472141   0.0005569507  -0.0002651541   0.0007254103  -0.0028191052
        0.0002648910  -0.0001269887  -0.0000927255   0.0010000023  -0.0001805813
       -0.0008803376   0.0015338761  -0.0003358549  -0.0008996648  -0.0887772394
        0.0395313646  -0.0851718993  -0.2707218850  -0.0520268693   0.0005700404
       -0.0469469028  -0.0280669084  -0.0008948623  -0.0000683883  -0.0000628311
        0.0004367089  -0.0003175987   0.0000433505  -0.0000104313  -0.0000945715
        0.0000174424   0.0002815566  -0.0000301266  -0.0000225910   0.0000334389
       -0.0004421481   0.0001843381   0.0006402743
       -0.0030307690   0.0036242547   0.0072819917   0.0175220451  -0.0878813415
       -0.0417601904   0.0123837988   0.5125774314  -0.0225607392   0.0027990518
        0.0034189845   0.0027132752  -0.0002877994  -0.0000795446   0.0001171019
        0.0000173762  -0.0000132868  -0.0000036548  -0.0001076677   0.0001281256
        0.0000383889   0.0006823410   0.0000501376  -0.0000142950  -0.0007968421
       -0.0011574666  -0.0002415455   0.0006272095   0.0001061884   0.0026135766
       -0.0004074378   0.0011840527   0.0009683997  -0.0001926211   0.0001582229
        0.0000343966   0.0125672799  -0.0165347924  -0.0260640413   0.0396538232
       -0.0802389179   0.0757910211  -0.0522457551  -0.0555883886   0.0012035687
       -0.0280670002  -0.2803479477  -0.0004227056  -0.0000837001   0.0003369604
       -0.0000843155  -0.0000684725   0.0000944607  -0.0000130890  -0.0000643445
        0.0000840505  -0.0000272667  -0.0000299074   0.0000248465  -0.0000185640
       -0.0008706085   0.0000539702   0.0004486865
        0.0077089087  -0.0078684407  -0.0303176511   0.0405198944  -0.0428387411
       -0.1454678258   0.0274560155  -0.0225607392   0.4707972612   0.0093014930
       -0.0002562321  -0.0025022999  -0.0010120881   0.0005088987  -0.0005442746
        0.0003475292   0.0000343005   0.0000719016  -0.0000085123  -0.0000356400
        0.0000078241   0.0002730346  -0.0000801250   0.0001741300  -0.0008905867
       -0.0006062278   0.0002610394  -0.0018516882   0.0016936401  -0.0051883753
        0.0005297122  -0.0009692840   0.0010734030   0.0009525939  -0.0003366274
        0.0007379475   0.0024310277  -0.0039964190  -0.0038863953  -0.0853513981
        0.0758708771  -0.2001103129   0.0005125467   0.0015376263  -0.0420955437
       -0.0009078201  -0.0001244848  -0.0428704699   0.0000038698   0.0000947967
       -0.0000392698  -0.0000429412   0.0000654579   0.0000514364  -0.0000369672
       -0.0000059781  -0.0000175054  -0.0000151578  -0.0000362512  -0.0000222584
        0.0000805339  -0.0000904068  -0.0001127608
       -0.0218243580   0.0026550058  -0.0094223490  -0.1922814681  -0.0291225309
        0.0002283087  -0.0218329874   0.0027990518   0.0093014930   0.6140858697
       -0.0069359466  -0.0000828201  -0.1818178036   0.1495415818  -0.0007132200
       -0.0495212024   0.0132756075  -0.0000466859   0.0035593617   0.0103920585
       -0.0000586296  -0.0182549718  -0.0320540696   0.0001723194  -0.1222697130
       -0.1125785154   0.0006195653   0.0005868749  -0.0002189433   0.0005437535
        0.0006789223  -0.0002289930   0.0005899773  -0.0011957030   0.0005803449
       -0.0019557777  -0.0110588441  -0.0060622163   0.0000240005   0.0005910054
       -0.0002273843  -0.0005429231  -0.0012009177   0.0006176621   0.0019494192
        0.0006800515  -0.0002399962  -0.0005822617   0.0052773678  -0.0076654810
        0.0000449332  -0.0056563078  -0.0008245359   0.0000092915   0.0009521977
        0.0002137131  -0.0000005282  -0.0057716652  -0.0013861685   0.0000164191
        0.0062742910   0.0174697556  -0.0000942854
        0.0097334697   0.0033785386   0.0001762102  -0.0196534017  -0.0717681650
        0.0001023560   0.0101296647   0.0034189845  -0.0002562321  -0.0069359466
        0.6540496833  -0.0025927256   0.0714110638  -0.2295259782   0.0009024458
        0.0727213918   0.0431001107  -0.0002576865   0.0107202981  -0.0663962788
        0.0003074813  -0.0917902753   0.0108916428  -0.0000146523  -0.0386572904
       -0.2846583360   0.0012518723  -0.0002052576   0.0002644253  -0.0003699210
        0.0006267651  -0.0001364567  -0.0002024845   0.0018098284  -0.0003907191
        0.0020429379  -0.0297188153  -0.0109901890   0.0000697940  -0.0001903877
        0.0002784345   0.0003640583   0.0018657655  -0.0004606671  -0.0020961611
        0.0006087162  -0.0001322100   0.0002220854   0.0147923880  -0.0270704927
        0.0001362736  -0.0015655709   0.0012611405   0.0000366666   0.0002453224
       -0.0006671124   0.0000042940  -0.0006563165   0.0013098863   0.0000337052
       -0.0052914116  -0.0257562416   0.0001396825
       -0.0232717314  -0.0027991654  -0.0025066099   0.0001118701   0.0001003985
       -0.0556282465   0.0230728331   0.0027132752  -0.0025022999  -0.0000828201
       -0.0025927256   0.1539516585  -0.0003055543   0.0008663880  -0.0494619115
       -0.0003575653  -0.0002258144  -0.0003885309  -0.0000612627   0.0003088415
       -0.0060933134   0.0004925011  -0.0000479456  -0.0000613720   0.0002318829
        0.0012811231  -0.0505612729  -0.0008461369  -0.0002338931   0.0000242689
        0.0001909544  -0.0002612090   0.0007018466  -0.0033125705   0.0019356513
       -0.0040326017   0.0002426731   0.0000914474   0.0010986181   0.0008495574
        0.0002310104   0.0000189091   0.0032849515  -0.0019960301  -0.0039564361
       -0.0002080391   0.0002717996   0.0006905044  -0.0000792140   0.0001490870
        0.0010430893   0.0000145735   0.0000350973   0.0081770050  -0.0000011593
        0.0000043528   0.0000901087   0.0000069922   0.0000359933   0.0082814269
        0.0000272643   0.0001323179   0.0011151594
       -0.0023353913  -0.0002679441   0.0010229750  -0.0282053714   0.0206154812
       -0.0000958118  -0.0023611013  -0.0002877994  -0.0010120881  -0.1818178036
        0.0714110638  -0.0003055543   0.6613845363   0.0092388885  -0.0003079916
       -0.3276327812   0.0051838875   0.0001089151  -0.0183555210  -0.0922914588
        0.0004943585  -0.0578036841   0.0245734586  -0.0001070325   0.0550819927
        0.0462980754  -0.0002765133   0.0001377430  -0.0001684609   0.0000364170
       -0.0002108607   0.0002341706  -0.0002013550  -0.0005113718   0.0004514201
       -0.0009031408   0.0002029440   0.0026238659  -0.0000170750   0.0001472087
       -0.0001795025  -0.0000324868  -0.0005166407   0.0004686226   0.0008988939
       -0.0002120500   0.0002378152   0.0001949750  -0.0754062756  -0.0835911757
        0.0004566349  -0.0216856644  -0.0003052569   0.0000178420   0.0003714793
       -0.0021318719   0.0000114340  -0.0003768176   0.0005385755  -0.0000033604
        0.0001054306  -0.0026518546   0.0000199640
       -0.0014933123  -0.0000891300  -0.0005199937   0.0038454017   0.0012111405
        0.0000156984  -0.0014887718  -0.0000795446   0.0005088987   0.1495415818
       -0.2295259782   0.0008663880   0.0092388885   0.6563142679  -0.0028046536
       -0.0743125745  -0.0998860385   0.0003060103  -0.0320376576   0.0100344379
       -0.0000314739   0.0229658138  -0.0060612851  -0.0000136913  -0.0094402686
       -0.0626252576   0.0003422218   0.0000860630   0.0001732014   0.0000930430
        0.0000584202  -0.0002091804  -0.0000389022  -0.0004807617   0.0000330520
       -0.0002001358  -0.0029762563   0.0014514332  -0.0000072258   0.0000780165
        0.0001778402  -0.0000980955  -0.0004792500   0.0000367479   0.0002001216
        0.0000569689  -0.0002084800   0.0000433402  -0.0830007557  -0.2631097184
        0.0012219188   0.0241411191   0.0014784203  -0.0000188761  -0.0027606408
       -0.0049284645   0.0000669142   0.0005946721   0.0009209233  -0.0000005109
       -0.0021366960  -0.0051083871   0.0000690038
       -0.0005469211  -0.0001312575  -0.0005397105  -0.0000130009   0.0000101593
        0.0028266685   0.0005687350   0.0001171019  -0.0005442746  -0.0007132200
        0.0009024458  -0.0494619115  -0.0003079916  -0.0028046536   0.1156370150
        0.0005234774   0.0002709370  -0.0472266141   0.0001707003   0.0000013691
        0.0012007693  -0.0000944521  -0.0000159825  -0.0056950408   0.0000285814
        0.0003122378   0.0011212325   0.0000060400   0.0000000299   0.0001025972
        0.0000244405   0.0000251188   0.0000431176  -0.0001303165  -0.0000544258
        0.0000059566   0.0000153569  -0.0000122098  -0.0001662854  -0.0000070863
        0.0000009435   0.0001025333   0.0001363813   0.0000530587   0.0000011561
       -0.0000254920  -0.0000233841   0.0000429208   0.0004508916   0.0012208850
       -0.0340852534  -0.0001144660  -0.0000035080   0.0008547701   0.0000180623
        0.0000668076   0.0080236515  -0.0000030125  -0.0000047574  -0.0001435403
        0.0000132922   0.0000690845   0.0079002421
       -0.0010163822   0.0000085291  -0.0003534553   0.0000169937   0.0023861793
       -0.0000006332  -0.0010253692   0.0000173762   0.0003475292  -0.0495212024
        0.0727213918  -0.0003575653  -0.3276327812  -0.0743125745   0.0005234774
        0.6591207818  -0.0075974626  -0.0002254883  -0.1274405125  -0.0424333122
        0.0002501018   0.0572868256  -0.0112162355   0.0000408223  -0.0394452391
       -0.0335648587   0.0001929938  -0.0001043433   0.0000671741   0.0000963823
        0.0000503652  -0.0002655916   0.0000969496  -0.0000111958  -0.0000314569
       -0.0001206606   0.0002133265   0.0002130489   0.0000002610  -0.0001038597
        0.0000677633  -0.0001002423  -0.0000136014  -0.0000266561   0.0001220934
        0.0000506969  -0.0002669119  -0.0000906258  -0.0132458079  -0.0040955430
        0.0000224047  -0.1413920237   0.1233920510  -0.0005823815  -0.0143569076
       -0.0282378344   0.0001544656  -0.0014527359   0.0039532164  -0.0000187267
        0.0000229722  -0.0007782927   0.0000022978
        0.0002095005  -0.0000170826  -0.0000353724   0.0029733046  -0.0028978176
        0.0000538316   0.0002004039  -0.0000132868   0.0000343005   0.0132756075
        0.0431001107  -0.0002258144   0.0051838875  -0.0998860385   0.0002709370
       -0.0075974626   0.6675798218  -0.0028306268  -0.1221453165  -0.3023571777
        0.0013666456   0.0492032012  -0.0652971976   0.0003252202  -0.0348339241
       -0.0239668316   0.0001069561  -0.0000067705   0.0000470086  -0.0000114979
        0.0000256564  -0.0000155641  -0.0000074119  -0.0000181597  -0.0000680861
        0.0000798778  -0.0001083435  -0.0001809136   0.0000009050  -0.0000066541
        0.0000485788   0.0000097636  -0.0000195414  -0.0000668599  -0.0000768445
        0.0000246424  -0.0000149678   0.0000079416  -0.0288115129  -0.0072162227
        0.0000506782   0.1234375124  -0.2004871426   0.0007929094  -0.0035816905
       -0.0055217370   0.0000326638   0.0032951019  -0.0031855305   0.0000557988
       -0.0006994426   0.0004169367  -0.0000008613
        0.0015241446   0.0000037868   0.0000753438  -0.0000088227   0.0000573835
        0.0075614666  -0.0015196835  -0.0000036548   0.0000719016  -0.0000466859
       -0.0002576865  -0.0003885309   0.0001089151   0.0003060103  -0.0472266141
       -0.0002254883  -0.0028306268   0.1165172236   0.0006694005   0.0013309225
       -0.0476960709  -0.0002842207   0.0003519842   0.0013648295   0.0001961064
        0.0001084318  -0.0053417044   0.0000625751   0.0000098782  -0.0000657626
        0.0000183718   0.0000001921   0.0000038325   0.0002643901  -0.0001695816
        0.0003432401  -0.0000008057  -0.0000025077   0.0000032158  -0.0000633677
       -0.0000103984  -0.0000650175  -0.0002645839   0.0001757992   0.0003393342
       -0.0000190567   0.0000005610   0.0000045553   0.0001558424   0.0000411979
        0.0006156679  -0.0005829128   0.0007908093  -0.0343267802   0.0000242785
        0.0000439056   0.0004733754  -0.0000120542   0.0000553293   0.0079396244
        0.0000036576  -0.0000017358  -0.0002031302
       -0.0000567333  -0.0001081793   0.0000117523  -0.0010733090   0.0003015284
       -0.0000060387  -0.0000575471  -0.0001076677  -0.0000085123   0.0035593617
        0.0107202981  -0.0000612627  -0.0183555210  -0.0320376576   0.0001707003
       -0.1274405125  -0.1221453165   0.0006694005   0.6749233871   0.0044658004
       -0.0002703312  -0.1883298182   0.1560649377  -0.0007484402  -0.0508790700
        0.0130130614  -0.0000367012  -0.0000729440  -0.0000248512   0.0000448014
        0.0000635235  -0.0001038299   0.0001177753   0.0001073837  -0.0000330410
       -0.0000176509   0.0002154773   0.0002377631  -0.0000010870  -0.0000729002
       -0.0000245662  -0.0000454573   0.0001073667  -0.0000331148   0.0000174326
        0.0000646899  -0.0001064393  -0.0001152835  -0.0057225975  -0.0013830826
        0.0000162785   0.0056611845   0.0178359580  -0.0000958639  -0.2929383302
       -0.0377134425   0.0003097765   0.0060063277  -0.0080534798   0.0000423187
       -0.0057094190  -0.0007646788   0.0000063930
        0.0003815164   0.0001305960   0.0000356408  -0.0002319408  -0.0004878009
        0.0000000723   0.0003823445   0.0001281256  -0.0000356400   0.0103920585
       -0.0663962788   0.0003088415  -0.0922914588   0.0100344379   0.0000013691
       -0.0424333122  -0.3023571777   0.0013309225   0.0044658004   0.6528949151
       -0.0027825292   0.0762260107  -0.2390702275   0.0009620667   0.0729319469
        0.0426926527  -0.0002500026   0.0000140308  -0.0000447432   0.0000389169
       -0.0000943899   0.0002799570  -0.0001369603   0.0001121619   0.0000982649
        0.0000781576   0.0001540595   0.0003125364  -0.0000035979   0.0000132276
       -0.0000471125  -0.0000345087   0.0001122786   0.0000950953  -0.0000796370
       -0.0000953634   0.0002822069   0.0001315529  -0.0006776652   0.0013758014
        0.0000361179  -0.0068191464  -0.0255870547   0.0001362112  -0.0377269505
       -0.0497182779   0.0001003388   0.0166123994  -0.0259516178   0.0001269634
       -0.0014276080   0.0013357018   0.0000357042
        0.0000038772  -0.0000394058   0.0000080250   0.0000007546   0.0000019812
       -0.0001968180  -0.0000083602   0.0000383889   0.0000078241  -0.0000586296
        0.0003074813  -0.0060933134   0.0004943585  -0.0000314739   0.0012007693
        0.0002501018   0.0013666456  -0.0476960709  -0.0002703312  -0.0027825292
        0.1154228972  -0.0003247438   0.0009231958  -0.0478923224  -0.0003610256
       -0.0002197753   0.0012623641   0.0000121570   0.0000106890   0.0000029760
       -0.0000012998   0.0000173896  -0.0000014841  -0.0000112300   0.0000201701
       -0.0000087055  -0.0000002006  -0.0000014323   0.0000373918  -0.0000127271
       -0.0000092445   0.0000033923   0.0000102239  -0.0000217939  -0.0000076458
        0.0000021704  -0.0000205612  -0.0000019900   0.0000095483   0.0000352621
        0.0081042326   0.0000329117   0.0001269984   0.0007306525   0.0003087915
        0.0000990498  -0.0337903471  -0.0000895365   0.0001423480   0.0007317874
        0.0000131892   0.0000366161   0.0081763847
        0.0003623463   0.0006805867  -0.0002864091   0.0014829441  -0.0021453833
        0.0000227387   0.0003634900   0.0006823410   0.0002730346  -0.0182549718
       -0.0917902753   0.0004925011  -0.0578036841   0.0229658138  -0.0000944521
        0.0572868256   0.0492032012  -0.0002842207  -0.1883298182   0.0762260107
       -0.0003247438   0.6579581699   0.0048942697  -0.0002555506  -0.3312835528
        0.0040773094   0.0000779529  -0.0000565461  -0.0001796877   0.0000523848
       -0.0001214099   0.0002181483   0.0000238636   0.0002755235   0.0000450217
        0.0001415825  -0.0003109973   0.0001116721  -0.0000049624  -0.0000576025
       -0.0001809373  -0.0000476374   0.0002765748   0.0000401724  -0.0001418425
       -0.0001188684   0.0002175397  -0.0000291755  -0.0003234365   0.0005603517
        0.0000001220   0.0004699247  -0.0028788444   0.0000201322  -0.0224959802
        0.0228911754  -0.0001112277  -0.0770606104  -0.0853158746   0.0004603503
       -0.0222583207  -0.0003226112   0.0000155591
        0.0003045981   0.0000483860   0.0000793097  -0.0015671950  -0.0048710533
        0.0000654515   0.0002999863   0.0000501376  -0.0000801250  -0.0320540696
        0.0108916428  -0.0000479456   0.0245734586  -0.0060612851  -0.0000159825
       -0.0112162355  -0.0652971976   0.0003519842   0.1560649377  -0.2390702275
        0.0009231958   0.0048942697   0.6693988428  -0.0028710060  -0.0753636824
       -0.0998779141   0.0003180656  -0.0000615691   0.0000496455   0.0000200486
       -0.0001209803  -0.0000462669  -0.0001077764   0.0001303814   0.0000427621
       -0.0000072175  -0.0013780308  -0.0004918057   0.0000035210  -0.0000608728
        0.0000483347  -0.0000218698   0.0001290589   0.0000467416   0.0000085769
       -0.0001237269  -0.0000442013   0.0001075381   0.0004629838   0.0008085708
       -0.0000027178  -0.0021840934  -0.0050517578   0.0000671851  -0.0017682171
        0.0027396387  -0.0000107816  -0.0853352771  -0.2647174099   0.0012336341
        0.0243742757   0.0014044166  -0.0000130884
        0.0010274313   0.0000184846   0.0001740148   0.0000053719   0.0000572772
        0.0068213174  -0.0010226581  -0.0000142950   0.0001741300   0.0001723194
       -0.0000146523  -0.0000613720  -0.0001070325  -0.0000136913  -0.0056950408
        0.0000408223   0.0003252202   0.0013648295  -0.0007484402   0.0009620667
       -0.0478923224  -0.0002555506  -0.0028710060   0.1164992021   0.0005085761
        0.0002818917  -0.0464316655   0.0000464907   0.0000451442  -0.0000554963
        0.0000292239   0.0000437350  -0.0000590555   0.0001587513  -0.0002033757
        0.0002273672   0.0000017092   0.0000014603   0.0000623239  -0.0000461317
       -0.0000464475  -0.0000547531  -0.0001580408   0.0002057552   0.0002213814
       -0.0000267012  -0.0000437871  -0.0000595140  -0.0000026018  -0.0000045797
       -0.0002146591   0.0000139855   0.0000674743   0.0080846386   0.0000204357
       -0.0000223389   0.0004954071   0.0004622242   0.0012303625  -0.0343567756
       -0.0001201845  -0.0000046983   0.0007560424
       -0.0002291179  -0.0007948567   0.0009088940  -0.0165834012  -0.0265061771
        0.0001417313  -0.0002242531  -0.0007968421  -0.0008905867  -0.1222697130
       -0.0386572904   0.0002318829   0.0550819927  -0.0094402686   0.0000285814
       -0.0394452391  -0.0348339241   0.0001961064  -0.0508790700   0.0729319469
       -0.0003610256  -0.3312835528  -0.0753636824   0.0005085761   0.6683999640
       -0.0084653455  -0.0001715962  -0.0000167871  -0.0000955400  -0.0001439648
       -0.0006406348  -0.0006110008  -0.0001878282  -0.0002341422  -0.0000242776
       -0.0004101103  -0.0060239490  -0.0021111938   0.0000143657  -0.0000209546
       -0.0000974934   0.0001453189  -0.0002328975  -0.0000215430   0.0004081206
       -0.0006579989  -0.0006190991   0.0002009767  -0.0016098859   0.0037825901
       -0.0000200235   0.0000276678  -0.0007770555   0.0000028032  -0.0015688213
        0.0032059166  -0.0000103421  -0.0131795721  -0.0042291394   0.0000257954
       -0.1384096339   0.1235242759  -0.0006176752
        0.0005525456  -0.0011422786   0.0006328622  -0.0114761167  -0.0057142551
        0.0000237257   0.0005472141  -0.0011574666  -0.0006062278  -0.1125785154
       -0.2846583360   0.0012811231   0.0462980754  -0.0626252576   0.0003122378
       -0.0335648587  -0.0239668316   0.0001084318   0.0130130614   0.0426926527
       -0.0002197753   0.0040773094  -0.0998779141   0.0002818917  -0.0084653455
        0.6528988765  -0.0028312890  -0.0000641787  -0.0001523868  -0.0002167608
        0.0006874774   0.0001987212   0.0006045607   0.0002766288   0.0000567146
        0.0000635758  -0.0005725963   0.0000235546   0.0000077759  -0.0000649969
       -0.0001464908   0.0002193346   0.0002777849   0.0000559705  -0.0000672880
        0.0007015838   0.0001937469  -0.0006027808   0.0030265033  -0.0034841436
        0.0000543796  -0.0008273945   0.0004655963  -0.0000000959   0.0038197243
       -0.0030863052   0.0000531942  -0.0284671126  -0.0071582137   0.0000512949
        0.1228032069  -0.2034159536   0.0008498297
       -0.0005617992   0.0002601953   0.0002488710   0.0000786044   0.0000312614
       -0.0004970745   0.0005569507  -0.0002415455   0.0002610394   0.0006195653
        0.0012518723  -0.0505612729  -0.0002765133   0.0003422218   0.0011212325
        0.0001929938   0.0001069561  -0.0053417044  -0.0000367012  -0.0002500026
        0.0012623641   0.0000779529   0.0003180656  -0.0464316655  -0.0001715962
       -0.0028312890   0.1162657380  -0.0000165098  -0.0000338551   0.0001787930
       -0.0002080203  -0.0004847487  -0.0001080059  -0.0001538514  -0.0002079801
        0.0000369444   0.0000092114   0.0000094850   0.0010800390   0.0000174909
        0.0000342138   0.0001791540   0.0001482130   0.0002090447   0.0000359290
        0.0002048576   0.0004841663  -0.0001134602  -0.0000100812   0.0000554058
        0.0077673111   0.0000047465  -0.0000022590  -0.0002258149  -0.0000165994
        0.0000544800   0.0077607783   0.0001557358   0.0000426795   0.0007718299
       -0.0006146504   0.0008516321  -0.0336910255
       -0.0888381253   0.0412414496   0.0846274623   0.0046120260  -0.0043767776
       -0.0098108863  -0.0002651541   0.0006272095  -0.0018516882   0.0005868749
       -0.0002052576  -0.0008461369   0.0001377430   0.0000860630   0.0000060400
       -0.0001043433  -0.0000067705   0.0000625751  -0.0000729440   0.0000140308
        0.0000121570  -0.0000565461  -0.0000615691   0.0000464907  -0.0000167871
       -0.0000641787  -0.0000165098   0.1006208492  -0.0491747102  -0.0968264345
        0.0017087964  -0.0009505470  -0.0021758159  -0.0189910527   0.0132163344
        0.0272319554   0.0001226159  -0.0002973844   0.0002700185   0.0003816815
       -0.0001339677  -0.0005561701   0.0000759388   0.0000856700  -0.0001641988
       -0.0000972510  -0.0000619537  -0.0000388648   0.0000515228  -0.0000165986
        0.0000080099   0.0000411559  -0.0000179762   0.0000032792   0.0000378436
        0.0000088959  -0.0000058464   0.0000249957   0.0000355124   0.0000038934
        0.0000401601   0.0000525258   0.0000206699
        0.0411131603  -0.0830838213  -0.0780351082  -0.0040797470   0.0041970972
        0.0085542690   0.0007254103   0.0001061884   0.0016936401  -0.0002189433
        0.0002644253  -0.0002338931  -0.0001684609   0.0001732014   0.0000000299
        0.0000671741   0.0000470086   0.0000098782  -0.0000248512  -0.0000447432
        0.0000106890  -0.0001796877   0.0000496455   0.0000451442  -0.0000955400
       -0.0001523868  -0.0000338551  -0.0491747102   0.0933449598   0.0895899796
        0.0151366226  -0.0183677404  -0.0275946421  -0.0029593853   0.0029884548
        0.0048906771  -0.0002411744   0.0003624298   0.0004385674  -0.0001254450
        0.0003280329   0.0004674338  -0.0000154792  -0.0001112914   0.0000085521
        0.0000619106   0.0000878158   0.0001812852   0.0000006581  -0.0000974338
        0.0000276332  -0.0000009073  -0.0000127907  -0.0000043614  -0.0000080485
       -0.0000230266  -0.0000066616   0.0000125855  -0.0000259983  -0.0000038449
        0.0001748584  -0.0000300270  -0.0000054125
        0.0844520928  -0.0779487368  -0.1972151999   0.0086032655  -0.0090307986
       -0.0249855609  -0.0028191052   0.0026135766  -0.0051883753   0.0005437535
       -0.0003699210   0.0000242689   0.0000364170   0.0000930430   0.0001025972
        0.0000963823  -0.0000114979  -0.0000657626   0.0000448014   0.0000389169
        0.0000029760   0.0000523848   0.0000200486  -0.0000554963  -0.0001439648
       -0.0002167608   0.0001787930  -0.0968264345   0.0895899796   0.2315800139
        0.0014507702  -0.0032545319  -0.0014148346   0.0036070601  -0.0013079194
       -0.0018462683   0.0004571750  -0.0001806495   0.0003793830   0.0005629018
       -0.0005034510  -0.0018464469  -0.0002502791   0.0000497781   0.0002004453
       -0.0000632483   0.0002792303   0.0002090193   0.0000076202   0.0001184054
       -0.0000333604   0.0000521060   0.0000140297  -0.0000059596   0.0000162890
        0.0000031430   0.0000099141   0.0000522490   0.0000042692  -0.0000084815
        0.0000677632  -0.0000001534  -0.0000216645
       -0.0470672158  -0.0284908479   0.0014086183   0.0012448659   0.0126722107
       -0.0011022346   0.0002648910  -0.0004074378   0.0005297122   0.0006789223
        0.0006267651   0.0001909544  -0.0002108607   0.0000584202   0.0000244405
        0.0000503652   0.0000256564   0.0000183718   0.0000635235  -0.0000943899
       -0.0000012998  -0.0001214099  -0.0001209803   0.0000292239  -0.0006406348
        0.0006874774  -0.0002080203   0.0017087964   0.0151366226   0.0014507702
        0.0523075618   0.0330596287   0.0007247771  -0.0073779125  -0.0336682869
        0.0000477040  -0.0004815238   0.0016301082  -0.0023819785  -0.0000972472
        0.0000640224   0.0000608950  -0.0001873860  -0.0001926584  -0.0000371018
        0.0002621847   0.0000209876   0.0000715265   0.0000466096  -0.0001423183
        0.0000011335   0.0000476388  -0.0000450366   0.0000053563   0.0000664729
       -0.0000384553  -0.0000063964   0.0000331950  -0.0000105109  -0.0000061454
       -0.0005908363  -0.0007709771  -0.0008203068
       -0.0284840644  -0.2801393777   0.0042491606   0.0007095890  -0.0165152250
        0.0047083862  -0.0001269887   0.0011840527  -0.0009692840  -0.0002289930
       -0.0001364567  -0.0002612090   0.0002341706  -0.0002091804   0.0000251188
       -0.0002655916  -0.0000155641   0.0000001921  -0.0001038299   0.0002799570
        0.0000173896   0.0002181483  -0.0000462669   0.0000437350  -0.0006110008
        0.0001987212  -0.0004847487  -0.0009505470  -0.0183677404  -0.0032545319
        0.0330596287   0.3255519718  -0.0065272488  -0.0044749223  -0.0114881432
       -0.0004441695   0.0015827696  -0.0011399187   0.0030641212  -0.0000600261
        0.0000792627  -0.0002760549  -0.0000844871  -0.0002328609   0.0000442605
        0.0000185429   0.0004380739   0.0003442804  -0.0001060168   0.0001003990
       -0.0000256425  -0.0000232221  -0.0000248070   0.0000014911   0.0000108266
        0.0000054784  -0.0000011099  -0.0000599230   0.0000053728  -0.0000187212
       -0.0002540628   0.0004722515  -0.0002354151
        0.0013943431   0.0045471181  -0.0429499494   0.0019748484   0.0259064162
       -0.0030575819  -0.0000927255   0.0009683997   0.0010734030   0.0005899773
       -0.0002024845   0.0007018466  -0.0002013550  -0.0000389022   0.0000431176
        0.0000969496  -0.0000074119   0.0000038325   0.0001177753  -0.0001369603
       -0.0000014841   0.0000238636  -0.0001077764  -0.0000590555  -0.0001878282
        0.0006045607  -0.0001080059  -0.0021758159  -0.0275946421  -0.0014148346
        0.0007247771  -0.0065272488   0.0499017007   0.0006155690   0.0005455536
        0.0007886285  -0.0023306564   0.0032581258  -0.0043243010   0.0000403219
       -0.0001806782   0.0002164978   0.0000724693  -0.0000063412  -0.0000779800
       -0.0000685616  -0.0003572269  -0.0004715832   0.0000879903  -0.0000580836
       -0.0000233149   0.0000332462  -0.0000054784  -0.0000035685   0.0000321346
       -0.0000159732  -0.0000033516   0.0000338572   0.0000054004   0.0000042695
       -0.0007811803  -0.0005963670  -0.0002382854
       -0.2708993134  -0.0518818942   0.0001538057  -0.0169737828  -0.0016976062
       -0.0040179765   0.0010000023  -0.0001926211   0.0009525939  -0.0011957030
        0.0018098284  -0.0033125705  -0.0005113718  -0.0004807617  -0.0001303165
       -0.0000111958  -0.0000181597   0.0002643901   0.0001073837   0.0001121619
       -0.0000112300   0.0002755235   0.0001303814   0.0001587513  -0.0002341422
        0.0002766288  -0.0001538514  -0.0189910527  -0.0029593853   0.0036070601
       -0.0073779125  -0.0044749223   0.0006155690   0.3145431152   0.0592829700
        0.0017507896   0.0002188287   0.0000874047   0.0004006524   0.0000753583
       -0.0000114923   0.0002513312   0.0003903658   0.0000066886  -0.0003426772
       -0.0001873480  -0.0000875110  -0.0000723387  -0.0000088268   0.0000512294
       -0.0000700075  -0.0001011433   0.0000537089   0.0000093258  -0.0000639958
       -0.0000047237  -0.0000431465  -0.0000258462  -0.0000496150  -0.0000052635
       -0.0000289430   0.0000476901  -0.0000048908
       -0.0516561706  -0.0554583771  -0.0013536235   0.0112320879   0.0021509511
        0.0018169582  -0.0001805813   0.0001582229  -0.0003366274   0.0005803449
       -0.0003907191   0.0019356513   0.0004514201   0.0000330520  -0.0000544258
       -0.0000314569  -0.0000680861  -0.0001695816  -0.0000330410   0.0000982649
        0.0000201701   0.0000450217   0.0000427621  -0.0002033757  -0.0000242776
        0.0000567146  -0.0002079801   0.0132163344   0.0029884548  -0.0013079194
       -0.0336682869  -0.0114881432   0.0005455536   0.0592829700   0.0614915629
       -0.0008481075   0.0007240443   0.0002786846  -0.0000157177   0.0000880847
       -0.0001131640  -0.0000446916   0.0000114890   0.0002678785  -0.0001161482
       -0.0001928479  -0.0002341747   0.0000077571  -0.0000168271   0.0000419376
        0.0000496211   0.0000207743   0.0000016573   0.0000133774  -0.0000029941
        0.0000007481   0.0000487175   0.0000172838   0.0000085907  -0.0000104023
        0.0001366281   0.0001331819   0.0002307943
        0.0000864865  -0.0010257821  -0.0420458310  -0.0255692629  -0.0042414251
       -0.0034690718  -0.0008803376   0.0000343966   0.0007379475  -0.0019557777
        0.0020429379  -0.0040326017  -0.0009031408  -0.0002001358   0.0000059566
       -0.0001206606   0.0000798778   0.0003432401  -0.0000176509   0.0000781576
       -0.0000087055   0.0001415825  -0.0000072175   0.0002273672  -0.0004101103
        0.0000635758   0.0000369444   0.0272319554   0.0048906771  -0.0018462683
        0.0000477040  -0.0004441695   0.0007886285   0.0017507896  -0.0008481075
        0.0494010694   0.0000297785  -0.0003959979   0.0006188551   0.0001629990
       -0.0000037985   0.0002026180   0.0003435970   0.0001013591  -0.0006597021
        0.0000395429  -0.0000432243  -0.0000776124   0.0000446641  -0.0000233679
       -0.0000865234  -0.0000711929   0.0000126657   0.0000026510  -0.0000070325
       -0.0000082323  -0.0000602675  -0.0000047989  -0.0000177381  -0.0000074910
        0.0000608657  -0.0000444510  -0.0000712030
        0.0015482501   0.0124833825  -0.0026254843  -0.0486367290  -0.0349677162
        0.0002933700   0.0015338761   0.0125672799   0.0024310277  -0.0110588441
       -0.0297188153   0.0002426731   0.0002029440  -0.0029762563   0.0000153569
        0.0002133265  -0.0001083435  -0.0000008057   0.0002154773   0.0001540595
       -0.0000002006  -0.0003109973  -0.0013780308   0.0000017092  -0.0060239490
       -0.0005725963   0.0000092114   0.0001226159  -0.0002411744   0.0004571750
       -0.0004815238   0.0015827696  -0.0023306564   0.0002188287   0.0007240443
        0.0000297785   0.0639135967   0.0386772573  -0.0003373352   0.0001221893
       -0.0002467309  -0.0004517589   0.0002204111   0.0007290910  -0.0000405441
       -0.0004892863   0.0016285596   0.0023110037  -0.0010524136   0.0013527473
       -0.0000041413   0.0001127510   0.0000438764  -0.0000001032   0.0000346954
        0.0000724122  -0.0000000408  -0.0004632355  -0.0001244132   0.0000001330
        0.0000580165   0.0003185973  -0.0000003679
       -0.0003303899  -0.0160199081   0.0042058030  -0.0357318216  -0.2563641492
        0.0017787674  -0.0003358549  -0.0165347924  -0.0039964190  -0.0060622163
       -0.0109901890   0.0000914474   0.0026238659   0.0014514332  -0.0000122098
        0.0002130489  -0.0001809136  -0.0000025077   0.0002377631   0.0003125364
       -0.0000014323   0.0001116721  -0.0004918057   0.0000014603  -0.0021111938
        0.0000235546   0.0000094850  -0.0002973844   0.0003624298  -0.0001806495
        0.0016301082  -0.0011399187   0.0032581258   0.0000874047   0.0002786846
       -0.0003959979   0.0386772573   0.2993567372  -0.0020297789  -0.0003012224
        0.0003558688   0.0001786943   0.0000805346   0.0002906014   0.0004037352
        0.0016744602  -0.0012463959  -0.0033083828  -0.0000419615   0.0004493597
        0.0000008543   0.0000137381   0.0000537826   0.0000002191  -0.0000613549
       -0.0000163478   0.0000005861  -0.0001975306  -0.0001343852  -0.0000000160
        0.0001210772   0.0001838173  -0.0000017838
        0.0009232783   0.0262897156  -0.0044023748   0.0003124431   0.0017778688
       -0.0413427307  -0.0008996648  -0.0260640413  -0.0038863953   0.0000240005
        0.0000697940   0.0010986181  -0.0000170750  -0.0000072258  -0.0001662854
        0.0000002610   0.0000009050   0.0000032158  -0.0000010870  -0.0000035979
        0.0000373918  -0.0000049624   0.0000035210   0.0000623239   0.0000143657
        0.0000077759   0.0010800390   0.0002700185   0.0004385674   0.0003793830
       -0.0023819785   0.0030641212  -0.0043243010   0.0004006524  -0.0000157177
        0.0006188551  -0.0003373352  -0.0020297789   0.0541705016  -0.0002650446
       -0.0004344750   0.0003820639  -0.0004034334   0.0000202042   0.0006136823
        0.0023588883  -0.0031101875  -0.0042087860   0.0000053293  -0.0000054514
        0.0001418943   0.0000000395  -0.0000004341  -0.0000200549   0.0000002789
       -0.0000001725  -0.0000061701   0.0000011724   0.0000001987  -0.0001047133
       -0.0000001468  -0.0000015897  -0.0001261573
       -0.0002737628   0.0006636091   0.0018509866   0.0046236291  -0.0042117728
        0.0099369315  -0.0887772394   0.0396538232  -0.0853513981   0.0005910054
       -0.0001903877   0.0008495574   0.0001472087   0.0000780165  -0.0000070863
       -0.0001038597  -0.0000066541  -0.0000633677  -0.0000729002   0.0000132276
       -0.0000127271  -0.0000576025  -0.0000608728  -0.0000461317  -0.0000209546
       -0.0000649969   0.0000174909   0.0003816815  -0.0001254450   0.0005629018
       -0.0000972472  -0.0000600261   0.0000403219   0.0000753583   0.0000880847
        0.0001629990   0.0001221893  -0.0003012224  -0.0002650446   0.1005564968
       -0.0473491334   0.0976802138  -0.0189751660   0.0126955224  -0.0274707393
        0.0016838664  -0.0008820437   0.0021487822   0.0000518123  -0.0000185165
       -0.0000093447   0.0000417736  -0.0000177972  -0.0000048151   0.0000377594
        0.0000092614   0.0000051566   0.0000247248   0.0000356207  -0.0000037001
        0.0000412270   0.0000517030  -0.0000209870
        0.0007748486   0.0000306017  -0.0017784555  -0.0042218698   0.0041866711
       -0.0090548130   0.0395313646  -0.0802389179   0.0758708771  -0.0002273843
        0.0002784345   0.0002310104  -0.0001795025   0.0001778402   0.0000009435
        0.0000677633   0.0000485788  -0.0000103984  -0.0000245662  -0.0000471125
       -0.0000092445  -0.0001809373   0.0000483347  -0.0000464475  -0.0000974934
       -0.0001464908   0.0000342138  -0.0001339677   0.0003280329  -0.0005034510
        0.0000640224   0.0000792627  -0.0001806782  -0.0000114923  -0.0001131640
       -0.0000037985  -0.0002467309   0.0003558688  -0.0004344750  -0.0473491334
        0.0900574513  -0.0869884867  -0.0030555642   0.0029420245  -0.0050265366
        0.0151144539  -0.0177933727   0.0279012438   0.0000000110  -0.0000983781
       -0.0000247196  -0.0000024625  -0.0000133667   0.0000062204  -0.0000078537
       -0.0000235419   0.0000075397   0.0000116230  -0.0000266433   0.0000029505
        0.0001748712  -0.0000321132   0.0000065053
        0.0028107366  -0.0027035200  -0.0051069218  -0.0085066877   0.0084995081
       -0.0249854965  -0.0851718993   0.0757910211  -0.2001103129  -0.0005429231
        0.0003640583   0.0000189091  -0.0000324868  -0.0000980955   0.0001025333
       -0.0001002423   0.0000097636  -0.0000650175  -0.0000454573  -0.0000345087
        0.0000033923  -0.0000476374  -0.0000218698  -0.0000547531   0.0001453189
        0.0002193346   0.0001791540  -0.0005561701   0.0004674338  -0.0018464469
        0.0000608950  -0.0002760549   0.0002164978   0.0002513312  -0.0000446916
        0.0002026180  -0.0004517589   0.0001786943   0.0003820639   0.0976802138
       -0.0869884867   0.2348964341  -0.0035755149   0.0012312867  -0.0018163432
       -0.0017182169   0.0035375707  -0.0019577510  -0.0000092147  -0.0001145764
       -0.0000312558  -0.0000520174  -0.0000139677  -0.0000063153  -0.0000160160
       -0.0000027174   0.0000099782  -0.0000523445  -0.0000036804  -0.0000081406
       -0.0000699080   0.0000034980  -0.0000228261
        0.0009975031  -0.0002080501  -0.0009463712  -0.0170238785  -0.0016628557
        0.0040313540  -0.2707218850  -0.0522457551   0.0005125467  -0.0012009177
        0.0018657655   0.0032849515  -0.0005166407  -0.0004792500   0.0001363813
       -0.0000136014  -0.0000195414  -0.0002645839   0.0001073667   0.0001122786
        0.0000102239   0.0002765748   0.0001290589  -0.0001580408  -0.0002328975
        0.0002777849   0.0001482130   0.0000759388  -0.0000154792  -0.0002502791
       -0.0001873860  -0.0000844871   0.0000724693   0.0003903658   0.0000114890
        0.0003435970   0.0002204111   0.0000805346  -0.0004034334  -0.0189751660
       -0.0030555642  -0.0035755149   0.3143474589   0.0596746355  -0.0025101267
       -0.0073146960  -0.0044820171  -0.0005437057  -0.0000085009   0.0000524913
        0.0000692874  -0.0001015414   0.0000536822  -0.0000093104  -0.0000639451
       -0.0000042409   0.0000427914  -0.0000256721  -0.0000494152   0.0000054643
       -0.0000288908   0.0000489356   0.0000040864
       -0.0001667647   0.0001608538   0.0003438509   0.0116543747   0.0022038553
       -0.0019024602  -0.0520268693  -0.0555883886   0.0015376263   0.0006176621
       -0.0004606671  -0.0019960301   0.0004686226   0.0000367479   0.0000530587
       -0.0000266561  -0.0000668599   0.0001757992  -0.0000331148   0.0000950953
       -0.0000217939   0.0000401724   0.0000467416   0.0002057552  -0.0000215430
        0.0000559705   0.0002090447   0.0000856700  -0.0001112914   0.0000497781
       -0.0001926584  -0.0002328609  -0.0000063412   0.0000066886   0.0002678785
        0.0001013591   0.0007290910   0.0002906014   0.0000202042   0.0126955224
        0.0029420245   0.0012312867   0.0596746355   0.0617335014   0.0007022493
       -0.0336623757  -0.0115589111  -0.0003656490  -0.0000174169   0.0000422061
       -0.0000512402   0.0000221295   0.0000014076  -0.0000130102  -0.0000030833
        0.0000004949  -0.0000499280   0.0000172010   0.0000087268   0.0000100036
        0.0001387123   0.0001328734  -0.0002335630
        0.0008841115  -0.0000262182   0.0007300491   0.0253496224   0.0041842902
       -0.0034728404   0.0005700404   0.0012035687  -0.0420955437   0.0019494192
       -0.0020961611  -0.0039564361   0.0008988939   0.0002001216   0.0000011561
        0.0001220934  -0.0000768445   0.0003393342   0.0000174326  -0.0000796370
       -0.0000076458  -0.0001418425   0.0000085769   0.0002213814   0.0004081206
       -0.0000672880   0.0000359290  -0.0001641988   0.0000085521   0.0002004453
       -0.0000371018   0.0000442605  -0.0000779800  -0.0003426772  -0.0001161482
       -0.0006597021  -0.0000405441   0.0004037352   0.0006136823  -0.0274707393
       -0.0050265366  -0.0018163432  -0.0025101267   0.0007022493   0.0493724525
        0.0005345761   0.0006561691   0.0007877249  -0.0000442877   0.0000226847
       -0.0000851522   0.0000710948  -0.0000124515   0.0000023924   0.0000067431
        0.0000073389  -0.0000589062   0.0000043333   0.0000174079  -0.0000072021
       -0.0000649633   0.0000423299  -0.0000667955
        0.0002679143  -0.0004146988  -0.0005264652   0.0012355515   0.0127446571
        0.0008851548  -0.0469469028  -0.0280670002  -0.0009078201   0.0006800515
        0.0006087162  -0.0002080391  -0.0002120500   0.0000569689  -0.0000254920
        0.0000506969   0.0000246424  -0.0000190567   0.0000646899  -0.0000953634
        0.0000021704  -0.0001188684  -0.0001237269  -0.0000267012  -0.0006579989
        0.0007015838   0.0002048576  -0.0000972510   0.0000619106  -0.0000632483
        0.0002621847   0.0000185429  -0.0000685616  -0.0001873480  -0.0001928479
        0.0000395429  -0.0004892863   0.0016744602   0.0023588883   0.0016838664
        0.0151144539  -0.0017182169  -0.0073146960  -0.0336623757   0.0005345761
        0.0521998710   0.0325598094  -0.0013116632   0.0000470914  -0.0001427817
        0.0000002181   0.0000477009  -0.0000453240  -0.0000049759   0.0000668061
       -0.0000389174   0.0000066609   0.0000330703  -0.0000106328   0.0000063643
       -0.0006150936  -0.0007720767   0.0008418069
       -0.0001268209   0.0011865890   0.0009692713   0.0007019805  -0.0170259100
       -0.0044642849  -0.0280669084  -0.2803479477  -0.0001244848  -0.0002399962
       -0.0001322100   0.0002717996   0.0002378152  -0.0002084800  -0.0000233841
       -0.0002669119  -0.0000149678   0.0000005610  -0.0001064393   0.0002822069
       -0.0000205612   0.0002175397  -0.0000442013  -0.0000437871  -0.0006190991
        0.0001937469   0.0004841663  -0.0000619537   0.0000878158   0.0002792303
        0.0000209876   0.0004380739  -0.0003572269  -0.0000875110  -0.0002341747
       -0.0000432243   0.0016285596  -0.0012463959  -0.0031101875  -0.0008820437
       -0.0177933727   0.0035375707  -0.0044820171  -0.0115589111   0.0006561691
        0.0325598094   0.3258386069   0.0017200620  -0.0001063641   0.0001016297
        0.0000241948  -0.0000236458  -0.0000246697  -0.0000011586   0.0000102140
        0.0000058786   0.0000007885  -0.0000605523   0.0000053636   0.0000191284
       -0.0002466424   0.0004913297   0.0002253571
        0.0000922322  -0.0009712217   0.0010755785  -0.0019525084  -0.0256505754
       -0.0025266673  -0.0008948623  -0.0004227056  -0.0428704699  -0.0005822617
        0.0002220854   0.0006905044   0.0001949750   0.0000433402   0.0000429208
       -0.0000906258   0.0000079416   0.0000045553  -0.0001152835   0.0001315529
       -0.0000019900  -0.0000291755   0.0001075381  -0.0000595140   0.0002009767
       -0.0006027808  -0.0001134602  -0.0000388648   0.0001812852   0.0002090193
        0.0000715265   0.0003442804  -0.0004715832  -0.0000723387   0.0000077571
       -0.0000776124   0.0023110037  -0.0033083828  -0.0042087860   0.0021487822
        0.0279012438  -0.0019577510  -0.0005437057  -0.0003656490   0.0007877249
       -0.0013116632   0.0017200620   0.0497454733  -0.0000866401   0.0000560351
       -0.0000234394  -0.0000327527   0.0000054668  -0.0000033839  -0.0000320270
        0.0000151289  -0.0000034817  -0.0000327251  -0.0000058954   0.0000036799
        0.0007959383   0.0005834931  -0.0002413174
       -0.0000692744  -0.0000816785  -0.0000024348   0.0010143960   0.0026558795
       -0.0000175118  -0.0000683883  -0.0000837001   0.0000038698   0.0052773678
        0.0147923880  -0.0000792140  -0.0754062756  -0.0830007557   0.0004508916
       -0.0132458079  -0.0288115129   0.0001558424  -0.0057225975  -0.0006776652
        0.0000095483  -0.0003234365   0.0004629838  -0.0000026018  -0.0016098859
        0.0030265033  -0.0000100812   0.0000515228   0.0000006581   0.0000076202
        0.0000466096  -0.0001060168   0.0000879903  -0.0000088268  -0.0000168271
        0.0000446641  -0.0010524136  -0.0000419615   0.0000053293   0.0000518123
        0.0000000110  -0.0000092147  -0.0000085009  -0.0000174169  -0.0000442877
        0.0000470914  -0.0001063641  -0.0000866401   0.0912564168   0.0933772819
       -0.0005172603   0.0006163811  -0.0007581721   0.0000018760  -0.0009089457
       -0.0015121494   0.0000088476  -0.0000495926  -0.0000409627  -0.0000009889
        0.0001123480   0.0009394773  -0.0000062443
       -0.0000664330   0.0003346392  -0.0000999271  -0.0018257851   0.0006109904
       -0.0000130951  -0.0000628311   0.0003369604   0.0000947967  -0.0076654810
       -0.0270704927   0.0001490870  -0.0835911757  -0.2631097184   0.0012208850
       -0.0040955430  -0.0072162227   0.0000411979  -0.0013830826   0.0013758014
        0.0000352621   0.0005603517   0.0008085708  -0.0000045797   0.0037825901
       -0.0034841436   0.0000554058  -0.0000165986  -0.0000974338   0.0001184054
       -0.0001423183   0.0001003990  -0.0000580836   0.0000512294   0.0000419376
       -0.0000233679   0.0013527473   0.0004493597  -0.0000054514  -0.0000185165
       -0.0000983781  -0.0001145764   0.0000524913   0.0000422061   0.0000226847
       -0.0001427817   0.0001016297   0.0000560351   0.0933772819   0.2980083003
       -0.0014576141   0.0006290735   0.0010547965  -0.0000191095  -0.0002516497
       -0.0005166115   0.0000031518  -0.0000401733  -0.0000314646  -0.0000099970
       -0.0005033957  -0.0016411256   0.0000088903
       -0.0004395119   0.0000795097  -0.0000400189   0.0000053139  -0.0000186575
       -0.0022509447   0.0004367089  -0.0000843155  -0.0000392698   0.0000449332
        0.0001362736   0.0010430893   0.0004566349   0.0012219188  -0.0340852534
        0.0000224047   0.0000506782   0.0006156679   0.0000162785   0.0000361179
        0.0081042326   0.0000001220  -0.0000027178  -0.0002146591  -0.0000200235
        0.0000543796   0.0077673111   0.0000080099   0.0000276332  -0.0000333604
        0.0000011335  -0.0000256425  -0.0000233149  -0.0000700075   0.0000496211
       -0.0000865234  -0.0000041413   0.0000008543   0.0001418943  -0.0000093447
       -0.0000247196  -0.0000312558   0.0000692874  -0.0000512402  -0.0000851522
        0.0000002181   0.0000241948  -0.0000234394  -0.0005172603  -0.0014576141
        0.0238531634  -0.0000043033  -0.0000183570  -0.0027371959   0.0000016540
        0.0000043328   0.0000587683  -0.0000007594  -0.0000100219  -0.0018282850
        0.0000026529   0.0000077719  -0.0001054539
       -0.0003155160  -0.0000673259   0.0000439046  -0.0007547325   0.0013995929
       -0.0000069775  -0.0003175987  -0.0000684725  -0.0000429412  -0.0056563078
       -0.0015655709   0.0000145735  -0.0216856644   0.0241411191  -0.0001144660
       -0.1413920237   0.1234375124  -0.0005829128   0.0056611845  -0.0068191464
        0.0000329117   0.0004699247  -0.0021840934   0.0000139855   0.0000276678
       -0.0008273945   0.0000047465   0.0000411559  -0.0000009073   0.0000521060
        0.0000476388  -0.0000232221   0.0000332462  -0.0001011433   0.0000207743
       -0.0000711929   0.0001127510   0.0000137381   0.0000000395   0.0000417736
       -0.0000024625  -0.0000520174  -0.0001015414   0.0000221295   0.0000710948
        0.0000477009  -0.0000236458  -0.0000327527   0.0006163811   0.0006290735
       -0.0000043033   0.1621465960  -0.1370042668   0.0006376500   0.0009534352
       -0.0007584284   0.0000019068   0.0001761627  -0.0003515396   0.0000023042
       -0.0000178444   0.0000325365  -0.0000009054
        0.0000432437   0.0000934444  -0.0000660146  -0.0001984318  -0.0001434660
        0.0000001709   0.0000433505   0.0000944607   0.0000654579  -0.0008245359
        0.0012611405   0.0000350973  -0.0003052569   0.0014784203  -0.0000035080
        0.1233920510  -0.2004871426   0.0007908093   0.0178359580  -0.0255870547
        0.0001269984  -0.0028788444  -0.0050517578   0.0000674743  -0.0007770555
        0.0004655963  -0.0000022590  -0.0000179762  -0.0000127907   0.0000140297
       -0.0000450366  -0.0000248070  -0.0000054784   0.0000537089   0.0000016573
        0.0000126657   0.0000438764   0.0000537826  -0.0000004341  -0.0000177972
       -0.0000133667  -0.0000139677   0.0000536822   0.0000014076  -0.0000124515
       -0.0000453240  -0.0000246697   0.0000054668  -0.0007581721   0.0010547965
       -0.0000183570  -0.1370042668   0.2277829327  -0.0009772123   0.0005022599
        0.0006796630  -0.0000166395   0.0009090938  -0.0016173320   0.0000082955
       -0.0000045269  -0.0000049146  -0.0000101435
        0.0000098225   0.0000133196   0.0000515360   0.0000002378  -0.0000024812
       -0.0001917570  -0.0000104313  -0.0000130890   0.0000514364   0.0000092915
        0.0000366666   0.0081770050   0.0000178420  -0.0000188761   0.0008547701
       -0.0005823815   0.0007929094  -0.0343267802  -0.0000958639   0.0001362112
        0.0007306525   0.0000201322   0.0000671851   0.0080846386   0.0000028032
       -0.0000000959  -0.0002258149   0.0000032792  -0.0000043614  -0.0000059596
        0.0000053563   0.0000014911  -0.0000035685   0.0000093258   0.0000133774
        0.0000026510  -0.0000001032   0.0000002191  -0.0000200549  -0.0000048151
        0.0000062204  -0.0000063153  -0.0000093104  -0.0000130102   0.0000023924
       -0.0000049759  -0.0000011586  -0.0000033839   0.0000018760  -0.0000191095
       -0.0027371959   0.0006376500  -0.0009772123   0.0240686000  -0.0000040113
       -0.0000160552  -0.0026219703  -0.0000051790   0.0000083992  -0.0000125684
       -0.0000005448  -0.0000105499  -0.0018683133
       -0.0000943220  -0.0000634268   0.0000381210   0.0002038565   0.0001998105
       -0.0000023921  -0.0000945715  -0.0000643445  -0.0000369672   0.0009521977
        0.0002453224  -0.0000011593   0.0003714793  -0.0027606408   0.0000180623
       -0.0143569076  -0.0035816905   0.0000242785  -0.2929383302  -0.0377269505
        0.0003087915  -0.0224959802  -0.0017682171   0.0000204357  -0.0015688213
        0.0038197243  -0.0000165994   0.0000378436  -0.0000080485   0.0000162890
        0.0000664729   0.0000108266   0.0000321346  -0.0000639958  -0.0000029941
       -0.0000070325   0.0000346954  -0.0000613549   0.0000002789   0.0000377594
       -0.0000078537  -0.0000160160  -0.0000639451  -0.0000030833   0.0000067431
        0.0000668061   0.0000102140  -0.0000320270  -0.0009089457  -0.0002516497
        0.0000016540   0.0009534352   0.0005022599  -0.0000040113   0.3303433617
        0.0419618736  -0.0003515701   0.0008465837  -0.0004462227   0.0000006271
       -0.0013286721  -0.0000035542   0.0000003593
        0.0000138057   0.0000842664   0.0000047586  -0.0000010705   0.0000939957
       -0.0000090570   0.0000174424   0.0000840505  -0.0000059781   0.0002137131
       -0.0006671124   0.0000043528  -0.0021318719  -0.0049284645   0.0000668076
       -0.0282378344  -0.0055217370   0.0000439056  -0.0377134425  -0.0497182779
        0.0000990498   0.0228911754   0.0027396387  -0.0000223389   0.0032059166
       -0.0030863052   0.0000544800   0.0000088959  -0.0000230266   0.0000031430
       -0.0000384553   0.0000054784  -0.0000159732  -0.0000047237   0.0000007481
       -0.0000082323   0.0000724122  -0.0000163478  -0.0000001725   0.0000092614
       -0.0000235419  -0.0000027174  -0.0000042409   0.0000004949   0.0000073389
       -0.0000389174   0.0000058786   0.0000151289  -0.0015121494  -0.0005166115
        0.0000043328  -0.0007584284   0.0006796630  -0.0000160552   0.0419618736
        0.0601025032  -0.0002065527   0.0008163934   0.0007618564  -0.0000167902
        0.0012302447  -0.0000571491   0.0000005695
       -0.0002821907   0.0000264709  -0.0000178803  -0.0000004185  -0.0000099320
       -0.0017000157   0.0002815566  -0.0000272667  -0.0000175054  -0.0000005282
        0.0000042940   0.0000901087   0.0000114340   0.0000669142   0.0080236515
        0.0001544656   0.0000326638   0.0004733754   0.0003097765   0.0001003388
       -0.0337903471  -0.0001112277  -0.0000107816   0.0004954071  -0.0000103421
        0.0000531942   0.0077607783  -0.0000058464  -0.0000066616   0.0000099141
       -0.0000063964  -0.0000011099  -0.0000033516  -0.0000431465   0.0000487175
       -0.0000602675  -0.0000000408   0.0000005861  -0.0000061701   0.0000051566
        0.0000075397   0.0000099782   0.0000427914  -0.0000499280  -0.0000589062
        0.0000066609   0.0000007885  -0.0000034817   0.0000088476   0.0000031518
        0.0000587683   0.0000019068  -0.0000166395  -0.0026219703  -0.0003515701
       -0.0002065527   0.0239021169  -0.0000053146  -0.0000165624  -0.0025659874
       -0.0000055737   0.0000007751   0.0000217848
       -0.0000308640  -0.0000296941   0.0000158218  -0.0003023960  -0.0013510469
        0.0000071889  -0.0000301266  -0.0000299074  -0.0000151578  -0.0057716652
       -0.0006563165   0.0000069922  -0.0003768176   0.0005946721  -0.0000030125
       -0.0014527359   0.0032951019  -0.0000120542   0.0060063277   0.0166123994
       -0.0000895365  -0.0770606104  -0.0853352771   0.0004622242  -0.0131795721
       -0.0284671126   0.0001557358   0.0000249957   0.0000125855   0.0000522490
        0.0000331950  -0.0000599230   0.0000338572  -0.0000258462   0.0000172838
       -0.0000047989  -0.0004632355  -0.0001975306   0.0000011724   0.0000247248
        0.0000116230  -0.0000523445  -0.0000256721   0.0000172010   0.0000043333
        0.0000330703  -0.0000605523  -0.0000327251  -0.0000495926  -0.0000401733
       -0.0000007594   0.0001761627   0.0009090938  -0.0000051790   0.0008465837
        0.0008163934  -0.0000053146   0.0909686583   0.0947465799  -0.0005209592
        0.0006554160  -0.0008053999   0.0000022669
       -0.0000237386   0.0000258771   0.0000364500   0.0001155283  -0.0003881801
        0.0000015505  -0.0000225910   0.0000248465  -0.0000362512  -0.0013861685
        0.0013098863   0.0000359933   0.0005385755   0.0009209233  -0.0000047574
        0.0039532164  -0.0031855305   0.0000553293  -0.0080534798  -0.0259516178
        0.0001423480  -0.0853158746  -0.2647174099   0.0012303625  -0.0042291394
       -0.0071582137   0.0000426795   0.0000355124  -0.0000259983   0.0000042692
       -0.0000105109   0.0000053728   0.0000054004  -0.0000496150   0.0000085907
       -0.0000177381  -0.0001244132  -0.0001343852   0.0000001987   0.0000356207
       -0.0000266433  -0.0000036804  -0.0000494152   0.0000087268   0.0000174079
       -0.0000106328   0.0000053636  -0.0000058954  -0.0000409627  -0.0000314646
       -0.0000100219  -0.0003515396  -0.0016173320   0.0000083992  -0.0004462227
        0.0007618564  -0.0000165624   0.0947465799   0.2991014913  -0.0014658307
        0.0006892710   0.0010638405  -0.0000196510
       -0.0000325315   0.0000184285  -0.0000227012  -0.0000009140   0.0000038300
        0.0000195072   0.0000334389  -0.0000185640  -0.0000222584   0.0000164191
        0.0000337052   0.0082814269  -0.0000033604  -0.0000005109  -0.0001435403
       -0.0000187267   0.0000557988   0.0079396244   0.0000423187   0.0001269634
        0.0007317874   0.0004603503   0.0012336341  -0.0343567756   0.0000257954
        0.0000512949   0.0007718299   0.0000038934  -0.0000038449  -0.0000084815
       -0.0000061454  -0.0000187212   0.0000042695  -0.0000052635  -0.0000104023
       -0.0000074910   0.0000001330  -0.0000000160  -0.0001047133  -0.0000037001
        0.0000029505  -0.0000081406   0.0000054643   0.0000100036  -0.0000072021
        0.0000063643   0.0000191284   0.0000036799  -0.0000009889  -0.0000099970
       -0.0018282850   0.0000023042   0.0000082955  -0.0000125684   0.0000006271
       -0.0000167902  -0.0025659874  -0.0005209592  -0.0014658307   0.0241087189
       -0.0000045188  -0.0000193556  -0.0027726991
       -0.0004315814  -0.0008546971  -0.0000651865   0.0002341908  -0.0004777254
        0.0000022992  -0.0004421481  -0.0008706085   0.0000805339   0.0062742910
       -0.0052914116   0.0000272643   0.0001054306  -0.0021366960   0.0000132922
        0.0000229722  -0.0006994426   0.0000036576  -0.0057094190  -0.0014276080
        0.0000131892  -0.0222583207   0.0243742757  -0.0001201845  -0.1384096339
        0.1228032069  -0.0006146504   0.0000401601   0.0001748584   0.0000677632
       -0.0005908363  -0.0002540628  -0.0007811803  -0.0000289430   0.0001366281
        0.0000608657   0.0000580165   0.0001210772  -0.0000001468   0.0000412270
        0.0001748712  -0.0000699080  -0.0000288908   0.0001387123  -0.0000649633
       -0.0006150936  -0.0002466424   0.0007959383   0.0001123480  -0.0005033957
        0.0000026529  -0.0000178444  -0.0000045269  -0.0000005448  -0.0013286721
        0.0012302447  -0.0000055737   0.0006554160   0.0006892710  -0.0000045188
        0.1623173309  -0.1370763281   0.0006594006
        0.0001741080   0.0000492370   0.0000902483   0.0011018301   0.0005778383
       -0.0000174401   0.0001843381   0.0000539702  -0.0000904068   0.0174697556
       -0.0257562416   0.0001323179  -0.0026518546  -0.0051083871   0.0000690845
       -0.0007782927   0.0004169367  -0.0000017358  -0.0007646788   0.0013357018
        0.0000366161  -0.0003226112   0.0014044166  -0.0000046983   0.1235242759
       -0.2034159536   0.0008516321   0.0000525258  -0.0000300270  -0.0000001534
       -0.0007709771   0.0004722515  -0.0005963670   0.0000476901   0.0001331819
       -0.0000444510   0.0003185973   0.0001838173  -0.0000015897   0.0000517030
       -0.0000321132   0.0000034980   0.0000489356   0.0001328734   0.0000423299
       -0.0007720767   0.0004913297   0.0005834931   0.0009394773  -0.0016411256
        0.0000077719   0.0000325365  -0.0000049146  -0.0000105499  -0.0000035542
       -0.0000571491   0.0000007751  -0.0008053999   0.0010638405  -0.0000193556
       -0.1370763281   0.2297305168  -0.0010310196
       -0.0006391616  -0.0004463547  -0.0001050140  -0.0000082538  -0.0000177303
       -0.0025312449   0.0006402743   0.0004486865  -0.0001127608  -0.0000942854
        0.0001396825   0.0011151594   0.0000199640   0.0000690038   0.0079002421
        0.0000022978  -0.0000008613  -0.0002031302   0.0000063930   0.0000357042
        0.0081763847   0.0000155591  -0.0000130884   0.0007560424  -0.0006176752
        0.0008498297  -0.0336910255   0.0000206699  -0.0000054125  -0.0000216645
       -0.0008203068  -0.0002354151  -0.0002382854  -0.0000048908   0.0002307943
       -0.0000712030  -0.0000003679  -0.0000017838  -0.0001261573  -0.0000209870
        0.0000065053  -0.0000228261   0.0000040864  -0.0002335630  -0.0000667955
        0.0008418069   0.0002253571  -0.0002413174  -0.0000062443   0.0000088903
       -0.0001054539  -0.0000009054  -0.0000101435  -0.0018683133   0.0000003593
        0.0000005695   0.0000217848   0.0000022669  -0.0000196510  -0.0027726991
        0.0006594006  -0.0010310196   0.0242082775
