           1           2  0.974969036345186     
           2           3  0.957483654498439     
           2           4  0.969817988869246     
           4           5  0.954551886041594     
           4           6  0.959877816936862     
           6           7  0.958015448856777     
           6           8  0.972479110697428     
           8           9  0.953207364373140     
           8          10  0.942902128328921     
          10          11  0.948809157933362     
           2          12  0.958720688608709     
          10          12  0.961177210798137     
          10          13   1.02006972231176     
           8          14   1.00249500406673     
           6          15   1.00069996638681     
           4          16   1.00129456836357     
           1          17   1.01328363337345     
           1          18  0.967141263174104     
           1          19  0.967586199749976     
          13          20  0.829117083843466     
          14          21  0.844193061605449     
          15          22  0.853381786205534     
          16          23  0.843216524417596     
          17          24  0.854897328754584     
