           1           2   1.01839648205363     
           2           3   1.00660151792428     
           3           4   1.01473356714883     
           1           5  0.987498188463236     
           1           6  0.987616729263643     
           1           7  0.986692740273577     
           2           8  0.977799410639965     
           2           9  0.977569879890349     
           3          10  0.978168939344703     
           3          11  0.972872092620091     
           4          12  0.964142739555762     
           4          13  0.960230462981125     
