           1           2  0.990525985964314     
           2           3  0.925455977805938     
           2           4  0.998425309504577     
           4           5   1.00599491470743     
           5           6  0.991954634907545     
           6           7  0.958778300724072     
           6           8  0.960501962845745     
           2           9  0.986251681263426     
           8           9   1.00741311321879     
           9          10   1.80261164306733     
           6          11  0.998259819612756     
          11          12   1.93408101714978     
          11          13   1.01800916832581     
           1          14  0.987082356281748     
           1          15  0.984776346315082     
           1          16  0.984923420861151     
           4          17  0.975160926720460     
           4          18  0.975647663523024     
           5          19  0.978524620182098     
           5          20  0.972089622954389     
           8          21  0.934123108615013     
           8          22  0.969176286577204     
          12          23  0.975177384168479     
          12          24  0.967774774354055     
          13          25  0.970521540504883     
          13          26  0.975971331520438     
          13          27  0.984146629517282     
