           1           2  0.984581851777100     
           2           3  0.994203795292084     
           2           4   1.35877959501420     
           2           5  0.216451220380959     
           4           5   1.60983462090565     
           1           6  0.974762815154544     
           1           7  0.980161488001910     
           1           8  0.974457883997967     
           3           9  0.970956466994484     
           3          10  0.970931082599687     
           3          11  0.976887650642132     
           4          12  0.923653429920817     
