           1           2  0.997921189776998     
           2           3  0.926910332961937     
           2           4  0.991229249425656     
           4           5   1.01005745264433     
           5           6  0.978545231891839     
           6           7  0.971104280792386     
           6           8  0.958736536658298     
           2           9  0.986658081667474     
           8           9   1.00697239508217     
           9          10   1.80118820226638     
           6          11  0.992179033685068     
          11          12   1.93138940587881     
          11          13   1.02696151231855     
           1          14  0.984713277127350     
           1          15  0.984272971642254     
           1          16  0.985509423391669     
           4          17  0.973488567771879     
           4          18  0.973628789422416     
           5          19  0.976019275293390     
           5          20  0.975525788488293     
           8          21  0.975064819728879     
           8          22  0.941059444148734     
          12          23  0.974320262246168     
          12          24  0.970402986927137     
          13          25  0.969339794091870     
          13          26  0.969694755487431     
          13          27  0.983715321561005     
