           1           2   1.01037559132635     
           2           3   1.01095879766750     
           2           4  0.977246218985068     
           4           5   1.01037562854778     
           4           6   1.01095873992373     
           1           7  0.986889715659198     
           1           8  0.986076129334650     
           1           9  0.986871428684587     
           2          10  0.969509909273157     
           3          11  0.985249447454818     
           3          12  0.984935195383780     
           3          13  0.985620805748023     
           4          14  0.969509876458911     
           5          15  0.986889787086308     
           5          16  0.986076676724154     
           5          17  0.986870780772733     
           6          18  0.984934568787663     
           6          19  0.985249750180802     
           6          20  0.985621093001620     
