           1           2  0.979188651510819     
           2           3  0.956507287474198     
           2           4  0.958543292202696     
           4           5  0.958437031380642     
           4           6  0.973904012415021     
           6           7  0.955693594035513     
           6           8  0.963156287647778     
           8           9  0.957762644493231     
           8          10  0.949986141190361     
          10          11  0.943194610061227     
           2          12  0.957566032085321     
          10          12  0.960767431524919     
          10          13   1.01743141660246     
           8          14  0.996534158636892     
           6          15   1.00626416377618     
           4          16   1.00309244204980     
           1          17   1.01015760438608     
           1          18  0.966073634611685     
           1          19  0.969935805909412     
          13          20  0.827518082540475     
          14          21  0.839620186698218     
          15          22  0.842878755195668     
          16          23  0.843146904377674     
          17          24  0.854369933923039     
