           1           2   1.02437515208046     
           2           3   1.79913110445190     
           2           4  0.984826224580435     
           4           5  0.959974049145038     
           5           6   1.00542950969760     
           6           7   1.00903486755193     
           7           8   1.00907762725102     
           4           9  0.989576556064542     
           8           9   1.00746986121242     
           1          10  0.980508956256480     
           1          11  0.957189872262602     
           1          12  0.943233342436743     
           4          13  0.959698806487751     
           5          14  0.974482647294847     
           5          15  0.977680306970015     
           6          16  0.974504991706332     
           6          17  0.977129231289069     
           7          18  0.976869401560688     
           7          19  0.977091045384263     
           8          20  0.975989066642401     
           8          21  0.977190419098308     
           9          22  0.973329738220699     
           9          23  0.976847438535070     
