           1           2  0.927481268886241     
           2           3   1.17580057153850     
           2           4  0.178224454159034     
           3           4   1.71793728447917     
           3           5  0.973584424942905     
           5           6  0.958896980311759     
           1           7  0.974160334380514     
           1           8  0.975059511836143     
           1           9  0.975070668406543     
           5          10  0.945873025093481     
           5          11  0.945630715426808     
