           1           2   1.00715749369936     
           2           3   1.00290823089193     
           2           4  0.900576989683701     
           4           5   1.17614854355036     
           4           6  0.170748443407663     
           5           6   1.67943111561545     
           5           7  0.997476833833758     
           1           8  0.984174249802537     
           1           9  0.982671780054179     
           1          10  0.980782053985848     
           2          11  0.962517542744885     
           3          12  0.983780476371768     
           3          13  0.981060304935374     
           3          14  0.985505218104708     
           7          15  0.949429159286609     
           7          16  0.979602835528473     
           7          17  0.960758319891202     
