$hessian                                                                        
        0.4765250883   0.0243008910  -0.0210091205  -0.1484506279   0.0532971669
       -0.0419692762  -0.0290949098   0.0093179534  -0.0046545818   0.0009337680
        0.0001203984  -0.0007589897   0.0003222645  -0.0000967757   0.0001317724
       -0.0039182075  -0.0003057832   0.0013187240  -0.0425460462  -0.0130211183
       -0.0018376574  -0.0433802911  -0.0030192173  -0.0148542658  -0.2022835850
       -0.0772655827   0.0889817890  -0.0057648971   0.0032667962  -0.0049286729
       -0.0013128814   0.0030025531  -0.0003231568  -0.0007416518   0.0001070687
       -0.0000209792  -0.0000972752   0.0002466806  -0.0000549821  -0.0001907477
        0.0000489689  -0.0000206028
        0.0243008910   0.5148891337   0.0116499689   0.0498410521  -0.0968546558
        0.0230339581  -0.0006455121   0.0030084933  -0.0027924574  -0.0003636449
        0.0002467363  -0.0001363919   0.0008229148  -0.0005533302   0.0002103749
       -0.0023486657   0.0015790740  -0.0001097870  -0.0134577785  -0.2774455028
       -0.0482816228  -0.0029718823  -0.0499690871  -0.0348543465  -0.0766786187
       -0.0790177414   0.0406618286  -0.0023740966   0.0025430458  -0.0006967870
        0.0253586384  -0.0185990896   0.0111146076  -0.0011698358  -0.0000151888
        0.0003369576  -0.0001826745   0.0000911647  -0.0000619110  -0.0001307872
        0.0000969478  -0.0000743922
       -0.0210091205   0.0116499689   0.5154890320  -0.0386792807   0.0228611056
       -0.0846650422   0.0055590685  -0.0043892308   0.0039647821   0.0011757031
       -0.0002562235   0.0010041669   0.0001460099  -0.0000685772  -0.0001883498
        0.0044410808  -0.0012726189   0.0003451494  -0.0021466684  -0.0475379517
       -0.0541085440  -0.0149419936  -0.0349955461  -0.2785232390   0.0886618128
        0.0408373254  -0.0919212624  -0.0248616436   0.0138163928  -0.0136482903
        0.0013048666  -0.0005838505   0.0018951717   0.0000762192  -0.0001527574
        0.0001723814   0.0001603567  -0.0000190225   0.0000773536   0.0001135892
        0.0001109858   0.0001066907
       -0.1484506279   0.0498410521  -0.0386792807   0.4429479556   0.0048876192
        0.0133847519  -0.1356803681  -0.0359863355   0.0538211612  -0.0013923382
       -0.0003595918   0.0030355499  -0.0090750194  -0.0071310782   0.0041269568
       -0.0310622324   0.0064759711   0.0037370279  -0.0007700529   0.0033975913
       -0.0001420661  -0.0048708923   0.0020326054  -0.0051713949  -0.0256995771
        0.0120630934  -0.0084838898  -0.0437237947  -0.0063468823  -0.0226652542
       -0.0425998561  -0.0284041168  -0.0033192349   0.0000627900   0.0001683452
        0.0001351942  -0.0000413921  -0.0014062693  -0.0000161042   0.0003554057
        0.0007679962   0.0002365828
        0.0532971669  -0.0968546558   0.0228611056   0.0048876192   0.5179685397
        0.0214856891  -0.0348419546  -0.0728524646   0.0163475330   0.0030520218
        0.0022037656  -0.0021476175  -0.0235589862  -0.0116664920   0.0115547116
        0.0167299544  -0.0005392756  -0.0031982269   0.0251175578  -0.0180105806
        0.0108258321  -0.0020731957   0.0020326706   0.0002530897  -0.0068637233
        0.0041183362  -0.0030929728  -0.0061270594  -0.0550838668  -0.0460580531
       -0.0275174432  -0.2671458079  -0.0294072660   0.0001796789   0.0003547140
        0.0001566252  -0.0022225850  -0.0054370517  -0.0004455799  -0.0000590514
        0.0009121692   0.0008651299
       -0.0419692762   0.0230339581  -0.0846650422   0.0133847519   0.0214856891
        0.5170119735   0.0545260234   0.0160133203  -0.1006582401   0.0239269196
        0.0077685250  -0.0190210668  -0.0014994553   0.0007286394   0.0020728737
       -0.0081163532   0.0005900440   0.0042230802   0.0036167910  -0.0010299527
        0.0019555823  -0.0256033165   0.0142147793  -0.0146906063   0.0099298295
       -0.0050704366   0.0043582980  -0.0231341793  -0.0469824879  -0.2623381957
       -0.0030594733  -0.0288430275  -0.0499358502  -0.0000817366   0.0001088525
        0.0000843622  -0.0007758968  -0.0012841412   0.0006030226  -0.0011446280
       -0.0007337619   0.0009998088
       -0.0290949098  -0.0006455121   0.0055590685  -0.1356803681  -0.0348419546
        0.0545260234   0.3515273736   0.0736726666  -0.0245756132  -0.0378811364
       -0.0065092741  -0.0145891285  -0.0712346711  -0.0432203563  -0.0054054702
       -0.0583026056   0.0269148636  -0.0183347855   0.0005436012  -0.0002543146
        0.0003333371   0.0004212361  -0.0002565013   0.0006888322  -0.0031718653
        0.0019740236  -0.0011826814  -0.0012192941   0.0004945406   0.0029592243
       -0.0082579703  -0.0043890849   0.0037048617   0.0034644266   0.0181187403
        0.0020714227  -0.0101044621  -0.0272053927  -0.0036510131  -0.0010093547
       -0.0038524440  -0.0021040781
        0.0093179534   0.0030084933  -0.0043892308  -0.0359863355  -0.0728524646
        0.0160133203   0.0736726666   0.3920358915   0.0405503574  -0.0078170141
       -0.0447992989  -0.0442456040  -0.0385844508  -0.1810668373  -0.0268625060
        0.0256488644  -0.0427399365   0.0122497970   0.0006405366  -0.0000738706
       -0.0005046874   0.0001403211   0.0003508662  -0.0001450280   0.0024508137
       -0.0004790886   0.0006296305   0.0036758409   0.0020842930  -0.0021930455
       -0.0259515382  -0.0132596654   0.0153043658  -0.0009172813  -0.0218408909
       -0.0009711578  -0.0042792637  -0.0106937357   0.0005340631  -0.0020111132
       -0.0096737555  -0.0059702747
       -0.0046545818  -0.0027924574   0.0039647821   0.0538211612   0.0163475330
       -0.1006582401  -0.0245756132   0.0405503574   0.4947313146  -0.0175097876
       -0.0407445013  -0.2634340333  -0.0061667349  -0.0281042737  -0.0730971412
       -0.0197357063   0.0140630563  -0.0375416765   0.0000007750  -0.0000972361
        0.0002160047  -0.0017350392  -0.0000254931   0.0008322211  -0.0024620913
        0.0008289205  -0.0000400727   0.0265930007   0.0082476999  -0.0212882326
       -0.0008480822   0.0000541501   0.0014758483   0.0019052715   0.0100108391
        0.0016298776   0.0039988657   0.0124740519   0.0021694526  -0.0086314375
       -0.0308126466  -0.0089601046
        0.0009337680  -0.0003636449   0.0011757031  -0.0013923382   0.0030520218
        0.0239269196  -0.0378811364  -0.0078170141  -0.0175097876   0.0525479966
        0.0042928653   0.0191776364   0.0002004880  -0.0029967838  -0.0080897931
       -0.0110496650   0.0064014208  -0.0205353378  -0.0000089976  -0.0000587325
       -0.0000670414  -0.0005728250   0.0000506558  -0.0004316215   0.0000855797
        0.0000283719  -0.0001942853  -0.0038707853  -0.0014111421   0.0031290975
        0.0005195343   0.0004180678   0.0000572387   0.0003115992   0.0004604810
        0.0002325447  -0.0001460193  -0.0000446826  -0.0004325003   0.0003228010
       -0.0020118843  -0.0004387729
        0.0001203984   0.0002467363  -0.0002562235  -0.0003595918   0.0022037656
        0.0077685250  -0.0065092741  -0.0447992989  -0.0407445013   0.0042928653
        0.0599756538   0.0459889520  -0.0038375759  -0.0100819889  -0.0274953306
        0.0092062031  -0.0027216282   0.0156949435   0.0000181841  -0.0002038566
       -0.0001473051   0.0002319644   0.0001839454  -0.0000363465   0.0000452812
       -0.0001215858   0.0000801226  -0.0015496193   0.0001526796   0.0010693900
        0.0000295686  -0.0000002163   0.0005939159  -0.0000290434   0.0003494928
       -0.0004551109   0.0002584021   0.0005812049  -0.0002706828  -0.0019177627
       -0.0057649038  -0.0017903485
       -0.0007589897  -0.0001363919   0.0010041669   0.0030355499  -0.0021476175
       -0.0190210668  -0.0145891285  -0.0442456040  -0.2634340333   0.0191776364
        0.0459889520   0.2984175500  -0.0010120705  -0.0044007548  -0.0076388788
       -0.0086414845   0.0052401031  -0.0088510107   0.0000218105  -0.0000731871
       -0.0002036787   0.0004066554  -0.0000549575   0.0003730685  -0.0002376705
       -0.0000211603   0.0001136032   0.0032152287   0.0012826907  -0.0019712642
       -0.0004894470  -0.0000687410   0.0003249609   0.0002503479   0.0001762337
        0.0002298085  -0.0000374748   0.0004196200   0.0004031604  -0.0003409633
       -0.0019591853   0.0002536142
        0.0003222645   0.0008229148   0.0001460099  -0.0090750194  -0.0235589862
       -0.0014994553  -0.0712346711  -0.0385844508  -0.0061667349   0.0002004880
       -0.0038375759  -0.0010120705   0.5236295797  -0.0157623819  -0.0013097514
       -0.0021883681   0.0222407581  -0.0003718664  -0.0006747198  -0.0009878173
        0.0002588849  -0.0000638048  -0.0001978938   0.0000409696  -0.0000376039
       -0.0002961596  -0.0000755374   0.0006862675   0.0000886236  -0.0011243240
       -0.0040048081  -0.0024241781   0.0023440823  -0.1592377071   0.1031593511
       -0.0666629086  -0.2323944046  -0.0380734331   0.0939836157  -0.0459274927
       -0.0025887707  -0.0185509141
       -0.0000967757  -0.0005533302  -0.0000685772  -0.0071310782  -0.0116664920
        0.0007286394  -0.0432203563  -0.1810668373  -0.0281042737  -0.0029967838
       -0.0100819889  -0.0044007548  -0.0157623819   0.4573915582  -0.0108609640
        0.0093509844  -0.0269073715   0.0032175589   0.0001577726   0.0002002752
       -0.0001547144  -0.0000637529   0.0000440721   0.0000143186  -0.0000111223
       -0.0000158833  -0.0000430536   0.0009512086   0.0006458406  -0.0004631884
       -0.0015732783  -0.0001305104   0.0006271996   0.1027724840  -0.1302416331
        0.0575631498  -0.0394185910  -0.0489242424   0.0190546683  -0.0029583291
       -0.0486934569  -0.0371100084
        0.0001317724   0.0002103749  -0.0001883498   0.0041269568   0.0115547116
        0.0020728737  -0.0054054702  -0.0268625060  -0.0730971412  -0.0080897931
       -0.0274953306  -0.0076388788  -0.0013097514  -0.0108609640   0.5254592675
       -0.0016244123   0.0102976900   0.0024032412  -0.0002373296   0.0000865247
        0.0001899418   0.0002132169  -0.0000259575   0.0001533161   0.0001080196
        0.0000718007   0.0001079501   0.0003988809   0.0011733162   0.0011725015
        0.0027114024   0.0017666603  -0.0006525063  -0.0665591510   0.0577053178
       -0.0799763282   0.0937618705   0.0188456419  -0.0913422898  -0.0182262119
       -0.0364672802  -0.2786635979
       -0.0039182075  -0.0023486657   0.0044410808  -0.0310622324   0.0167299544
       -0.0081163532  -0.0583026056   0.0256488644  -0.0197357063  -0.0110496650
        0.0092062031  -0.0086414845  -0.0021883681   0.0093509844  -0.0016244123
        0.1041872058  -0.0592914244   0.0322889533  -0.0000440330   0.0000645483
       -0.0001085100   0.0004600454  -0.0002144814   0.0001077316  -0.0017360315
        0.0008847215  -0.0004543113   0.0008513650   0.0001559843   0.0006625093
       -0.0002659070  -0.0005406496  -0.0003815475   0.0011224510   0.0011281232
        0.0005871393   0.0015356555  -0.0005253890   0.0000698185   0.0004103274
       -0.0002487735   0.0009050922
       -0.0003057832   0.0015790740  -0.0012726189   0.0064759711  -0.0005392756
        0.0005900440   0.0269148636  -0.0427399365   0.0140630563   0.0064014208
       -0.0027216282   0.0052401031   0.0222407581  -0.0269073715   0.0102976900
       -0.0592914244   0.0761512273  -0.0270084127  -0.0001732059  -0.0000370514
        0.0001236548  -0.0002385989   0.0000083933   0.0001039301   0.0003113083
       -0.0001937201   0.0001002369  -0.0003370944  -0.0000988987  -0.0007115020
       -0.0008974914   0.0014813822  -0.0002019730  -0.0008527659  -0.0071012590
       -0.0012041249  -0.0001838712   0.0002761909   0.0002609496  -0.0000640866
        0.0008428733  -0.0003810334
        0.0013187240  -0.0001097870   0.0003451494   0.0037370279  -0.0031982269
        0.0042230802  -0.0183347855   0.0122497970  -0.0375416765  -0.0205353378
        0.0156949435  -0.0088510107  -0.0003718664   0.0032175589   0.0024032412
        0.0322889533  -0.0270084127   0.0367945801   0.0000184695  -0.0000242276
       -0.0000713530   0.0002816889  -0.0000043296   0.0000776642   0.0002063643
       -0.0000964067   0.0001785735   0.0001669397  -0.0002660437   0.0008473795
       -0.0000344761  -0.0006459427   0.0001787398   0.0004165754   0.0000699722
        0.0008348700   0.0002226473   0.0002573366  -0.0001284940   0.0006190756
       -0.0001362314   0.0007092564
       -0.0425460462  -0.0134577785  -0.0021466684  -0.0007700529   0.0251175578
        0.0036167910   0.0005436012   0.0006405366   0.0000007750  -0.0000089976
        0.0000181841   0.0000218105  -0.0006747198   0.0001577726  -0.0002373296
       -0.0000440330  -0.0001732059   0.0000184695   0.0508426077   0.0142219169
        0.0037725098   0.0005612372  -0.0016617472  -0.0001204089  -0.0035110813
       -0.0273879113  -0.0041762232   0.0007960410  -0.0000340627   0.0005139953
       -0.0038587419   0.0035392110  -0.0017836448  -0.0013229093  -0.0009386000
        0.0008070441   0.0002010010  -0.0000515285  -0.0000002779  -0.0002079062
        0.0000096550  -0.0002868423
       -0.0130211183  -0.2774455028  -0.0475379517   0.0033975913  -0.0180105806
       -0.0010299527  -0.0002543146  -0.0000738706  -0.0000972361  -0.0000587325
       -0.0002038566  -0.0000731871  -0.0009878173   0.0002002752   0.0000865247
        0.0000645483  -0.0000370514  -0.0000242276   0.0142219169   0.3213369516
        0.0535977337  -0.0012987215  -0.0080966825  -0.0043605907  -0.0045529409
       -0.0172328536  -0.0021765086  -0.0004846896   0.0005015581  -0.0001077254
        0.0034089640  -0.0015627869   0.0015986975  -0.0004521572   0.0005110243
       -0.0000099699  -0.0000922220   0.0000347957   0.0000784889   0.0001096935
        0.0000785801   0.0000559050
       -0.0018376574  -0.0482816228  -0.0541085440  -0.0001420661   0.0108258321
        0.0019555823   0.0003333371  -0.0005046874   0.0002160047  -0.0000670414
       -0.0001473051  -0.0002036787   0.0002588849  -0.0001547144   0.0001899418
       -0.0001085100   0.0001236548  -0.0000713530   0.0037725098   0.0535977337
        0.0589448076  -0.0028267539  -0.0334128170  -0.0102570477   0.0024053116
        0.0146418421   0.0029433241   0.0000822949   0.0008831077   0.0004019154
       -0.0022063558   0.0018218854  -0.0000227577   0.0006261234   0.0004207141
        0.0002931500  -0.0000510861   0.0000955761  -0.0001250525  -0.0002389911
        0.0000908007  -0.0001562922
       -0.0433802911  -0.0029718823  -0.0149419936  -0.0048708923  -0.0020731957
       -0.0256033165   0.0004212361   0.0001403211  -0.0017350392  -0.0005728250
        0.0002319644   0.0004066554  -0.0000638048  -0.0000637529   0.0002132169
        0.0004600454  -0.0002385989   0.0002816889   0.0005612372  -0.0012987215
       -0.0028267539   0.0510116162   0.0011722591   0.0195535173   0.0000624475
        0.0029771994   0.0273154777  -0.0042045919   0.0026906499  -0.0028456782
        0.0004869093  -0.0004256689   0.0001410431   0.0000074444  -0.0002318629
       -0.0000666863   0.0000030059   0.0000159794   0.0000154267   0.0000784630
        0.0000753098   0.0000924418
       -0.0030192173  -0.0499690871  -0.0349955461   0.0020326054   0.0020326706
        0.0142147793  -0.0002565013   0.0003508662  -0.0000254931   0.0000506558
        0.0001839454  -0.0000549575  -0.0001978938   0.0000440721  -0.0000259575
       -0.0002144814   0.0000083933  -0.0000043296  -0.0016617472  -0.0080966825
       -0.0334128170   0.0011722591   0.0541538969   0.0391600740  -0.0005853137
        0.0020536615   0.0130723344   0.0026963358  -0.0006421503   0.0015738317
       -0.0000316297   0.0002516709   0.0006335363  -0.0001006742  -0.0002157210
       -0.0002661924  -0.0000120137  -0.0000462715   0.0000282383   0.0001276162
       -0.0001092645   0.0001024990
       -0.0148542658  -0.0348543465  -0.2785232390  -0.0051713949   0.0002530897
       -0.0146906063   0.0006888322  -0.0001450280   0.0008322211  -0.0004316215
       -0.0000363465   0.0003730685   0.0000409696   0.0000143186   0.0001533161
        0.0001077316   0.0001039301   0.0000776642  -0.0001204089  -0.0043605907
       -0.0102570477   0.0195535173   0.0391600740   0.3224787189   0.0023454973
       -0.0018097696  -0.0197138042  -0.0026264676   0.0019899191  -0.0008221307
        0.0003814278  -0.0000051996   0.0001812848  -0.0001173156  -0.0002970799
       -0.0001088092   0.0000541297  -0.0000209889   0.0000249150   0.0001493689
        0.0000080182  -0.0000055515
       -0.2022835850  -0.0766786187   0.0886618128  -0.0256995771  -0.0068637233
        0.0099298295  -0.0031718653   0.0024508137  -0.0024620913   0.0000855797
        0.0000452812  -0.0002376705  -0.0000376039  -0.0000111223   0.0001080196
       -0.0017360315   0.0003113083   0.0002063643  -0.0035110813  -0.0045529409
        0.0024053116   0.0000624475  -0.0005853137   0.0023454973   0.2357232975
        0.0864003062  -0.1015413446   0.0001197785  -0.0003902223   0.0000520147
        0.0004724979  -0.0002508896   0.0005276136  -0.0000752959   0.0000896695
        0.0000109896   0.0000738600  -0.0000167743   0.0000043483  -0.0000224212
        0.0000522260  -0.0000106949
       -0.0772655827  -0.0790177414   0.0408373254   0.0120630934   0.0041183362
       -0.0050704366   0.0019740236  -0.0004790886   0.0008289205   0.0000283719
       -0.0001215858  -0.0000211603  -0.0002961596  -0.0000158833   0.0000718007
        0.0008847215  -0.0001937201  -0.0000964067  -0.0273879113  -0.0172328536
        0.0146418421   0.0029771994   0.0020536615  -0.0018097696   0.0864003062
        0.0899069701  -0.0486768385  -0.0002216505   0.0000572867  -0.0002044086
        0.0007651999   0.0006213747  -0.0003489339   0.0000772420   0.0001858535
       -0.0001671131  -0.0000226135   0.0001253230  -0.0000451306   0.0000237597
       -0.0000079328   0.0000603091
        0.0889817890   0.0406618286  -0.0919212624  -0.0084838898  -0.0030929728
        0.0043582980  -0.0011826814   0.0006296305  -0.0000400727  -0.0001942853
        0.0000801226   0.0001136032  -0.0000755374  -0.0000430536   0.0001079501
       -0.0004543113   0.0001002369   0.0001785735  -0.0041762232  -0.0021765086
        0.0029433241   0.0273154777   0.0130723344  -0.0197138042  -0.1015413446
       -0.0486768385   0.1035250787  -0.0003504314  -0.0001152391   0.0002846388
        0.0001650095  -0.0003112790   0.0002145569   0.0000090764  -0.0001225635
       -0.0000613299  -0.0000237535  -0.0000025926  -0.0000097361   0.0000111053
       -0.0000031056   0.0000201821
       -0.0057648971  -0.0023740966  -0.0248616436  -0.0437237947  -0.0061270594
       -0.0231341793  -0.0012192941   0.0036758409   0.0265930007  -0.0038707853
       -0.0015496193   0.0032152287   0.0006862675   0.0009512086   0.0003988809
        0.0008513650  -0.0003370944   0.0001669397   0.0007960410  -0.0004846896
        0.0000822949  -0.0042045919   0.0026963358  -0.0026264676   0.0001197785
       -0.0002216505  -0.0003504314   0.0556432208   0.0056584302   0.0254198551
        0.0007710153  -0.0017971065  -0.0044494368  -0.0000554225   0.0000997119
       -0.0001227917   0.0000726913   0.0001796129  -0.0001155937  -0.0001015938
       -0.0003698240  -0.0002156559
        0.0032667962   0.0025430458   0.0138163928  -0.0063468823  -0.0550838668
       -0.0469824879   0.0004945406   0.0020842930   0.0082476999  -0.0014111421
        0.0001526796   0.0012826907   0.0000886236   0.0006458406   0.0011733162
        0.0001559843  -0.0000988987  -0.0002660437  -0.0000340627   0.0005015581
        0.0008831077   0.0026906499  -0.0006421503   0.0019899191  -0.0003902223
        0.0000572867  -0.0001152391   0.0056584302   0.0610673472   0.0522756767
       -0.0038464769  -0.0108707361  -0.0321712555   0.0000516669  -0.0001564590
        0.0001140281   0.0000712499  -0.0000509632  -0.0001472545  -0.0004491553
       -0.0001489769  -0.0001005504
       -0.0049286729  -0.0006967870  -0.0136482903  -0.0226652542  -0.0460580531
       -0.2623381957   0.0029592243  -0.0021930455  -0.0212882326   0.0031290975
        0.0010693900  -0.0019712642  -0.0011243240  -0.0004631884   0.0011725015
        0.0006625093  -0.0007115020   0.0008473795   0.0005139953  -0.0001077254
        0.0004019154  -0.0028456782   0.0015738317  -0.0008221307   0.0000520147
       -0.0002044086   0.0002846388   0.0254198551   0.0522756767   0.3050420520
       -0.0012252155  -0.0047686979  -0.0078636195   0.0000056143   0.0000626533
       -0.0002172494  -0.0003078038  -0.0001501805   0.0001551414   0.0003546383
        0.0003720367   0.0002453539
       -0.0013128814   0.0253586384   0.0013048666  -0.0425998561  -0.0275174432
       -0.0030594733  -0.0082579703  -0.0259515382  -0.0008480822   0.0005195343
        0.0000295686  -0.0004894470  -0.0040048081  -0.0015732783   0.0027114024
       -0.0002659070  -0.0008974914  -0.0000344761  -0.0038587419   0.0034089640
       -0.0022063558   0.0004869093  -0.0000316297   0.0003814278   0.0004724979
        0.0007651999   0.0001650095   0.0007710153  -0.0038464769  -0.0012252155
        0.0586898912   0.0312867054   0.0031861324  -0.0001650009   0.0001826621
       -0.0000281756  -0.0005166048  -0.0014557928  -0.0000086098   0.0000419225
        0.0002419123   0.0001509967
        0.0030025531  -0.0185990896  -0.0005838505  -0.0284041168  -0.2671458079
       -0.0288430275  -0.0043890849  -0.0132596654   0.0000541501   0.0004180678
       -0.0000002163  -0.0000687410  -0.0024241781  -0.0001305104   0.0017666603
       -0.0005406496   0.0014813822  -0.0006459427   0.0035392110  -0.0015627869
        0.0018218854  -0.0004256689   0.0002516709  -0.0000051996  -0.0002508896
        0.0006213747  -0.0003112790  -0.0017971065  -0.0108707361  -0.0047686979
        0.0312867054   0.3096557081   0.0315098163   0.0000536478   0.0001665435
       -0.0001423094  -0.0002439105  -0.0008354780   0.0000012166   0.0001754199
        0.0002276112   0.0002153188
       -0.0003231568   0.0111146076   0.0018951717  -0.0033192349  -0.0294072660
       -0.0499358502   0.0037048617   0.0153043658   0.0014758483   0.0000572387
        0.0005939159   0.0003249609   0.0023440823   0.0006271996  -0.0006525063
       -0.0003815475  -0.0002019730   0.0001787398  -0.0017836448   0.0015986975
       -0.0000227577   0.0001410431   0.0006335363   0.0001812848   0.0005276136
       -0.0003489339   0.0002145569  -0.0044494368  -0.0321712555  -0.0078636195
        0.0031861324   0.0315098163   0.0540374263  -0.0000863003  -0.0000256331
       -0.0000762458   0.0002465017   0.0007203487   0.0002320433   0.0001358475
        0.0000525737   0.0000109476
       -0.0007416518  -0.0011698358   0.0000762192   0.0000627900   0.0001796789
       -0.0000817366   0.0034644266  -0.0009172813   0.0019052715   0.0003115992
       -0.0000290434   0.0002503479  -0.1592377071   0.1027724840  -0.0665591510
        0.0011224510  -0.0008527659   0.0004165754  -0.0013229093  -0.0004521572
        0.0006261234   0.0000074444  -0.0001006742  -0.0001173156  -0.0000752959
        0.0000772420   0.0000090764  -0.0000554225   0.0000516669   0.0000056143
       -0.0001650009   0.0000536478  -0.0000863003   0.1847119937  -0.1194329399
        0.0769337230  -0.0253758892   0.0175245565  -0.0102407577  -0.0027068282
        0.0022954215  -0.0031376899
        0.0001070687  -0.0000151888  -0.0001527574   0.0001683452   0.0003547140
        0.0001088525   0.0181187403  -0.0218408909   0.0100108391   0.0004604810
        0.0003494928   0.0001762337   0.1031593511  -0.1302416331   0.0577053178
        0.0011281232  -0.0071012590   0.0000699722  -0.0009386000   0.0005110243
        0.0004207141  -0.0002318629  -0.0002157210  -0.0002970799   0.0000896695
        0.0001858535  -0.0001225635   0.0000997119  -0.0001564590   0.0000626533
        0.0001826621   0.0001665435  -0.0000256331  -0.1194329399   0.1519648404
       -0.0664233945  -0.0013132605   0.0032714194  -0.0015262884  -0.0015974897
        0.0027672640  -0.0000068660
       -0.0000209792   0.0003369576   0.0001723814   0.0001351942   0.0001566252
        0.0000843622   0.0020714227  -0.0009711578   0.0016298776   0.0002325447
       -0.0004551109   0.0002298085  -0.0666629086   0.0575631498  -0.0799763282
        0.0005871393  -0.0012041249   0.0008348700   0.0008070441  -0.0000099699
        0.0002931500  -0.0000666863  -0.0002661924  -0.0001088092   0.0000109896
       -0.0001671131  -0.0000613299  -0.0001227917   0.0001140281  -0.0002172494
       -0.0000281756  -0.0001423094  -0.0000762458   0.0769337230  -0.0664233945
        0.0883061179   0.0099021189  -0.0074388071   0.0053522720  -0.0237786352
        0.0189074195  -0.0164628771
       -0.0000972752  -0.0001826745   0.0001603567  -0.0000413921  -0.0022225850
       -0.0007758968  -0.0101044621  -0.0042792637   0.0039988657  -0.0001460193
        0.0002584021  -0.0000374748  -0.2323944046  -0.0394185910   0.0937618705
        0.0015356555  -0.0001838712   0.0002226473   0.0002010010  -0.0000922220
       -0.0000510861   0.0000030059  -0.0000120137   0.0000541297   0.0000738600
       -0.0000226135  -0.0000237535   0.0000726913   0.0000712499  -0.0003078038
       -0.0005166048  -0.0002439105   0.0002465017  -0.0253758892  -0.0013132605
        0.0099021189   0.2666970794   0.0472289162  -0.1090346519   0.0000927541
        0.0004124375   0.0018841764
        0.0002466806   0.0000911647  -0.0000190225  -0.0014062693  -0.0054370517
       -0.0012841412  -0.0272053927  -0.0106937357   0.0124740519  -0.0000446826
        0.0005812049   0.0004196200  -0.0380734331  -0.0489242424   0.0188456419
       -0.0005253890   0.0002761909   0.0002573366  -0.0000515285   0.0000347957
        0.0000955761   0.0000159794  -0.0000462715  -0.0000209889  -0.0000167743
        0.0001253230  -0.0000025926   0.0001796129  -0.0000509632  -0.0001501805
       -0.0014557928  -0.0008354780   0.0007203487   0.0175245565   0.0032714194
       -0.0074388071   0.0472289162   0.0599641761  -0.0222770326   0.0035835166
        0.0016434679  -0.0016198099
       -0.0000549821  -0.0000619110   0.0000773536  -0.0000161042  -0.0004455799
        0.0006030226  -0.0036510131   0.0005340631   0.0021694526  -0.0004325003
       -0.0002706828   0.0004031604   0.0939836157   0.0190546683  -0.0913422898
        0.0000698185   0.0002609496  -0.0001284940  -0.0000002779   0.0000784889
       -0.0001250525   0.0000154267   0.0000282383   0.0000249150   0.0000043483
       -0.0000451306  -0.0000097361  -0.0001155937  -0.0001472545   0.0001551414
       -0.0000086098   0.0000012166   0.0002320433  -0.0102407577  -0.0015262884
        0.0053522720  -0.1090346519  -0.0222770326   0.1014543369   0.0294812814
        0.0048162549  -0.0188661253
       -0.0001907477  -0.0001307872   0.0001135892   0.0003554057  -0.0000590514
       -0.0011446280  -0.0010093547  -0.0020111132  -0.0086314375   0.0003228010
       -0.0019177627  -0.0003409633  -0.0459274927  -0.0029583291  -0.0182262119
        0.0004103274  -0.0000640866   0.0006190756  -0.0002079062   0.0001096935
       -0.0002389911   0.0000784630   0.0001276162   0.0001493689  -0.0000224212
        0.0000237597   0.0000111053  -0.0001015938  -0.0004491553   0.0003546383
        0.0000419225   0.0001754199   0.0001358475  -0.0027068282  -0.0015974897
       -0.0237786352   0.0000927541   0.0035835166   0.0294812814   0.0488646709
        0.0051677692   0.0214959609
        0.0000489689   0.0000969478   0.0001109858   0.0007679962   0.0009121692
       -0.0007337619  -0.0038524440  -0.0096737555  -0.0308126466  -0.0020118843
       -0.0057649038  -0.0019591853  -0.0025887707  -0.0486934569  -0.0364672802
       -0.0002487735   0.0008428733  -0.0001362314   0.0000096550   0.0000785801
        0.0000908007   0.0000753098  -0.0001092645   0.0000080182   0.0000522260
       -0.0000079328  -0.0000031056  -0.0003698240  -0.0001489769   0.0003720367
        0.0002419123   0.0002276112   0.0000525737   0.0022954215   0.0027672640
        0.0189074195   0.0004124375   0.0016434679   0.0048162549   0.0051677692
        0.0578293769   0.0457541215
       -0.0000206028  -0.0000743922   0.0001066907   0.0002365828   0.0008651299
        0.0009998088  -0.0021040781  -0.0059702747  -0.0089601046  -0.0004387729
       -0.0017903485   0.0002536142  -0.0185509141  -0.0371100084  -0.2786635979
        0.0009050922  -0.0003810334   0.0007092564  -0.0002868423   0.0000559050
       -0.0001562922   0.0000924418   0.0001024990  -0.0000055515  -0.0000106949
        0.0000603091   0.0000201821  -0.0002156559  -0.0001005504   0.0002453539
        0.0001509967   0.0002153188   0.0000109476  -0.0031376899  -0.0000068660
       -0.0164628771   0.0018841764  -0.0016198099  -0.0188661253   0.0214959609
        0.0457541215   0.3207686949
