           1           2  0.998093190894515     
           2           3  0.977260099523396     
           3           4   1.01439495771151     
           4           5   1.42854250938516     
           5           6   1.42586623935763     
           6           7   1.43573724051462     
           7           8   1.39248401735923     
           4           9   1.33496399398396     
           8           9   1.31707969495601     
           2          10  0.910520738944628     
           9          10   1.08217922710657     
           8          11  0.972289830825269     
          11          12   1.03956235477776     
          11          13  0.113918119672626     
          12          13   1.56288762701241     
          12          14   1.27251336600270     
          13          14  0.174484713636631     
          14          15  0.995427240265884     
           2          16  0.998292480372223     
           1          17  0.981679791951889     
           1          18  0.982855556740443     
           1          19  0.984508605943820     
           3          20  0.960350137077815     
           3          21  0.960587616621073     
           5          22  0.967320369716926     
           6          23  0.969094244806691     
           7          24  0.961774567250737     
          14          25  0.914425491551888     
          15          26  0.978036300852634     
          15          27  0.973040923486874     
          15          28  0.973123683654186     
          16          29  0.981670045730290     
          16          30  0.982830747908854     
          16          31  0.984439289418484     
