           1           2  0.971728018735300     
           2           3  0.956714199482085     
           2           4  0.969981397055577     
           4           5  0.954022684408632     
           4           6  0.969586233500915     
           6           7  0.956200164626641     
           6           8  0.970933334190520     
           8           9  0.956732370453997     
           8          10  0.951816641209632     
          10          11  0.941884913706386     
           2          12  0.960164090175076     
          10          12  0.959447391660357     
          10          13   1.01930888059554     
           8          14   1.00179715005118     
           6          15  0.999257708590859     
           4          16   1.00346804681076     
           1          17   1.01396505694747     
           1          18  0.969054920164394     
           1          19  0.966879058432786     
          13          20  0.823639792016117     
          14          21  0.845154667121331     
          15          22  0.845113946995221     
          16          23  0.842588783418080     
          17          24  0.859162964305644     
