           1           2   1.02104698792360     
           2           3  0.969478592167987     
           3           4  0.993976434369933     
           3           5  0.998211841325605     
           3           6  0.964762880795596     
           1           7  0.986180778693165     
           1           8  0.985601334387628     
           1           9  0.986246443680233     
           2          10  0.976570339811288     
           2          11  0.977966229722076     
           4          12  0.984794328731789     
           4          13  0.984647021371696     
           4          14  0.984025917095789     
           5          15  0.983971418251683     
           5          16  0.983012795942427     
           5          17  0.983514812455732     
           6          18  0.869889435625559     
