           1           2  0.978774413619969     
           2           3  0.955922190140527     
           2           4  0.959776809110142     
           4           5  0.961885921772604     
           4           6  0.963207996605196     
           6           7  0.958804345488513     
           6           8  0.964150404195809     
           8           9  0.957125270149274     
           8          10  0.947892222053279     
          10          11  0.946451250503473     
           2          12  0.956443184337163     
          10          12  0.945698830195667     
          10          13   1.02441628729309     
           8          14   1.00952079390277     
           6          15   1.00587871736939     
           4          16  0.996563058178562     
           1          17   1.01091540380550     
           1          18  0.965973556651271     
           1          19  0.968773788915354     
          13          20  0.826939493370281     
          14          21  0.840123513223716     
          15          22  0.852376087237228     
          16          23  0.838132266001751     
          17          24  0.854221868941763     
