$hessian                                                                        
        0.4886239189   0.0028870868  -0.0396838775  -0.1111962249   0.0028036150
       -0.0709206581  -0.0275212246   0.0062015661  -0.0172095006  -0.0003486372
        0.0007302172   0.0029597803   0.0012379994   0.0020022507   0.0024333474
       -0.0756204242  -0.0553589184   0.0628122706  -0.2270865767   0.0763008633
        0.0766877946  -0.0492079666  -0.0340194260  -0.0130336119   0.0054887074
       -0.0001823271   0.0042012687  -0.0044472004  -0.0012758579  -0.0078756488
        0.0000776288  -0.0000890696  -0.0003711647
        0.0028870868   0.5204581160   0.0025942114   0.0061646999  -0.0626164730
        0.0120873346   0.0086523785  -0.0024461634   0.0074556499   0.0008322648
       -0.0007066805  -0.0021771768  -0.0002811628   0.0004645587  -0.0005112224
       -0.0554545284  -0.1377071438   0.1038210139   0.0759451419  -0.0752110619
       -0.0307415004  -0.0334531503  -0.2413703657  -0.0884613552   0.0114083887
       -0.0019804716   0.0157303867  -0.0167788424   0.0015024166  -0.0198793675
        0.0000777234  -0.0003867315   0.0000820258
       -0.0396838775   0.0025942114   0.4796080419  -0.0560596067   0.0074247245
       -0.1382024652  -0.0083447494   0.0058416448   0.0097479097   0.0016676004
       -0.0047693859  -0.0009199151   0.0023971108   0.0015119394  -0.0024952732
        0.0626349495   0.1041428178  -0.1597214136   0.0764149722  -0.0309139506
       -0.0709365904  -0.0132992821  -0.0891476995  -0.0840164304  -0.0142793852
        0.0050137060  -0.0199875776  -0.0114782947  -0.0013047285  -0.0132112244
        0.0000305627  -0.0003932795   0.0001349383
       -0.1111962249   0.0061646999  -0.0560596067   0.4369075599   0.0306740000
       -0.0356706162  -0.1394546267   0.0316225033   0.0293206943  -0.0110599740
        0.0231502936   0.0101273013  -0.0354877404  -0.0048961186   0.0262310429
        0.0057517602   0.0007673363   0.0047829988  -0.0228132057   0.0042041046
       -0.0228110977  -0.0056239848  -0.0017340700  -0.0074360280  -0.0736989804
       -0.0587746757   0.0625783939  -0.0434576796  -0.0329116233  -0.0095178618
        0.0001330965   0.0017335498  -0.0015452208
        0.0028036150  -0.0626164730   0.0074247245   0.0306740000   0.5496771636
       -0.0093516418   0.0302167348  -0.0727828616  -0.0164552426   0.0453273349
       -0.0371467315  -0.0090962474  -0.0219194698   0.0023786784   0.0130439450
        0.0118467855  -0.0023542770   0.0155271837   0.0080477272  -0.0007164546
        0.0081428915  -0.0170319595   0.0017398465  -0.0202161651  -0.0570207716
       -0.1477406236   0.0998762264  -0.0316792227  -0.2302556169  -0.0892946633
       -0.0012647739  -0.0001826503   0.0003989892
       -0.0709206581   0.0120873346  -0.1382024652  -0.0356706162  -0.0093516418
        0.4716164092   0.0416163612  -0.0220401596  -0.0879059864   0.0059150630
        0.0028837063   0.0156614796   0.0301192614   0.0024534808   0.0015654597
       -0.0140648923   0.0042686080  -0.0200871676   0.0016290889   0.0002517095
        0.0038035610  -0.0110256346  -0.0013253002  -0.0128979953   0.0618550898
        0.1015383572  -0.1475319863  -0.0083064604  -0.0904631220  -0.0845979241
       -0.0011466026  -0.0003029729  -0.0014233844
       -0.0275212246   0.0086523785  -0.0083447494  -0.1394546267   0.0302167348
        0.0416163612   0.4563000512  -0.1300635884  -0.1011922068  -0.1205143043
        0.1750891056  -0.0070236637  -0.1689318418  -0.0835557123   0.0787411779
        0.0007769068  -0.0004599476   0.0007915381  -0.0006590989  -0.0000069483
       -0.0011311432  -0.0001950878   0.0003400231  -0.0000068400  -0.0125151971
        0.0007754924   0.0058834729   0.0037873618   0.0007682316  -0.0032878474
        0.0089270615  -0.0017557695  -0.0060460995
        0.0062015661  -0.0024461634   0.0058416448   0.0316225033  -0.0727828616
       -0.0220401596  -0.1300635884   0.8319225724  -0.0646431631   0.1516224581
       -0.5995665314   0.0308373073  -0.0466309099  -0.1162952911   0.0381691312
        0.0011177503  -0.0002440166   0.0008005209  -0.0009104379   0.0006631819
       -0.0008390615  -0.0017009107   0.0000195323  -0.0009226582  -0.0153885032
        0.0055408079   0.0084951906   0.0204823717  -0.0139280505  -0.0096695154
       -0.0163522994  -0.0328831799   0.0139707630
       -0.0172095006   0.0074556499   0.0097479097   0.0293206943  -0.0164552426
       -0.0879059864  -0.1011922068  -0.0646431631   0.2595460881  -0.0022891668
        0.0211125713  -0.0664184501   0.0710025075   0.0556055280  -0.0952193623
       -0.0010603338   0.0011410268   0.0000054006  -0.0052078790   0.0009019196
       -0.0048015057  -0.0011197370  -0.0002255032   0.0005045333   0.0192332992
       -0.0047482994  -0.0083608347   0.0118945052  -0.0064198960  -0.0041288214
       -0.0033721822   0.0062754088  -0.0029689712
       -0.0003486372   0.0008322648   0.0016676004  -0.0110599740   0.0453273349
        0.0059150630  -0.1205143043   0.1516224581  -0.0022891668   0.1185674150
       -0.1738461275  -0.0116281347   0.0182470148  -0.0236532681   0.0014892086
        0.0000618301   0.0001778399  -0.0000510324  -0.0006567870   0.0000133887
       -0.0005992266   0.0005126860  -0.0004870032   0.0002802582   0.0018727908
        0.0001175950  -0.0014335450  -0.0067804535   0.0043633569   0.0028720930
        0.0000984194  -0.0044678396   0.0037768824
        0.0007302172  -0.0007066805  -0.0047693859   0.0231502936  -0.0371467315
        0.0028837063   0.1750891056  -0.5995665314   0.0211125713  -0.1738461275
        0.7404567062  -0.0573779039  -0.0228331459  -0.1018225288   0.0339887800
       -0.0004451907  -0.0004065904  -0.0000741797   0.0017148054  -0.0002724069
        0.0018446971   0.0002559720   0.0005859705   0.0003334902  -0.0021397518
        0.0008670298  -0.0002433402   0.0050465557  -0.0020426453  -0.0026866912
       -0.0067227338   0.0000544083   0.0049882559
        0.0029597803  -0.0021771768  -0.0009199151   0.0101273013  -0.0090962474
        0.0156614796  -0.0070236637   0.0308373073  -0.0664184501  -0.0116281347
       -0.0573779039   0.0427922394   0.0014761607   0.0354924645   0.0045156757
        0.0001368937  -0.0001539046  -0.0000592430   0.0007983391  -0.0000415021
        0.0010562138   0.0003165295  -0.0000562201  -0.0003495593  -0.0017912268
       -0.0001747891   0.0006916242   0.0003453084  -0.0007089861   0.0000972965
        0.0042827123   0.0034569583   0.0029326383
        0.0012379994  -0.0002811628   0.0023971108  -0.0354877404  -0.0219194698
        0.0301192614  -0.1689318418  -0.0466309099   0.0710025075   0.0182470148
       -0.0228331459   0.0014761607   0.2731849732  -0.0281752517  -0.1244953946
        0.0002871745   0.0000786620  -0.0002600189  -0.0006036115   0.0001124277
       -0.0005945084  -0.0000109541  -0.0003510444   0.0000317079  -0.0086613980
        0.0028742564   0.0041383444  -0.0002107834  -0.0012416643   0.0005030180
       -0.0790508327   0.1183673026   0.0156818112
        0.0020022507   0.0004645587   0.0015119394  -0.0048961186   0.0023786784
        0.0024534808  -0.0835557123  -0.1162952911   0.0556055280  -0.0236532681
       -0.1018225288   0.0354924645  -0.0281752517   0.5509810289  -0.0819881886
       -0.0000333928   0.0001385589  -0.0003381048  -0.0004079230  -0.0000808071
       -0.0003957202  -0.0001466273  -0.0004062775  -0.0000249706  -0.0002797856
        0.0008318720   0.0007083551   0.0010098420   0.0008501328   0.0003639315
        0.1381359869  -0.3370399254  -0.0133887150
        0.0024333474  -0.0005112224  -0.0024952732   0.0262310429   0.0130439450
        0.0015654597   0.0787411779   0.0381691312  -0.0952193623   0.0014892086
        0.0339887800   0.0045156757  -0.1244953946  -0.0819881886   0.1049722251
        0.0002667181  -0.0005692600  -0.0000318080   0.0011068936  -0.0002752791
        0.0015287279   0.0001559811   0.0002155245  -0.0001877875   0.0041371315
       -0.0007079848  -0.0009079023  -0.0020191710   0.0015127066   0.0003769314
        0.0119530646  -0.0028781526  -0.0141168866
       -0.0756204242  -0.0554545284   0.0626349495   0.0057517602   0.0118467855
       -0.0140648923   0.0007769068   0.0011177503  -0.0010603338   0.0000618301
       -0.0004451907   0.0001368937   0.0002871745  -0.0000333928   0.0002667181
        0.0865919022   0.0642752335  -0.0691446575  -0.0138958041  -0.0175118579
        0.0213485190  -0.0018274106  -0.0045746068   0.0038050229  -0.0020293333
        0.0009881924  -0.0035279765   0.0004950517   0.0001975131   0.0002872418
       -0.0005916531  -0.0004058980  -0.0006814850
       -0.0553589184  -0.1377071438   0.1041428178   0.0007673363  -0.0023542770
        0.0042686080  -0.0004599476  -0.0002440166   0.0011410268   0.0001778399
       -0.0004065904  -0.0001539046   0.0000786620   0.0001385589  -0.0005692600
        0.0642752335   0.1559346294  -0.1222526671   0.0036388591   0.0063889373
       -0.0066514181  -0.0137111183  -0.0237542364   0.0197870475   0.0006676932
        0.0008930720   0.0008572914  -0.0000219017   0.0005257662  -0.0006382254
       -0.0000537379   0.0005853003   0.0000686836
        0.0628122706   0.1038210139  -0.1597214136   0.0047829988   0.0155271837
       -0.0200871676   0.0007915381   0.0008005209   0.0000054006  -0.0000510324
       -0.0000741797  -0.0000592430  -0.0002600189  -0.0003381048  -0.0000318080
       -0.0691446575  -0.1222526671   0.1852595353   0.0086137305   0.0082157302
       -0.0099057288  -0.0037644432  -0.0064324457   0.0081702569  -0.0037600125
        0.0007702521  -0.0041048264   0.0005497424   0.0002176072   0.0003223011
       -0.0005701158  -0.0002549107   0.0001526934
       -0.2270865767   0.0759451419   0.0764149722  -0.0228132057   0.0080477272
        0.0016290889  -0.0006590989  -0.0009104379  -0.0052078790  -0.0006567870
        0.0017148054   0.0007983391  -0.0006036115  -0.0004079230   0.0011068936
       -0.0138958041   0.0036388591   0.0086137305   0.2622067321  -0.0888400661
       -0.0845659129   0.0025859865   0.0006232814   0.0004351256   0.0005954844
        0.0000959909   0.0003466708   0.0002670067  -0.0001449678   0.0005063672
        0.0000598743   0.0002375888  -0.0000773959
        0.0763008633  -0.0752110619  -0.0309139506   0.0042041046  -0.0007164546
        0.0002517095  -0.0000069483   0.0006631819   0.0009019196   0.0000133887
       -0.0002724069  -0.0000415021   0.0001124277  -0.0000808071  -0.0002752791
       -0.0175118579   0.0063889373   0.0082157302  -0.0888400661   0.0832555379
        0.0353422751   0.0260791795  -0.0143968532  -0.0134605808   0.0003880015
       -0.0001415231  -0.0000864203  -0.0007003424   0.0004274393   0.0000040450
       -0.0000387507   0.0000840104   0.0000620536
        0.0766877946  -0.0307415004  -0.0709365904  -0.0228110977   0.0081428915
        0.0038035610  -0.0011311432  -0.0008390615  -0.0048015057  -0.0005992266
        0.0018446971   0.0010562138  -0.0005945084  -0.0003957202   0.0015287279
        0.0213485190  -0.0066514181  -0.0099057288  -0.0845659129   0.0353422751
        0.0835032384   0.0121279261  -0.0068420965  -0.0052342446  -0.0003323442
        0.0000674604   0.0005864159   0.0000125727   0.0002074197   0.0005985818
       -0.0001425794  -0.0001349470  -0.0001986693
       -0.0492079666  -0.0334531503  -0.0132992821  -0.0056239848  -0.0170319595
       -0.0110256346  -0.0001950878  -0.0017009107  -0.0011197370   0.0005126860
        0.0002559720   0.0003165295  -0.0000109541  -0.0001466273   0.0001559811
       -0.0018274106  -0.0137111183  -0.0037644432   0.0025859865   0.0260791795
        0.0121279261   0.0558540881   0.0396207213   0.0197763869   0.0005670673
        0.0000263321   0.0006064704  -0.0025011292   0.0000081524  -0.0037522626
       -0.0001532948   0.0000534089  -0.0000219343
       -0.0340194260  -0.2413703657  -0.0891476995  -0.0017340700   0.0017398465
       -0.0013253002   0.0003400231   0.0000195323  -0.0002255032  -0.0004870032
        0.0005859705  -0.0000562201  -0.0003510444  -0.0004062775   0.0002155245
       -0.0045746068  -0.0237542364  -0.0064324457   0.0006232814  -0.0143968532
       -0.0068420965   0.0396207213   0.2757261468   0.1036211432   0.0002780595
        0.0007010160   0.0002538088   0.0002228752   0.0010888184   0.0000064831
        0.0000811896   0.0000664022  -0.0000676945
       -0.0130336119  -0.0884613552  -0.0840164304  -0.0074360280  -0.0202161651
       -0.0128979953  -0.0000068400  -0.0009226582   0.0005045333   0.0002802582
        0.0003334902  -0.0003495593   0.0000317079  -0.0000249706  -0.0001877875
        0.0038050229   0.0197870475   0.0081702569   0.0004351256  -0.0134605808
       -0.0052342446   0.0197763869   0.1036211432   0.0976897100   0.0002097311
       -0.0007090003   0.0001511316  -0.0040539974  -0.0000012165  -0.0038304042
       -0.0000077552   0.0000542659   0.0000007895
        0.0054887074   0.0114083887  -0.0142793852  -0.0736989804  -0.0570207716
        0.0618550898  -0.0125151971  -0.0153885032   0.0192332992   0.0018727908
       -0.0021397518  -0.0017912268  -0.0086613980  -0.0002797856   0.0041371315
       -0.0020293333   0.0006676932  -0.0037600125   0.0005954844   0.0003880015
       -0.0003323442   0.0005670673   0.0002780595   0.0002097311   0.0895720895
        0.0664710316  -0.0688155511  -0.0012505393  -0.0047790537   0.0033286250
        0.0000593088   0.0003946913   0.0002146432
       -0.0001823271  -0.0019804716   0.0050137060  -0.0587746757  -0.1477406236
        0.1015383572   0.0007754924   0.0055408079  -0.0047482994   0.0001175950
        0.0008670298  -0.0001747891   0.0028742564   0.0008318720  -0.0007079848
        0.0009881924   0.0008930720   0.0007702521   0.0000959909  -0.0001415231
        0.0000674604   0.0000263321   0.0007010160  -0.0007090003   0.0664710316
        0.1630803118  -0.1185372361  -0.0122830973  -0.0222724326   0.0175243719
       -0.0001087906   0.0002209413  -0.0000368381
        0.0042012687   0.0157303867  -0.0199875776   0.0625783939   0.0998762264
       -0.1475319863   0.0058834729   0.0084951906  -0.0083608347  -0.0014335450
       -0.0002433402   0.0006916242   0.0041383444   0.0007083551  -0.0009079023
       -0.0035279765   0.0008572914  -0.0041048264   0.0003466708  -0.0000864203
        0.0005864159   0.0006064704   0.0002538088   0.0001511316  -0.0688155511
       -0.1185372361   0.1717671995  -0.0040038460  -0.0067435020   0.0077518991
        0.0000262972  -0.0003107605  -0.0000551432
       -0.0044472004  -0.0167788424  -0.0114782947  -0.0434576796  -0.0316792227
       -0.0083064604   0.0037873618   0.0204823717   0.0118945052  -0.0067804535
        0.0050465557   0.0003453084  -0.0002107834   0.0010098420  -0.0020191710
        0.0004950517  -0.0000219017   0.0005497424   0.0002670067  -0.0007003424
        0.0000125727  -0.0025011292   0.0002228752  -0.0040539974  -0.0012505393
       -0.0122830973  -0.0040038460   0.0538856420   0.0349257034   0.0158682585
        0.0002127232  -0.0002239414   0.0011913824
       -0.0012758579   0.0015024166  -0.0013047285  -0.0329116233  -0.2302556169
       -0.0904631220   0.0007682316  -0.0139280505  -0.0064198960   0.0043633569
       -0.0020426453  -0.0007089861  -0.0012416643   0.0008501328   0.0015127066
        0.0001975131   0.0005257662   0.0002176072  -0.0001449678   0.0004274393
        0.0002074197   0.0000081524   0.0010888184  -0.0000012165  -0.0047790537
       -0.0222724326  -0.0067435020   0.0349257034   0.2635005151   0.1040061386
        0.0000902096   0.0006036569  -0.0003024210
       -0.0078756488  -0.0198793675  -0.0132112244  -0.0095178618  -0.0892946633
       -0.0845979241  -0.0032878474  -0.0096695154  -0.0041288214   0.0028720930
       -0.0026866912   0.0000972965   0.0005030180   0.0003639315   0.0003769314
        0.0002872418  -0.0006382254   0.0003223011   0.0005063672   0.0000040450
        0.0005985818  -0.0037522626   0.0000064831  -0.0038304042   0.0033286250
        0.0175243719   0.0077518991   0.0158682585   0.1040061386   0.0972561476
        0.0010680172   0.0002634926  -0.0006347834
        0.0000776288   0.0000777234   0.0000305627   0.0001330965  -0.0012647739
       -0.0011466026   0.0089270615  -0.0163522994  -0.0033721822   0.0000984194
       -0.0067227338   0.0042827123  -0.0790508327   0.1381359869   0.0119530646
       -0.0005916531  -0.0000537379  -0.0005701158   0.0000598743  -0.0000387507
       -0.0001425794  -0.0001532948   0.0000811896  -0.0000077552   0.0000593088
       -0.0001087906   0.0000262972   0.0002127232   0.0000902096   0.0010680172
        0.0702276680  -0.1138440233  -0.0121214189
       -0.0000890696  -0.0003867315  -0.0003932795   0.0017335498  -0.0001826503
       -0.0003029729  -0.0017557695  -0.0328831799   0.0062754088  -0.0044678396
        0.0000544083   0.0034569583   0.1183673026  -0.3370399254  -0.0028781526
       -0.0004058980   0.0005853003  -0.0002549107   0.0002375888   0.0000840104
       -0.0001349470   0.0000534089   0.0000664022   0.0000542659   0.0003946913
        0.0002209413  -0.0003107605  -0.0002239414   0.0006036569   0.0002634926
       -0.1138440233   0.3688777675  -0.0057751025
       -0.0003711647   0.0000820258   0.0001349383  -0.0015452208   0.0003989892
       -0.0014233844  -0.0060460995   0.0139707630  -0.0029689712   0.0037768824
        0.0049882559   0.0029326383   0.0156818112  -0.0133887150  -0.0141168866
       -0.0006814850   0.0000686836   0.0001526934  -0.0000773959   0.0000620536
       -0.0001986693  -0.0000219343  -0.0000676945   0.0000007895   0.0002146432
       -0.0000368381  -0.0000551432   0.0011913824  -0.0003024210  -0.0006347834
       -0.0121214189  -0.0057751025   0.0161767787
