$hessian                                                                        
        0.6811201111  -0.0000628519   0.0000120961  -0.1525068265  -0.1011920523
       -0.1008753111  -0.0368793038  -0.0179705091  -0.0179186697   0.0044237009
       -0.0000489407  -0.0000479001  -0.0366454436   0.0180633390   0.0180012751
       -0.1520877696   0.1010306446   0.1006860988  -0.0046809180   0.0006952733
        0.0006918735  -0.0009339435   0.0000007032   0.0000005862   0.0001363997
        0.0000212909  -0.0000200309   0.0000665756  -0.0000215025   0.0000213092
       -0.0001748784   0.0000005173   0.0000004969   0.0000665763   0.0000215100
       -0.0000212750   0.0001364205  -0.0000213048   0.0000200352  -0.0001131171
       -0.0000579983   0.0000586348   0.0002441996  -0.0000007928  -0.0000006994
       -0.0001131110   0.0000582896  -0.0000583532  -0.0046757153  -0.0006823025
       -0.0006814387  -0.3108234169   0.0002117888   0.0001746673   0.0066986383
        0.0077645174   0.0077404407   0.0066984342  -0.0078096877  -0.0077839110
        0.0000216934  -0.0000151558   0.0000149778   0.0000216943   0.0000152241
       -0.0000149026
       -0.0000628519   0.3805921163   0.2639377385  -0.0439941749  -0.1598786621
       -0.1134036479  -0.0632600834   0.0127327338   0.0112206321  -0.0000488238
       -0.0326718548  -0.0297278782   0.0633530436   0.0126046820   0.0111091873
        0.0438328027  -0.1601063491  -0.1136197126  -0.0024752964   0.0042317904
       -0.0008472427   0.0000005352  -0.0003570835   0.0000332534  -0.0000432843
       -0.0000030587   0.0000636888  -0.0000194232   0.0000270677   0.0000272324
        0.0000003157  -0.0000243915   0.0000179064   0.0000194056   0.0000269736
        0.0000272897   0.0000432455  -0.0000029787   0.0000635694  -0.0000069233
        0.0000376341  -0.0000049880  -0.0000003605  -0.0000022192  -0.0000015660
        0.0000070305   0.0000374376  -0.0000050557   0.0024885268   0.0042285684
       -0.0008495881   0.0002119750  -0.0380012746  -0.0037748565  -0.0078566665
       -0.0117482367  -0.0121368345   0.0078109269  -0.0117485054  -0.0121346756
        0.0000028427   0.0000128779   0.0000027026  -0.0000027620   0.0000127325
        0.0000028453
        0.0000120961   0.2639377385   0.3788724348  -0.0438615751  -0.1134099377
       -0.1591596073  -0.0630600648   0.0112279252   0.0126493861  -0.0000477129
       -0.0297270424  -0.0324803997   0.0631428145   0.0111047524   0.0125431694
        0.0436722746  -0.1136112881  -0.1593477553  -0.0024692733  -0.0008471215
        0.0042372235   0.0000004509   0.0000329494  -0.0003813902   0.0000425710
        0.0000625416  -0.0000025141   0.0000197726   0.0000268720   0.0000264881
        0.0000002834   0.0000183190  -0.0000019384  -0.0000197680   0.0000268460
        0.0000265867  -0.0000425437   0.0000626721  -0.0000025755   0.0000104078
       -0.0000055256   0.0000375988  -0.0000003327  -0.0000014592  -0.0000039171
       -0.0000103404  -0.0000054591   0.0000377812   0.0024799703  -0.0008503028
        0.0042345461   0.0001748955  -0.0037748261  -0.0379750675  -0.0078301181
       -0.0121357289  -0.0116666164   0.0077861040  -0.0121376017  -0.0116667767
       -0.0000033297   0.0000028979   0.0000116019   0.0000034182   0.0000027789
        0.0000117417
       -0.1525068265  -0.0439941749  -0.0438615751   0.6430232493  -0.0130286974
       -0.0129201887  -0.3193863341  -0.0116511992  -0.0116399638  -0.0339066667
        0.0538509650   0.0536749647  -0.0486019392  -0.0201920832  -0.0201331808
        0.0581133890  -0.0206451512  -0.0205710509   0.0010342373   0.0002113716
        0.0002104403   0.0002517862   0.0017251179   0.0017118065  -0.0005796316
       -0.0001450487  -0.0000360601   0.0001502389  -0.0001222181  -0.0000887036
       -0.0000367833  -0.0000108429  -0.0000045942   0.0001499443  -0.0000880674
       -0.0001229323  -0.0005822789  -0.0000326194  -0.0001437025  -0.0000106870
       -0.0000432502   0.0000938179   0.0001106204   0.0000285470   0.0000283171
       -0.0000076900   0.0000955548  -0.0000442116  -0.0233625954  -0.0122645914
       -0.0122322384  -0.0168347528  -0.0178741143  -0.0178174990  -0.1063200448
        0.0822405810   0.0819648859  -0.0006492044   0.0019760080   0.0019680275
       -0.0000240268  -0.0000335441  -0.0000022988  -0.0000240037  -0.0000025430
       -0.0000340600
       -0.1011920523  -0.1598786621  -0.1134099377  -0.0130286974   0.3976348108
        0.2852329969   0.0359521006  -0.0646274556  -0.0172250967   0.0163229116
        0.0109362637   0.0112812360  -0.0216728848  -0.0081737522  -0.0040813882
        0.0204558951  -0.0329850626  -0.0351711054   0.0008686158  -0.0006306519
       -0.0004584094   0.0015057304   0.0013303461  -0.0053772450   0.0011061606
       -0.0002407657   0.0001102396   0.0001575932   0.0003773744  -0.0000449897
       -0.0000750139   0.0000221915  -0.0000368276  -0.0000921854   0.0001519003
        0.0000674079  -0.0006148878   0.0002521657  -0.0001602059  -0.0000481229
       -0.0000567597  -0.0000380305   0.0001066234  -0.0000231780  -0.0000137323
        0.0000132437  -0.0001523479   0.0000601902  -0.0218006167  -0.0050291029
       -0.0073623317  -0.0017174015  -0.0005729915  -0.0010941448   0.0817113845
       -0.1399439634  -0.1065194771   0.0020042033   0.0016225244  -0.0057343967
        0.0000859613   0.0000057646  -0.0000189336  -0.0000485607  -0.0000186480
       -0.0000058184
       -0.1008753111  -0.1134036479  -0.1591596073  -0.0129201887   0.2852329969
        0.3957869090   0.0358019325  -0.0172341067  -0.0645123184   0.0162659992
        0.0112897753   0.0108739620  -0.0216084628  -0.0040802681  -0.0081526198
        0.0203965864  -0.0351763345  -0.0327537207   0.0008652403  -0.0004583102
       -0.0006278094   0.0014985480  -0.0053765510   0.0013465296  -0.0006192892
       -0.0001596291   0.0002506558  -0.0000937020   0.0000651327   0.0001495520
       -0.0000743070  -0.0000374763   0.0000409768   0.0001585256  -0.0000466541
        0.0003759352   0.0011101280   0.0001082910  -0.0002388490   0.0000140799
        0.0000617752  -0.0001532558   0.0001058248  -0.0000135330  -0.0000246589
       -0.0000477055  -0.0000363627  -0.0000579332  -0.0217367763  -0.0073611087
       -0.0049872855  -0.0017136986  -0.0010959111  -0.0005668858   0.0814390385
       -0.1065188061  -0.1392359695   0.0019961835  -0.0057343543   0.0016613152
       -0.0000492540  -0.0000058139  -0.0000195684   0.0000866085  -0.0000191035
        0.0000046461
       -0.0368793038  -0.0632600834  -0.0630600648  -0.3193863341   0.0359521006
        0.0358019325   0.5936375343  -0.0489729434  -0.0487556309  -0.1433088028
        0.0523220923   0.0521388053   0.0582718942   0.0215190887   0.0214598714
       -0.0484810651   0.0217309701   0.0216550018  -0.0010896562  -0.0029186851
       -0.0029099234  -0.0266271299   0.0177594573   0.0176897947  -0.0015536575
        0.0020475822  -0.0013725776  -0.0006382758  -0.0010542685  -0.0006238301
        0.0003272953  -0.0000061996  -0.0000010946  -0.0006407099  -0.0006229703
       -0.0010563733  -0.0015631917  -0.0013728881   0.0020436917   0.0005736340
        0.0009024046  -0.0003276758  -0.0000680536   0.0001685817   0.0001681892
        0.0005695902  -0.0003332970   0.0009081350  -0.0542178692  -0.0339201198
       -0.0338148540  -0.0006313926  -0.0017478756  -0.0017429003  -0.0176788590
        0.0014982607   0.0014924089  -0.0002832220   0.0003423842   0.0003415154
       -0.0001660813   0.0000314447  -0.0000657013  -0.0001663433  -0.0000650361
        0.0000312804
       -0.0179705091   0.0127327338   0.0112279252  -0.0116511992  -0.0646274556
       -0.0172341067  -0.0489729434   0.2955393085   0.1948415455   0.0941405356
       -0.1382335543  -0.0936197406  -0.0217156477  -0.0359361494  -0.0368202451
        0.0202501501  -0.0082394775  -0.0041406743  -0.0014881228   0.0029639830
       -0.0022178866   0.0087614654   0.0002613020  -0.0012579327  -0.0020158361
       -0.0010426409  -0.0005908338  -0.0000250269  -0.0002027950   0.0000821773
        0.0004976173   0.0000161445  -0.0000396762  -0.0001963824   0.0001929887
       -0.0000462725  -0.0013396499  -0.0005223939   0.0005733957   0.0006118720
        0.0001936437  -0.0002679745  -0.0004487023   0.0000531998   0.0000345796
       -0.0001147118  -0.0001830834   0.0003291840  -0.0344591510  -0.0646548275
       -0.0441881901  -0.0019356336   0.0022002924  -0.0055188195   0.0179537170
       -0.0006377588  -0.0011767139   0.0003348582   0.0001039633  -0.0000095699
       -0.0001202797   0.0000435282   0.0000413511  -0.0000964197  -0.0000209517
       -0.0000015218
       -0.0179186697   0.0112206321   0.0126493861  -0.0116399638  -0.0172250967
       -0.0645123184  -0.0487556309   0.1948415455   0.2942686332   0.0938466860
       -0.0936309433  -0.1375998056  -0.0216410716  -0.0368147588  -0.0357024472
        0.0201795823  -0.0041412550  -0.0082072627  -0.0014858911  -0.0022183449
        0.0029788215   0.0087021715  -0.0012580064   0.0002621667  -0.0013323349
        0.0005822925  -0.0005306951  -0.0002003785  -0.0000468525   0.0001916412
        0.0004963489  -0.0000411054   0.0000271945  -0.0000257002   0.0000816421
       -0.0002013967  -0.0020078852  -0.0005836322  -0.0010409407  -0.0001158665
        0.0003256050  -0.0001803272  -0.0004463822   0.0000344002   0.0000524507
        0.0006195802  -0.0002676985   0.0001915676  -0.0343550846  -0.0441901199
       -0.0643822456  -0.0019306834  -0.0055189559   0.0022366185   0.0178937669
       -0.0011788330  -0.0006272354   0.0003336016  -0.0000099673   0.0001049349
       -0.0000968968  -0.0000017436  -0.0000214632  -0.0001192980   0.0000411961
        0.0000427229
        0.0044237009  -0.0000488238  -0.0000477129  -0.0339066667   0.0163229116
        0.0162659992  -0.1433088028   0.0941405356   0.0938466860   0.6268347619
       -0.0000650506  -0.0000077682  -0.1437261914  -0.0942474319  -0.0939779654
       -0.0341086170  -0.0162372215  -0.0161891804   0.0056611338   0.0085366252
        0.0085098507  -0.2246497053   0.0001420226   0.0001230522  -0.0262522962
       -0.0085278452   0.0085452867   0.0003364441  -0.0013028297   0.0013090537
       -0.0016111612   0.0000011527   0.0000010735   0.0003371392   0.0013110776
       -0.0012998206  -0.0262460028   0.0085768412  -0.0085014126   0.0003415143
       -0.0003074719   0.0003029573   0.0006375498  -0.0000004317  -0.0000004793
        0.0003411987   0.0003041682  -0.0003061144   0.0056346981  -0.0086080411
       -0.0085802438   0.0006345183  -0.0000011209  -0.0000010435  -0.0051600324
       -0.0000383814  -0.0000411202  -0.0051602534   0.0000482747   0.0000479363
       -0.0005265562   0.0000066016  -0.0000041848  -0.0005263737  -0.0000055614
        0.0000051504
       -0.0000489407  -0.0326718548  -0.0297270424   0.0538509650   0.0109362637
        0.0112897753   0.0523220923  -0.1382335543  -0.0936309433  -0.0000650506
        0.3763313078   0.2346541339  -0.0524316145  -0.1379969520  -0.0934048405
       -0.0537646780   0.0110459624   0.0113853277   0.0006802148  -0.0201675278
       -0.0224176039   0.0001398849  -0.0562623894   0.0000716812  -0.0174116590
        0.0001814294   0.0012486346  -0.0017432853   0.0012636129   0.0050669948
        0.0000014259  -0.0003080766   0.0002433436   0.0017540232   0.0012570533
        0.0050671927   0.0174621807   0.0001344742   0.0012357469   0.0013966343
       -0.0009029996  -0.0007464105  -0.0000012473  -0.0004705296  -0.0005682239
       -0.0014004757  -0.0009010394  -0.0007436420  -0.0007500986  -0.0201547588
       -0.0224049103  -0.0000010309  -0.0002715247  -0.0005510672   0.0000996085
        0.0036265235  -0.0030537367  -0.0000900451   0.0036267640  -0.0030538187
       -0.0008430068  -0.0000301201   0.0000205989   0.0008441030  -0.0000320642
        0.0000188097
       -0.0000479001  -0.0297278782  -0.0324803997   0.0536749647   0.0112812360
        0.0108739620   0.0521388053  -0.0936197406  -0.1375998056  -0.0000077682
        0.2346541339   0.3746896930  -0.0522724607  -0.0934041305  -0.1374007612
       -0.0535976466   0.0113864179   0.0109655391   0.0006779776  -0.0224164458
       -0.0200226989   0.0001206590   0.0000745265  -0.0562406374   0.0174520982
        0.0012324088   0.0001373491   0.0017526650   0.0050673236   0.0012599240
        0.0000013385   0.0002426590  -0.0003024158  -0.0017409675   0.0050678068
        0.0012658270  -0.0174068870   0.0012507792   0.0001785002  -0.0013982881
       -0.0007472389  -0.0009003840  -0.0000012585  -0.0005683446  -0.0004714340
        0.0013947835  -0.0007500782  -0.0009022107  -0.0007466898  -0.0224058295
       -0.0200122343  -0.0000009714  -0.0005502853  -0.0002682900   0.0000986494
       -0.0030534021   0.0036462707  -0.0000920898  -0.0030534067   0.0036464912
        0.0008436560   0.0000187617  -0.0000320304  -0.0008426695   0.0000207269
       -0.0000302544
       -0.0366454436   0.0633530436   0.0631428145  -0.0486019392  -0.0216728848
       -0.0216084628   0.0582718942  -0.0217156477  -0.0216410716  -0.1437261914
       -0.0524316145  -0.0522724607   0.5939371387   0.0487570442   0.0486657675
       -0.3194680303  -0.0355756302  -0.0354970407  -0.0540212819   0.0338450890
        0.0337316600  -0.0267147118  -0.0177199772  -0.0176572158  -0.0015582295
        0.0013749563  -0.0020427758  -0.0006375623   0.0006249281   0.0010571684
        0.0003258388   0.0000045647  -0.0000003921  -0.0006350894   0.0010551709
        0.0006256276  -0.0015493915  -0.0020467477   0.0013742281   0.0005685927
        0.0003318514  -0.0009089018  -0.0000677967  -0.0001671539  -0.0001669057
        0.0005720893  -0.0009034601   0.0003263490  -0.0010770928   0.0029220223
        0.0029116242  -0.0006209421   0.0017451930   0.0017380928  -0.0002849082
       -0.0003417276  -0.0003410352  -0.0177352463  -0.0014730634  -0.0014718966
       -0.0001659605   0.0000651927  -0.0000310191  -0.0001657362  -0.0000311492
        0.0000658459
        0.0180633390   0.0126046820   0.0111047524  -0.0201920832  -0.0081737522
       -0.0040802681   0.0215190887  -0.0359361494  -0.0368147588  -0.0942474319
       -0.1379969520  -0.0934041305   0.0487570442   0.2953786256   0.1946933797
        0.0120268511  -0.0645896512  -0.0171936920   0.0343842108  -0.0647626399
       -0.0442870153  -0.0087237644   0.0003044977  -0.0012187535   0.0013425395
       -0.0005269389   0.0005739115   0.0001979460   0.0001913707  -0.0000485678
       -0.0004978193   0.0000166430  -0.0000390403   0.0000260278  -0.0002047411
        0.0000809103   0.0020153419  -0.0010432557  -0.0005965580   0.0001135390
       -0.0001841338   0.0003308226   0.0004491011   0.0000538196   0.0000354215
       -0.0006132773   0.0001964115  -0.0002678549   0.0014921607   0.0029579599
       -0.0022237793   0.0019329619   0.0021943051  -0.0055241444  -0.0003343008
        0.0001051904  -0.0000086128  -0.0179287731  -0.0006071749  -0.0011510201
        0.0000966247  -0.0000213136  -0.0000018561   0.0001206736   0.0000431973
        0.0000408539
        0.0180012751   0.0111091873   0.0125431694  -0.0201331808  -0.0040813882
       -0.0081526198   0.0214598714  -0.0368202451  -0.0357024472  -0.0939779654
       -0.0934048405  -0.1374007612   0.0486657675   0.1946933797   0.2941321762
        0.0119446669  -0.0171968506  -0.0644811720   0.0342718328  -0.0442891699
       -0.0644718191  -0.0086712544  -0.0012210819   0.0002988375   0.0020072242
       -0.0005894099  -0.0010415947   0.0000266087   0.0000804969  -0.0002030682
       -0.0004964816  -0.0000404291   0.0000276344   0.0002017362  -0.0000489416
        0.0001902214   0.0013349923   0.0005819981  -0.0005346059  -0.0006208063
       -0.0002673573   0.0001940756   0.0004467286   0.0000352261   0.0000529792
        0.0001149823   0.0003269676  -0.0001812690   0.0014882445  -0.0022238846
        0.0029738592   0.0019257896  -0.0055243572   0.0022316654  -0.0003330859
       -0.0000089893   0.0001059394  -0.0178736600  -0.0011488621  -0.0006018583
        0.0001196710   0.0000406793   0.0000424408   0.0000970433  -0.0000021278
       -0.0000217831
       -0.1520877696   0.0438328027   0.0436722746   0.0581133890   0.0204558951
        0.0203965864  -0.0484810651   0.0202501501   0.0201795823  -0.0341086170
       -0.0537646780  -0.0535976466  -0.3194680303   0.0120268511   0.0119446669
        0.6431075042   0.0130162406   0.0130478543  -0.0232663038   0.0122852390
        0.0122444184   0.0002419978  -0.0017307288  -0.0017190915  -0.0005821428
        0.0000343882   0.0001439760   0.0001502641   0.0000879940   0.0001231929
       -0.0000367317   0.0000110846   0.0000048963   0.0001504685   0.0001224966
        0.0000887113  -0.0005798832   0.0001454852   0.0000376985  -0.0000077691
       -0.0000957260   0.0000443057   0.0001105230  -0.0000290541  -0.0000286654
       -0.0000106373   0.0000432079  -0.0000940364   0.0010310511  -0.0002146914
       -0.0002134540  -0.0167775879   0.0178985897   0.0178371927  -0.0006605858
       -0.0019799446  -0.0019741354  -0.1067900402  -0.0824317526  -0.0821748741
       -0.0000239592   0.0000024396   0.0000342028  -0.0000240748   0.0000337109
        0.0000023444
        0.1010306446  -0.1601063491  -0.1136112881  -0.0206451512  -0.0329850626
       -0.0351763345   0.0217309701  -0.0082394775  -0.0041412550  -0.0162372215
        0.0110459624   0.0113864179  -0.0355756302  -0.0645896512  -0.0171968506
        0.0130162406   0.3975958261   0.2851970407   0.0218212565  -0.0050834143
       -0.0074098157  -0.0015118355   0.0013352871  -0.0053724342   0.0006159007
        0.0002510378  -0.0001613065   0.0000924395   0.0001517820   0.0000670751
        0.0000754140   0.0000224190  -0.0000367310  -0.0001572070   0.0003775321
       -0.0000447716  -0.0011052065  -0.0002388438   0.0001119707  -0.0000134468
       -0.0001521937   0.0000601622  -0.0001071980  -0.0000235312  -0.0000139502
        0.0000478801  -0.0000567731  -0.0000379942  -0.0008715918  -0.0006291809
       -0.0004567886   0.0017418256  -0.0006038283  -0.0011244667  -0.0020084055
        0.0016289169  -0.0057287001  -0.0819024733  -0.1396878972  -0.1062851189
        0.0000485711  -0.0000183839  -0.0000060253  -0.0000857755   0.0000058233
       -0.0000188354
        0.1006860988  -0.1136197126  -0.1593477553  -0.0205710509  -0.0351711054
       -0.0327537207   0.0216550018  -0.0041406743  -0.0082072627  -0.0161891804
        0.0113853277   0.0109655391  -0.0354970407  -0.0171936920  -0.0644811720
        0.0130478543   0.2851970407   0.3957536287   0.0217489980  -0.0074110312
       -0.0050323550  -0.0015060413  -0.0053717011   0.0013505498  -0.0011092518
        0.0001103371  -0.0002371174  -0.0001581873  -0.0000463553   0.0003761247
        0.0000746645  -0.0000373367   0.0000412186   0.0000939562   0.0000648566
        0.0001494856   0.0006200290  -0.0001608307   0.0002496721   0.0000474589
       -0.0000363088  -0.0000580631  -0.0001063876  -0.0000137538  -0.0000249501
       -0.0000142716   0.0000617236  -0.0001530535  -0.0008678404  -0.0004564983
       -0.0006266217   0.0017334834  -0.0011220537  -0.0005921687  -0.0020024116
       -0.0057286704   0.0016665281  -0.0816487067  -0.1062846324  -0.1390239561
       -0.0000864400  -0.0000189330   0.0000047525   0.0000492654  -0.0000059959
       -0.0000193031
       -0.0046809180  -0.0024752964  -0.0024692733   0.0010342373   0.0008686158
        0.0008652403  -0.0010896562  -0.0014881228  -0.0014858911   0.0056611338
        0.0006802148   0.0006779776  -0.0540212819   0.0343842108   0.0342718328
       -0.0232663038   0.0218212565   0.0217489980   0.0757424001  -0.0526296467
       -0.0524532508   0.0003275918  -0.0014056227  -0.0013861508   0.0006402932
       -0.0006369984  -0.0001307846  -0.0000713712   0.0000452250   0.0000312532
        0.0001248432   0.0000495159   0.0000406578  -0.0000681164   0.0000305912
        0.0000447622   0.0006368350  -0.0001313550  -0.0006445203  -0.0004412801
       -0.0004695021   0.0004914912  -0.0001007418   0.0000494309   0.0000503189
       -0.0004384934   0.0004905330  -0.0004676898  -0.0000068916  -0.0001455868
       -0.0001452695  -0.0006393850   0.0008624751   0.0008585045   0.0000789049
       -0.0001731821  -0.0001731087   0.0005969740   0.0002738207   0.0002742243
       -0.0000092280  -0.0000344571   0.0000343786  -0.0000095457   0.0000338806
       -0.0000337004
        0.0006952733   0.0042317904  -0.0008471215   0.0002113716  -0.0006306519
       -0.0004583102  -0.0029186851   0.0029639830  -0.0022183449   0.0085366252
       -0.0201675278  -0.0224164458   0.0338450890  -0.0647626399  -0.0442891699
        0.0122852390  -0.0050834143  -0.0074110312  -0.0526296467   0.0869614374
        0.0759519139   0.0002795978  -0.0009633738   0.0007789502  -0.0009511120
        0.0001940316  -0.0003730592   0.0000614106  -0.0000469478  -0.0001045382
       -0.0000749020   0.0000263045  -0.0000033839   0.0001296971  -0.0001830968
        0.0000332167  -0.0003687845  -0.0001958471   0.0002740408   0.0004405331
        0.0005427454  -0.0005545384   0.0000761538  -0.0000563604  -0.0000275004
        0.0004886618  -0.0006368065   0.0005847817   0.0001428680  -0.0011850728
       -0.0010921119   0.0000637839  -0.0003309229  -0.0001730158  -0.0000819674
       -0.0003676376   0.0008098604  -0.0003532522  -0.0003115699   0.0014904077
        0.0000486051   0.0000243568   0.0000035022   0.0000734406  -0.0000227797
        0.0000418976
        0.0006918735  -0.0008472427   0.0042372235   0.0002104403  -0.0004584094
       -0.0006278094  -0.0029099234  -0.0022178866   0.0029788215   0.0085098507
       -0.0224176039  -0.0200226989   0.0337316600  -0.0442870153  -0.0644718191
        0.0122444184  -0.0074098157  -0.0050323550  -0.0524532508   0.0759519139
        0.0864668753   0.0002773346   0.0007749750  -0.0009717823  -0.0003597144
        0.0002735616  -0.0001927845   0.0001279997   0.0000349074  -0.0001837055
       -0.0000746330  -0.0000036305   0.0000304728   0.0000623492  -0.0001024693
       -0.0000484889  -0.0009555373  -0.0003755659   0.0001918860   0.0004878093
        0.0005833315  -0.0006366781   0.0000760679  -0.0000273571  -0.0000564901
        0.0004371430  -0.0005523283   0.0005388407   0.0001427080  -0.0010921152
       -0.0011782559   0.0000636047  -0.0001731636  -0.0003293844  -0.0000815382
        0.0008098651  -0.0003729177  -0.0003502836   0.0014904309  -0.0003202353
        0.0000736136   0.0000417260  -0.0000230566   0.0000480078   0.0000038919
        0.0000243420
       -0.0009339435   0.0000005352   0.0000004509   0.0002517862   0.0015057304
        0.0014985480  -0.0266271299   0.0087614654   0.0087021715  -0.2246497053
        0.0001398849   0.0001206590  -0.0267147118  -0.0087237644  -0.0086712544
        0.0002419978  -0.0015118355  -0.0015060413   0.0003275918   0.0002795978
        0.0002773346   0.6275756457  -0.0004128892  -0.0004078626  -0.1425604461
       -0.0937450060   0.0939211945  -0.0343406256  -0.0159983406   0.0160599393
        0.0045974801  -0.0000104904  -0.0000032307  -0.0343256947   0.0160692140
       -0.0160012311  -0.1425294469   0.0939141651  -0.0937346262   0.0055234980
       -0.0086118011   0.0086051404  -0.0007612102  -0.0000004170  -0.0000004923
        0.0055255413   0.0086016420  -0.0086045504   0.0003322327  -0.0002808632
       -0.0002781370   0.0001380384  -0.0000001579   0.0000000119  -0.0005377760
       -0.0000151693  -0.0000137978  -0.0005403768   0.0000157031   0.0000141702
       -0.0049963522   0.0001506424  -0.0001297657  -0.0049963930  -0.0001278457
        0.0001513692
        0.0000007032  -0.0003570835   0.0000329494   0.0017251179   0.0013303461
       -0.0053765510   0.0177594573   0.0002613020  -0.0012580064   0.0001420226
       -0.0562623894   0.0000745265  -0.0177199772   0.0003044977  -0.0012210819
       -0.0017307288   0.0013352871  -0.0053717011  -0.0014056227  -0.0009633738
        0.0007749750  -0.0004128892   0.3727556153  -0.2326531200  -0.0520083624
       -0.1363523643   0.0918809241  -0.0522363945   0.0108503012  -0.0106822181
       -0.0000105220  -0.0322403175   0.0298922160   0.0523081977   0.0107184559
       -0.0107436440   0.0521746300  -0.1366277886   0.0919735896  -0.0008596180
       -0.0203520429   0.0228440359   0.0000009127   0.0006162677  -0.0005747852
        0.0008477249  -0.0203700868   0.0228604277   0.0014025568  -0.0009638026
        0.0007754216  -0.0000001792  -0.0006674172   0.0007653694   0.0009157519
       -0.0000124739  -0.0000460472  -0.0009148485  -0.0000111156  -0.0000448753
        0.0000873768   0.0035039752   0.0030491371  -0.0000653093   0.0035042077
        0.0030484578
        0.0000005862   0.0000332534  -0.0003813902   0.0017118065  -0.0053772450
        0.0013465296   0.0176897947  -0.0012579327   0.0002621667   0.0001230522
        0.0000716812  -0.0562406374  -0.0176572158  -0.0012187535   0.0002988375
       -0.0017190915  -0.0053724342   0.0013505498  -0.0013861508   0.0007789502
       -0.0009717823  -0.0004078626  -0.2326531200   0.3729944772   0.0521730932
        0.0919510090  -0.1365479758   0.0522987381  -0.0107484435   0.0107414767
       -0.0000033764   0.0298942645  -0.0326730810  -0.0522390564  -0.0106723997
        0.0108586519  -0.0519890512   0.0918908338  -0.1363046543   0.0008395393
        0.0228597469  -0.0203558077   0.0000008442  -0.0005753307   0.0006510756
       -0.0008409287   0.0228453076  -0.0203397692   0.0013836226   0.0007790436
       -0.0009719191   0.0000000121   0.0007656722  -0.0007040920   0.0009024007
       -0.0000462747  -0.0000349408  -0.0009017110  -0.0000448586  -0.0000338623
       -0.0000548768   0.0030481973   0.0035281637   0.0000758315   0.0030488328
        0.0035279834
        0.0001363997  -0.0000432843   0.0000425710  -0.0005796316   0.0011061606
       -0.0006192892  -0.0015536575  -0.0020158361  -0.0013323349  -0.0262522962
       -0.0174116590   0.0174520982  -0.0015582295   0.0013425395   0.0020072242
       -0.0005821428   0.0006159007  -0.0011092518   0.0006402932  -0.0009511120
       -0.0003597144  -0.1425604461  -0.0520083624   0.0521730932   0.5906756901
        0.0467294721  -0.0476397337  -0.3191200589  -0.0349348916   0.0354558874
       -0.0412161876   0.0628899866  -0.0627976915  -0.0451247175  -0.0204721527
        0.0205474688   0.0563663240  -0.0218280392   0.0217209856  -0.0005451493
        0.0036122124  -0.0036004749   0.0026807278   0.0000056117  -0.0000025103
       -0.0547204001   0.0350148313  -0.0349442795   0.0006407132   0.0003676702
        0.0009533214   0.0000656307  -0.0001927433   0.0001928658  -0.0001692504
       -0.0000371867  -0.0000661005  -0.0001692186   0.0000656206   0.0000370431
       -0.0168629258  -0.0017114847   0.0017439461  -0.0001914667  -0.0001432537
        0.0001448758
        0.0000212909  -0.0000030587   0.0000625416  -0.0001450487  -0.0002407657
       -0.0001596291   0.0020475822  -0.0010426409   0.0005822925  -0.0085278452
        0.0001814294   0.0012324088   0.0013749563  -0.0005269389  -0.0005894099
        0.0000343882   0.0002510378   0.0001103371  -0.0006369984   0.0001940316
        0.0002735616  -0.0937450060  -0.1363523643   0.0919510090   0.0467294721
        0.2947033550  -0.1951185524   0.0113338663  -0.0630190539   0.0183235955
        0.0179280461   0.0127986258  -0.0118450622  -0.0203521910  -0.0073572779
        0.0048913448   0.0217092067  -0.0361439255   0.0375748734   0.0016145449
        0.0030338957   0.0018956556   0.0019486131   0.0008857228   0.0041696871
        0.0357535390  -0.0669270191   0.0463012463   0.0001286641  -0.0001965798
       -0.0003775748   0.0000266773   0.0000197022  -0.0000084582   0.0001314900
        0.0000229066  -0.0000663768   0.0001156166   0.0000134296   0.0000266394
       -0.0173097322  -0.0002156922   0.0007124433  -0.0001811323  -0.0000788197
        0.0000574274
       -0.0000200309   0.0000636888  -0.0000025141  -0.0000360601   0.0001102396
        0.0002506558  -0.0013725776  -0.0005908338  -0.0005306951   0.0085452867
        0.0012486346   0.0001373491  -0.0020427758   0.0005739115  -0.0010415947
        0.0001439760  -0.0001613065  -0.0002371174  -0.0001307846  -0.0003730592
       -0.0001927845   0.0939211945   0.0918809241  -0.1365479758  -0.0476397337
       -0.1951185524   0.2947681901  -0.0108014590   0.0184085472  -0.0630590966
       -0.0178445755  -0.0119308814   0.0129375481   0.0204287639   0.0048939762
       -0.0074322708  -0.0218115874   0.0376562384  -0.0361292549  -0.0016047756
        0.0018928170   0.0030438727  -0.0019421885   0.0041751105   0.0008947222
       -0.0356832032   0.0463053712  -0.0667730391   0.0006427599   0.0002722815
        0.0001902040  -0.0000268352  -0.0000079308   0.0000190056  -0.0001155851
        0.0000272235   0.0000131956  -0.0001305883  -0.0000659405   0.0000227561
        0.0173396169   0.0006820193  -0.0002519403   0.0001811626   0.0000575213
       -0.0000792158
        0.0000665756  -0.0000194232   0.0000197726   0.0001502389   0.0001575932
       -0.0000937020  -0.0006382758  -0.0000250269  -0.0002003785   0.0003364441
       -0.0017432853   0.0017526650  -0.0006375623   0.0001979460   0.0000266087
        0.0001502641   0.0000924395  -0.0001581873  -0.0000713712   0.0000614106
        0.0001279997  -0.0343406256  -0.0522363945   0.0522987381  -0.3191200589
        0.0113338663  -0.0108014590   0.6438456064   0.0170490666  -0.0180900018
       -0.1250640934   0.0426098386  -0.0424435301   0.0498870291   0.0180413378
       -0.0181282659  -0.0451157963   0.0204368802  -0.0203511131   0.0002609247
       -0.0010254961   0.0010231559  -0.0363408745   0.0171352642  -0.0170509801
       -0.0245394649   0.0128856504  -0.0128301289  -0.0000683666  -0.0001304591
       -0.0000626782   0.0000016455  -0.0000261620   0.0000258172  -0.0000460749
        0.0000334469  -0.0000009140  -0.0000457213   0.0000008014  -0.0000338543
       -0.1075307019  -0.0830649627   0.0831925426  -0.0011397407  -0.0017643317
        0.0017778934
       -0.0000215025   0.0000270677   0.0000268720  -0.0001222181   0.0003773744
        0.0000651327  -0.0010542685  -0.0002027950  -0.0000468525  -0.0013028297
        0.0012636129   0.0050673236   0.0006249281   0.0001913707   0.0000804969
        0.0000879940   0.0001517820  -0.0000463553   0.0000452250  -0.0000469478
        0.0000349074  -0.0159983406   0.0108503012  -0.0107484435  -0.0349348916
       -0.0630190539   0.0184085472   0.0170490666   0.3901992495  -0.2846276365
        0.0890086828  -0.1598075295   0.1139556916  -0.0181451902  -0.0308053516
        0.0322214916   0.0205559702  -0.0074391585   0.0048964475  -0.0007884741
       -0.0004121162   0.0003109247   0.0082293008   0.0010075758   0.0012936142
        0.0217429473  -0.0047884360   0.0070413320  -0.0000311583  -0.0001827824
       -0.0001023135  -0.0000042454  -0.0000322657   0.0000314022  -0.0000821768
       -0.0000020602   0.0000114741   0.0000569120  -0.0000136408   0.0000137508
       -0.0831269802  -0.1386701962   0.1069548258  -0.0017887509   0.0013539995
        0.0051573668
        0.0000213092   0.0000272324   0.0000264881  -0.0000887036  -0.0000449897
        0.0001495520  -0.0006238301   0.0000821773   0.0001916412   0.0013090537
        0.0050669948   0.0012599240   0.0010571684  -0.0000485678  -0.0002030682
        0.0001231929   0.0000670751   0.0003761247   0.0000312532  -0.0001045382
       -0.0001837055   0.0160599393  -0.0106822181   0.0107414767   0.0354558874
        0.0183235955  -0.0630590966  -0.0180900018  -0.2846276365   0.3901107597
       -0.0888271551   0.1140443704  -0.1594992566   0.0180487452   0.0321532622
       -0.0307875850  -0.0204706821   0.0048976757  -0.0073592035   0.0007871484
        0.0003109959  -0.0004155836  -0.0081488062   0.0012754521   0.0010601695
       -0.0216861277   0.0070577370  -0.0047198699  -0.0000452587   0.0000334854
       -0.0000480141   0.0000042157   0.0000310688  -0.0000334953  -0.0000569169
        0.0000137627  -0.0000147623   0.0000830338   0.0000113587  -0.0000030579
        0.0832538346   0.1069544028  -0.1389391632   0.0018027004   0.0051573035
        0.0013497260
       -0.0001748784   0.0000003157   0.0000002834  -0.0000367833  -0.0000750139
       -0.0000743070   0.0003272953   0.0004976173   0.0004963489  -0.0016111612
        0.0000014259   0.0000013385   0.0003258388  -0.0004978193  -0.0004964816
       -0.0000367317   0.0000754140   0.0000746645   0.0001248432  -0.0000749020
       -0.0000746330   0.0045974801  -0.0000105220  -0.0000033764  -0.0412161876
        0.0179280461  -0.0178445755  -0.1250640934   0.0890086828  -0.0888271551
        0.4626874694  -0.0003499432  -0.0003679535  -0.1250925500  -0.0888669490
        0.0890011245  -0.0412335755  -0.0178396912   0.0179187190  -0.0028414267
        0.0006457772  -0.0006311099  -0.1417613788   0.0001307119   0.0001180846
       -0.0028420561  -0.0006302608   0.0006454279   0.0001252003   0.0000739752
        0.0000737484  -0.0000323338   0.0000002327   0.0000002146   0.0000397758
       -0.0000394755  -0.0000394039   0.0000395537   0.0000396881   0.0000396109
        0.0068378824  -0.0077074339   0.0076920246   0.0068378175   0.0076901241
       -0.0077025937
        0.0000005173  -0.0000243915   0.0000183190  -0.0000108429   0.0000221915
       -0.0000374763  -0.0000061996   0.0000161445  -0.0000411054   0.0000011527
       -0.0003080766   0.0002426590   0.0000045647   0.0000166430  -0.0000404291
        0.0000110846   0.0000224190  -0.0000373367   0.0000495159   0.0000263045
       -0.0000036305  -0.0000104904  -0.0322403175   0.0298942645   0.0628899866
        0.0127986258  -0.0119308814   0.0426098386  -0.1598075295   0.1140443704
       -0.0003499432   0.3651468640  -0.2637817421  -0.0424672667  -0.1595263291
        0.1139425034  -0.0628005651   0.0129619271  -0.0118521135   0.0023960242
        0.0040178262   0.0011251460   0.0001282289  -0.0233927390   0.0028206395
       -0.0023797918   0.0040238918   0.0011296376  -0.0000500831   0.0000263151
       -0.0000036733  -0.0000000621  -0.0000345276   0.0000101574  -0.0000134556
       -0.0000156369  -0.0000042753   0.0000137423  -0.0000156405  -0.0000044008
        0.0078745787  -0.0118570778   0.0122401812  -0.0078905341  -0.0118568865
        0.0122691863
        0.0000004969   0.0000179064  -0.0000019384  -0.0000045942  -0.0000368276
        0.0000409768  -0.0000010946  -0.0000396762   0.0000271945   0.0000010735
        0.0002433436  -0.0003024158  -0.0000003921  -0.0000390403   0.0000276344
        0.0000048963  -0.0000367310   0.0000412186   0.0000406578  -0.0000033839
        0.0000304728  -0.0000032307   0.0298922160  -0.0326730810  -0.0627976915
       -0.0118450622   0.0129375481  -0.0424435301   0.1139556916  -0.1594992566
       -0.0003679535  -0.2637817421   0.3654265807   0.0426183209   0.1140294137
       -0.1597522403   0.0628726169  -0.0119411177   0.0127915527  -0.0023675577
        0.0011303301   0.0040206805   0.0001157503   0.0028203875  -0.0234248857
        0.0023825027   0.0011252774   0.0040152418  -0.0000412011  -0.0000034430
        0.0000304679  -0.0000000361   0.0000100956  -0.0000049338  -0.0000037759
       -0.0000042700   0.0000060959   0.0000040187  -0.0000043542   0.0000060646
       -0.0078950450   0.0122700097  -0.0118714130   0.0078857688   0.0122409765
       -0.0118715646
        0.0000665763   0.0000194056  -0.0000197680   0.0001499443  -0.0000921854
        0.0001585256  -0.0006407099  -0.0001963824  -0.0000257002   0.0003371392
        0.0017540232  -0.0017409675  -0.0006350894   0.0000260278   0.0002017362
        0.0001504685  -0.0001572070   0.0000939562  -0.0000681164   0.0001296971
        0.0000623492  -0.0343256947   0.0523081977  -0.0522390564  -0.0451247175
       -0.0203521910   0.0204287639   0.0498870291  -0.0181451902   0.0180487452
       -0.1250925500  -0.0424672667   0.0426183209   0.6438375613  -0.0180845525
        0.0170476297  -0.3191143592  -0.0107882118   0.0112961215  -0.0245469034
       -0.0128310645   0.0128819321  -0.0363462559  -0.0170522936   0.0171260093
        0.0002613194   0.0010234003  -0.0010250105  -0.0000716195  -0.0000616317
       -0.0001286874   0.0000016570   0.0000261798  -0.0000257841  -0.0000458419
       -0.0000006655   0.0000338856  -0.0000459221  -0.0000333911   0.0000010524
       -0.0011389599   0.0017781695  -0.0017634514  -0.1074949552   0.0831971323
       -0.0830306019
        0.0000215100   0.0000269736   0.0000268460  -0.0000880674   0.0001519003
       -0.0000466541  -0.0006229703   0.0001929887   0.0000816421   0.0013110776
        0.0012570533   0.0050678068   0.0010551709  -0.0002047411  -0.0000489416
        0.0001224966   0.0003775321   0.0000648566   0.0000305912  -0.0001830968
       -0.0001024693   0.0160692140   0.0107184559  -0.0106723997  -0.0204721527
       -0.0073572779   0.0048939762   0.0180413378  -0.0308053516   0.0321532622
       -0.0888669490  -0.1595263291   0.1140294137  -0.0180845525   0.3902514621
       -0.2846313178   0.0354873726  -0.0630710745   0.0183236162  -0.0216899827
       -0.0047185302   0.0070541319  -0.0081471230   0.0010605389   0.0012727216
        0.0007877680  -0.0004158567   0.0003113424  -0.0000455592  -0.0000466781
        0.0000351036   0.0000042096  -0.0000323255   0.0000314823  -0.0000565241
       -0.0000137965   0.0000137967   0.0000825922  -0.0000019900   0.0000113449
        0.0018033772   0.0013458478   0.0051575962   0.0832571633  -0.1390057049
        0.1069728432
       -0.0000212750   0.0000272897   0.0000265867  -0.0001229323   0.0000674079
        0.0003759352  -0.0010563733  -0.0000462725  -0.0002013967  -0.0012998206
        0.0050671927   0.0012658270   0.0006256276   0.0000809103   0.0001902214
        0.0000887113  -0.0000447716   0.0001494856   0.0000447622   0.0000332167
       -0.0000484889  -0.0160012311  -0.0107436440   0.0108586519   0.0205474688
        0.0048913448  -0.0074322708  -0.0181282659   0.0322214916  -0.0307875850
        0.0890011245   0.1139425034  -0.1597522403   0.0170476297  -0.2846313178
        0.3900665163  -0.0349543600   0.0184137313  -0.0630123126   0.0217362803
        0.0070374480  -0.0047822745   0.0082231461   0.0012909520   0.0010125983
       -0.0007876486   0.0003109726  -0.0004122497  -0.0000317251  -0.0001044999
       -0.0001834786  -0.0000042425   0.0000309943  -0.0000334339  -0.0000826616
        0.0000115182  -0.0000031012   0.0000572011   0.0000137074  -0.0000146272
       -0.0017874945   0.0051578283   0.0013570746  -0.0830939212   0.1069719965
       -0.1386394375
        0.0001364205   0.0000432455  -0.0000425437  -0.0005822789  -0.0006148878
        0.0011101280  -0.0015631917  -0.0013396499  -0.0020078852  -0.0262460028
        0.0174621807  -0.0174068870  -0.0015493915   0.0020153419   0.0013349923
       -0.0005798832  -0.0011052065   0.0006200290   0.0006368350  -0.0003687845
       -0.0009555373  -0.1425294469   0.0521746300  -0.0519890512   0.0563663240
        0.0217092067  -0.0218115874  -0.0451157963   0.0205559702  -0.0204706821
       -0.0412335755  -0.0628005651   0.0628726169  -0.3191143592   0.0354873726
       -0.0349543600   0.5906545287  -0.0476588623   0.0467324981  -0.0547355908
       -0.0349580291   0.0350135264   0.0026803248  -0.0000034763   0.0000060681
       -0.0005462997  -0.0036013084   0.0036110040   0.0006443467   0.0009488223
        0.0003588491   0.0000656867   0.0001925999  -0.0001929857  -0.0001695930
       -0.0000655264  -0.0000367733  -0.0001688916   0.0000375013   0.0000661644
       -0.0001913974   0.0001447265  -0.0001434292  -0.0168587676   0.0017446985
       -0.0017141541
       -0.0000213048  -0.0000029787   0.0000626721  -0.0000326194   0.0002521657
        0.0001082910  -0.0013728881  -0.0005223939  -0.0005836322   0.0085768412
        0.0001344742   0.0012507792  -0.0020467477  -0.0010432557   0.0005819981
        0.0001454852  -0.0002388438  -0.0001608307  -0.0001313550  -0.0001958471
       -0.0003755659   0.0939141651  -0.1366277886   0.0918908338  -0.0218280392
       -0.0361439255   0.0376562384   0.0204368802  -0.0074391585   0.0048976757
       -0.0178396912   0.0129619271  -0.0119411177  -0.0107882118  -0.0630710745
        0.0184137313  -0.0476588623   0.2948706278  -0.1951290236  -0.0356945495
       -0.0667824654   0.0462956379  -0.0019439064   0.0008920421   0.0041747536
       -0.0016036765   0.0030427372   0.0018916679   0.0006351113   0.0001919675
        0.0002718714  -0.0000267735   0.0000194236  -0.0000080519  -0.0001149208
        0.0000136820   0.0000268974  -0.0001312152   0.0000231920  -0.0000662884
        0.0001814267  -0.0000800448   0.0000572034   0.0173448518  -0.0002544627
        0.0006842594
        0.0000200352   0.0000635694  -0.0000025755  -0.0001437025  -0.0001602059
       -0.0002388490   0.0020436917   0.0005733957  -0.0010409407  -0.0085014126
        0.0012357469   0.0001785002   0.0013742281  -0.0005965580  -0.0005346059
        0.0000376985   0.0001119707   0.0002496721  -0.0006445203   0.0002740408
        0.0001918860  -0.0937346262   0.0919735896  -0.1363046543   0.0217209856
        0.0375748734  -0.0361292549  -0.0203511131   0.0048964475  -0.0073592035
        0.0179187190  -0.0118521135   0.0127915527   0.0112961215   0.0183236162
       -0.0630123126   0.0467324981  -0.1951290236   0.2946220406   0.0357547456
        0.0462957051  -0.0669023742   0.0019481565   0.0041694411   0.0008890066
        0.0016152608   0.0018956599   0.0030361241   0.0001282906  -0.0003748344
       -0.0001933637   0.0000267380  -0.0000083014   0.0000192270   0.0001307962
       -0.0000660823   0.0000225081   0.0001161911   0.0000269285   0.0000129734
       -0.0001808943   0.0000578315  -0.0000780902  -0.0173078875   0.0007143026
       -0.0002172662
       -0.0001131171  -0.0000069233   0.0000104078  -0.0000106870  -0.0000481229
        0.0000140799   0.0005736340   0.0006118720  -0.0001158665   0.0003415143
        0.0013966343  -0.0013982881   0.0005685927   0.0001135390  -0.0006208063
       -0.0000077691  -0.0000134468   0.0000474589  -0.0004412801   0.0004405331
        0.0004878093   0.0055234980  -0.0008596180   0.0008395393  -0.0005451493
        0.0016145449  -0.0016047756   0.0002609247  -0.0007884741   0.0007871484
       -0.0028414267   0.0023960242  -0.0023675577  -0.0245469034  -0.0216899827
        0.0217362803  -0.0547355908  -0.0356945495   0.0357547456   0.0772362869
        0.0538092455  -0.0539207543  -0.0013428171  -0.0007075675   0.0007081208
        0.0000333045   0.0001159445  -0.0001161736  -0.0004402509  -0.0004873401
       -0.0004364184  -0.0000276321  -0.0000085775   0.0000093240  -0.0000010264
        0.0000238991   0.0000281624  -0.0000012619  -0.0000277651  -0.0000235414
        0.0000765243   0.0001796143  -0.0001820696   0.0004406324  -0.0003694833
        0.0003631749
       -0.0000579983   0.0000376341  -0.0000055256  -0.0000432502  -0.0000567597
        0.0000617752   0.0009024046   0.0001936437   0.0003256050  -0.0003074719
       -0.0009029996  -0.0007472389   0.0003318514  -0.0001841338  -0.0002673573
       -0.0000957260  -0.0001521937  -0.0000363088  -0.0004695021   0.0005427454
        0.0005833315  -0.0086118011  -0.0203520429   0.0228597469   0.0036122124
        0.0030338957   0.0018928170  -0.0010254961  -0.0004121162   0.0003109959
        0.0006457772   0.0040178262   0.0011303301  -0.0128310645  -0.0047185302
        0.0070374480  -0.0349580291  -0.0667824654   0.0462957051   0.0538092455
        0.0886291893  -0.0778913441  -0.0005496786  -0.0002714326   0.0001316692
       -0.0001164426  -0.0012733046   0.0011001073  -0.0004908770  -0.0006349544
       -0.0005503958  -0.0000407638  -0.0000073205  -0.0000168050  -0.0000414233
        0.0000189491   0.0000001181  -0.0000769446  -0.0000253573  -0.0000345676
        0.0001275804  -0.0002777135  -0.0007653694   0.0002873977  -0.0004225591
       -0.0014147369
        0.0000586348  -0.0000049880   0.0000375988   0.0000938179  -0.0000380305
       -0.0001532558  -0.0003276758  -0.0002679745  -0.0001803272   0.0003029573
       -0.0007464105  -0.0009003840  -0.0009089018   0.0003308226   0.0001940756
        0.0000443057   0.0000601622  -0.0000580631   0.0004914912  -0.0005545384
       -0.0006366781   0.0086051404   0.0228440359  -0.0203558077  -0.0036004749
        0.0018956556   0.0030438727   0.0010231559   0.0003109247  -0.0004155836
       -0.0006311099   0.0011251460   0.0040206805   0.0128819321   0.0070541319
       -0.0047822745   0.0350135264   0.0462956379  -0.0669023742  -0.0539207543
       -0.0778913441   0.0888118357   0.0005520839   0.0001336601  -0.0002720658
        0.0001162059   0.0010997965  -0.0012730301   0.0004697637   0.0005846144
        0.0005384011   0.0000408886  -0.0000168615  -0.0000079214   0.0000771363
       -0.0000347621  -0.0000258095   0.0000410390  -0.0000000067   0.0000189229
       -0.0001296345  -0.0007657937  -0.0002770875  -0.0002935279  -0.0014138779
       -0.0004247248
        0.0002441996  -0.0000003605  -0.0000003327   0.0001106204   0.0001066234
        0.0001058248  -0.0000680536  -0.0004487023  -0.0004463822   0.0006375498
       -0.0000012473  -0.0000012585  -0.0000677967   0.0004491011   0.0004467286
        0.0001105230  -0.0001071980  -0.0001063876  -0.0001007418   0.0000761538
        0.0000760679  -0.0007612102   0.0000009127   0.0000008442   0.0026807278
        0.0019486131  -0.0019421885  -0.0363408745   0.0082293008  -0.0081488062
       -0.1417613788   0.0001282289   0.0001157503  -0.0363462559  -0.0081471230
        0.0082231461   0.0026803248  -0.0019439064   0.0019481565  -0.0013428171
       -0.0005496786   0.0005520839   0.2099320718  -0.0002110955  -0.0001921918
       -0.0013425606   0.0005521551  -0.0005498497  -0.0001013280  -0.0000758569
       -0.0000758115   0.0000592927  -0.0000003040  -0.0000002950   0.0000507560
        0.0000285270   0.0000284410   0.0000509323  -0.0000288497  -0.0000287729
        0.0008380674  -0.0001062725   0.0001010499   0.0008379517   0.0001009789
       -0.0001058167
       -0.0000007928  -0.0000022192  -0.0000014592   0.0000285470  -0.0000231780
       -0.0000135330   0.0001685817   0.0000531998   0.0000344002  -0.0000004317
       -0.0004705296  -0.0005683446  -0.0001671539   0.0000538196   0.0000352261
       -0.0000290541  -0.0000235312  -0.0000137538   0.0000494309  -0.0000563604
       -0.0000273571  -0.0000004170   0.0006162677  -0.0005753307   0.0000056117
        0.0008857228   0.0041751105   0.0171352642   0.0010075758   0.0012754521
        0.0001307119  -0.0233927390   0.0028203875  -0.0170522936   0.0010605389
        0.0012909520  -0.0000034763   0.0008920421   0.0041694411  -0.0007075675
       -0.0002714326   0.0001336601  -0.0002110955   0.0210914811  -0.0103996317
        0.0007093461  -0.0002725288   0.0001318265  -0.0000494739  -0.0000548899
       -0.0000266960  -0.0000001969  -0.0000018966   0.0000001364   0.0000046635
        0.0000005113   0.0000035624  -0.0000046364   0.0000004931   0.0000036777
        0.0004956350  -0.0005449758  -0.0012250838  -0.0005012025  -0.0005473712
       -0.0012226428
       -0.0000006994  -0.0000015660  -0.0000039171   0.0000283171  -0.0000137323
       -0.0000246589   0.0001681892   0.0000345796   0.0000524507  -0.0000004793
       -0.0005682239  -0.0004714340  -0.0001669057   0.0000354215   0.0000529792
       -0.0000286654  -0.0000139502  -0.0000249501   0.0000503189  -0.0000275004
       -0.0000564901  -0.0000004923  -0.0005747852   0.0006510756  -0.0000025103
        0.0041696871   0.0008947222  -0.0170509801   0.0012936142   0.0010601695
        0.0001180846   0.0028206395  -0.0234248857   0.0171260093   0.0012727216
        0.0010125983   0.0000060681   0.0041747536   0.0008890066   0.0007081208
        0.0001316692  -0.0002720658  -0.0001921918  -0.0103996317   0.0210889644
       -0.0007064500   0.0001336252  -0.0002710726  -0.0000504240  -0.0000269583
       -0.0000551349  -0.0000001871   0.0000001360  -0.0000043042   0.0000040116
        0.0000035611  -0.0000011993  -0.0000040606   0.0000037107  -0.0000012979
       -0.0005002079  -0.0012229818  -0.0005462494   0.0004951344  -0.0012247893
       -0.0005443064
       -0.0001131110   0.0000070305  -0.0000103404  -0.0000076900   0.0000132437
       -0.0000477055   0.0005695902  -0.0001147118   0.0006195802   0.0003411987
       -0.0014004757   0.0013947835   0.0005720893  -0.0006132773   0.0001149823
       -0.0000106373   0.0000478801  -0.0000142716  -0.0004384934   0.0004886618
        0.0004371430   0.0055255413   0.0008477249  -0.0008409287  -0.0547204001
        0.0357535390  -0.0356832032  -0.0245394649   0.0217429473  -0.0216861277
       -0.0028420561  -0.0023797918   0.0023825027   0.0002613194   0.0007877680
       -0.0007876486  -0.0005462997  -0.0016036765   0.0016152608   0.0000333045
       -0.0001164426   0.0001162059  -0.0013425606   0.0007093461  -0.0007064500
        0.0772131366  -0.0539247946   0.0537860766  -0.0004423923  -0.0004393525
       -0.0004867418  -0.0000276268   0.0000084777  -0.0000094341  -0.0000012996
        0.0000277572   0.0000233413  -0.0000010551  -0.0000241133  -0.0000281922
        0.0004404459   0.0003638558  -0.0003688363   0.0000764611  -0.0001815961
        0.0001800038
        0.0000582896   0.0000374376  -0.0000054591   0.0000955548  -0.0001523479
       -0.0000363627  -0.0003332970  -0.0001830834  -0.0002676985   0.0003041682
       -0.0009010394  -0.0007500782  -0.0009034601   0.0001964115   0.0003269676
        0.0000432079  -0.0000567731   0.0000617236   0.0004905330  -0.0006368065
       -0.0005523283   0.0086016420  -0.0203700868   0.0228453076   0.0350148313
       -0.0669270191   0.0463053712   0.0128856504  -0.0047884360   0.0070577370
       -0.0006302608   0.0040238918   0.0011252774   0.0010234003  -0.0004158567
        0.0003109726  -0.0036013084   0.0030427372   0.0018956599   0.0001159445
       -0.0012733046   0.0010997965   0.0005521551  -0.0002725288   0.0001336252
       -0.0539247946   0.0888499419  -0.0779028845   0.0004717422   0.0005423019
        0.0005834041   0.0000407925  -0.0000075024  -0.0000167503   0.0000769924
       -0.0000255490  -0.0000347152   0.0000414579   0.0000189374   0.0000001961
       -0.0002935351  -0.0004244334  -0.0014139996  -0.0001297059  -0.0002768922
       -0.0007657626
       -0.0000583532  -0.0000050557   0.0000377812  -0.0000442116   0.0000601902
       -0.0000579332   0.0009081350   0.0003291840   0.0001915676  -0.0003061144
       -0.0007436420  -0.0009022107   0.0003263490  -0.0002678549  -0.0001812690
       -0.0000940364  -0.0000379942  -0.0001530535  -0.0004676898   0.0005847817
        0.0005388407  -0.0086045504   0.0228604277  -0.0203397692  -0.0349442795
        0.0463012463  -0.0667730391  -0.0128301289   0.0070413320  -0.0047198699
        0.0006454279   0.0011296376   0.0040152418  -0.0010250105   0.0003113424
       -0.0004122497   0.0036110040   0.0018916679   0.0030361241  -0.0001161736
        0.0011001073  -0.0012730301  -0.0005498497   0.0001318265  -0.0002710726
        0.0537860766  -0.0779028845   0.0886142844  -0.0004924149  -0.0005526132
       -0.0006349294  -0.0000408732  -0.0000168806  -0.0000077290  -0.0000410815
       -0.0000000637   0.0000189530  -0.0000770569  -0.0000345987  -0.0000256460
        0.0002873888  -0.0014146938  -0.0004231328   0.0001274434  -0.0007654622
       -0.0002778588
       -0.0046757153   0.0024885268   0.0024799703  -0.0233625954  -0.0218006167
       -0.0217367763  -0.0542178692  -0.0344591510  -0.0343550846   0.0056346981
       -0.0007500986  -0.0007466898  -0.0010770928   0.0014921607   0.0014882445
        0.0010310511  -0.0008715918  -0.0008678404  -0.0000068916   0.0001428680
        0.0001427080   0.0003322327   0.0014025568   0.0013836226   0.0006407132
        0.0001286641   0.0006427599  -0.0000683666  -0.0000311583  -0.0000452587
        0.0001252003  -0.0000500831  -0.0000412011  -0.0000716195  -0.0000455592
       -0.0000317251   0.0006443467   0.0006351113   0.0001282906  -0.0004402509
       -0.0004908770   0.0004697637  -0.0001013280  -0.0000494739  -0.0000504240
       -0.0004423923   0.0004717422  -0.0004924149   0.0760310257   0.0527521433
        0.0525925983  -0.0006420173  -0.0008617817  -0.0008579435   0.0006066689
       -0.0002771809  -0.0002755340   0.0000790324   0.0001737083   0.0001741105
       -0.0000095851  -0.0000340350   0.0000332791  -0.0000092450   0.0000341258
       -0.0000344547
       -0.0006823025   0.0042285684  -0.0008503028  -0.0122645914  -0.0050291029
       -0.0073611087  -0.0339201198  -0.0646548275  -0.0441901199  -0.0086080411
       -0.0201547588  -0.0224058295   0.0029220223   0.0029579599  -0.0022238846
       -0.0002146914  -0.0006291809  -0.0004564983  -0.0001455868  -0.0011850728
       -0.0010921152  -0.0002808632  -0.0009638026   0.0007790436   0.0003676702
       -0.0001965798   0.0002722815  -0.0001304591  -0.0001827824   0.0000334854
        0.0000739752   0.0000263151  -0.0000034430  -0.0000616317  -0.0000466781
       -0.0001044999   0.0009488223   0.0001919675  -0.0003748344  -0.0004873401
       -0.0006349544   0.0005846144  -0.0000758569  -0.0000548899  -0.0000269583
       -0.0004393525   0.0005423019  -0.0005526132   0.0527521433   0.0867903330
        0.0757987907  -0.0000635134  -0.0003297323  -0.0001716502   0.0003492898
       -0.0003085742   0.0014903018   0.0000822382  -0.0003683506   0.0008095981
       -0.0000733624  -0.0000225857   0.0000419856  -0.0000484490   0.0000244273
        0.0000037568
       -0.0006814387  -0.0008495881   0.0042345461  -0.0122322384  -0.0073623317
       -0.0049872855  -0.0338148540  -0.0441881901  -0.0643822456  -0.0085802438
       -0.0224049103  -0.0200122343   0.0029116242  -0.0022237793   0.0029738592
       -0.0002134540  -0.0004567886  -0.0006266217  -0.0001452695  -0.0010921119
       -0.0011782559  -0.0002781370   0.0007754216  -0.0009719191   0.0009533214
       -0.0003775748   0.0001902040  -0.0000626782  -0.0001023135  -0.0000480141
        0.0000737484  -0.0000036733   0.0000304679  -0.0001286874   0.0000351036
       -0.0001834786   0.0003588491   0.0002718714  -0.0001933637  -0.0004364184
       -0.0005503958   0.0005384011  -0.0000758115  -0.0000266960  -0.0000551349
       -0.0004867418   0.0005834041  -0.0006349294   0.0525925983   0.0757987907
        0.0863244326  -0.0000634523  -0.0001720057  -0.0003283841   0.0003484523
        0.0014901810  -0.0003180134   0.0000822093   0.0008095828  -0.0003735073
       -0.0000478673   0.0000041457   0.0000243731  -0.0000735106   0.0000418583
       -0.0000228963
       -0.3108234169   0.0002119750   0.0001748955  -0.0168347528  -0.0017174015
       -0.0017136986  -0.0006313926  -0.0019356336  -0.0019306834   0.0006345183
       -0.0000010309  -0.0000009714  -0.0006209421   0.0019329619   0.0019257896
       -0.0167775879   0.0017418256   0.0017334834  -0.0006393850   0.0000637839
        0.0000636047   0.0001380384  -0.0000001792   0.0000000121   0.0000656307
        0.0000266773  -0.0000268352   0.0000016455  -0.0000042454   0.0000042157
       -0.0000323338  -0.0000000621  -0.0000000361   0.0000016570   0.0000042096
       -0.0000042425   0.0000656867  -0.0000267735   0.0000267380  -0.0000276321
       -0.0000407638   0.0000408886   0.0000592927  -0.0000001969  -0.0000001871
       -0.0000276268   0.0000407925  -0.0000408732  -0.0006420173  -0.0000635134
       -0.0000634523   0.3445313667  -0.0002311706  -0.0001882078   0.0007457112
        0.0004424081   0.0004416687   0.0007477874  -0.0004435710  -0.0004420081
        0.0000328729  -0.0000045875   0.0000044043   0.0000328797   0.0000044953
       -0.0000045052
        0.0002117888  -0.0380012746  -0.0037748261  -0.0178741143  -0.0005729915
       -0.0010959111  -0.0017478756   0.0022002924  -0.0055189559  -0.0000011209
       -0.0002715247  -0.0005502853   0.0017451930   0.0021943051  -0.0055243572
        0.0178985897  -0.0006038283  -0.0011220537   0.0008624751  -0.0003309229
       -0.0001731636  -0.0000001579  -0.0006674172   0.0007656722  -0.0001927433
        0.0000197022  -0.0000079308  -0.0000261620  -0.0000322657   0.0000310688
        0.0000002327  -0.0000345276   0.0000100956   0.0000261798  -0.0000323255
        0.0000309943   0.0001925999   0.0000194236  -0.0000083014  -0.0000085775
       -0.0000073205  -0.0000168615  -0.0000003040  -0.0000018966   0.0000001360
        0.0000084777  -0.0000075024  -0.0000168806  -0.0008617817  -0.0003297323
       -0.0001720057  -0.0002311706   0.0382814615   0.0142582992  -0.0007088771
       -0.0009172990   0.0014488766   0.0007072738  -0.0009184993   0.0014479994
       -0.0000088265   0.0000072166  -0.0000058531   0.0000089009   0.0000069268
       -0.0000057561
        0.0001746673  -0.0037748565  -0.0379750675  -0.0178174990  -0.0010941448
       -0.0005668858  -0.0017429003  -0.0055188195   0.0022366185  -0.0000010435
       -0.0005510672  -0.0002682900   0.0017380928  -0.0055241444   0.0022316654
        0.0178371927  -0.0011244667  -0.0005921687   0.0008585045  -0.0001730158
       -0.0003293844   0.0000000119   0.0007653694  -0.0007040920   0.0001928658
       -0.0000084582   0.0000190056   0.0000258172   0.0000314022  -0.0000334953
        0.0000002146   0.0000101574  -0.0000049338  -0.0000257841   0.0000314823
       -0.0000334339  -0.0001929857  -0.0000080519   0.0000192270   0.0000093240
       -0.0000168050  -0.0000079214  -0.0000002950   0.0000001364  -0.0000043042
       -0.0000094341  -0.0000167503  -0.0000077290  -0.0008579435  -0.0001716502
       -0.0003283841  -0.0001882078   0.0142582992   0.0381887072  -0.0007051812
        0.0014490460  -0.0009246015   0.0007044988   0.0014478657  -0.0009256210
        0.0000082838  -0.0000057119   0.0000054252  -0.0000081990  -0.0000058162
        0.0000056637
        0.0066986383  -0.0078566665  -0.0078301181  -0.1063200448   0.0817113845
        0.0814390385  -0.0176788590   0.0179537170   0.0178937669  -0.0051600324
        0.0000996085   0.0000986494  -0.0002849082  -0.0003343008  -0.0003330859
       -0.0006605858  -0.0020084055  -0.0020024116   0.0000789049  -0.0000819674
       -0.0000815382  -0.0005377760   0.0009157519   0.0009024007  -0.0001692504
        0.0001314900  -0.0001155851  -0.0000460749  -0.0000821768  -0.0000569169
        0.0000397758  -0.0000134556  -0.0000037759  -0.0000458419  -0.0000565241
       -0.0000826616  -0.0001695930  -0.0001149208   0.0001307962  -0.0000010264
       -0.0000414233   0.0000771363   0.0000507560   0.0000046635   0.0000040116
       -0.0000012996   0.0000769924  -0.0000410815   0.0006066689   0.0003492898
        0.0003484523   0.0007457112  -0.0007088771  -0.0007051812   0.1225447604
       -0.0895009386  -0.0891996303   0.0002624384  -0.0004473580  -0.0004453497
        0.0000236534   0.0000134786  -0.0000098463   0.0000239853  -0.0000093614
        0.0000129304
        0.0077645174  -0.0117482367  -0.0121357289   0.0822405810  -0.1399439634
       -0.1065188061   0.0014982607  -0.0006377588  -0.0011788330  -0.0000383814
        0.0036265235  -0.0030534021  -0.0003417276   0.0001051904  -0.0000089893
       -0.0019799446   0.0016289169  -0.0057286704  -0.0001731821  -0.0003676376
        0.0008098651  -0.0000151693  -0.0000124739  -0.0000462747  -0.0000371867
        0.0000229066   0.0000272235   0.0000334469  -0.0000020602   0.0000137627
       -0.0000394755  -0.0000156369  -0.0000042700  -0.0000006655  -0.0000137965
        0.0000115182  -0.0000655264   0.0000136820  -0.0000660823   0.0000238991
        0.0000189491  -0.0000347621   0.0000285270   0.0000005113   0.0000035611
        0.0000277572  -0.0000255490  -0.0000000637  -0.0002771809  -0.0003085742
        0.0014901810   0.0004424081  -0.0009172990   0.0014490460  -0.0895009386
        0.1491256661   0.1254638708   0.0004450178  -0.0005538214  -0.0004870070
       -0.0000156504   0.0000010787  -0.0000049264  -0.0000193863   0.0000033830
       -0.0000012122
        0.0077404407  -0.0121368345  -0.0116666164   0.0819648859  -0.1065194771
       -0.1392359695   0.0014924089  -0.0011767139  -0.0006272354  -0.0000411202
       -0.0030537367   0.0036462707  -0.0003410352  -0.0000086128   0.0001059394
       -0.0019741354  -0.0057287001   0.0016665281  -0.0001731087   0.0008098604
       -0.0003729177  -0.0000137978  -0.0000460472  -0.0000349408  -0.0000661005
       -0.0000663768   0.0000131956  -0.0000009140   0.0000114741  -0.0000147623
       -0.0000394039  -0.0000042753   0.0000060959   0.0000338856   0.0000137967
       -0.0000031012  -0.0000367733   0.0000268974   0.0000225081   0.0000281624
        0.0000001181  -0.0000258095   0.0000284410   0.0000035624  -0.0000011993
        0.0000233413  -0.0000347152   0.0000189530  -0.0002755340   0.0014903018
       -0.0003180134   0.0004416687   0.0014488766  -0.0009246015  -0.0891996303
        0.1254638708   0.1482929678   0.0004432566  -0.0004871327  -0.0005495914
       -0.0000198354  -0.0000011662   0.0000023510  -0.0000151023  -0.0000049696
       -0.0000000514
        0.0066984342   0.0078109269   0.0077861040  -0.0006492044   0.0020042033
        0.0019961835  -0.0002832220   0.0003348582   0.0003336016  -0.0051602534
       -0.0000900451  -0.0000920898  -0.0177352463  -0.0179287731  -0.0178736600
       -0.1067900402  -0.0819024733  -0.0816487067   0.0005969740  -0.0003532522
       -0.0003502836  -0.0005403768  -0.0009148485  -0.0009017110  -0.0001692186
        0.0001156166  -0.0001305883  -0.0000457213   0.0000569120   0.0000830338
        0.0000395537   0.0000137423   0.0000040187  -0.0000459221   0.0000825922
        0.0000572011  -0.0001688916  -0.0001312152   0.0001161911  -0.0000012619
       -0.0000769446   0.0000410390   0.0000509323  -0.0000046364  -0.0000040606
       -0.0000010551   0.0000414579  -0.0000770569   0.0000790324   0.0000822382
        0.0000822093   0.0007477874   0.0007072738   0.0007044988   0.0002624384
        0.0004450178   0.0004432566   0.1230677278   0.0897108771   0.0894334719
        0.0000238993   0.0000095425  -0.0000125645   0.0000236344  -0.0000130702
        0.0000099123
       -0.0078096877  -0.0117485054  -0.0121376017   0.0019760080   0.0016225244
       -0.0057343543   0.0003423842   0.0001039633  -0.0000099673   0.0000482747
        0.0036267640  -0.0030534067  -0.0014730634  -0.0006071749  -0.0011488621
       -0.0824317526  -0.1396878972  -0.1062846324   0.0002738207  -0.0003115699
        0.0014904309   0.0000157031  -0.0000111156  -0.0000448586   0.0000656206
        0.0000134296  -0.0000659405   0.0000008014  -0.0000136408   0.0000113587
        0.0000396881  -0.0000156405  -0.0000043542  -0.0000333911  -0.0000019900
        0.0000137074   0.0000375013   0.0000231920   0.0000269285  -0.0000277651
       -0.0000253573  -0.0000000067  -0.0000288497   0.0000004931   0.0000037107
       -0.0000241133   0.0000189374  -0.0000345987   0.0001737083  -0.0003683506
        0.0008095828  -0.0004435710  -0.0009184993   0.0014478657  -0.0004473580
       -0.0005538214  -0.0004871327   0.0897108771   0.1488492864   0.1252085076
        0.0000193399   0.0000038422  -0.0000013569   0.0000158245   0.0000011303
       -0.0000050193
       -0.0077839110  -0.0121346756  -0.0116667767   0.0019680275  -0.0057343967
        0.0016613152   0.0003415154  -0.0000095699   0.0001049349   0.0000479363
       -0.0030538187   0.0036464912  -0.0014718966  -0.0011510201  -0.0006018583
       -0.0821748741  -0.1062851189  -0.1390239561   0.0002742243   0.0014904077
       -0.0003202353   0.0000141702  -0.0000448753  -0.0000338623   0.0000370431
        0.0000266394   0.0000227561  -0.0000338543   0.0000137508  -0.0000030579
        0.0000396109  -0.0000044008   0.0000060646   0.0000010524   0.0000113449
       -0.0000146272   0.0000661644  -0.0000662884   0.0000129734  -0.0000235414
       -0.0000345676   0.0000189229  -0.0000287729   0.0000036777  -0.0000012979
       -0.0000281922   0.0000001961  -0.0000256460   0.0001741105   0.0008095981
       -0.0003735073  -0.0004420081   0.0014479994  -0.0009256210  -0.0004453497
       -0.0004870070  -0.0005495914   0.0894334719   0.1252085076   0.1480638502
        0.0000152613  -0.0000050635  -0.0000000161   0.0000198121  -0.0000013193
        0.0000027449
        0.0000216934   0.0000028427  -0.0000033297  -0.0000240268   0.0000859613
       -0.0000492540  -0.0001660813  -0.0001202797  -0.0000968968  -0.0005265562
       -0.0008430068   0.0008436560  -0.0001659605   0.0000966247   0.0001196710
       -0.0000239592   0.0000485711  -0.0000864400  -0.0000092280   0.0000486051
        0.0000736136  -0.0049963522   0.0000873768  -0.0000548768  -0.0168629258
       -0.0173097322   0.0173396169  -0.1075307019  -0.0831269802   0.0832538346
        0.0068378824   0.0078745787  -0.0078950450  -0.0011389599   0.0018033772
       -0.0017874945  -0.0001913974   0.0001814267  -0.0001808943   0.0000765243
        0.0001275804  -0.0001296345   0.0008380674   0.0004956350  -0.0005002079
        0.0004404459  -0.0002935351   0.0002873888  -0.0000095851  -0.0000733624
       -0.0000478673   0.0000328729  -0.0000088265   0.0000082838   0.0000236534
       -0.0000156504  -0.0000198354   0.0000238993   0.0000193399   0.0000152613
        0.1230175447   0.0904432971  -0.0906132866   0.0003331506   0.0004761565
       -0.0004762632
       -0.0000151558   0.0000128779   0.0000028979  -0.0000335441   0.0000057646
       -0.0000058139   0.0000314447   0.0000435282  -0.0000017436   0.0000066016
       -0.0000301201   0.0000187617   0.0000651927  -0.0000213136   0.0000406793
        0.0000024396  -0.0000183839  -0.0000189330  -0.0000344571   0.0000243568
        0.0000417260   0.0001506424   0.0035039752   0.0030481973  -0.0017114847
       -0.0002156922   0.0006820193  -0.0830649627  -0.1386701962   0.1069544028
       -0.0077074339  -0.0118570778   0.0122700097   0.0017781695   0.0013458478
        0.0051578283   0.0001447265  -0.0000800448   0.0000578315   0.0001796143
       -0.0002777135  -0.0007657937  -0.0001062725  -0.0005449758  -0.0012229818
        0.0003638558  -0.0004244334  -0.0014146938  -0.0000340350  -0.0000225857
        0.0000041457  -0.0000045875   0.0000072166  -0.0000057119   0.0000134786
        0.0000010787  -0.0000011662   0.0000095425   0.0000038422  -0.0000050635
        0.0904432971   0.1476762126  -0.1253541359  -0.0004770719  -0.0004621635
        0.0005175377
        0.0000149778   0.0000027026   0.0000116019  -0.0000022988  -0.0000189336
       -0.0000195684  -0.0000657013   0.0000413511  -0.0000214632  -0.0000041848
        0.0000205989  -0.0000320304  -0.0000310191  -0.0000018561   0.0000424408
        0.0000342028  -0.0000060253   0.0000047525   0.0000343786   0.0000035022
       -0.0000230566  -0.0001297657   0.0030491371   0.0035281637   0.0017439461
        0.0007124433  -0.0002519403   0.0831925426   0.1069548258  -0.1389391632
        0.0076920246   0.0122401812  -0.0118714130  -0.0017634514   0.0051575962
        0.0013570746  -0.0001434292   0.0000572034  -0.0000780902  -0.0001820696
       -0.0007653694  -0.0002770875   0.0001010499  -0.0012250838  -0.0005462494
       -0.0003688363  -0.0014139996  -0.0004231328   0.0000332791   0.0000419856
        0.0000243731   0.0000044043  -0.0000058531   0.0000054252  -0.0000098463
       -0.0000049264   0.0000023510  -0.0000125645  -0.0000013569  -0.0000000161
       -0.0906132866  -0.1253541359   0.1479678202   0.0004756478   0.0005160126
       -0.0004607920
        0.0000216943  -0.0000027620   0.0000034182  -0.0000240037  -0.0000485607
        0.0000866085  -0.0001663433  -0.0000964197  -0.0001192980  -0.0005263737
        0.0008441030  -0.0008426695  -0.0001657362   0.0001206736   0.0000970433
       -0.0000240748  -0.0000857755   0.0000492654  -0.0000095457   0.0000734406
        0.0000480078  -0.0049963930  -0.0000653093   0.0000758315  -0.0001914667
       -0.0001811323   0.0001811626  -0.0011397407  -0.0017887509   0.0018027004
        0.0068378175  -0.0078905341   0.0078857688  -0.1074949552   0.0832571633
       -0.0830939212  -0.0168587676   0.0173448518  -0.0173078875   0.0004406324
        0.0002873977  -0.0002935279   0.0008379517  -0.0005012025   0.0004951344
        0.0000764611  -0.0001297059   0.0001274434  -0.0000092450  -0.0000484490
       -0.0000735106   0.0000328797   0.0000089009  -0.0000081990   0.0000239853
       -0.0000193863  -0.0000151023   0.0000236344   0.0000158245   0.0000198121
        0.0003331506  -0.0004770719   0.0004756478   0.1229784387  -0.0906172952
        0.0904062718
        0.0000152241   0.0000127325   0.0000027789  -0.0000025430  -0.0000186480
       -0.0000191035  -0.0000650361  -0.0000209517   0.0000411961  -0.0000055614
       -0.0000320642   0.0000207269  -0.0000311492   0.0000431973  -0.0000021278
        0.0000337109   0.0000058233  -0.0000059959   0.0000338806  -0.0000227797
        0.0000038919  -0.0001278457   0.0035042077   0.0030488328  -0.0001432537
       -0.0000788197   0.0000575213  -0.0017643317   0.0013539995   0.0051573035
        0.0076901241  -0.0118568865   0.0122409765   0.0831971323  -0.1390057049
        0.1069719965   0.0017446985  -0.0002544627   0.0007143026  -0.0003694833
       -0.0004225591  -0.0014138779   0.0001009789  -0.0005473712  -0.0012247893
       -0.0001815961  -0.0002768922  -0.0007654622   0.0000341258   0.0000244273
        0.0000418583   0.0000044953   0.0000069268  -0.0000058162  -0.0000093614
        0.0000033830  -0.0000049696  -0.0000130702   0.0000011303  -0.0000013193
        0.0004761565  -0.0004621635   0.0005160126  -0.0906172952   0.1480434756
       -0.1253739364
       -0.0000149026   0.0000028453   0.0000117417  -0.0000340600  -0.0000058184
        0.0000046461   0.0000312804  -0.0000015218   0.0000427229   0.0000051504
        0.0000188097  -0.0000302544   0.0000658459   0.0000408539  -0.0000217831
        0.0000023444  -0.0000188354  -0.0000193031  -0.0000337004   0.0000418976
        0.0000243420   0.0001513692   0.0030484578   0.0035279834   0.0001448758
        0.0000574274  -0.0000792158   0.0017778934   0.0051573668   0.0013497260
       -0.0077025937   0.0122691863  -0.0118715646  -0.0830306019   0.1069728432
       -0.1386394375  -0.0017141541   0.0006842594  -0.0002172662   0.0003631749
       -0.0014147369  -0.0004247248  -0.0001058167  -0.0012226428  -0.0005443064
        0.0001800038  -0.0007657626  -0.0002778588  -0.0000344547   0.0000037568
       -0.0000228963  -0.0000045052  -0.0000057561   0.0000056637   0.0000129304
       -0.0000012122  -0.0000000514   0.0000099123  -0.0000050193   0.0000027449
       -0.0004762632   0.0005175377  -0.0004607920   0.0904062718  -0.1253739364
        0.1476398838
