           1           2   1.01759352000806     
           2           3   1.81515480281827     
           2           4  0.982773489024228     
           4           5  0.995317632804160     
           5           6   1.00880955224381     
           6           7   1.00924222716321     
           7           8   1.00887664630811     
           4           9  0.968521814567346     
           8           9   1.01036004472450     
           1          10  0.957291440413492     
           1          11  0.947589803463210     
           1          12  0.981708960644752     
           4          13  0.946851956881147     
           5          14  0.977065096377140     
           5          15  0.976496961832437     
           6          16  0.975195532156737     
           6          17  0.977158708044493     
           7          18  0.977714829201823     
           7          19  0.976797597944057     
           8          20  0.977238600663464     
           8          21  0.976159560129582     
           9          22  0.972080054555136     
           9          23  0.973362291813661     
