           1           2   1.44717812760420     
           2           3   1.42378388413827     
           3           4   1.40120926984570     
           4           5   1.32878454717692     
           1           6   1.42456461661727     
           5           6   1.39971066469039     
           5           7   1.00476960847858     
           7           8   1.02749962428325     
           8           9   1.39361496512047     
           9          10   1.42228150868406     
          10          11   1.44479822040486     
          11          12   1.38834641387531     
           8          13   1.31525524893527     
          12          13   1.36453019209981     
           4          14  0.999892814648859     
          13          14   1.02826646399025     
          12          15  0.960728109921201     
           1          16  0.967438769312114     
           2          17  0.967706326566387     
           3          18  0.965792807180849     
           6          19  0.964816666663309     
           9          20  0.962393547744280     
          10          21  0.963152296249456     
          11          22  0.962581324816843     
