           1           2  0.975045947681445     
           2           3  0.957152529888968     
           2           4  0.969075451994488     
           4           5  0.953759875527590     
           4           6  0.965069441481589     
           6           7  0.957800175398893     
           6           8  0.964421122490611     
           8           9  0.954602467220024     
           8          10  0.959513057998684     
          10          11  0.945052586713595     
           2          12  0.961150370057676     
          10          12  0.951262243950332     
          10          13   1.02660090855873     
           8          14   1.00251148202835     
           6          15  0.996914603960858     
           4          16   1.00052016217922     
           1          17   1.01307816754291     
           1          18  0.967443056653812     
           1          19  0.967149475646243     
          13          20  0.824645980406040     
          14          21  0.840739523345502     
          15          22  0.854176734769951     
          16          23  0.842914123879186     
          17          24  0.854558159316154     
