           1           2   1.04658208006017     
           2           3   1.73884018962469     
           3           4   1.10652611421333     
           4           5   1.71913725644198     
           4           6  0.977153056319353     
           6           7  0.933839444629884     
           6           8  0.984771199430432     
           2           9   1.02783532815580     
           8           9   1.00372460363729     
           6          10  0.981299072659846     
          10          11   1.00851986705697     
          10          12   1.00890044084244     
           1          13  0.953190773144003     
           1          14  0.982382476299704     
           1          15  0.959536626408377     
           3          16  0.961522365492156     
           8          17  0.977632028754534     
           8          18  0.970654672030564     
           9          19  0.961684371626113     
           9          20  0.940169832180537     
          10          21  0.968851195020316     
          11          22  0.986350054362551     
          11          23  0.984342221785685     
          11          24  0.986241987192759     
          12          25  0.984407252727176     
          12          26  0.984872750593320     
          12          27  0.985892219387927     
