           1           2  0.976183026348686     
           2           3  0.954250208579739     
           2           4  0.967977844082521     
           4           5  0.957287871799694     
           4           6  0.968775130823634     
           6           7  0.954880566186870     
           6           8  0.962616052345159     
           8           9  0.957128377179131     
           8          10  0.953504410217686     
          10          11  0.938817132748649     
           2          12  0.960697635543865     
          10          12  0.960537292492871     
          10          13   1.02152051640803     
           8          14   1.00486104801901     
           6          15  0.998499010388735     
           4          16   1.00404480408761     
           1          17   1.01166065547897     
           1          18  0.968235322372028     
           1          19  0.964179734178542     
          13          20  0.822192697725162     
          14          21  0.852872958485913     
          15          22  0.844025335253007     
          16          23  0.841514370631417     
          17          24  0.853204971031323     
