$hessian                                                                        
        0.4729441922  -0.0270690264  -0.0021819879  -0.1776949819  -0.0557896803
       -0.0046147235  -0.0277078881  -0.0064924278  -0.0006998558  -0.0045657981
        0.0037822592   0.0001776559  -0.1595465566   0.1229727051   0.0061168665
       -0.0444236041  -0.0106659190  -0.0190793648  -0.0453498056  -0.0155750505
        0.0211013249  -0.0069094794  -0.0043771151  -0.0024205538  -0.0074506713
       -0.0048842287   0.0017257105   0.0008532648  -0.0007139589   0.0001499884
        0.0008425649  -0.0006926588  -0.0002299756  -0.0009912369  -0.0004948988
       -0.0000450849
       -0.0270690264   0.5121836534  -0.0008613730  -0.0550458324  -0.0915128321
       -0.0020898884   0.0128773542   0.0065569610   0.0005566583   0.0059054493
       -0.0016206888  -0.0000581527   0.1224692058  -0.1681498435  -0.0060941131
       -0.0110841369  -0.1079148828  -0.1046093750  -0.0159999560  -0.1344268068
        0.1143600647  -0.0161018296  -0.0076584233  -0.0025760025  -0.0188496833
       -0.0093143077   0.0013009123   0.0009992502   0.0008050259  -0.0004874293
        0.0009084751   0.0007056428   0.0005323512   0.0009907302   0.0003465019
        0.0000263477
       -0.0021819879  -0.0008613730   0.5212798868  -0.0045695103  -0.0020988652
       -0.0673189132   0.0004780281   0.0003404597  -0.0001726068   0.0003099848
       -0.0000827168   0.0004244372   0.0060902615  -0.0060893593  -0.0446030106
       -0.0191312353  -0.1044064088  -0.2178568949   0.0210980466   0.1141662806
       -0.1904364892  -0.0233287142  -0.0120645839  -0.0023223310   0.0210643382
        0.0110765729  -0.0001371626  -0.0005808221  -0.0002972062   0.0004987876
        0.0007077923   0.0003046655   0.0006045356   0.0000438184   0.0000125346
        0.0000397610
       -0.1776949819  -0.0550458324  -0.0045695103   0.4668908558   0.0174308139
        0.0002723567  -0.1175755172   0.0619937317   0.0032717851  -0.0375563700
        0.0174121238   0.0006242498  -0.0252524406  -0.0080934596  -0.0007774697
       -0.0065403064  -0.0049667102  -0.0034384914  -0.0071220964  -0.0056103853
        0.0026694279  -0.0434532519  -0.0118531926  -0.0196911226  -0.0443641489
       -0.0166519266   0.0213594359  -0.0008674328   0.0031709683  -0.0014394504
       -0.0012855144   0.0034058147   0.0018588787  -0.0051787953  -0.0011919455
       -0.0001400897
       -0.0557896803  -0.0915128321  -0.0020988652   0.0174308139   0.4958881013
       -0.0024488543   0.0693213245  -0.1349981900  -0.0031992502  -0.0107355982
        0.0118799451   0.0004315717   0.0184811917   0.0078915228   0.0006702626
       -0.0159235576  -0.0086997607  -0.0032660652  -0.0187479616  -0.0104790005
        0.0018657449  -0.0119479288  -0.1058211976  -0.1003206453  -0.0168088946
       -0.1314411258   0.1098888761   0.0147600176  -0.0173052542   0.0027566698
        0.0127312312  -0.0144657571  -0.0041634696  -0.0027709576  -0.0009364511
       -0.0001159754
       -0.0046147235  -0.0020898884  -0.0673189132   0.0002723567  -0.0024488543
        0.5390389265   0.0037121122  -0.0032689748  -0.0703913706  -0.0010921074
        0.0007387592   0.0029332452   0.0008290478   0.0003663519   0.0003619953
       -0.0239688862  -0.0125986887  -0.0024841212   0.0217481016   0.0114684602
       -0.0001241769  -0.0200168568  -0.0991576933  -0.2125743888   0.0216696922
        0.1087292261  -0.1860358954  -0.0163734384   0.0189778254  -0.0007378316
        0.0180699278  -0.0206160011  -0.0031731526  -0.0002352258  -0.0001005223
        0.0005056834
       -0.0277078881   0.0128773542   0.0004780281  -0.1175755172   0.0693213245
        0.0037121122   0.4224914367  -0.0142303552  -0.0017004953  -0.1691342883
       -0.0548590592  -0.0046906078  -0.0042696532  -0.0016971098  -0.0001521629
        0.0004091403   0.0007701482   0.0003543153   0.0003910861   0.0008101431
       -0.0002650104  -0.0006901785   0.0021679586   0.0016254147  -0.0002669320
        0.0019085574  -0.0013371120  -0.0382403713  -0.0036150945   0.0082948307
       -0.0379121411  -0.0007865900  -0.0052753728  -0.0274946934  -0.0126672773
       -0.0010439398
       -0.0064924278   0.0065569610   0.0003404597   0.0619937317  -0.1349981900
       -0.0032689748  -0.0142303552   0.4714888838  -0.0018565205  -0.0759779725
       -0.1140479292  -0.0049500418  -0.0034850926  -0.0000927754  -0.0000767383
       -0.0012239702   0.0008524470   0.0002817348  -0.0013339317   0.0009190522
       -0.0002396162   0.0140828524  -0.0155068049  -0.0044548865   0.0161708234
       -0.0184409792   0.0029711371  -0.0041249934  -0.1154724785   0.0959908365
       -0.0011248563  -0.0931817242  -0.0858848009   0.0157461921   0.0119235375
        0.0011474111
       -0.0006998558   0.0005566583  -0.0001726068   0.0032717851  -0.0031992502
       -0.0703913706  -0.0017004953  -0.0018565205   0.5001253668  -0.0060456274
       -0.0047273827  -0.0477458027  -0.0002682652  -0.0000547630   0.0005454457
       -0.0010362263   0.0004090806   0.0002750855   0.0008819314  -0.0003143210
        0.0002157859   0.0187076199  -0.0212042628  -0.0033613396  -0.0168249443
        0.0194271579  -0.0008370465   0.0094504499   0.0961323260  -0.1760684270
       -0.0064730219  -0.0860131476  -0.1987628488   0.0007366499   0.0008444250
       -0.0038222419
       -0.0045657981   0.0059054493   0.0003099848  -0.0375563700  -0.0107355982
       -0.0010921074  -0.1691342883  -0.0759779725  -0.0060456274   0.4782582197
       -0.0950198207  -0.0014098587  -0.0021964119  -0.0001642873  -0.0000250493
        0.0006319821   0.0000131779   0.0001227411   0.0006444668   0.0000170426
       -0.0001046120   0.0019625568  -0.0009412958   0.0007142927   0.0019565970
       -0.0008283941  -0.0007674188  -0.0201718828  -0.0185447852   0.0085331039
       -0.0194445989  -0.0169766075  -0.0111908538  -0.2303844726   0.2132530915
        0.0109554050
        0.0037822592  -0.0016206888  -0.0000827168   0.0174121238   0.0118799451
        0.0007387592  -0.0548590592  -0.1140479292  -0.0047273827  -0.0950198207
        0.3745365852   0.0196572555   0.0009843911   0.0005155943   0.0000359225
        0.0002727701  -0.0002402840   0.0001487511   0.0003065668  -0.0002078695
       -0.0001856983  -0.0004217314   0.0004761005   0.0004070594  -0.0004864250
        0.0006186798  -0.0003708009  -0.0291081974  -0.0179850670   0.0044796997
       -0.0260548477  -0.0153823139  -0.0073811180   0.1831919704  -0.2385427524
       -0.0127197307
        0.0001776559  -0.0000581527   0.0004244372   0.0006242498   0.0004315717
        0.0029332452  -0.0046906078  -0.0049500418  -0.0477458027  -0.0014098587
        0.0196572555   0.0417581959   0.0000389801   0.0000280412   0.0001572980
        0.0002591753   0.0001027683   0.0001622885  -0.0002164668  -0.0001318653
        0.0001166210  -0.0005605236   0.0007783828   0.0003152125   0.0005518468
       -0.0007550053   0.0001652482   0.0219144932   0.0137993886   0.0036604640
       -0.0257738974  -0.0164958706   0.0003190570   0.0090849530  -0.0124064725
       -0.0022662649
       -0.1595465566   0.1224692058   0.0060902615  -0.0252524406   0.0184811917
        0.0008290478  -0.0042696532  -0.0034850926  -0.0002682652  -0.0021964119
        0.0009843911   0.0000389801   0.1878705169  -0.1403344659  -0.0068874509
        0.0010942597   0.0008920026   0.0010706156   0.0015296708   0.0005189429
       -0.0009058454   0.0004912576   0.0004590119  -0.0001480642   0.0004775139
        0.0004443664   0.0002114217   0.0001033365  -0.0001642179   0.0001172075
        0.0001068667  -0.0001483357  -0.0001346932  -0.0004083599  -0.0001170003
       -0.0000132153
        0.1229727051  -0.1681498435  -0.0060893593  -0.0080934596   0.0078915228
        0.0003663519  -0.0016971098  -0.0000927754  -0.0000547630  -0.0001642873
        0.0005155943   0.0000280412  -0.1403344659   0.1929518218   0.0071951808
        0.0131048650  -0.0156084750  -0.0033802440   0.0152802242  -0.0185895518
        0.0018968963  -0.0001327474   0.0004394041   0.0002546753  -0.0001845704
        0.0004945222  -0.0002083643  -0.0002234214   0.0000762611  -0.0001550656
       -0.0002169957   0.0000524693   0.0001574892  -0.0003107368   0.0000190500
       -0.0000108383
        0.0061168665  -0.0060941131  -0.0446030106  -0.0007774697   0.0006702626
        0.0003619953  -0.0001521629  -0.0000767383   0.0005454457  -0.0000250493
        0.0000359225   0.0001572980  -0.0068874509   0.0071951808   0.0478542333
        0.0193973599  -0.0228500028  -0.0034820538  -0.0176040551   0.0210600560
       -0.0009419470  -0.0004599464   0.0002513737   0.0000405097   0.0004510195
       -0.0001908061   0.0000070614   0.0001170727  -0.0000591323   0.0000019678
       -0.0001420787   0.0000654771   0.0000213475  -0.0000341056  -0.0000074800
        0.0000371525
       -0.0444236041  -0.0110841369  -0.0191312353  -0.0065403064  -0.0159235576
       -0.0239688862   0.0004091403  -0.0012239702  -0.0010362263   0.0006319821
        0.0002727701   0.0002591753   0.0010942597   0.0131048650   0.0193973599
        0.0530330110   0.0156416958   0.0231756054   0.0009784359   0.0016232566
        0.0022259282  -0.0054817583  -0.0031280596  -0.0010082351   0.0008092743
        0.0003204995  -0.0003815524   0.0000079553   0.0000416260   0.0000638095
       -0.0004823140   0.0002460773   0.0004185894  -0.0000360759   0.0001089340
       -0.0000143324
       -0.0106659190  -0.1079148828  -0.1044064088  -0.0049667102  -0.0086997607
       -0.0125986887   0.0007701482   0.0008524470   0.0004090806   0.0000131779
       -0.0002402840   0.0001027683   0.0008920026  -0.0156084750  -0.0228500028
        0.0156416958   0.1234415309   0.1232026903   0.0015123863   0.0092755844
        0.0168487488  -0.0033934860  -0.0011670204  -0.0004105686   0.0002621527
       -0.0001432525  -0.0003851111  -0.0000037538  -0.0000964283   0.0000583704
       -0.0001396256   0.0002316771   0.0000380973   0.0000779311   0.0000688644
       -0.0000089758
       -0.0190793648  -0.1046093750  -0.2178568949  -0.0034384914  -0.0032660652
       -0.0024841212   0.0003543153   0.0002817348   0.0002750855   0.0001227411
        0.0001487511   0.0001622885   0.0010706156  -0.0033802440  -0.0034820538
        0.0231756054   0.1232026903   0.2502461229  -0.0013678783  -0.0122282699
       -0.0285368814  -0.0008649646  -0.0006347946   0.0010072476   0.0003482062
        0.0003146893   0.0007208822   0.0000322609   0.0000306706  -0.0003491494
       -0.0004015578   0.0001680052   0.0003131141   0.0000485125  -0.0000277926
       -0.0000156401
       -0.0453498056  -0.0159999560   0.0210980466  -0.0071220964  -0.0187479616
        0.0217481016   0.0003910861  -0.0013339317   0.0008819314   0.0006444668
        0.0003065668  -0.0002164668   0.0015296708   0.0152802242  -0.0176040551
        0.0009784359   0.0015123863  -0.0013678783   0.0541377708   0.0214769767
       -0.0250170202   0.0008112323   0.0002799265   0.0004193111  -0.0055092949
       -0.0032266546   0.0004776360  -0.0004824397   0.0003018551  -0.0004002060
        0.0000130813   0.0000468979  -0.0000513457  -0.0000421074   0.0001036705
        0.0000319455
       -0.0155750505  -0.1344268068   0.1141662806  -0.0056103853  -0.0104790005
        0.0114684602   0.0008101431   0.0009190522  -0.0003143210   0.0000170426
       -0.0002078695  -0.0001318653   0.0005189429  -0.0185895518   0.0210600560
        0.0016232566   0.0092755844  -0.0122282699   0.0214769767   0.1546609447
       -0.1342988052   0.0002978486  -0.0001355398   0.0002850082  -0.0034726095
       -0.0012507927   0.0000567625  -0.0001757053   0.0002511823  -0.0000495152
       -0.0000000103  -0.0000863951  -0.0000273326   0.0000895505   0.0000691926
        0.0000135415
        0.0211013249   0.1143600647  -0.1904364892   0.0026694279   0.0018657449
       -0.0001241769  -0.0002650104  -0.0002396162   0.0002157859  -0.0001046120
       -0.0001856983   0.0001166210  -0.0009058454   0.0018968963  -0.0009419470
        0.0022259282   0.0168487488  -0.0285368814  -0.0250170202  -0.1342988052
        0.2179448748  -0.0003137152  -0.0004135643   0.0007224460   0.0003037748
        0.0002857491   0.0011198443   0.0003707884  -0.0001689026   0.0002892480
       -0.0000188785   0.0000084218  -0.0003575320  -0.0000461626   0.0000409608
       -0.0000117935
       -0.0069094794  -0.0161018296  -0.0233287142  -0.0434532519  -0.0119479288
       -0.0200168568  -0.0006901785   0.0140828524   0.0187076199   0.0019625568
       -0.0004217314  -0.0005605236   0.0004912576  -0.0001327474  -0.0004599464
       -0.0054817583  -0.0033934860  -0.0008649646   0.0008112323   0.0002978486
       -0.0003137152   0.0541913274   0.0131985675   0.0229059417   0.0015728245
        0.0014457864   0.0029030111   0.0006767253  -0.0006140190   0.0003907601
       -0.0033439333   0.0036417902   0.0005346609   0.0001726775  -0.0000551029
        0.0001027273
       -0.0043771151  -0.0076584233  -0.0120645839  -0.0118531926  -0.1058211976
       -0.0991576933   0.0021679586  -0.0155068049  -0.0212042628  -0.0009412958
        0.0004761005   0.0007783828   0.0004590119   0.0004394041   0.0002513737
       -0.0031280596  -0.0011670204  -0.0006347946   0.0002799265  -0.0001355398
       -0.0004135643   0.0131985675   0.1239723377   0.1181087687   0.0014507563
        0.0087631406   0.0159933296  -0.0006491006   0.0001806453  -0.0007009714
        0.0038610179  -0.0039665511  -0.0009497910  -0.0004684750   0.0004239089
       -0.0000061936
       -0.0024205538  -0.0025760025  -0.0023223310  -0.0196911226  -0.1003206453
       -0.2125743888   0.0016254147  -0.0044548865  -0.0033613396   0.0007142927
        0.0004070594   0.0003152125  -0.0001480642   0.0002546753   0.0000405097
       -0.0010082351  -0.0004105686   0.0010072476   0.0004193111   0.0002850082
        0.0007224460   0.0229059417   0.1181087687   0.2432931402  -0.0020563661
       -0.0113447556  -0.0289024958  -0.0003850676   0.0005051204   0.0007471038
        0.0005343510  -0.0009741009   0.0010614511  -0.0004899017   0.0005203275
       -0.0000265557
       -0.0074506713  -0.0188496833   0.0210643382  -0.0443641489  -0.0168088946
        0.0216696922  -0.0002669320   0.0161708234  -0.0168249443   0.0019565970
       -0.0004864250   0.0005518468   0.0004775139  -0.0001845704   0.0004510195
        0.0008092743   0.0002621527   0.0003482062  -0.0055092949  -0.0034726095
        0.0003037748   0.0015728245   0.0014507563  -0.0020563661   0.0552555216
        0.0188229638  -0.0247454613  -0.0033246406   0.0036701898  -0.0001883745
        0.0006741817  -0.0005487467  -0.0004623742   0.0001697747  -0.0000259564
       -0.0001113573
       -0.0048842287  -0.0093143077   0.0110765729  -0.0166519266  -0.1314411258
        0.1087292261   0.0019085574  -0.0184409792   0.0194271579  -0.0008283941
        0.0006186798  -0.0007550053   0.0004443664   0.0004945222  -0.0001908061
        0.0003204995  -0.0001432525   0.0003146893  -0.0032266546  -0.0012507927
        0.0002857491   0.0014457864   0.0087631406  -0.0113447556   0.0188229638
        0.1542123684  -0.1286139234   0.0038861954  -0.0041417633   0.0004019471
       -0.0007088491   0.0001699725   0.0006158985  -0.0005283158   0.0004735379
        0.0000532495
        0.0017257105   0.0013009123  -0.0001371626   0.0213594359   0.1098888761
       -0.1860358954  -0.0013371120   0.0029711371  -0.0008370465  -0.0007674188
       -0.0003708009   0.0001652482   0.0002114217  -0.0002083643   0.0000070614
       -0.0003815524  -0.0003851111   0.0007208822   0.0004776360   0.0000567625
        0.0011198443   0.0029030111   0.0159933296  -0.0289024958  -0.0247454613
       -0.1286139234   0.2120013886  -0.0001654052   0.0004200084   0.0012132221
        0.0002945747  -0.0005843203   0.0007574958   0.0004251599  -0.0004685059
       -0.0000725423
        0.0008532648   0.0009992502  -0.0005808221  -0.0008674328   0.0147600176
       -0.0163734384  -0.0382403713  -0.0041249934   0.0094504499  -0.0201718828
       -0.0291081974   0.0219144932   0.0001033365  -0.0002234214   0.0001170727
        0.0000079553  -0.0000037538   0.0000322609  -0.0004824397  -0.0001757053
        0.0003707884   0.0006767253  -0.0006491006  -0.0003850676  -0.0033246406
        0.0038861954  -0.0001654052   0.0594131854   0.0146846724  -0.0159234078
        0.0022192398   0.0008197968   0.0002999362  -0.0001869399  -0.0008647605
        0.0012431399
       -0.0007139589   0.0008050259  -0.0002972062   0.0031709683  -0.0173052542
        0.0189778254  -0.0036150945  -0.1154724785   0.0961323260  -0.0185447852
       -0.0179850670   0.0137993886  -0.0001642179   0.0000762611  -0.0000591323
        0.0000416260  -0.0000964283   0.0000306706   0.0003018551   0.0002511823
       -0.0001689026  -0.0006140190   0.0001806453   0.0005051204   0.0036701898
       -0.0041417633   0.0004200084   0.0146846724   0.1444987761  -0.1176549767
        0.0010975621   0.0078225780  -0.0105736000   0.0006852018   0.0013665227
       -0.0011115215
        0.0001499884  -0.0004874293   0.0004987876  -0.0014394504   0.0027566698
       -0.0007378316   0.0082948307   0.0959908365  -0.1760684270   0.0085331039
        0.0044796997   0.0036604640   0.0001172075  -0.0001550656   0.0000019678
        0.0000638095   0.0000583704  -0.0003491494  -0.0004002060  -0.0000495152
        0.0002892480   0.0003907601  -0.0007009714   0.0007471038  -0.0001883745
        0.0004019471   0.0012132221  -0.0159234078  -0.1176549767   0.2005764175
        0.0005558385   0.0153475307  -0.0309132143  -0.0001540998   0.0000129041
        0.0010814115
        0.0008425649   0.0009084751   0.0007077923  -0.0012855144   0.0127312312
        0.0180699278  -0.0379121411  -0.0011248563  -0.0064730219  -0.0194445989
       -0.0260548477  -0.0257738974   0.0001068667  -0.0002169957  -0.0001420787
       -0.0004823140  -0.0001396256  -0.0004015578   0.0000130813  -0.0000000103
       -0.0000188785  -0.0033439333   0.0038610179   0.0005343510   0.0006741817
       -0.0007088491   0.0002945747   0.0022192398   0.0010975621   0.0005558385
        0.0587311420   0.0103891397   0.0139928100  -0.0001185748  -0.0007422413
       -0.0013458600
       -0.0006926588   0.0007056428   0.0003046655   0.0034058147  -0.0144657571
       -0.0206160011  -0.0007865900  -0.0931817242  -0.0860131476  -0.0169766075
       -0.0153823139  -0.0164958706  -0.0001483357   0.0000524693   0.0000654771
        0.0002460773   0.0002316771   0.0001680052   0.0000468979  -0.0000863951
        0.0000084218   0.0036417902  -0.0039665511  -0.0009741009  -0.0005487467
        0.0001699725  -0.0005843203   0.0008197968   0.0078225780   0.0153475307
        0.0103891397   0.1168603614   0.1076454262   0.0006034220   0.0012400402
        0.0011439141
       -0.0002299756   0.0005323512   0.0006045356   0.0018588787  -0.0041634696
       -0.0031731526  -0.0052753728  -0.0858848009  -0.1987628488  -0.0111908538
       -0.0073811180   0.0003190570  -0.0001346932   0.0001574892   0.0000213475
        0.0004185894   0.0000380973   0.0003131141  -0.0000513457  -0.0000273326
       -0.0003575320   0.0005346609  -0.0009497910   0.0010614511  -0.0004623742
        0.0006158985   0.0007574958   0.0002999362  -0.0105736000  -0.0309132143
        0.0139928100   0.1076454262   0.2289309126   0.0002397400  -0.0000091502
        0.0011988339
       -0.0009912369   0.0009907302   0.0000438184  -0.0051787953  -0.0027709576
       -0.0002352258  -0.0274946934   0.0157461921   0.0007366499  -0.2303844726
        0.1831919704   0.0090849530  -0.0004083599  -0.0003107368  -0.0000341056
       -0.0000360759   0.0000779311   0.0000485125  -0.0000421074   0.0000895505
       -0.0000461626   0.0001726775  -0.0004684750  -0.0004899017   0.0001697747
       -0.0005283158   0.0004251599  -0.0001869399   0.0006852018  -0.0001540998
       -0.0001185748   0.0006034220   0.0002397400   0.2644988038  -0.1973065130
       -0.0096193382
       -0.0004948988   0.0003465019   0.0000125346  -0.0011919455  -0.0009364511
       -0.0001005223  -0.0126672773   0.0119235375   0.0008444250   0.2132530915
       -0.2385427524  -0.0124064725  -0.0001170003   0.0000190500  -0.0000074800
        0.0001089340   0.0000688644  -0.0000277926   0.0001036705   0.0000691926
        0.0000409608  -0.0000551029   0.0004239089   0.0005203275  -0.0000259564
        0.0004735379  -0.0004685059  -0.0008647605   0.0013665227   0.0000129041
       -0.0007422413   0.0012400402  -0.0000091502  -0.1973065130   0.2235480476
        0.0115887715
       -0.0000450849   0.0000263477   0.0000397610  -0.0001400897  -0.0001159754
        0.0005056834  -0.0010439398   0.0011474111  -0.0038222419   0.0109554050
       -0.0127197307  -0.0022662649  -0.0000132153  -0.0000108383   0.0000371525
       -0.0000143324  -0.0000089758  -0.0000156401   0.0000319455   0.0000135415
       -0.0000117935   0.0001027273  -0.0000061936  -0.0000265557  -0.0001113573
        0.0000532495  -0.0000725423   0.0012431399  -0.0011115215   0.0010814115
       -0.0013458600   0.0011439141   0.0011988339  -0.0096193382   0.0115887715
        0.0033521960
