           1           2  0.971894485453829     
           2           3  0.958051666803893     
           2           4  0.968089851550323     
           4           5  0.952632426015837     
           4           6  0.967187221597232     
           6           7  0.952174261314343     
           6           8  0.962275296423835     
           8           9  0.957422211703499     
           8          10  0.963818932755816     
          10          11  0.947458723726709     
           2          12  0.952368324714134     
          10          12  0.974239212639977     
          10          13  0.996263951598329     
           8          14   1.00189637901884     
           6          15  0.998558658844664     
           4          16  0.997876304644727     
           1          17   1.01193587753999     
           1          18  0.968547644207427     
           1          19  0.967823636030548     
          13          20  0.833881305552465     
          14          21  0.840049102915957     
          15          22  0.845362087291586     
          16          23  0.856183141266656     
          17          24  0.858011182043083     
