           1           2  0.992151680211638     
           2           3   1.00961845246623     
           2           4   1.01360581877840     
           4           5   1.97833718292497     
           1           6  0.986771085838453     
           1           7  0.987796523515571     
           1           8  0.985353225493816     
           2           9  0.953510685523338     
           3          10  0.986139310881832     
           3          11  0.985764953767893     
           3          12  0.985776454847735     
           4          13  0.965919936234312     
           5          14  0.976893941799667     
           5          15  0.973548192405744     
