$hessian                                                                        
        0.6731852046   0.0140935986   0.0000141731  -0.3418404127   0.0385893207
       -0.0000112035  -0.0344349299  -0.0859004629   0.0000059368  -0.0459591951
        0.0310921443  -0.0000036302   0.0536204820   0.0254858840  -0.0000007279
       -0.1335075641   0.0463921822  -0.0000059811  -0.0457112474   0.0393217821
       -0.0000045940  -0.0042162297  -0.0007712533  -0.0000002665  -0.1049570116
       -0.1106588185   0.0000070072  -0.0166045489   0.0021633576  -0.0000005855
       -0.0001851849   0.0006931738  -0.0000000676  -0.0011641544  -0.0029410765
        0.0000001688   0.0017747920   0.0024401679  -0.0000002296
        0.0140935986   0.6569750423  -0.0000441442  -0.0369070549  -0.0932735858
        0.0000032173  -0.0252137604   0.0279432999  -0.0000030051   0.0269355056
       -0.0138138064   0.0000015978  -0.0251902187  -0.0601246811   0.0000042483
        0.1274439120  -0.2630971620   0.0000206170   0.0098630978  -0.0032664539
        0.0000010277  -0.0029271974  -0.0053847194   0.0000008854  -0.1094063743
       -0.2428157800   0.0000144171   0.0252954654  -0.0009093579   0.0000007422
        0.0004294000   0.0005410383  -0.0000000072  -0.0025231033  -0.0043873798
        0.0000007730  -0.0018932705   0.0016135458  -0.0000003694
        0.0000141731  -0.0000441442   0.1082514535  -0.0000051229   0.0000052871
       -0.0413876951   0.0000009950  -0.0000046336  -0.0013887525  -0.0000031924
        0.0000016717  -0.0023633025   0.0000034206   0.0000056925   0.0008759798
       -0.0000123463   0.0000183600  -0.0508428733  -0.0000023743   0.0000019141
        0.0058179552   0.0000000025   0.0000009805   0.0069455478   0.0000068976
        0.0000142639  -0.0313525798  -0.0000024958   0.0000001349   0.0001665016
       -0.0000000473  -0.0000000386  -0.0001939604  -0.0000000021   0.0000008024
        0.0067511520   0.0000000925  -0.0000002908  -0.0012794262
       -0.3418404127  -0.0369070549  -0.0000051229   0.6713909345  -0.0145961438
        0.0000161052  -0.1333242320  -0.0542178681   0.0000021306   0.0527731940
       -0.0286595737   0.0000038405  -0.0457335869  -0.0274060971   0.0000010840
       -0.0352638740   0.0816670438  -0.0000074680  -0.0001124088   0.0008256247
       -0.0000002731  -0.0364719057  -0.0354300071   0.0000017706  -0.0179255679
       -0.0026262315  -0.0000002832  -0.1121284439   0.1162437603  -0.0000114345
       -0.0008811042   0.0030069741  -0.0000004820  -0.0000980532  -0.0008907641
       -0.0000000472  -0.0003845392  -0.0010096625   0.0000001800
        0.0385893207  -0.0932735858   0.0000052871  -0.0145961438   0.6787744212
       -0.0000463031  -0.1363245549  -0.2851748989   0.0000155722   0.0285778631
       -0.0652072971   0.0000062467  -0.0308611842  -0.0140328713   0.0000000696
        0.0242854564   0.0309038905  -0.0000020345   0.0037277615  -0.0056690274
        0.0000010109  -0.0063851460  -0.0003504123  -0.0000001095  -0.0263278685
       -0.0014951135  -0.0000006415   0.1169704897  -0.2401053659   0.0000199330
        0.0026469538  -0.0042570115   0.0000008899  -0.0003916336   0.0004530678
       -0.0000000383   0.0000886859  -0.0005657958   0.0000001177
       -0.0000112035   0.0000032173  -0.0413876951   0.0000161052  -0.0000463031
        0.1100794068   0.0000086719   0.0000178887  -0.0462692052  -0.0000010564
        0.0000045528   0.0003865172   0.0000014051   0.0000001658  -0.0022901593
       -0.0000028890  -0.0000004436  -0.0021324068  -0.0000003757   0.0000010525
        0.0065207277  -0.0000004147  -0.0000008097   0.0014938118   0.0000016256
        0.0000000032  -0.0004053087  -0.0000115191   0.0000198181  -0.0329117535
       -0.0000004015   0.0000009429   0.0066987816   0.0000000355  -0.0000000535
       -0.0000071896   0.0000000166  -0.0000000314   0.0002244730
       -0.0344349299  -0.0252137604   0.0000009950  -0.1333242320  -0.1363245549
        0.0000086719   0.5599788858   0.0024216365   0.0000116370  -0.1314306646
        0.1340555296  -0.0000128700  -0.0346587532   0.0247779400  -0.0000028463
       -0.0076496028   0.0007238213  -0.0000000580   0.0092271434  -0.0000624246
        0.0000002290  -0.2330011826   0.0000645437  -0.0000054370  -0.0038473587
        0.0002148558  -0.0000001987   0.0070518753   0.0141330539  -0.0000010456
        0.0069553477  -0.0141828257   0.0000013376  -0.0039999402  -0.0002784645
       -0.0000004056  -0.0008665882  -0.0003293507  -0.0000000093
       -0.0859004629   0.0279432999  -0.0000046336  -0.0542178681  -0.2851748989
        0.0000178887   0.0024216365   0.6740979724  -0.0000451705   0.0516149723
       -0.2821741554   0.0000202769   0.0857501913   0.0286835563  -0.0000000919
       -0.0003865436  -0.0697358246   0.0000049961   0.0009894016   0.0017516531
       -0.0000001001  -0.0000415661  -0.0464236243   0.0000014029   0.0010103661
        0.0016036515   0.0000005442  -0.0110442738  -0.0264987158   0.0000019086
        0.0109257804  -0.0263958718   0.0000025010  -0.0010052592   0.0015710257
        0.0000005144  -0.0001163745   0.0007519318  -0.0000000366
        0.0000059368  -0.0000030051  -0.0013887525   0.0000021306   0.0000155722
       -0.0462692052   0.0000116370  -0.0000451705   0.1096260435  -0.0000064305
        0.0000224496  -0.0464792579  -0.0000077571  -0.0000017614  -0.0011748303
        0.0000000347   0.0000050838  -0.0062495125   0.0000001470  -0.0000001622
        0.0002725874  -0.0000053522   0.0000013901  -0.0286224409  -0.0000004245
        0.0000005253   0.0080571548   0.0000010225   0.0000026760   0.0018593022
       -0.0000007316   0.0000018783   0.0018335424  -0.0000002453   0.0000005178
        0.0082676985   0.0000000326   0.0000000060   0.0002676706
       -0.0459591951   0.0269355056  -0.0000031924   0.0527731940   0.0285778631
       -0.0000010564  -0.1314306646   0.0516149723  -0.0000064305   0.6755060566
        0.0181286147   0.0000140707  -0.3494203797   0.0365300584  -0.0000113487
       -0.0355445606  -0.0803273100   0.0000055048   0.0024815800  -0.0007337279
       -0.0000000882  -0.0364168615   0.0353450895  -0.0000040054  -0.0001503311
        0.0009209381  -0.0000000008  -0.0008822271  -0.0030271680   0.0000001603
       -0.1122568556  -0.1165405704   0.0000071356  -0.0174115067   0.0023135847
       -0.0000005683  -0.0012882485   0.0002621497  -0.0000001807
        0.0310921443  -0.0138138064   0.0000016717  -0.0286595737  -0.0652072971
        0.0000045528   0.1340555296  -0.2821741554   0.0000224496   0.0181286147
        0.6756128284  -0.0000450212  -0.0384320291  -0.0932137747   0.0000032339
       -0.0245316005   0.0312827065  -0.0000032911  -0.0025721527  -0.0062785647
        0.0000008974   0.0064377849  -0.0003856848   0.0000004004   0.0004192129
        0.0004625153  -0.0000000473  -0.0026488188  -0.0042505131   0.0000007633
       -0.1172829231  -0.2403832117   0.0000135514   0.0254315198  -0.0011263082
        0.0000007334  -0.0014377082  -0.0005247341   0.0000001059
       -0.0000036302   0.0000015978  -0.0023633025   0.0000038405   0.0000062467
        0.0003865172  -0.0000128700   0.0000202769  -0.0464792579   0.0000140707
       -0.0000450212   0.1100351352  -0.0000053314   0.0000052856  -0.0405319694
        0.0000012531  -0.0000049322  -0.0023193560  -0.0000002122   0.0000008132
        0.0051077455  -0.0000018625   0.0000010803   0.0015667888  -0.0000000485
        0.0000000070  -0.0000070148  -0.0000000047   0.0000007846   0.0068226115
        0.0000072286   0.0000134953  -0.0331074547  -0.0000025264   0.0000000967
       -0.0003666061   0.0000000929   0.0000002694   0.0012561633
        0.0536204820  -0.0251902187   0.0000034206  -0.0457335869  -0.0308611842
        0.0000014051  -0.0346587532   0.0857501913  -0.0000077571  -0.3494203797
       -0.0384320291  -0.0000053314   0.6900733564  -0.0197122193   0.0000172803
       -0.1323572871  -0.0482886649   0.0000016728  -0.0423037757  -0.0402039795
        0.0000019666  -0.0042082198   0.0009252607  -0.0000002707  -0.0008800708
        0.0030387733  -0.0000005106  -0.0001605259  -0.0006926513  -0.0000000043
       -0.0167175342  -0.0022068452  -0.0000003156  -0.1124583326   0.1163669683
       -0.0000114631  -0.0047953725  -0.0004934014  -0.0000000925
        0.0254858840  -0.0601246811   0.0000056925  -0.0274060971  -0.0140328713
        0.0000001658   0.0247779400   0.0286835563  -0.0000017614   0.0365300584
       -0.0932137747   0.0000052856  -0.0197122193   0.6504392337  -0.0000438932
       -0.1235110497  -0.2607784981   0.0000132922  -0.0140642712  -0.0009688509
        0.0000000090   0.0033013275  -0.0054411657   0.0000010489   0.0025737097
       -0.0044416378   0.0000009143  -0.0004034053   0.0005223750  -0.0000000185
       -0.0250446551  -0.0007058767  -0.0000006650   0.1168360563  -0.2402954686
        0.0000198320   0.0006367217   0.0003576599   0.0000000979
       -0.0000007279   0.0000042483   0.0008759798   0.0000010840   0.0000000696
       -0.0022901593  -0.0000028463  -0.0000000919  -0.0011748303  -0.0000113487
        0.0000032339  -0.0405319694   0.0000172803  -0.0000438932   0.1092594930
        0.0000077041   0.0000154138  -0.0523210997  -0.0000000974  -0.0000007991
        0.0039782108  -0.0000005409   0.0000009836   0.0066924403  -0.0000003518
        0.0000009742   0.0066382606   0.0000000392  -0.0000000771  -0.0002180162
        0.0000015641  -0.0000000008   0.0000517724  -0.0000114902   0.0000197621
       -0.0326662927  -0.0000002686   0.0000001766   0.0017062108
       -0.1335075641   0.1274439120  -0.0000123463  -0.0352638740   0.0242854564
       -0.0000028890  -0.0076496028  -0.0003865436   0.0000000347  -0.0355445606
       -0.0245316005   0.0000012531  -0.1323572871  -0.1235110497   0.0000077041
        0.6303030918  -0.0005440724   0.0000134511  -0.2786583709   0.0069257143
       -0.0000074752   0.0129883705   0.0000333827   0.0000000928   0.0057495704
       -0.0132325404   0.0000013835  -0.0042514767  -0.0003437376  -0.0000003990
       -0.0045916249   0.0002861641  -0.0000001986   0.0076782864   0.0140510785
       -0.0000010132  -0.0248949581  -0.0104761637   0.0000004018
        0.0463921822  -0.2630971620   0.0000183600   0.0816670438   0.0309038905
       -0.0000004436   0.0007238213  -0.0697358246   0.0000050838  -0.0803273100
        0.0312827065  -0.0000049322  -0.0482886649  -0.2607784981   0.0000154138
       -0.0005440724   0.6581872184  -0.0000422181   0.0356296464  -0.0816339532
        0.0000045007  -0.0011543658   0.0010233848  -0.0000000240   0.0103364104
       -0.0256471342   0.0000023933  -0.0011959772   0.0013928150   0.0000005089
        0.0009133969   0.0013059257   0.0000006237  -0.0109303181  -0.0266551319
        0.0000019587  -0.0332217927   0.0034517631  -0.0000012248
       -0.0000059811   0.0000206170  -0.0508428733  -0.0000074680  -0.0000020345
       -0.0021324068  -0.0000000580   0.0000049961  -0.0062495125   0.0000055048
       -0.0000032911  -0.0023193560   0.0000016728   0.0000132922  -0.0523210997
        0.0000134511  -0.0000422181   0.1311817915  -0.0000091839   0.0000036894
       -0.0362718511   0.0000004531  -0.0000000479   0.0003492268  -0.0000006803
        0.0000018132   0.0011286391  -0.0000002288   0.0000005573   0.0083403467
       -0.0000004232   0.0000005871   0.0086576467   0.0000010280   0.0000026975
        0.0020980071   0.0000019136  -0.0000006581  -0.0016185586
       -0.0457112474   0.0098630978  -0.0000023743  -0.0001124088   0.0037277615
       -0.0000003757   0.0092271434   0.0009894016   0.0000001470   0.0024815800
       -0.0025721527  -0.0000002122  -0.0423037757  -0.0140642712  -0.0000000974
       -0.2786583709   0.0356296464  -0.0000091839   0.4467777346   0.1020000395
        0.0000045207  -0.0120485689  -0.0000959155  -0.0000000201   0.0024172402
       -0.0016717334   0.0000001371  -0.0022023916   0.0001273125  -0.0000000055
       -0.0012692081  -0.0000774394  -0.0000001597   0.0009697964   0.0006594233
       -0.0000000292  -0.0795675233  -0.1345151703   0.0000076532
        0.0393217821  -0.0032664539   0.0000019141   0.0008256247  -0.0056690274
        0.0000010525  -0.0000624246   0.0017516531  -0.0000001622  -0.0007337279
       -0.0062785647   0.0000008132  -0.0402039795  -0.0009688509  -0.0000007991
        0.0069257143  -0.0816339532   0.0000036894   0.1020000395   0.4604990375
       -0.0000282568   0.0003109693   0.0000453296  -0.0000001648   0.0009423058
        0.0017002797  -0.0000000383   0.0015631612  -0.0001738647   0.0000001633
       -0.0014617018  -0.0001590894  -0.0000001953   0.0006942771   0.0016097077
       -0.0000005658  -0.1101220403  -0.3674562033   0.0000225497
       -0.0000045940   0.0000010277   0.0058179552  -0.0000002731   0.0000010109
        0.0065207277   0.0000002290  -0.0000001001   0.0002725874  -0.0000000882
        0.0000008974   0.0051077455   0.0000019666   0.0000000090   0.0039782108
       -0.0000074752   0.0000045007  -0.0362718511   0.0000045207  -0.0000282568
        0.0261590546  -0.0000001883  -0.0000001324  -0.0012157138   0.0000000809
       -0.0000003036  -0.0015510450  -0.0000001883  -0.0000000180  -0.0002519442
        0.0000001152  -0.0000000060   0.0000170845   0.0000000262  -0.0000004261
       -0.0029036110   0.0000058685   0.0000217974  -0.0056792005
       -0.0042162297  -0.0029271974   0.0000000025  -0.0364719057  -0.0063851460
       -0.0000004147  -0.2330011826  -0.0000415661  -0.0000053522  -0.0364168615
        0.0064377849  -0.0000018625  -0.0042082198   0.0033013275  -0.0000005409
        0.0129883705  -0.0011543658   0.0000004531  -0.0120485689   0.0003109693
       -0.0000001883   0.3145910560  -0.0000898725   0.0000079444  -0.0026609867
       -0.0000821636  -0.0000002019   0.0011774633   0.0008430102   0.0000000113
        0.0011765963  -0.0008315900   0.0000001844  -0.0022573191   0.0000619474
        0.0000000056   0.0013477880   0.0005568622  -0.0000000408
       -0.0007712533  -0.0053847194   0.0000009805  -0.0354300071  -0.0003504123
       -0.0000008097   0.0000645437  -0.0464236243   0.0000013901   0.0353450895
       -0.0003856848   0.0000010803   0.0009252607  -0.0054411657   0.0000009836
        0.0000333827   0.0010233848  -0.0000000479  -0.0000959155   0.0000453296
       -0.0000001324  -0.0000898725   0.0526717775  -0.0000027068  -0.0016149025
       -0.0001235279  -0.0000000419   0.0005904358   0.0022055502  -0.0000003787
       -0.0005920270   0.0022083749  -0.0000004146   0.0015179522  -0.0000972145
        0.0000000704   0.0001173133   0.0000519318   0.0000000272
       -0.0000002665   0.0000008854   0.0069455478   0.0000017706  -0.0000001095
        0.0014938118  -0.0000054370   0.0000014029  -0.0286224409  -0.0000040054
        0.0000004004   0.0015667888  -0.0000002707   0.0000010489   0.0066924403
        0.0000000928  -0.0000000240   0.0003492268  -0.0000000201  -0.0000001648
       -0.0012157138   0.0000079444  -0.0000027068   0.0184970435   0.0000000064
        0.0000000155   0.0002521887   0.0000000669  -0.0000003797  -0.0029960056
        0.0000001767  -0.0000004236  -0.0029123556  -0.0000001917   0.0000000091
        0.0002061183   0.0000001336   0.0000000463  -0.0002566501
       -0.1049570116  -0.1094063743   0.0000068976  -0.0179255679  -0.0263278685
        0.0000016256  -0.0038473587   0.0010103661  -0.0000004245  -0.0001503311
        0.0004192129  -0.0000000485  -0.0008800708   0.0025737097  -0.0000003518
        0.0057495704   0.0103364104  -0.0000006803   0.0024172402   0.0009423058
        0.0000000809  -0.0026609867  -0.0016149025   0.0000000064   0.1219222542
        0.1227405190  -0.0000069649   0.0006592222  -0.0007862830   0.0000000619
       -0.0000267507   0.0000143308   0.0000000614   0.0003098991   0.0006052958
        0.0000000344  -0.0006101084  -0.0005067222  -0.0000002982
       -0.1106588185  -0.2428157800   0.0000142639  -0.0026262315  -0.0014951135
        0.0000000032   0.0002148558   0.0016036515   0.0000005253   0.0009209381
        0.0004625153   0.0000000070   0.0030387733  -0.0044416378   0.0000009742
       -0.0132325404  -0.0256471342   0.0000018132  -0.0016717334   0.0017002797
       -0.0000003036  -0.0000821636  -0.0001235279   0.0000000155   0.1227405190
        0.2710516797  -0.0000169095   0.0007738105   0.0009772271  -0.0000002878
        0.0000403522   0.0000892756  -0.0000001335  -0.0007348824  -0.0013954722
        0.0000000664   0.0012771209   0.0000340365  -0.0000000342
        0.0000070072   0.0000144171  -0.0313525798  -0.0000002832  -0.0000006415
       -0.0004053087  -0.0000001987   0.0000005442   0.0080571548  -0.0000000008
       -0.0000000473  -0.0000070148  -0.0000005106   0.0000009143   0.0066382606
        0.0000013835   0.0000023933   0.0011286391   0.0000001371  -0.0000000383
       -0.0015510450  -0.0000002019  -0.0000000419   0.0002521887  -0.0000069649
       -0.0000169095   0.0223514043   0.0000000040  -0.0000003234  -0.0027582169
        0.0000000575  -0.0000001496  -0.0015307733   0.0000001194   0.0000001177
       -0.0005274671  -0.0000005486  -0.0000002348  -0.0002952420
       -0.0166045489   0.0252954654  -0.0000024958  -0.1121284439   0.1169704897
       -0.0000115191   0.0070518753  -0.0110442738   0.0000010225  -0.0008822271
       -0.0026488188  -0.0000000047  -0.0001605259  -0.0004034053   0.0000000392
       -0.0042514767  -0.0011959772  -0.0000002288  -0.0022023916   0.0015631612
       -0.0000001883   0.0011774633   0.0005904358   0.0000000669   0.0006592222
        0.0007738105   0.0000000040   0.1269258750  -0.1292592458   0.0000131672
        0.0002502708  -0.0006893932   0.0000000694   0.0000000670  -0.0000453908
        0.0000000416   0.0001648405   0.0000931425   0.0000000259
        0.0021633576  -0.0009093579   0.0000001349   0.1162437603  -0.2401053659
        0.0000198181   0.0141330539  -0.0264987158   0.0000026760  -0.0030271680
       -0.0042505131   0.0000007846  -0.0006926513   0.0005223750  -0.0000000771
       -0.0003437376   0.0013928150   0.0000005573   0.0001273125  -0.0001738647
       -0.0000000180   0.0008430102   0.0022055502  -0.0000003797  -0.0007862830
        0.0009772271  -0.0000003234  -0.1292592458   0.2680164847  -0.0000231599
        0.0006857376  -0.0013217616   0.0000001197  -0.0000381046   0.0000959612
       -0.0000001517  -0.0000490417   0.0000491657   0.0000000194
       -0.0000005855   0.0000007422   0.0001665016  -0.0000114345   0.0000199330
       -0.0329117535  -0.0000010456   0.0000019086   0.0018593022   0.0000001603
        0.0000007633   0.0068226115  -0.0000000043  -0.0000000185  -0.0002180162
       -0.0000003990   0.0000005089   0.0083403467  -0.0000000055   0.0000001633
       -0.0002519442   0.0000000113  -0.0000003787  -0.0029960056   0.0000000619
       -0.0000002878  -0.0027582169   0.0000131672  -0.0000231599   0.0235101775
       -0.0000000688   0.0000000962  -0.0000349072   0.0000000466  -0.0000001385
       -0.0015376268   0.0000000958  -0.0000001321   0.0000095309
       -0.0001851849   0.0004294000  -0.0000000473  -0.0008811042   0.0026469538
       -0.0000004015   0.0069553477   0.0109257804  -0.0000007316  -0.1122568556
       -0.1172829231   0.0000072286  -0.0167175342  -0.0250446551   0.0000015641
       -0.0045916249   0.0009133969  -0.0000004232  -0.0012692081  -0.0014617018
        0.0000001152   0.0011765963  -0.0005920270   0.0000001767  -0.0000267507
        0.0000403522   0.0000000575   0.0002502708   0.0006857376  -0.0000000688
        0.1271521363   0.1296592955  -0.0000076060   0.0007686607  -0.0007554040
        0.0000001599  -0.0003747491  -0.0001642055  -0.0000000235
        0.0006931738   0.0005410383  -0.0000000386   0.0030069741  -0.0042570115
        0.0000009429  -0.0141828257  -0.0263958718   0.0000018783  -0.1165405704
       -0.2403832117   0.0000134953  -0.0022068452  -0.0007058767  -0.0000000008
        0.0002861641   0.0013059257   0.0000005871  -0.0000774394  -0.0001590894
       -0.0000000060  -0.0008315900   0.0022083749  -0.0000004236   0.0000143308
        0.0000892756  -0.0000001496  -0.0006893932  -0.0013217616   0.0000000962
        0.1296592955   0.2680686332  -0.0000161095   0.0007605508   0.0009275098
       -0.0000002776   0.0001081749   0.0000820652   0.0000000059
       -0.0000000676  -0.0000000072  -0.0001939604  -0.0000004820   0.0000008899
        0.0066987816   0.0000013376   0.0000025010   0.0018335424   0.0000071356
        0.0000135514  -0.0331074547  -0.0000003156  -0.0000006650   0.0000517724
       -0.0000001986   0.0000006237   0.0086576467  -0.0000001597  -0.0000001953
        0.0000170845   0.0000001844  -0.0000004146  -0.0029123556   0.0000000614
       -0.0000001335  -0.0015307733   0.0000000694   0.0000001197  -0.0000349072
       -0.0000076060  -0.0000161095   0.0236469905   0.0000000290  -0.0000003297
       -0.0028813578   0.0000000121   0.0000001692  -0.0002450091
       -0.0011641544  -0.0025231033  -0.0000000021  -0.0000980532  -0.0003916336
        0.0000000355  -0.0039999402  -0.0010052592  -0.0000002453  -0.0174115067
        0.0254315198  -0.0000025264  -0.1124583326   0.1168360563  -0.0000114902
        0.0076782864  -0.0109303181   0.0000010280   0.0009697964   0.0006942771
        0.0000000262  -0.0022573191   0.0015179522  -0.0000001917   0.0003098991
       -0.0007348824   0.0000001194   0.0000000670  -0.0000381046   0.0000000466
        0.0007686607   0.0007605508   0.0000000290   0.1277198317  -0.1296044459
        0.0000132137  -0.0000572351  -0.0000126092  -0.0000000427
       -0.0029410765  -0.0043873798   0.0000008024  -0.0008907641   0.0004530678
       -0.0000000535  -0.0002784645   0.0015710257   0.0000005178   0.0023135847
       -0.0011263082   0.0000000967   0.1163669683  -0.2402954686   0.0000197621
        0.0140510785  -0.0266551319   0.0000026975   0.0006594233   0.0016097077
       -0.0000004261   0.0000619474  -0.0000972145   0.0000000091   0.0006052958
       -0.0013954722   0.0000001177  -0.0000453908   0.0000959612  -0.0000001385
       -0.0007554040   0.0009275098  -0.0000003297  -0.1296044459   0.2684048867
       -0.0000230103   0.0004572480   0.0008948161  -0.0000000453
        0.0000001688   0.0000007730   0.0067511520  -0.0000000472  -0.0000000383
       -0.0000071896  -0.0000004056   0.0000005144   0.0082676985  -0.0000005683
        0.0000007334  -0.0003666061  -0.0000114631   0.0000198320  -0.0326662927
       -0.0000010132   0.0000019587   0.0020980071  -0.0000000292  -0.0000005658
       -0.0029036110   0.0000000056   0.0000000704   0.0002061183   0.0000000344
        0.0000000664  -0.0005274671   0.0000000416  -0.0000001517  -0.0015376268
        0.0000001599  -0.0000002776  -0.0028813578   0.0000132137  -0.0000230103
        0.0234625454  -0.0000000973   0.0000000955   0.0001046297
        0.0017747920  -0.0018932705   0.0000000925  -0.0003845392   0.0000886859
        0.0000000166  -0.0008665882  -0.0001163745   0.0000000326  -0.0012882485
       -0.0014377082   0.0000000929  -0.0047953725   0.0006367217  -0.0000002686
       -0.0248949581  -0.0332217927   0.0000019136  -0.0795675233  -0.1101220403
        0.0000058685   0.0013477880   0.0001173133   0.0000001336  -0.0006101084
        0.0012771209  -0.0000005486   0.0001648405  -0.0000490417   0.0000000958
       -0.0003747491   0.0001081749   0.0000000121  -0.0000572351   0.0004572480
       -0.0000000973   0.1095519020   0.1441549634  -0.0000073437
        0.0024401679   0.0016135458  -0.0000002908  -0.0010096625  -0.0005657958
       -0.0000000314  -0.0003293507   0.0007519318   0.0000000060   0.0002621497
       -0.0005247341   0.0000002694  -0.0004934014   0.0003576599   0.0000001766
       -0.0104761637   0.0034517631  -0.0000006581  -0.1345151703  -0.3674562033
        0.0000217974   0.0005568622   0.0000519318   0.0000000463  -0.0005067222
        0.0000340365  -0.0000002348   0.0000931425   0.0000491657  -0.0000001321
       -0.0001642055   0.0000820652   0.0000001692  -0.0000126092   0.0008948161
        0.0000000955   0.1441549634   0.3612598172  -0.0000212133
       -0.0000002296  -0.0000003694  -0.0012794262   0.0000001800   0.0000001177
        0.0002244730  -0.0000000093  -0.0000000366   0.0002676706  -0.0000001807
        0.0000001059   0.0012561633  -0.0000000925   0.0000000979   0.0017062108
        0.0000004018  -0.0000012248  -0.0016185586   0.0000076532   0.0000225497
       -0.0056792005  -0.0000000408   0.0000000272  -0.0002566501  -0.0000002982
       -0.0000000342  -0.0002952420   0.0000000259   0.0000000194   0.0000095309
       -0.0000000235   0.0000000059  -0.0002450091  -0.0000000427  -0.0000000453
        0.0001046297  -0.0000073437  -0.0000212133   0.0058054081
