           1           2  0.969155788870756     
           2           3  0.955046927460417     
           2           4  0.966796781568909     
           4           5  0.957207285161320     
           4           6  0.964686048355567     
           6           7  0.955290893988687     
           6           8  0.965099980307270     
           8           9  0.960994830609106     
           8          10  0.959073177901831     
          10          11  0.948796054667353     
           2          12  0.954088424693028     
          10          12  0.970723346054684     
          10          13   1.00277161468000     
           8          14  0.998931555532155     
           6          15  0.993242039726879     
           4          16  0.999640402852536     
           1          17   1.01120981444059     
           1          18  0.969349351938360     
           1          19  0.969025271009162     
          13          20  0.807196211420407     
          14          21  0.839838754182466     
          15          22  0.841845438565691     
          16          23  0.848209516544237     
          17          24  0.847649391360282     
