$hessian                                                                        
        0.4781841545  -0.0443903013  -0.0056896359  -0.1681222897  -0.0614507579
       -0.0081019633  -0.0353884036  -0.0143333956   0.0028026582  -0.0436838967
       -0.0042714524  -0.0166166041  -0.1806303816   0.1139487027   0.0382797709
       -0.0421764224   0.0170548034  -0.0117635518  -0.0061347061  -0.0068761330
       -0.0002222882  -0.0055606018   0.0027803217   0.0014468541   0.0007227549
       -0.0005263052  -0.0006105113   0.0027897925  -0.0019354823   0.0004752714
       -0.0443903013   0.4707430254   0.0290933076  -0.0834224964  -0.1173212293
       -0.0206790324   0.0142505786   0.0056434130   0.0027864941  -0.0031055476
       -0.0711897775  -0.0756310896   0.1097111068  -0.1291613352  -0.0295841084
        0.0110275798  -0.1485496841   0.0929363957  -0.0131421866  -0.0121683244
        0.0022427892   0.0046263923  -0.0004870455  -0.0006084600   0.0008384011
        0.0008595681   0.0001834115   0.0036064735   0.0016313896  -0.0007397077
       -0.0056896359   0.0290933076   0.4977378027   0.0117685878  -0.0049830609
       -0.0661301895   0.0028011713   0.0052412278  -0.0027513597  -0.0145787162
       -0.0744636622  -0.2431713319   0.0362779913  -0.0302486032  -0.0543606307
       -0.0073788462   0.0959478089  -0.1308220910  -0.0257032609  -0.0193059212
       -0.0034968674   0.0018104534  -0.0004322749   0.0006874203   0.0021184360
        0.0004395777   0.0010719818  -0.0014261806  -0.0012883996   0.0012352653
       -0.1681222897  -0.0834224964   0.0117685878   0.4866971427   0.0165248272
       -0.0046713221  -0.1683093739   0.0777111718   0.0059245110  -0.0075802592
       -0.0075671652  -0.0066062624  -0.0309891842  -0.0132820016   0.0000148848
       -0.0128569038  -0.0216527460   0.0096307831  -0.0472275635  -0.0093772929
       -0.0218269489  -0.0312910881   0.0129236513   0.0054377210  -0.0022500420
        0.0042416651   0.0064654078  -0.0180704381   0.0239003868  -0.0061373621
       -0.0614507579  -0.1173212293  -0.0049830609   0.0165248272   0.3798560449
        0.1802546623   0.0586771815  -0.1146295110  -0.0154026944  -0.0150739355
       -0.0126263055  -0.0076406694   0.0131344713   0.0091582407   0.0005168113
       -0.0296717967  -0.0297464499   0.0073147625  -0.0129860618  -0.0828144964
       -0.1549347638  -0.0135859954   0.0091278545   0.0028798253   0.0137320021
       -0.0122737666  -0.0099881987   0.0307000653  -0.0287303815   0.0019833258
       -0.0081019633  -0.0206790324  -0.0661301895  -0.0046713221   0.1802546623
        0.4521345031   0.0261089515  -0.0342374690  -0.0685548100  -0.0260951001
       -0.0197467207  -0.0037080122   0.0071495126   0.0034109426   0.0001727781
        0.0178446400   0.0136453805   0.0031717302  -0.0222183020  -0.1128613760
       -0.3155047626  -0.0016774196   0.0010430186   0.0004651485   0.0261730147
       -0.0202704593  -0.0093909514  -0.0145120117   0.0094410535   0.0073445657
       -0.0353884036   0.0142505786   0.0028011713  -0.1683093739   0.0586771815
        0.0261089515   0.4788447344   0.0489038280   0.0082830778   0.0004905607
        0.0005812559   0.0007105353  -0.0057804435  -0.0029051388  -0.0003123082
        0.0029346029   0.0017198271  -0.0007506476  -0.0019930866   0.0036724927
       -0.0000909208  -0.1851431921  -0.1185251645  -0.0143825639  -0.0439695128
       -0.0081121896  -0.0167321587  -0.0416858854   0.0017373290  -0.0056351367
       -0.0143333956   0.0056434130   0.0052412278   0.0777111718  -0.1146295110
       -0.0342374690   0.0489038280   0.4725068402   0.0211898704  -0.0008096508
        0.0008519495   0.0003352402  -0.0047705055  -0.0006451986   0.0001852800
       -0.0036400690   0.0015964870  -0.0001336840   0.0134876779  -0.0118377039
       -0.0000366133  -0.1142460176  -0.1335439224  -0.0104893041  -0.0094607392
       -0.0715925792  -0.0754381166   0.0071576999  -0.1483497746   0.0933835686
        0.0028026582   0.0027864941  -0.0027513597   0.0059245110  -0.0154026944
       -0.0685548100   0.0082830778   0.0211898704   0.4952477184  -0.0020210108
        0.0003031995   0.0013128779  -0.0006592238   0.0000346905   0.0010513116
        0.0011639836  -0.0015828525   0.0011216891   0.0257801327  -0.0197213892
       -0.0079655947  -0.0124022037  -0.0103769469  -0.0454439036  -0.0187904989
       -0.0745298658  -0.2425096052  -0.0100814262   0.0972994943  -0.1315083238
       -0.0436838967  -0.0031055476  -0.0145787162  -0.0075802592  -0.0150739355
       -0.0260951001   0.0004905607  -0.0008096508  -0.0020210108   0.0540637001
        0.0127004028   0.0236571872   0.0007257091   0.0098580864   0.0234702407
        0.0009726614   0.0000392513  -0.0039122357  -0.0052774495  -0.0036166755
       -0.0012930666   0.0004721777   0.0000979527   0.0001032505  -0.0001283225
       -0.0000501985   0.0005411617  -0.0000548810  -0.0000396852   0.0001282892
       -0.0042714524  -0.0711897775  -0.0744636622  -0.0075671652  -0.0126263055
       -0.0197467207   0.0005812559   0.0008519495   0.0003031995   0.0127004028
        0.0866806734   0.0921241740   0.0009255776  -0.0084851512  -0.0205096053
        0.0020585510   0.0064874917   0.0229878778  -0.0047231454  -0.0015516095
       -0.0009424700   0.0002836840  -0.0000126509   0.0000292081   0.0000622232
        0.0000829855   0.0000653775  -0.0000499316  -0.0002376056   0.0001526214
       -0.0166166041  -0.0756310896  -0.2431713319  -0.0066062624  -0.0076406694
       -0.0037080122   0.0007105353   0.0003352402   0.0013128779   0.0236571872
        0.0921241740   0.2822925362   0.0013593319  -0.0044691161  -0.0093467048
       -0.0009822873  -0.0046876106  -0.0280907069  -0.0013134636  -0.0003702824
        0.0010365544   0.0002095010   0.0002099195   0.0000497698  -0.0004796942
        0.0000652513   0.0002256947   0.0000617562   0.0000641831  -0.0006006772
       -0.1806303816   0.1097111068   0.0362779913  -0.0309891842   0.0131344713
        0.0071495126  -0.0057804435  -0.0047705055  -0.0006592238   0.0007257091
        0.0009255776   0.0013593319   0.2212000663  -0.1261094641  -0.0444853649
       -0.0032530734   0.0059727099   0.0000124813  -0.0000201751   0.0008900756
        0.0002687260  -0.0021806279   0.0008750514   0.0003660792   0.0004162724
       -0.0002687280  -0.0002759007   0.0005118380  -0.0003602950  -0.0000136330
        0.1139487027  -0.1291613352  -0.0302486032  -0.0132820016   0.0091582407
        0.0034109426  -0.0029051388  -0.0006451986   0.0000346905   0.0098580864
       -0.0084851512  -0.0044691161  -0.1261094641   0.1466330220   0.0340086608
        0.0201092059  -0.0191174087  -0.0030202939  -0.0003999973   0.0009537673
        0.0000658998  -0.0009123265   0.0005796745   0.0001598456  -0.0000557797
       -0.0000229154   0.0002158018  -0.0002512869   0.0001073046  -0.0001578278
        0.0382797709  -0.0295841084  -0.0543606307   0.0000148848   0.0005168113
        0.0001727781  -0.0003123082   0.0001852800   0.0010513116   0.0234702407
       -0.0205096053  -0.0093467048  -0.0444853649   0.0340086608   0.0588626012
       -0.0160910205   0.0150709824   0.0030772664  -0.0008643637   0.0002828405
        0.0002240716   0.0000503051  -0.0000004161   0.0002557339  -0.0001714581
        0.0000763042   0.0001194389   0.0001093139  -0.0000467492  -0.0000558664
       -0.0421764224   0.0110275798  -0.0073788462  -0.0128569038  -0.0296717967
        0.0178446400   0.0029346029  -0.0036400690   0.0011639836   0.0009726614
        0.0020585510  -0.0009822873  -0.0032530734   0.0201092059  -0.0160910205
        0.0528414000  -0.0022738163   0.0060290421   0.0005165837   0.0007613045
        0.0009195102   0.0004746280   0.0002242519  -0.0002025091  -0.0001034941
        0.0000756615  -0.0001523383   0.0006500178   0.0013291274  -0.0011501745
        0.0170548034  -0.1485496841   0.0959478089  -0.0216527460  -0.0297464499
        0.0136453805   0.0017198271   0.0015964870  -0.0015828525   0.0000392513
        0.0064874917  -0.0046876106   0.0059727099  -0.0191174087   0.0150709824
       -0.0022738163   0.1877162392  -0.1182610572   0.0001451601   0.0007088190
        0.0002251646   0.0003540169   0.0001272743  -0.0001113825   0.0000581941
       -0.0002347874   0.0000535966  -0.0014174007   0.0010120189  -0.0003000302
       -0.0117635518   0.0929363957  -0.1308220910   0.0096307831   0.0073147625
        0.0031717302  -0.0007506476  -0.0001336840   0.0011216891  -0.0039122357
        0.0229878778  -0.0280907069   0.0000124813  -0.0030202939   0.0030772664
        0.0060290421  -0.1182610572   0.1507883486   0.0000180947  -0.0012576786
        0.0014219249  -0.0000759097  -0.0001937961  -0.0000180934  -0.0002165130
        0.0001406500  -0.0005558498   0.0010284565  -0.0005131762  -0.0000942181
       -0.0061347061  -0.0131421866  -0.0257032609  -0.0472275635  -0.0129860618
       -0.0222183020  -0.0019930866   0.0134876779   0.0257801327  -0.0052774495
       -0.0047231454  -0.0013134636  -0.0000201751  -0.0003999973  -0.0008643637
        0.0005165837   0.0001451601   0.0000180947   0.0644311306   0.0129110790
        0.0209090787   0.0000937831   0.0003969451   0.0008776338  -0.0047983100
        0.0044223902   0.0023276577   0.0004097935  -0.0001118613   0.0001867926
       -0.0068761330  -0.0121683244  -0.0193059212  -0.0093772929  -0.0828144964
       -0.1128613760   0.0036724927  -0.0118377039  -0.0197213892  -0.0036166755
       -0.0015516095  -0.0003702824   0.0008900756   0.0009537673   0.0002828405
        0.0007613045   0.0007088190  -0.0012576786   0.0129110790   0.1064768919
        0.1548558885  -0.0008366217   0.0009231465   0.0004290085   0.0034410647
       -0.0014021836  -0.0009539989  -0.0009692934   0.0007116931  -0.0010970914
       -0.0002222882   0.0022427892  -0.0034968674  -0.0218269489  -0.1549347638
       -0.3155047626  -0.0000909208  -0.0000366133  -0.0079655947  -0.0012930666
       -0.0009424700   0.0010365544   0.0002687260   0.0000658998   0.0002240716
        0.0009195102   0.0002251646   0.0014219249   0.0209090787   0.1548558885
        0.3221928425  -0.0002388214  -0.0000276661   0.0001018448   0.0023077651
       -0.0016855271   0.0004121765  -0.0007330341   0.0002372982   0.0015778100
       -0.0055606018   0.0046263923   0.0018104534  -0.0312910881  -0.0135859954
       -0.0016774196  -0.1851431921  -0.1142460176  -0.0124022037   0.0004721777
        0.0002836840   0.0002095010  -0.0021806279  -0.0009123265   0.0000503051
        0.0004746280   0.0003540169  -0.0000759097   0.0000937831  -0.0008366217
       -0.0002388214   0.2265391371   0.1315923858   0.0140224535  -0.0035024338
       -0.0043481193  -0.0022757465   0.0000982177  -0.0029273986   0.0005773879
        0.0027803217  -0.0004870455  -0.0004322749   0.0129236513   0.0091278545
        0.0010430186  -0.1185251645  -0.1335439224  -0.0103769469   0.0000979527
       -0.0000126509   0.0002099195   0.0008750514   0.0005796745  -0.0000004161
        0.0002242519   0.0001272743  -0.0001937961   0.0003969451   0.0009231465
       -0.0000276661   0.1315923858   0.1516267917   0.0120143555  -0.0104026267
       -0.0087812432  -0.0027469527  -0.0199627686  -0.0195598795   0.0005107593
        0.0014468541  -0.0006084600   0.0006874203   0.0054377210   0.0028798253
        0.0004651485  -0.0143825639  -0.0104893041  -0.0454439036   0.0001032505
        0.0000292081   0.0000497698   0.0003660792   0.0001598456   0.0002557339
       -0.0002025091  -0.0001113825  -0.0000180934   0.0008776338   0.0004290085
        0.0001018448   0.0140224535   0.0120143555   0.0485748372  -0.0240581348
       -0.0205003562  -0.0048221022   0.0163892157   0.0161972597   0.0001493445
        0.0007227549   0.0008384011   0.0021184360  -0.0022500420   0.0137320021
        0.0261730147  -0.0439695128  -0.0094607392  -0.0187904989  -0.0001283225
        0.0000622232  -0.0004796942   0.0004162724  -0.0000557797  -0.0001714581
       -0.0001034941   0.0000581941  -0.0002165130  -0.0047983100   0.0034410647
        0.0023077651  -0.0035024338  -0.0104026267  -0.0240581348   0.0526932005
        0.0027364752   0.0147171240   0.0009198873  -0.0009492148  -0.0016000408
       -0.0005263052   0.0008595681   0.0004395777   0.0042416651  -0.0122737666
       -0.0202704593  -0.0081121896  -0.0715925792  -0.0745298658  -0.0000501985
        0.0000829855   0.0000652513  -0.0002687280  -0.0000229154   0.0000763042
        0.0000756615  -0.0002347874   0.0001406500   0.0044223902  -0.0014021836
       -0.0016855271  -0.0043481193  -0.0087812432  -0.0205003562   0.0027364752
        0.0868534590   0.0933105383   0.0018293486   0.0065114628   0.0229538868
       -0.0006105113   0.0001834115   0.0010719818   0.0064654078  -0.0099881987
       -0.0093909514  -0.0167321587  -0.0754381166  -0.2425096052   0.0005411617
        0.0000653775   0.0002256947  -0.0002759007   0.0002158018   0.0001194389
       -0.0001523383   0.0000535966  -0.0005558498   0.0023276577  -0.0009539989
        0.0004121765  -0.0022757465  -0.0027469527  -0.0048221022   0.0147171240
        0.0933105383   0.2835073742  -0.0040046956  -0.0047014589  -0.0280581575
        0.0027897925   0.0036064735  -0.0014261806  -0.0180704381   0.0307000653
       -0.0145120117  -0.0416858854   0.0071576999  -0.0100814262  -0.0000548810
       -0.0000499316   0.0000617562   0.0005118380  -0.0002512869   0.0001093139
        0.0006500178  -0.0014174007   0.0010284565   0.0004097935  -0.0009692934
       -0.0007330341   0.0000982177  -0.0199627686   0.0163892157   0.0009198873
        0.0018293486  -0.0040046956   0.0544316576  -0.0206429060   0.0131686059
       -0.0019354823   0.0016313896  -0.0012883996   0.0239003868  -0.0287303815
        0.0094410535   0.0017373290  -0.1483497746   0.0972994943  -0.0000396852
       -0.0002376056   0.0000641831  -0.0003602950   0.0001073046  -0.0000467492
        0.0013291274   0.0010120189  -0.0005131762  -0.0001118613   0.0007116931
        0.0002372982  -0.0029273986  -0.0195598795   0.0161972597  -0.0009492148
        0.0065114628  -0.0047014589  -0.0206429060   0.1869037722  -0.1166895048
        0.0004752714  -0.0007397077   0.0012352653  -0.0061373621   0.0019833258
        0.0073445657  -0.0056351367   0.0933835686  -0.1315083238   0.0001282892
        0.0001526214  -0.0006006772  -0.0000136330  -0.0001578278  -0.0000558664
       -0.0011501745  -0.0003000302  -0.0000942181   0.0001867926  -0.0010970914
        0.0015778100   0.0005773879   0.0005107593   0.0001493445  -0.0016000408
        0.0229538868  -0.0280581575   0.0131686059  -0.1166895048   0.1500102574
