           1           2  0.985266715379874     
           2           3   1.01346922108762     
           3           4   1.01346923465910     
           4           5  0.985266538288826     
           1           6   1.01346912100995     
           5           6   1.01346925735179     
           1           7  0.974338362480281     
           1           8  0.972951575839220     
           2           9  0.972951546418499     
           2          10  0.974338353250792     
           3          11  0.951955073073503     
           4          12  0.972951593832616     
           4          13  0.974338400288756     
           5          14  0.974338371588975     
           5          15  0.972951600909983     
           6          16  0.951955046213755     
