           1           2   1.03178796034768     
           2           3   1.43110301089163     
           3           4   1.42959275760700     
           2           5  0.111089945667848     
           4           5   1.43524264708517     
           5           6   1.42681987027283     
           2           7   1.34747765615289     
           4           7  0.107392542716313     
           6           7   1.41712118954426     
           7           8   1.02913229361872     
           1           9  0.966845460643636     
           1          10  0.984334600333321     
           1          11  0.966814533194681     
           3          12  0.967261838008504     
           4          13  0.970074859263703     
           5          14  0.964242029829538     
           8          15  0.983441790694057     
           8          16  0.964675302168179     
           8          17  0.964736629158780     
