           1           2  0.981668483091442     
           2           3  0.957061133541724     
           2           4  0.964707750304464     
           4           5  0.957045165214200     
           4           6  0.975194533645344     
           6           7  0.956136605083594     
           6           8  0.962299641198199     
           8           9  0.956544262152022     
           8          10  0.951333071667610     
          10          11  0.949446724429056     
           2          12  0.959462296533205     
          10          12  0.963693753702930     
          10          13   1.00393266890290     
           8          14   1.00369505784184     
           6          15   1.00067157404506     
           4          16   1.00347115716691     
           1          17  0.999298201429468     
           1          18  0.969264644248417     
           1          19  0.967262100447219     
          13          20  0.836348372383943     
          14          21  0.853749734673985     
          15          22  0.847802022232652     
          16          23  0.841881224463275     
          17          24  0.840129857752738     
