           1           2  0.983948505490940     
           2           3  0.953712170770911     
           2           4  0.966702057174102     
           4           5  0.956063517035249     
           4           6  0.970530710942337     
           6           7  0.956705749340845     
           6           8  0.969844468006675     
           8           9  0.957637659158779     
           8          10  0.951790309654272     
          10          11  0.947235066052737     
           2          12  0.963104169329038     
          10          12  0.971212941654153     
          10          13  0.998761311109058     
           8          14   1.00215827765971     
           6          15   1.00062156280973     
           4          16   1.00329439118647     
           1          17   1.00329777456765     
           1          18  0.965837744089593     
           1          19  0.968191678110889     
          13          20  0.839131033505981     
          14          21  0.843413536607379     
          15          22  0.842822192439540     
          16          23  0.843513432738274     
          17          24  0.844454541794621     
