           1           2  0.977873382195069     
           2           3  0.955339844969716     
           2           4  0.961284928428203     
           4           5  0.957134053494650     
           4           6  0.956939298147026     
           6           7  0.957640867792755     
           6           8  0.975328498293734     
           8           9  0.959932418891386     
           8          10  0.942961604628050     
          10          11  0.949258034123968     
           2          12  0.962445802769078     
          10          12  0.952970044040411     
          10          13   1.02381697248412     
           8          14   1.00011752230506     
           6          15   1.00023966179794     
           4          16   1.00241088370035     
           1          17   1.00950052790926     
           1          18  0.969306980221673     
           1          19  0.965932745104393     
          13          20  0.833456837972847     
          14          21  0.842729882869451     
          15          22  0.842988516342270     
          16          23  0.854037589222693     
          17          24  0.854863742742818     
