           1           2   1.00980264192621     
           2           3  0.972413936530108     
           2           4  0.994545930309175     
           4           5   1.00973465933224     
           5           6  0.990225447065807     
           6           7  0.925431208143469     
           6           8  0.989593276279825     
           8           9   1.79833380883614     
           2          10  0.962824998978925     
           8          10   1.00655568323204     
           6          11  0.968274068840961     
          11          12   1.00902007427720     
          11          13   1.00924857843849     
           1          14  0.984404736109034     
           1          15  0.984909784288905     
           1          16  0.985718904078658     
           4          17  0.974659926486287     
           4          18  0.977764576642163     
           5          19  0.972948752747226     
           5          20  0.968996316695826     
          10          21  0.945460260960703     
          10          22  0.975506195295325     
          11          23  0.969823897979979     
          12          24  0.985906289455199     
          12          25  0.986024144658620     
          12          26  0.983182719371321     
          13          27  0.985578356925627     
          13          28  0.983063322497465     
          13          29  0.983561505835976     
