$hessian                                                                        
        0.6440778654  -0.0145938608   0.0140404798  -0.1361091289  -0.0506132758
        0.0336466947   0.0529790656  -0.0206970580   0.0148609943  -0.0443413991
       -0.0226872425   0.0143117907  -0.0373578159   0.0632058803  -0.0414913494
       -0.3188572136  -0.0161778158   0.0079776653  -0.0243651748  -0.0155601490
        0.0102994189   0.0013970167   0.0005706182  -0.0004013711   0.0005916889
        0.0005132697  -0.0004523923  -0.0286373165  -0.0218589679   0.0133774878
       -0.0021590271   0.0022821414   0.0008306859  -0.0013471674   0.0003209333
       -0.0012786245   0.0009614833  -0.0003735839  -0.0002059550   0.0001494411
        0.0000894173  -0.0006233632   0.0008265635  -0.0025734074   0.0006322580
       -0.0020034719   0.0008290817   0.0013235408  -0.0001299995   0.0000437979
       -0.0000019865  -0.0003792658  -0.0000624621   0.0001449924  -0.0003423582
       -0.0001942661  -0.0000300800  -0.1040492768   0.0955307962  -0.0658458584
       -0.0009050217   0.0021396289  -0.0015416249   0.0000005126  -0.0001334754
        0.0004265968
       -0.0145938608   0.4973898449  -0.2574026256  -0.1048491099  -0.1956771787
        0.0966141486   0.0212943823  -0.0452598884   0.0320809887  -0.0238635191
       -0.0088236719   0.0040620276   0.0171590018   0.0161974723  -0.0105075134
        0.0401051135  -0.0702301602   0.0175348287  -0.0255897074  -0.0080903358
        0.0066993198   0.0023860445  -0.0010278170   0.0036722118   0.0009832731
       -0.0009187756   0.0003852211  -0.0145615566  -0.0010179281   0.0009210147
        0.0016999419   0.0018268483   0.0003943743  -0.0009576626  -0.0002808091
       -0.0002838039   0.0000754155   0.0001047209   0.0000322326  -0.0010715957
       -0.0000541882  -0.0000293224   0.0026714106  -0.0023274224   0.0002450069
        0.0014370126  -0.0003409674  -0.0007301841   0.0002213124  -0.0001887331
       -0.0001832830   0.0003079949  -0.0000181130   0.0000391269   0.0001883818
        0.0002741887   0.0001100440   0.0947114594  -0.1800939660   0.1015834395
        0.0022638738  -0.0011361070   0.0047389308  -0.0000176060  -0.0003070131
        0.0000238162
        0.0140404798  -0.2574026256   0.2800691494   0.0735739291   0.0981986968
       -0.1092124297  -0.0140314451   0.0316065755  -0.0178281056   0.0152729965
        0.0041984814  -0.0050155622  -0.0120881860  -0.0098299584   0.0063183003
       -0.0274431009   0.0166859083  -0.0556265727   0.0165173864   0.0067824604
       -0.0018863708  -0.0015744521   0.0036897422   0.0021736736  -0.0006230412
        0.0004683513  -0.0004488149   0.0035766015   0.0011274609   0.0003062088
       -0.0012303471  -0.0006766634   0.0002307013   0.0000530949   0.0000426664
        0.0000471244   0.0000486557   0.0001179274   0.0000355131  -0.0000646331
       -0.0000434649  -0.0000911576  -0.0008036788  -0.0011051037  -0.0006797606
        0.0021748846  -0.0002279265  -0.0009361499  -0.0001747460   0.0001823421
        0.0000940426  -0.0000627515   0.0000193016   0.0000190752  -0.0000395155
        0.0000050110  -0.0000247796  -0.0655148806   0.1010733826  -0.1009668480
       -0.0015239258   0.0048744133   0.0034482452  -0.0000833244   0.0002130211
       -0.0000254822
       -0.1361091289  -0.1048491099   0.0735739291   0.6100809182   0.0037161190
       -0.0006325495  -0.1356167513   0.1045153573  -0.0723901433  -0.0380848455
        0.0200564483  -0.0133998400   0.0059844847  -0.0000778450   0.0002190295
       -0.0388038477  -0.0200714512   0.0129339453  -0.0042175192  -0.0006870826
        0.0001244390  -0.0018121138   0.0000238818   0.0000391607  -0.0042489908
        0.0006254537  -0.0003263182  -0.2156406978  -0.0019407749  -0.0001776527
       -0.0284401163  -0.0163521359  -0.0012984290   0.0020586275  -0.0032065533
       -0.0007452138  -0.0026245750   0.0001098848   0.0000666635   0.0012003586
        0.0026933488   0.0010277924  -0.0282407727   0.0154990643   0.0012444497
       -0.0000183235  -0.0003880839   0.0001619630  -0.0000779550  -0.0004336897
       -0.0000348073   0.0007739783   0.0000004865  -0.0000771002  -0.0001304586
        0.0002280104  -0.0000884563   0.0067660315   0.0078620085  -0.0061902722
        0.0065371224  -0.0081404281   0.0059859548   0.0006645751   0.0008170912
       -0.0000165445
       -0.0506132758  -0.1956771787   0.0981986968   0.0037161190   0.5029054806
       -0.2168305867   0.0498043953  -0.1981929636   0.0961914257   0.0706258865
        0.0158430674  -0.0103320463  -0.0001937032  -0.0429046230   0.0260735255
       -0.0707401914   0.0156496470  -0.0108612643   0.0026874714   0.0037554852
        0.0008268751  -0.0000022165   0.0004010205  -0.0002284249  -0.0026853456
        0.0036950771   0.0009796757  -0.0019913817  -0.0628831867   0.0016923899
       -0.0247703017  -0.0021329823  -0.0011544336  -0.0023310331  -0.0022613634
       -0.0032720789  -0.0000682145  -0.0005296827  -0.0003435116   0.0017799934
       -0.0018033334  -0.0029681798   0.0235482452  -0.0008952555  -0.0007997039
        0.0025973641  -0.0010694824  -0.0000373648   0.0012273218  -0.0005810623
       -0.0001664842   0.0000442583  -0.0000772683   0.0002971241  -0.0011018363
       -0.0004999517  -0.0001311962  -0.0086658704  -0.0163462531   0.0107951611
        0.0084048024  -0.0162654531   0.0110461672  -0.0012724874  -0.0001297376
        0.0010242340
        0.0336466947   0.0966141486  -0.1092124297  -0.0006325495  -0.2168305867
        0.2720444415  -0.0325656638   0.0956241081  -0.1074096638  -0.0459883711
       -0.0092997340   0.0068172070  -0.0000061074   0.0259159658  -0.0197621182
        0.0455881547  -0.0094293463   0.0074421489  -0.0016282868   0.0008500412
        0.0045417180   0.0000134879  -0.0003847565  -0.0000002673   0.0015073829
        0.0008100525   0.0044912128  -0.0000700225   0.0000818047  -0.0540607958
       -0.0087916103  -0.0010559305   0.0008352369  -0.0003059843  -0.0031726083
        0.0054767328  -0.0000896832  -0.0000402406   0.0002383791   0.0003022976
       -0.0030360908   0.0050257929   0.0080408512  -0.0005324050   0.0002327104
        0.0007784429   0.0007696634  -0.0012018546   0.0004008227  -0.0001414505
       -0.0001164949  -0.0000180806   0.0003202249  -0.0008413683  -0.0003852704
       -0.0001238266  -0.0001383526   0.0059794617   0.0112652188  -0.0063506497
       -0.0055347691   0.0108611405  -0.0061913841  -0.0002411973   0.0009346073
       -0.0018602014
        0.0529790656   0.0212943823  -0.0140314451  -0.1356167513   0.0498043953
       -0.0325656638   0.6457420851   0.0190610023  -0.0078969033  -0.3186978381
        0.0139552499  -0.0130300132  -0.0377647593  -0.0635540360   0.0407523285
       -0.0442169475   0.0225074998  -0.0147979276   0.0005744071  -0.0006472828
        0.0003079299   0.0013998371  -0.0006331983   0.0003648055  -0.0241503556
        0.0156584537  -0.0103060836  -0.0298970526   0.0219286192  -0.0139551136
       -0.0001641125   0.0028966104  -0.0008385834  -0.0003742486   0.0001436488
        0.0010672064   0.0008863753   0.0002022158   0.0002063999  -0.0011058322
       -0.0003917265   0.0009979431  -0.0026774857  -0.0029405792  -0.0013794671
        0.0007244122   0.0000907254  -0.0001786426  -0.0004060164   0.0002515603
        0.0000828444  -0.0004432113   0.0000497682  -0.0001618846  -0.0000383047
        0.0000365226   0.0000410110  -0.0008586372  -0.0022886827   0.0013752366
       -0.1055734294  -0.0978185258   0.0644313701  -0.0003212001   0.0003933775
       -0.0004853474
       -0.0206970580  -0.0452598884   0.0316065755   0.1045153573  -0.1981929636
        0.0956241081   0.0190610023   0.5019033608  -0.2540012173  -0.0416656387
       -0.0706252280   0.0169921115  -0.0174048257   0.0154652980  -0.0103796189
        0.0234636095  -0.0084782432   0.0040359845  -0.0010483111  -0.0010283786
        0.0005229330  -0.0025690825  -0.0011201443   0.0035952461   0.0253772940
       -0.0077837460   0.0069015449   0.0147530006  -0.0004661002   0.0012074228
       -0.0030386368  -0.0024213493   0.0002498238   0.0009908114   0.0000212830
        0.0001414921  -0.0001179413   0.0000395769   0.0000425837   0.0009346560
       -0.0000320673   0.0000184793  -0.0018202435   0.0014346171   0.0001873458
       -0.0004021160   0.0001408051   0.0000979179  -0.0001829566   0.0002183317
        0.0000870990  -0.0003035367   0.0000243966  -0.0000248333  -0.0001410304
       -0.0001517442  -0.0001247456  -0.0023934086  -0.0009812957   0.0048895173
       -0.0971367083  -0.1828397258   0.0985004235  -0.0001742368   0.0001332053
       -0.0001701935
        0.0148609943   0.0320809887  -0.0178281056  -0.0723901433   0.0961914257
       -0.1074096638  -0.0078969033  -0.2540012173   0.2723420511   0.0221717350
        0.0166795298  -0.0553288913   0.0114288056  -0.0105848197   0.0072534919
       -0.0157921339   0.0045204894  -0.0055213007   0.0006057928   0.0003768970
       -0.0004623142   0.0016178053   0.0036907757   0.0023191710  -0.0168281826
        0.0070499220  -0.0023562083  -0.0046085574   0.0014318812   0.0001775053
       -0.0002276494   0.0000938221  -0.0005883371   0.0002521599   0.0000077775
        0.0000874689  -0.0001342268   0.0001940679   0.0001096394  -0.0002284606
       -0.0001402741   0.0000006171   0.0011506728  -0.0009962139  -0.0000090840
        0.0003974462   0.0003025224   0.0001695195   0.0000599918   0.0000106171
       -0.0000305404  -0.0000096398   0.0000205988  -0.0000077436   0.0000831186
        0.0001448405   0.0000343350   0.0015596667   0.0048892539   0.0032777008
        0.0637889221   0.0978996478  -0.0964743582   0.0001387861   0.0001374676
        0.0002450472
       -0.0443413991  -0.0238635191   0.0152729965  -0.0380848455   0.0706258865
       -0.0459883711  -0.3186978381  -0.0416656387   0.0221717350   0.5848097082
        0.0530473421  -0.0271841453  -0.1252910345  -0.0602453384   0.0371560480
        0.0524582452  -0.0237396666   0.0157646175  -0.0013298846   0.0028287479
       -0.0018123151  -0.0367214440  -0.0180710647   0.0109584965  -0.0541039399
        0.0409598634  -0.0268030174   0.0016575340   0.0022372363  -0.0009656948
       -0.0003136618  -0.0008311902   0.0004879190   0.0004067705  -0.0002789784
       -0.0001942789  -0.0004386801   0.0000794358   0.0000081919  -0.0000373393
        0.0003302486   0.0002909539  -0.0009825838   0.0014517865   0.0000883396
       -0.0006347979  -0.0001570728  -0.0001388320   0.0000327924  -0.0000885733
       -0.0000185765   0.0001652545  -0.0000075668   0.0000197155  -0.0000253348
       -0.0000694320  -0.0000510454  -0.0005710948  -0.0001438964   0.0002480681
       -0.0177727485  -0.0021895692   0.0007712178  -0.0001836784  -0.0002090402
       -0.0000820230
       -0.0226872425  -0.0088236719   0.0041984814   0.0200564483   0.0158430674
       -0.0092997340   0.0139552499  -0.0706252280   0.0166795298   0.0530473421
        0.3757556639  -0.1782431904  -0.1092264469  -0.1797640619   0.0851260018
        0.0238372233  -0.0485833714   0.0311160622   0.0019380342   0.0025432997
        0.0014823841  -0.0064092662  -0.0010342088   0.0018433220   0.0429036212
       -0.0848599355   0.0422097676   0.0033769117  -0.0002589595   0.0044339583
        0.0001041636  -0.0000576174   0.0000488462   0.0002045614   0.0002937834
       -0.0000922124   0.0001833344  -0.0001032451  -0.0000320276   0.0003472087
        0.0000542107  -0.0003960116  -0.0005539432  -0.0001636256  -0.0000261592
       -0.0001790412   0.0001215435   0.0001493826  -0.0000994218   0.0000473428
        0.0000551635  -0.0001027325  -0.0000142167   0.0000320902   0.0000610748
        0.0001440183   0.0000207242  -0.0000953295   0.0000663572   0.0000524738
       -0.0207514482  -0.0006133970   0.0003941922   0.0000896987   0.0000322520
        0.0002469551
        0.0143117907   0.0040620276  -0.0050155622  -0.0133998400  -0.0103320463
        0.0068172070  -0.0130300132   0.0169921115  -0.0553288913  -0.0271841453
       -0.1782431904   0.2117039347   0.0689723328   0.0859583686  -0.0982554274
       -0.0149945393   0.0305915715  -0.0204046265  -0.0012724934   0.0015891426
        0.0036452521   0.0035621037   0.0015605221   0.0008282841  -0.0280216280
        0.0420325865  -0.0478469136  -0.0018903396   0.0044660580   0.0037636014
        0.0010891940   0.0000435284   0.0000998583  -0.0001865162  -0.0000130479
       -0.0002697451  -0.0002917255   0.0000158255  -0.0000030290  -0.0002181920
        0.0004467891   0.0000624809  -0.0009779971   0.0005038007   0.0001024159
       -0.0000724571  -0.0003046296  -0.0000679013  -0.0000789671   0.0000338169
        0.0000086822   0.0002140314  -0.0000020435   0.0000254945   0.0000573102
       -0.0000195683   0.0000369483   0.0000635853   0.0000685525   0.0001129882
        0.0133124942   0.0006571040   0.0000764816   0.0000360114  -0.0001072795
       -0.0000915327
       -0.0373578159   0.0171590018  -0.0120881860   0.0059844847  -0.0001937032
       -0.0000061074  -0.0377647593  -0.0174048257   0.0114288056  -0.1252910345
       -0.1092264469   0.0689723328   0.4669365497   0.0030305621   0.0040945150
       -0.1246773766   0.1076244166  -0.0708493505   0.0018104021  -0.0119325335
        0.0079251907  -0.1415479855  -0.0008307160  -0.0014512430   0.0019091110
        0.0118808762  -0.0077793907  -0.0028145793  -0.0001975359  -0.0000830978
        0.0009201126   0.0002477468  -0.0001363486  -0.0004545178  -0.0002887530
       -0.0002928693  -0.0005039585   0.0000285824   0.0000135288  -0.0005266399
        0.0001322035   0.0002207996   0.0010934621   0.0003184656   0.0002799986
       -0.0001469184  -0.0002553234  -0.0000998629   0.0001355409  -0.0000978779
       -0.0000840693   0.0002366765   0.0000150762   0.0000105060   0.0000958205
        0.0000980307   0.0000821020  -0.0039947546   0.0001332800  -0.0001967233
       -0.0039850300  -0.0002521911   0.0000201055  -0.0000567899   0.0000116647
        0.0000193643
        0.0632058803   0.0161974723  -0.0098299584  -0.0000778450  -0.0429046230
        0.0259159658  -0.0635540360   0.0154652980  -0.0105848197  -0.0602453384
       -0.1797640619   0.0859583686   0.0030305621   0.4466368650  -0.2284182565
        0.0585204203  -0.1769791152   0.0873836284  -0.0003448957  -0.0296461500
        0.0204371244  -0.0007217873  -0.0233259582   0.0025288932   0.0002110188
       -0.0297781868   0.0204468386  -0.0000099485  -0.0004165192   0.0003548338
       -0.0002137275  -0.0000636658  -0.0001980460  -0.0000414132  -0.0000599816
        0.0000349020  -0.0000105148   0.0000607908   0.0000334159  -0.0000512632
       -0.0000635451  -0.0001467254   0.0000242626  -0.0002207124  -0.0002473352
        0.0003596628  -0.0000099928   0.0001143176  -0.0000287311   0.0000626258
        0.0000321607  -0.0000214547   0.0000136953  -0.0000020873   0.0000292882
        0.0000625108   0.0000363050  -0.0001945035   0.0022874727   0.0029739034
        0.0001148524   0.0023239053   0.0031321863   0.0000195117   0.0001218761
        0.0000443849
       -0.0414913494  -0.0105075134   0.0063183003   0.0002190295   0.0260735255
       -0.0197621182   0.0407523285  -0.0103796189   0.0072534919   0.0371560480
        0.0851260018  -0.0982554274   0.0040945150  -0.2284182565   0.2397412383
       -0.0389316643   0.0873985249  -0.1017296914   0.0002883513   0.0206681477
       -0.0113186863  -0.0014649151   0.0024916801  -0.0210830454  -0.0002722523
        0.0207895610  -0.0113217023  -0.0000303273   0.0005458313   0.0000575312
        0.0003225683   0.0000387590   0.0001761364  -0.0000091960   0.0000313858
       -0.0000371457  -0.0000067842  -0.0000674734  -0.0000284332   0.0000191083
        0.0000509039   0.0000748045  -0.0000908647   0.0002050182   0.0002093806
       -0.0004306858   0.0000488673   0.0000544353   0.0000019826  -0.0000186155
       -0.0000097856   0.0000278884  -0.0000087430  -0.0000005993   0.0000142127
       -0.0000021485  -0.0000031661   0.0000356338   0.0030687678   0.0048591946
       -0.0002071234   0.0029468256   0.0048397420   0.0000034963  -0.0000814309
       -0.0000344543
       -0.3188572136   0.0401051135  -0.0274431009  -0.0388038477  -0.0707401914
        0.0455881547  -0.0442169475   0.0234636095  -0.0157921339   0.0524582452
        0.0238372233  -0.0149945393  -0.1246773766   0.0585204203  -0.0389316643
        0.5846449062  -0.0484369301   0.0361238754  -0.0542075899  -0.0414058208
        0.0262136735  -0.0366037590   0.0176319786  -0.0119054539  -0.0013514260
       -0.0028377353   0.0017960577   0.0018628441  -0.0020603985   0.0010406278
       -0.0013823322  -0.0011751338  -0.0000181238   0.0000701519  -0.0003919020
       -0.0001274547  -0.0004532905   0.0000937261   0.0000308390   0.0000013734
        0.0000160518  -0.0001843682  -0.0005777214   0.0006592844  -0.0004503957
        0.0005507280   0.0001729740   0.0002531448  -0.0000309281   0.0000990525
        0.0000477366   0.0000894752  -0.0000068721   0.0000003831   0.0000096577
        0.0000874096   0.0000117378  -0.0179148659   0.0019313578  -0.0012647448
       -0.0005416130   0.0002892906  -0.0000377389  -0.0000684704   0.0001474922
        0.0000434881
       -0.0161778158  -0.0702301602   0.0166859083  -0.0200714512   0.0156496470
       -0.0094293463   0.0225074998  -0.0084782432   0.0045204894  -0.0237396666
       -0.0485833714   0.0305915715   0.1076244166  -0.1769791152   0.0873985249
       -0.0484369301   0.3724849037  -0.1802453236  -0.0430628171  -0.0847532081
        0.0419695618   0.0059418365  -0.0007622491   0.0018208307  -0.0020011796
        0.0024108409   0.0014407330  -0.0034632732  -0.0003347772   0.0045694874
        0.0006970143  -0.0000648805   0.0000172999  -0.0002913309  -0.0001494416
       -0.0005743971  -0.0002356552   0.0000083039  -0.0000353095  -0.0003566677
       -0.0000329037  -0.0001595359  -0.0004256577  -0.0003976317   0.0000564946
        0.0005576202   0.0006934512   0.0001316511  -0.0000457242   0.0000852936
        0.0000025304   0.0001061619  -0.0000139093   0.0000417789   0.0001312044
        0.0001526830   0.0000949439   0.0207240932  -0.0005379933   0.0009725201
        0.0000925528   0.0000023479   0.0000478153  -0.0000742303  -0.0001695866
        0.0000817713
        0.0079776653   0.0175348287  -0.0556265727   0.0129339453  -0.0108612643
        0.0074421489  -0.0147979276   0.0040359845  -0.0055213007   0.0157646175
        0.0311160622  -0.0204046265  -0.0708493505   0.0873836284  -0.1017296914
        0.0361238754  -0.1802453236   0.2153745251   0.0276865033   0.0417151706
       -0.0475156590  -0.0044825037   0.0019409159   0.0004882396   0.0011909594
        0.0014811597   0.0038464742   0.0019844003   0.0047367874   0.0037716723
        0.0009675634   0.0001276079  -0.0000028780   0.0002426267   0.0005713237
        0.0001538372   0.0003195636   0.0000392615   0.0000201693   0.0001401085
        0.0001145407  -0.0002991836  -0.0010124968  -0.0000076080   0.0000128331
       -0.0000732989  -0.0006428308  -0.0001516923  -0.0000671551   0.0000325333
        0.0000445271  -0.0002029101  -0.0000179314   0.0000270992   0.0000678054
        0.0000050246  -0.0000112738  -0.0139337456   0.0007639643  -0.0001226749
       -0.0000560266   0.0001260977   0.0001259681   0.0000757807   0.0000500669
        0.0000780587
       -0.0243651748  -0.0255897074   0.0165173864  -0.0042175192   0.0026874714
       -0.0016282868   0.0005744071  -0.0010483111   0.0006057928  -0.0013298846
        0.0019380342  -0.0012724934   0.0018104021  -0.0003448957   0.0002883513
       -0.0542075899  -0.0430628171   0.0276865033   0.0775567110   0.0631432160
       -0.0406154431   0.0036535247   0.0034656594  -0.0022321544   0.0002611675
       -0.0000387373   0.0000074701  -0.0001696886  -0.0009301987   0.0007587937
       -0.0003637489   0.0001900803  -0.0000111643  -0.0000014330   0.0001500327
       -0.0000791384   0.0001522174  -0.0000288598  -0.0000190792   0.0001567750
        0.0001590733  -0.0000263746  -0.0000431351  -0.0002782765  -0.0001270170
       -0.0002035956  -0.0002985384  -0.0001308722   0.0000558840  -0.0000516501
       -0.0000255763   0.0000452440   0.0000158445   0.0000251543   0.0000407786
        0.0000609720   0.0000294182   0.0004201423  -0.0004818973   0.0003465302
        0.0001428955   0.0002646988  -0.0001582399   0.0000316204   0.0000788069
        0.0000604393
       -0.0155601490  -0.0080903358   0.0067824604  -0.0006870826   0.0037554852
        0.0008500412  -0.0006472828  -0.0010283786   0.0003768970   0.0028287479
        0.0025432997   0.0015891426  -0.0119325335  -0.0296461500   0.0206681477
       -0.0414058208  -0.0847532081   0.0417151706   0.0631432160   0.1200075390
       -0.0709791280   0.0032492912  -0.0009499771  -0.0001464259   0.0000263298
       -0.0018712023   0.0010807561   0.0003121123  -0.0003576122   0.0002777556
       -0.0001765057   0.0002415781  -0.0000428493   0.0000410694   0.0001608952
        0.0000093263   0.0001336811  -0.0000123416  -0.0000089036   0.0001764192
        0.0002145515   0.0000257631   0.0000766475  -0.0001002962  -0.0001119466
       -0.0003753161  -0.0003564103  -0.0001257423   0.0000441642  -0.0000302957
       -0.0000174832   0.0000282186   0.0000046991   0.0000202403   0.0000325937
       -0.0000163421   0.0000071636   0.0004289042   0.0001750437  -0.0013053689
        0.0001999142   0.0000653903  -0.0007015296   0.0000633814   0.0000440680
        0.0000365128
        0.0102994189   0.0066993198  -0.0018863708   0.0001244390   0.0008268751
        0.0045417180   0.0003079299   0.0005229330  -0.0004623142  -0.0018123151
        0.0014823841   0.0036452521   0.0079251907   0.0204371244  -0.0113186863
        0.0262136735   0.0419695618  -0.0475156590  -0.0406154431  -0.0709791280
        0.0565799069  -0.0019758590  -0.0000830168  -0.0010932104   0.0000138238
        0.0011093595  -0.0007603100  -0.0000011473   0.0001278868  -0.0002468064
        0.0001007370  -0.0001474220   0.0000039667  -0.0000026770  -0.0001363819
        0.0000068115  -0.0001255418  -0.0000022934   0.0000099727  -0.0000916221
       -0.0001008979  -0.0000045759  -0.0000123727   0.0001740519   0.0000709863
        0.0001860551   0.0001949466   0.0000460726  -0.0000394839   0.0000310115
        0.0000173314  -0.0000310759  -0.0000085355  -0.0000256199  -0.0000348001
       -0.0000148948  -0.0000140550  -0.0002843271  -0.0013324261  -0.0009887350
       -0.0001320832  -0.0007197164  -0.0005801170  -0.0000125194  -0.0000507418
       -0.0000255583
        0.0013970167   0.0023860445  -0.0015744521  -0.0018121138  -0.0000022165
        0.0000134879   0.0013998371  -0.0025690825   0.0016178053  -0.0367214440
       -0.0064092662   0.0035621037  -0.1415479855  -0.0007217873  -0.0014649151
       -0.0366037590   0.0059418365  -0.0044825037   0.0036535247   0.0032492912
       -0.0019758590   0.2077947100   0.0012882605   0.0023556817   0.0036598053
       -0.0032359446   0.0020999372   0.0011474174   0.0001509152  -0.0000039756
       -0.0004910108   0.0001863481  -0.0000714157   0.0001487065   0.0001935471
        0.0002239211   0.0002460793  -0.0000561155  -0.0000174700   0.0003127782
        0.0000652552  -0.0001022792  -0.0005188194  -0.0006772106  -0.0001318317
        0.0000206755   0.0000024107  -0.0000405872   0.0000437643  -0.0000452003
       -0.0000334471   0.0000630672   0.0000208286   0.0000044637   0.0000688632
        0.0000758903   0.0000336250  -0.0011823845  -0.0003493811   0.0002391801
       -0.0011670774   0.0004306287  -0.0003150800   0.0000883490   0.0000749481
        0.0000636108
        0.0005706182  -0.0010278170   0.0036897422   0.0000238818   0.0004010205
       -0.0003847565  -0.0006331983  -0.0011201443   0.0036907757  -0.0180710647
       -0.0010342088   0.0015605221  -0.0008307160  -0.0233259582   0.0024916801
        0.0176319786  -0.0007622491   0.0019409159   0.0034656594  -0.0009499771
       -0.0000830168   0.0012882605   0.0290591962  -0.0121955389  -0.0034207216
       -0.0010095018  -0.0001567226  -0.0000103735  -0.0002867933  -0.0005130223
       -0.0001115511   0.0000117608  -0.0000307512   0.0000093017  -0.0000075758
        0.0000275758  -0.0000004669   0.0000233045   0.0000092480   0.0000026285
       -0.0000278459   0.0000284763   0.0001157900   0.0000100701  -0.0000070187
       -0.0000437975   0.0000062179  -0.0000047621   0.0000051972  -0.0000097177
       -0.0000023746   0.0000090903  -0.0000029067  -0.0000034102  -0.0000050138
       -0.0000152584  -0.0000065997   0.0007509111   0.0000119070  -0.0000214535
       -0.0007521785   0.0000354471  -0.0000426499   0.0000057646   0.0000210300
        0.0000131407
       -0.0004013711   0.0036722118   0.0021736736   0.0000391607  -0.0002284249
       -0.0000002673   0.0003648055   0.0035952461   0.0023191710   0.0109584965
        0.0018433220   0.0008282841  -0.0014512430   0.0025288932  -0.0210830454
       -0.0119054539   0.0018208307   0.0004882396  -0.0022321544  -0.0001464259
       -0.0010932104   0.0023556817  -0.0121955389   0.0180333807   0.0023326533
       -0.0002427402  -0.0009730962  -0.0000125818  -0.0005010807  -0.0007353484
       -0.0001746016  -0.0000075697  -0.0000029522   0.0000144465  -0.0000414307
        0.0000281063  -0.0000112151   0.0000047769   0.0000098462  -0.0000309393
       -0.0000493938   0.0000274505   0.0001685643  -0.0000005208   0.0000135869
       -0.0000055012   0.0000434028   0.0000097802   0.0000244809  -0.0000159845
       -0.0000116464   0.0000248416   0.0000011664  -0.0000146274  -0.0000105140
       -0.0000029750  -0.0000073463  -0.0004993277  -0.0000536644  -0.0000020218
        0.0004728578  -0.0000222748   0.0000104638  -0.0000210856  -0.0000018256
       -0.0000184209
        0.0005916889   0.0009832731  -0.0006230412  -0.0042489908  -0.0026853456
        0.0015073829  -0.0241503556   0.0253772940  -0.0168281826  -0.0541039399
        0.0429036212  -0.0280216280   0.0019091110   0.0002110188  -0.0002722523
       -0.0013514260  -0.0020011796   0.0011909594   0.0002611675   0.0000263298
        0.0000138238   0.0036598053  -0.0034207216   0.0023326533   0.0771512218
       -0.0625997007   0.0412247928  -0.0001997819   0.0011311774  -0.0006160766
       -0.0000505297   0.0001493476   0.0000527039  -0.0000155129  -0.0000198609
        0.0001077237   0.0001163485  -0.0000574284   0.0000024697   0.0000882796
       -0.0000068899   0.0001184122  -0.0004677299  -0.0004862419  -0.0001198044
        0.0000378333   0.0000119708   0.0000235986   0.0000358409  -0.0000543071
       -0.0000420979   0.0000599076   0.0000092492  -0.0000179422   0.0001004882
        0.0001378963   0.0000602550   0.0001593737  -0.0002274215   0.0001571744
        0.0004568290   0.0005496042  -0.0002739150  -0.0000396288   0.0000683150
        0.0000229907
        0.0005132697  -0.0009187756   0.0004683513   0.0006254537   0.0036950771
        0.0008100525   0.0156584537  -0.0077837460   0.0070499220   0.0409598634
       -0.0848599355   0.0420325865   0.0118808762  -0.0297781868   0.0207895610
       -0.0028377353   0.0024108409   0.0014811597  -0.0000387373  -0.0018712023
        0.0011093595  -0.0032359446  -0.0010095018  -0.0002427402  -0.0625997007
        0.1201858757  -0.0714037375  -0.0002154869  -0.0005152092   0.0001540986
       -0.0000016198  -0.0001061261  -0.0000936477   0.0000518486   0.0001344211
       -0.0000283078  -0.0000661139   0.0000760667   0.0000037621  -0.0001253728
        0.0000276811  -0.0000394237   0.0003024996   0.0005624796   0.0001236550
       -0.0001114868  -0.0002330032  -0.0001318839  -0.0000346686   0.0000028861
        0.0000328322  -0.0000475689  -0.0000085127   0.0000134499  -0.0001176206
       -0.0001679222  -0.0000733207  -0.0001992669   0.0000180655  -0.0006730557
       -0.0004216674   0.0000870308  -0.0013701907   0.0000607257   0.0000516966
       -0.0000124826
       -0.0004523923   0.0003852211  -0.0004488149  -0.0003263182   0.0009796757
        0.0044912128  -0.0103060836   0.0069015449  -0.0023562083  -0.0268030174
        0.0422097676  -0.0478469136  -0.0077793907   0.0204468386  -0.0113217023
        0.0017960577   0.0014407330   0.0038464742   0.0000074701   0.0010807561
       -0.0007603100   0.0020999372  -0.0001567226  -0.0009730962   0.0412247928
       -0.0714037375   0.0570787093   0.0000120283   0.0002625418  -0.0002013522
        0.0000094696   0.0001227216   0.0000183422  -0.0000653400  -0.0000494712
        0.0000550146   0.0000833255  -0.0000612494   0.0000011964   0.0000779423
       -0.0000524775   0.0000229401  -0.0001962525  -0.0003340816  -0.0000616721
        0.0000604370   0.0000772590   0.0000276748   0.0000291838  -0.0000187537
       -0.0000300460   0.0000597765   0.0000055104  -0.0000198818   0.0000892488
        0.0001193164   0.0000514258   0.0001505456  -0.0007198363  -0.0005922611
        0.0002965610  -0.0012271939  -0.0009977910  -0.0000679815  -0.0000083625
        0.0000170595
       -0.0286373165  -0.0145615566   0.0035766015  -0.2156406978  -0.0019913817
       -0.0000700225  -0.0298970526   0.0147530006  -0.0046085574   0.0016575340
        0.0033769117  -0.0018903396  -0.0028145793  -0.0000099485  -0.0000303273
        0.0018628441  -0.0034632732   0.0019844003  -0.0001696886   0.0003121123
       -0.0000011473   0.0011474174  -0.0000103735  -0.0000125818  -0.0001997819
       -0.0002154869   0.0000120283   0.6094745506   0.0054022797   0.0001259009
       -0.1312373944  -0.1168658918  -0.0459578900  -0.0350105381  -0.0245608559
       -0.0090297112   0.0051515825   0.0017889693   0.0006860390  -0.0386973459
        0.0186282487   0.0067554524  -0.1418597167   0.1174771821   0.0482808474
        0.0056629166  -0.0088440784  -0.0036441874  -0.0035122987  -0.0000552664
       -0.0001822283  -0.0014280428  -0.0001758568   0.0000348748  -0.0040458719
       -0.0006663539  -0.0000532011   0.0008149673   0.0008057160  -0.0001923816
        0.0007365190  -0.0008430264   0.0001843866   0.0066419937   0.0097189298
        0.0040320443
       -0.0218589679  -0.0010179281   0.0011274609  -0.0019407749  -0.0628831867
        0.0000818047   0.0219286192  -0.0004661002   0.0014318812   0.0022372363
       -0.0002589595   0.0044660580  -0.0001975359  -0.0004165192   0.0005458313
       -0.0020603985  -0.0003347772   0.0047367874  -0.0009301987  -0.0003576122
        0.0001278868   0.0001509152  -0.0002867933  -0.0005010807   0.0011311774
       -0.0005152092   0.0002625418   0.0054022797   0.5678029487   0.1409694721
       -0.0528703513  -0.2388302628  -0.0681026545  -0.0789458631   0.0161598167
        0.0066959231   0.0038655780  -0.0504343268  -0.0180359585   0.0692610200
        0.0193865226   0.0080971797   0.0651479640  -0.1970012817  -0.0562251349
        0.0005350106  -0.0338260097  -0.0135417380  -0.0029708615   0.0023951522
       -0.0006673149  -0.0011362175   0.0004965343   0.0000422239   0.0020084438
        0.0024839731  -0.0009838870  -0.0007617119  -0.0006439742  -0.0014284161
        0.0010342416  -0.0005206765  -0.0013483086  -0.0090296045  -0.0209313302
       -0.0077505577
        0.0133774878   0.0009210147   0.0003062088  -0.0001776527   0.0016923899
       -0.0540607958  -0.0139551136   0.0012074228   0.0001775053  -0.0009656948
        0.0044339583   0.0037636014  -0.0000830978   0.0003548338   0.0000575312
        0.0010406278   0.0045694874   0.0037716723   0.0007587937   0.0002777556
       -0.0002468064  -0.0000039756  -0.0005130223  -0.0007353484  -0.0006160766
        0.0001540986  -0.0002013522   0.0001259009   0.1409694721   0.1836773218
       -0.0197944943  -0.0676502395  -0.0680732212  -0.0281875749   0.0051491494
        0.0029960751   0.0013191251  -0.0175815859  -0.0079781603   0.0253139658
        0.0066219394   0.0019458893   0.0258558217  -0.0551663344  -0.0657951974
        0.0003571577  -0.0138941471  -0.0034632217  -0.0010487787  -0.0006276049
        0.0042245949  -0.0003994667   0.0002296047  -0.0000596638   0.0005488249
       -0.0008304131   0.0043752283   0.0003818466  -0.0013481088  -0.0013071107
       -0.0004875993  -0.0012756860  -0.0012654624  -0.0033600271  -0.0076939846
       -0.0021092881
       -0.0021590271   0.0016999419  -0.0012303471  -0.0284401163  -0.0247703017
       -0.0087916103  -0.0001641125  -0.0030386368  -0.0002276494  -0.0003136618
        0.0001041636   0.0010891940   0.0009201126  -0.0002137275   0.0003225683
       -0.0013823322   0.0006970143   0.0009675634  -0.0003637489  -0.0001765057
        0.0001007370  -0.0004910108  -0.0001115511  -0.0001746016  -0.0000505297
       -0.0000016198   0.0000094696  -0.1312373944  -0.0528703513  -0.0197944943
        0.6493942002  -0.0177687897  -0.0074319246  -0.3189002895  -0.0260005272
       -0.0101360366  -0.0423188119   0.0686690494   0.0249812748  -0.0402799159
       -0.0249964163  -0.0089186564   0.0521983975  -0.0228526731  -0.0087444412
       -0.0010981391   0.0039472390   0.0014651011   0.0002333226   0.0007217573
        0.0000812021   0.0015198225   0.0008528558   0.0002973179  -0.0221873991
       -0.0177008924  -0.0063093697  -0.0000709184  -0.0001981430  -0.0003413040
       -0.0002871818  -0.0004772811  -0.0003797798  -0.1145212662   0.1144853954
        0.0431657867
        0.0022821414   0.0018268483  -0.0006766634  -0.0163521359  -0.0021329823
       -0.0010559305   0.0028966104  -0.0024213493   0.0000938221  -0.0008311902
       -0.0000576174   0.0000435284   0.0002477468  -0.0000636658   0.0000387590
       -0.0011751338  -0.0000648805   0.0001276079   0.0001900803   0.0002415781
       -0.0001474220   0.0001863481   0.0000117608  -0.0000075697   0.0001493476
       -0.0001061261   0.0001227216  -0.1168658918  -0.2388302628  -0.0676502395
       -0.0177687897   0.5942785722   0.1762492927   0.0361298014  -0.0761815147
       -0.0120460661   0.0172709360   0.0223395796   0.0082107214  -0.0254165417
       -0.0109850223  -0.0035142863   0.0272448868  -0.0580642153  -0.0225893648
        0.0014815473  -0.0013100455  -0.0020320110   0.0012386957  -0.0014770635
       -0.0004707267   0.0035493982  -0.0024816664  -0.0024173808  -0.0284503429
       -0.0117098882  -0.0050789201  -0.0000405425  -0.0003086980  -0.0000250423
        0.0001675474   0.0001394366   0.0001812380   0.1138654811  -0.2126427774
       -0.0673560680
        0.0008306859   0.0003943743   0.0002307013  -0.0012984290  -0.0011544336
        0.0008352369  -0.0008385834   0.0002498238  -0.0005883371   0.0004879190
        0.0000488462   0.0000998583  -0.0001363486  -0.0001980460   0.0001761364
       -0.0000181238   0.0000172999  -0.0000028780  -0.0000111643  -0.0000428493
        0.0000039667  -0.0000714157  -0.0000307512  -0.0000029522   0.0000527039
       -0.0000936477   0.0000183422  -0.0459578900  -0.0681026545  -0.0680732212
       -0.0074319246   0.1762492927   0.1706504430   0.0116516306  -0.0113585232
       -0.0483089184   0.0067132033   0.0078882229   0.0035347235  -0.0093832535
       -0.0038991437  -0.0026629935   0.0106252949  -0.0224711112  -0.0061156439
        0.0006355379  -0.0023750922   0.0035095453   0.0003747194  -0.0003171222
       -0.0003629347   0.0012653562  -0.0024580495   0.0035057777  -0.0103340763
       -0.0052593914   0.0003462596  -0.0000108712  -0.0001844983   0.0000490604
        0.0000939466  -0.0001375327   0.0002308794   0.0427610826  -0.0667650132
       -0.0570730516
       -0.0013471674  -0.0009576626   0.0000530949   0.0020586275  -0.0023310331
       -0.0003059843  -0.0003742486   0.0009908114   0.0002521599   0.0004067705
        0.0002045614  -0.0001865162  -0.0004545178  -0.0000414132  -0.0000091960
        0.0000701519  -0.0002913309   0.0002426267  -0.0000014330   0.0000410694
       -0.0000026770   0.0001487065   0.0000093017   0.0000144465  -0.0000155129
        0.0000518486  -0.0000653400  -0.0350105381  -0.0789458631  -0.0281875749
       -0.3189002895   0.0361298014   0.0116516306   0.5875861032  -0.0500427194
       -0.0165374472  -0.1300606337   0.0697825511   0.0243329002   0.0502620867
        0.0290843144   0.0104285576  -0.0460172631   0.0236980199   0.0087842920
        0.0008874792   0.0001831441   0.0001893145  -0.0010388042  -0.0029364680
       -0.0009299087  -0.0380224808   0.0189004397   0.0066142626  -0.0515870866
       -0.0454805394  -0.0164262942  -0.0000217169   0.0001257932  -0.0000874416
       -0.0001776599   0.0001680770  -0.0000702046  -0.0183905730   0.0016572965
        0.0002452994
        0.0003209333  -0.0002808091   0.0000426664  -0.0032065533  -0.0022613634
       -0.0031726083   0.0001436488   0.0000212830   0.0000077775  -0.0002789784
        0.0002937834  -0.0000130479  -0.0002887530  -0.0000599816   0.0000313858
       -0.0003919020  -0.0001494416   0.0005713237   0.0001500327   0.0001608952
       -0.0001363819   0.0001935471  -0.0000075758  -0.0000414307  -0.0000198609
        0.0001344211  -0.0000494712  -0.0245608559   0.0161598167   0.0051491494
       -0.0260005272  -0.0761815147  -0.0113585232  -0.0500427194   0.4423753231
        0.1245300038   0.1242144351  -0.2059634652  -0.0575152441  -0.0207548732
       -0.0592540229  -0.0210593955   0.0222024159  -0.0114364536  -0.0039044978
        0.0006202328   0.0019192373   0.0008392320  -0.0025779448   0.0016912867
       -0.0011604199   0.0057783702  -0.0007483377  -0.0010237135  -0.0475413538
       -0.1068074776  -0.0314627672  -0.0000896301  -0.0000960021  -0.0000662050
       -0.0000741170  -0.0000020624  -0.0002435615   0.0222044529   0.0004924612
        0.0000357290
       -0.0012786245  -0.0002838039   0.0000471244  -0.0007452138  -0.0032720789
        0.0054767328   0.0010672064   0.0001414921   0.0000874689  -0.0001942789
       -0.0000922124  -0.0002697451  -0.0002928693   0.0000349020  -0.0000371457
       -0.0001274547  -0.0005743971   0.0001538372  -0.0000791384   0.0000093263
        0.0000068115   0.0002239211   0.0000275758   0.0000281063   0.0001077237
       -0.0000283078   0.0000550146  -0.0090297112   0.0066959231   0.0029960751
       -0.0101360366  -0.0120460661  -0.0483089184  -0.0165374472   0.1245300038
        0.1403837068   0.0442276763  -0.0575524748  -0.0642648917  -0.0077441388
       -0.0211405999  -0.0080446508   0.0081411663  -0.0035469498  -0.0035390324
        0.0002328230   0.0006593000   0.0002911598  -0.0008052396  -0.0013424275
        0.0041758005   0.0020857220  -0.0009211132   0.0016623218  -0.0172137664
       -0.0314296965  -0.0313632487  -0.0000393510   0.0000368040   0.0000892465
        0.0000809555   0.0001090117  -0.0000665631   0.0080560762  -0.0000142107
        0.0004407897
        0.0009614833   0.0000754155   0.0000486557  -0.0026245750  -0.0000682145
       -0.0000896832   0.0008863753  -0.0001179413  -0.0001342268  -0.0004386801
        0.0001833344  -0.0002917255  -0.0005039585  -0.0000105148  -0.0000067842
       -0.0004532905  -0.0002356552   0.0003195636   0.0001522174   0.0001336811
       -0.0001255418   0.0002460793  -0.0000004669  -0.0000112151   0.0001163485
       -0.0000661139   0.0000833255   0.0051515825   0.0038655780   0.0013191251
       -0.0423188119   0.0172709360   0.0067132033  -0.1300606337   0.1242144351
        0.0442276763   0.4653463195  -0.0064780661  -0.0007664318  -0.1168047058
       -0.1164776047  -0.0425743931  -0.0334698977  -0.0242374951  -0.0094606829
       -0.0016597688   0.0018693490   0.0009046351   0.0011590926   0.0146733484
        0.0055742131  -0.1438793356  -0.0031245340  -0.0015620207   0.0024500390
       -0.0116899295  -0.0042255396  -0.0000903014   0.0000033605  -0.0000427035
       -0.0000636752  -0.0000226969   0.0000298665  -0.0041019030   0.0002397951
        0.0000706839
       -0.0003735839   0.0001047209   0.0001179274   0.0001098848  -0.0005296827
       -0.0000402406   0.0002022158   0.0000395769   0.0001940679   0.0000794358
       -0.0001032451   0.0000158255   0.0000285824   0.0000607908  -0.0000674734
        0.0000937261   0.0000083039   0.0000392615  -0.0000288598  -0.0000123416
       -0.0000022934  -0.0000561155   0.0000233045   0.0000047769  -0.0000574284
        0.0000760667  -0.0000612494   0.0017889693  -0.0504343268  -0.0175815859
        0.0686690494   0.0223395796   0.0078882229   0.0697825511  -0.2059634652
       -0.0575524748  -0.0064780661   0.5347405368   0.1602751569  -0.0629082501
       -0.2186562036  -0.0654337400  -0.0732819310   0.0148493571   0.0058262053
        0.0021073283   0.0012168738  -0.0012262393   0.0022917442  -0.0365715854
       -0.0140349768  -0.0031092060  -0.0244785867  -0.0018460172   0.0013264325
       -0.0378712170  -0.0142392519   0.0000378894   0.0001142379  -0.0000496150
       -0.0000241535   0.0001215216  -0.0000343572  -0.0002002147   0.0009257834
       -0.0021919294
       -0.0002059550   0.0000322326   0.0000355131   0.0000666635  -0.0003435116
        0.0002383791   0.0002063999   0.0000425837   0.0001096394   0.0000081919
       -0.0000320276  -0.0000030290   0.0000135288   0.0000334159  -0.0000284332
        0.0000308390  -0.0000353095   0.0000201693  -0.0000190792  -0.0000089036
        0.0000099727  -0.0000174700   0.0000092480   0.0000098462   0.0000024697
        0.0000037621   0.0000011964   0.0006860390  -0.0180359585  -0.0079781603
        0.0249812748   0.0082107214   0.0035347235   0.0243329002  -0.0575152441
       -0.0642648917  -0.0007664318   0.1602751569   0.1486936535  -0.0227392681
       -0.0646438784  -0.0649925370  -0.0270707737   0.0058134040   0.0015195336
        0.0007003023  -0.0012830850   0.0040355516   0.0009077932  -0.0144321956
       -0.0032894914  -0.0014514862  -0.0018002301  -0.0200795158   0.0004303854
       -0.0143501956  -0.0032338936  -0.0000071488   0.0000198575  -0.0000216755
        0.0000073729   0.0000498246  -0.0000237782  -0.0000965477  -0.0020096672
        0.0057072274
        0.0001494411  -0.0010715957  -0.0000646331   0.0012003586   0.0017799934
        0.0003022976  -0.0011058322   0.0009346560  -0.0002284606  -0.0000373393
        0.0003472087  -0.0002181920  -0.0005266399  -0.0000512632   0.0000191083
        0.0000013734  -0.0003566677   0.0001401085   0.0001567750   0.0001764192
       -0.0000916221   0.0003127782   0.0000026285  -0.0000309393   0.0000882796
       -0.0001253728   0.0000779423  -0.0386973459   0.0692610200   0.0253139658
       -0.0402799159  -0.0254165417  -0.0093832535   0.0502620867  -0.0207548732
       -0.0077441388  -0.1168047058  -0.0629082501  -0.0227392681   0.5565560001
        0.0580488101   0.0204853211  -0.2909064226  -0.0341410491  -0.0111826719
       -0.0233341458  -0.0157150823  -0.0059985507  -0.0582182203   0.0498362112
        0.0183342019  -0.0359357049  -0.0214224609  -0.0077642594  -0.0019678125
        0.0020374902   0.0007113555  -0.0002386073  -0.0001707738  -0.0000296318
       -0.0000971012  -0.0001447204   0.0000293081  -0.0005772992  -0.0001457866
        0.0000620124
        0.0000894173  -0.0000541882  -0.0000434649   0.0026933488  -0.0018033334
       -0.0030360908  -0.0003917265  -0.0000320673  -0.0001402741   0.0003302486
        0.0000542107   0.0004467891   0.0001322035  -0.0000635451   0.0000509039
        0.0000160518  -0.0000329037   0.0001145407   0.0001590733   0.0002145515
       -0.0001008979   0.0000652552  -0.0000278459  -0.0000493938  -0.0000068899
        0.0000276811  -0.0000524775   0.0186282487   0.0193865226   0.0066219394
       -0.0249964163  -0.0109850223  -0.0038991437   0.0290843144  -0.0592540229
       -0.0211405999  -0.1164776047  -0.2186562036  -0.0646438784   0.0580488101
        0.4495494837   0.1326751105   0.0186840295  -0.0626702866  -0.0069099401
       -0.0282512630  -0.0149021977  -0.0067368160   0.0496742578  -0.0984773661
       -0.0298822461  -0.0091132248  -0.0030405416  -0.0018930740   0.0017564764
        0.0014280286  -0.0011060176  -0.0000057000  -0.0003630197  -0.0000503744
        0.0000979378  -0.0001010398  -0.0000990020  -0.0002168480  -0.0001968944
       -0.0001255925
       -0.0006233632  -0.0000293224  -0.0000911576   0.0010277924  -0.0029681798
        0.0050257929   0.0009979431   0.0000184793   0.0000006171   0.0002909539
       -0.0003960116   0.0000624809   0.0002207996  -0.0001467254   0.0000748045
       -0.0001843682  -0.0001595359  -0.0002991836  -0.0000263746   0.0000257631
       -0.0000045759  -0.0001022792   0.0000284763   0.0000274505   0.0001184122
       -0.0000394237   0.0000229401   0.0067554524   0.0080971797   0.0019458893
       -0.0089186564  -0.0035142863  -0.0026629935   0.0104285576  -0.0210593955
       -0.0080446508  -0.0425743931  -0.0654337400  -0.0649925370   0.0204853211
        0.1326751105   0.1407007223   0.0076359751  -0.0077359215  -0.0454791598
       -0.0111467218  -0.0066044339  -0.0005901307   0.0186308402  -0.0295598584
       -0.0310362151  -0.0034428300  -0.0017856950   0.0010808271   0.0005322281
       -0.0011922305   0.0039624813  -0.0000749726  -0.0000142387  -0.0000020263
        0.0000345714   0.0000191207   0.0000641011  -0.0000648881  -0.0002251310
        0.0002345233
        0.0008265635   0.0026714106  -0.0008036788  -0.0282407727   0.0235482452
        0.0080408512  -0.0026774857  -0.0018202435   0.0011506728  -0.0009825838
       -0.0005539432  -0.0009779971   0.0010934621   0.0000242626  -0.0000908647
       -0.0005777214  -0.0004256577  -0.0010124968  -0.0000431351   0.0000766475
       -0.0000123727  -0.0005188194   0.0001157900   0.0001685643  -0.0004677299
        0.0003024996  -0.0001962525  -0.1418597167   0.0651479640   0.0258558217
        0.0521983975   0.0272448868   0.0106252949  -0.0460172631   0.0222024159
        0.0081411663  -0.0334698977  -0.0732819310  -0.0270707737  -0.2909064226
        0.0186840295   0.0076359751   0.5630266973  -0.0539535591  -0.0201029730
       -0.0483133334  -0.0435824950  -0.0176603905  -0.0257204956   0.0145520466
        0.0057815179   0.0024750839   0.0002277616  -0.0000021929   0.0011902208
        0.0007357062   0.0002296268  -0.0004777315   0.0001439567   0.0006529296
        0.0000377202   0.0001508629   0.0004963990  -0.0005750368  -0.0022106563
       -0.0008488270
       -0.0025734074  -0.0023274224  -0.0011051037   0.0154990643  -0.0008952555
       -0.0005324050  -0.0029405792   0.0014346171  -0.0009962139   0.0014517865
       -0.0001636256   0.0005038007   0.0003184656  -0.0002207124   0.0002050182
        0.0006592844  -0.0003976317  -0.0000076080  -0.0002782765  -0.0001002962
        0.0001740519  -0.0006772106   0.0000100701  -0.0000005208  -0.0004862419
        0.0005624796  -0.0003340816   0.1174771821  -0.1970012817  -0.0551663344
       -0.0228526731  -0.0580642153  -0.0224711112   0.0236980199  -0.0114364536
       -0.0035469498  -0.0242374951   0.0148493571   0.0058134040  -0.0341410491
       -0.0626702866  -0.0077359215  -0.0539535591   0.4374966540   0.1301309919
       -0.0424045323  -0.1055210350  -0.0352041262   0.0268984565  -0.0120968516
       -0.0055252867   0.0002327254  -0.0020542107  -0.0024192433   0.0004904714
        0.0014463965   0.0006384322  -0.0006921539   0.0000731554   0.0005848426
        0.0000859900  -0.0004033182   0.0001953032  -0.0015742680  -0.0025201334
       -0.0032009385
        0.0006322580   0.0002450069  -0.0006797606   0.0012444497  -0.0007997039
        0.0002327104  -0.0013794671   0.0001873458  -0.0000090840   0.0000883396
       -0.0000261592   0.0001024159   0.0002799986  -0.0002473352   0.0002093806
       -0.0004503957   0.0000564946   0.0000128331  -0.0001270170  -0.0001119466
        0.0000709863  -0.0001318317  -0.0000070187   0.0000135869  -0.0001198044
        0.0001236550  -0.0000616721   0.0482808474  -0.0562251349  -0.0657951974
       -0.0087444412  -0.0225893648  -0.0061156439   0.0087842920  -0.0039044978
       -0.0035390324  -0.0094606829   0.0058262053   0.0015195336  -0.0111826719
       -0.0069099401  -0.0454791598  -0.0201029730   0.1301309919   0.1438735295
       -0.0173377949  -0.0348562589  -0.0341033248   0.0102248744  -0.0056725274
       -0.0001454122  -0.0000346332  -0.0024829992   0.0037422380   0.0002939576
        0.0007448986   0.0002944429  -0.0001744019   0.0000322039   0.0002609426
       -0.0000388788  -0.0001851555   0.0001046466  -0.0005440233  -0.0033287599
        0.0054910409
       -0.0020034719   0.0014370126   0.0021748846  -0.0000183235   0.0025973641
        0.0007784429   0.0007244122  -0.0004021160   0.0003974462  -0.0006347979
       -0.0001790412  -0.0000724571  -0.0001469184   0.0003596628  -0.0004306858
        0.0005507280   0.0005576202  -0.0000732989  -0.0002035956  -0.0003753161
        0.0001860551   0.0000206755  -0.0000437975  -0.0000055012   0.0000378333
       -0.0001114868   0.0000604370   0.0056629166   0.0005350106   0.0003571577
       -0.0010981391   0.0014815473   0.0006355379   0.0008874792   0.0006202328
        0.0002328230  -0.0016597688   0.0021073283   0.0007003023  -0.0233341458
       -0.0282512630  -0.0111467218  -0.0483133334  -0.0424045323  -0.0173377949
        0.0762996846   0.0635110110   0.0232564812  -0.0041660200  -0.0009676879
       -0.0004225883  -0.0016768672  -0.0009580036  -0.0002743560  -0.0005184282
       -0.0009787737  -0.0003465061  -0.0004275131   0.0010846093   0.0011886388
        0.0000340965  -0.0000269037  -0.0000168590  -0.0000165029   0.0004075230
        0.0001585624
        0.0008290817  -0.0003409674  -0.0002279265  -0.0003880839  -0.0010694824
        0.0007696634   0.0000907254   0.0001408051   0.0003025224  -0.0001570728
        0.0001215435  -0.0003046296  -0.0002553234  -0.0000099928   0.0000488673
        0.0001729740   0.0006934512  -0.0006428308  -0.0002985384  -0.0003564103
        0.0001949466   0.0000024107   0.0000062179   0.0000434028   0.0000119708
       -0.0002330032   0.0000772590  -0.0088440784  -0.0338260097  -0.0138941471
        0.0039472390  -0.0013100455  -0.0023750922   0.0001831441   0.0019192373
        0.0006593000   0.0018693490   0.0012168738  -0.0012830850  -0.0157150823
       -0.0149021977  -0.0066044339  -0.0435824950  -0.1055210350  -0.0348562589
        0.0635110110   0.1507156581   0.0573803623   0.0004191143   0.0048990610
        0.0022859609  -0.0011217693  -0.0003581525  -0.0000427068  -0.0008361964
       -0.0017210853  -0.0002779425   0.0011990376   0.0005811456  -0.0010498444
       -0.0001392574   0.0000731038  -0.0000581765  -0.0008981603  -0.0007187154
       -0.0001452102
        0.0013235408  -0.0007301841  -0.0009361499   0.0001619630  -0.0000373648
       -0.0012018546  -0.0001786426   0.0000979179   0.0001695195  -0.0001388320
        0.0001493826  -0.0000679013  -0.0000998629   0.0001143176   0.0000544353
        0.0002531448   0.0001316511  -0.0001516923  -0.0001308722  -0.0001257423
        0.0000460726  -0.0000405872  -0.0000047621   0.0000097802   0.0000235986
       -0.0001318839   0.0000276748  -0.0036441874  -0.0135417380  -0.0034632217
        0.0014651011  -0.0020320110   0.0035095453   0.0001893145   0.0008392320
        0.0002911598   0.0009046351  -0.0012262393   0.0040355516  -0.0059985507
       -0.0067368160  -0.0005901307  -0.0176603905  -0.0352041262  -0.0341033248
        0.0232564812   0.0573803623   0.0351836960   0.0000563709   0.0024338593
       -0.0001917207  -0.0004762288  -0.0001025645  -0.0000595368  -0.0003484749
       -0.0004471772  -0.0008681725   0.0015444734  -0.0006243094  -0.0014876886
       -0.0000704736   0.0000092518  -0.0000764492  -0.0003915203  -0.0002110554
       -0.0001295920
       -0.0001299995   0.0002213124  -0.0001747460  -0.0000779550   0.0012273218
        0.0004008227  -0.0004060164  -0.0001829566   0.0000599918   0.0000327924
       -0.0000994218  -0.0000789671   0.0001355409  -0.0000287311   0.0000019826
       -0.0000309281  -0.0000457242  -0.0000671551   0.0000558840   0.0000441642
       -0.0000394839   0.0000437643   0.0000051972   0.0000244809   0.0000358409
       -0.0000346686   0.0000291838  -0.0035122987  -0.0029708615  -0.0010487787
        0.0002333226   0.0012386957   0.0003747194  -0.0010388042  -0.0025779448
       -0.0008052396   0.0011590926   0.0022917442   0.0009077932  -0.0582182203
        0.0496742578   0.0186308402  -0.0257204956   0.0268984565   0.0102248744
       -0.0041660200   0.0004191143   0.0000563709   0.0873450656  -0.0718415830
       -0.0269989385   0.0037418378  -0.0041426636  -0.0015800145   0.0002839554
        0.0002862886   0.0000454072  -0.0000111890   0.0000153552   0.0000981095
        0.0000626383  -0.0000401088   0.0000666256   0.0001821919  -0.0003572439
       -0.0001278787
        0.0000437979  -0.0001887331   0.0001823421  -0.0004336897  -0.0005810623
       -0.0001414505   0.0002515603   0.0002183317   0.0000106171  -0.0000885733
        0.0000473428   0.0000338169  -0.0000978779   0.0000626258  -0.0000186155
        0.0000990525   0.0000852936   0.0000325333  -0.0000516501  -0.0000302957
        0.0000310115  -0.0000452003  -0.0000097177  -0.0000159845  -0.0000543071
        0.0000028861  -0.0000187537  -0.0000552664   0.0023951522  -0.0006276049
        0.0007217573  -0.0014770635  -0.0003171222  -0.0029364680   0.0016912867
       -0.0013424275   0.0146733484  -0.0365715854  -0.0144321956   0.0498362112
       -0.0984773661  -0.0295598584   0.0145520466  -0.0120968516  -0.0056725274
       -0.0009676879   0.0048990610   0.0024338593  -0.0718415830   0.1430049347
        0.0497596799  -0.0033144267  -0.0012667928   0.0000516522   0.0001100025
       -0.0021414634  -0.0006293789  -0.0000164873   0.0000732237  -0.0001704566
       -0.0001061250   0.0000035793  -0.0000387867  -0.0002784337   0.0003572141
        0.0004496502
       -0.0000019865  -0.0001832830   0.0000940426  -0.0000348073  -0.0001664842
       -0.0001164949   0.0000828444   0.0000870990  -0.0000305404  -0.0000185765
        0.0000551635   0.0000086822  -0.0000840693   0.0000321607  -0.0000097856
        0.0000477366   0.0000025304   0.0000445271  -0.0000255763  -0.0000174832
        0.0000173314  -0.0000334471  -0.0000023746  -0.0000116464  -0.0000420979
        0.0000328322  -0.0000300460  -0.0001822283  -0.0006673149   0.0042245949
        0.0000812021  -0.0004707267  -0.0003629347  -0.0009299087  -0.0011604199
        0.0041758005   0.0055742131  -0.0140349768  -0.0032894914   0.0183342019
       -0.0298822461  -0.0310362151   0.0057815179  -0.0055252867  -0.0001454122
       -0.0004225883   0.0022859609  -0.0001917207  -0.0269989385   0.0497596799
        0.0289105011  -0.0011267899  -0.0000237511  -0.0011534558   0.0001009872
       -0.0006657900  -0.0002620432   0.0000332789   0.0000126310  -0.0000502676
       -0.0000085274   0.0000392810  -0.0000368042  -0.0001264402   0.0004927986
       -0.0007486216
       -0.0003792658   0.0003079949  -0.0000627515   0.0007739783   0.0000442583
       -0.0000180806  -0.0004432113  -0.0003035367  -0.0000096398   0.0001652545
       -0.0001027325   0.0002140314   0.0002366765  -0.0000214547   0.0000278884
        0.0000894752   0.0001061619  -0.0002029101   0.0000452440   0.0000282186
       -0.0000310759   0.0000630672   0.0000090903   0.0000248416   0.0000599076
       -0.0000475689   0.0000597765  -0.0014280428  -0.0011362175  -0.0003994667
        0.0015198225   0.0035493982   0.0012653562  -0.0380224808   0.0057783702
        0.0020857220  -0.1438793356  -0.0031092060  -0.0014514862  -0.0359357049
       -0.0091132248  -0.0034428300   0.0024750839   0.0002327254  -0.0000346332
       -0.0016768672  -0.0011217693  -0.0004762288   0.0037418378  -0.0033144267
       -0.0011267899   0.2100308433   0.0051485064   0.0025662920   0.0035046894
        0.0037520058   0.0012199111   0.0000645636  -0.0000386009  -0.0000184597
        0.0000920123  -0.0000252751   0.0000701819  -0.0010975477  -0.0006227167
       -0.0002596484
       -0.0000624621  -0.0000181130   0.0000193016   0.0000004865  -0.0000772683
        0.0003202249   0.0000497682   0.0000243966   0.0000205988  -0.0000075668
       -0.0000142167  -0.0000020435   0.0000150762   0.0000136953  -0.0000087430
       -0.0000068721  -0.0000139093  -0.0000179314   0.0000158445   0.0000046991
       -0.0000085355   0.0000208286  -0.0000029067   0.0000011664   0.0000092492
       -0.0000085127   0.0000055104  -0.0001758568   0.0004965343   0.0002296047
        0.0008528558  -0.0024816664  -0.0024580495   0.0189004397  -0.0007483377
       -0.0009211132  -0.0031245340  -0.0244785867  -0.0018002301  -0.0214224609
       -0.0030405416  -0.0017856950   0.0002277616  -0.0020542107  -0.0024829992
       -0.0009580036  -0.0003581525  -0.0001025645  -0.0041426636  -0.0012667928
       -0.0000237511   0.0051485064   0.0345224224   0.0088117372   0.0038892233
       -0.0005782610   0.0001953689   0.0000034277   0.0000051754  -0.0000196587
       -0.0000101479   0.0000148727  -0.0000220151   0.0007771002   0.0000596803
        0.0000498170
        0.0001449924   0.0000391269   0.0000190752  -0.0000771002   0.0002971241
       -0.0008413683  -0.0001618846  -0.0000248333  -0.0000077436   0.0000197155
        0.0000320902   0.0000254945   0.0000105060  -0.0000020873  -0.0000005993
        0.0000003831   0.0000417789   0.0000270992   0.0000251543   0.0000202403
       -0.0000256199   0.0000044637  -0.0000034102  -0.0000146274  -0.0000179422
        0.0000134499  -0.0000198818   0.0000348748   0.0000422239  -0.0000596638
        0.0002973179  -0.0024173808   0.0035057777   0.0066142626  -0.0010237135
        0.0016623218  -0.0015620207  -0.0018460172  -0.0200795158  -0.0077642594
       -0.0018930740   0.0010808271  -0.0000021929  -0.0024192433   0.0037422380
       -0.0002743560  -0.0000427068  -0.0000595368  -0.0015800145   0.0000516522
       -0.0011534558   0.0025662920   0.0088117372   0.0132604557   0.0014479833
        0.0002786249  -0.0009880967   0.0000084238  -0.0000048724  -0.0000238347
       -0.0000206611   0.0000001351  -0.0000134429   0.0002860623   0.0000491551
       -0.0000359025
       -0.0003423582   0.0001883818  -0.0000395155  -0.0001304586  -0.0011018363
       -0.0003852704  -0.0000383047  -0.0001410304   0.0000831186  -0.0000253348
        0.0000610748   0.0000573102   0.0000958205   0.0000292882   0.0000142127
        0.0000096577   0.0001312044   0.0000678054   0.0000407786   0.0000325937
       -0.0000348001   0.0000688632  -0.0000050138  -0.0000105140   0.0001004882
       -0.0001176206   0.0000892488  -0.0040458719   0.0020084438   0.0005488249
       -0.0221873991  -0.0284503429  -0.0103340763  -0.0515870866  -0.0475413538
       -0.0172137664   0.0024500390   0.0013264325   0.0004303854  -0.0019678125
        0.0017564764   0.0005322281   0.0011902208   0.0004904714   0.0002939576
       -0.0005184282  -0.0008361964  -0.0003484749   0.0002839554   0.0001100025
        0.0001009872   0.0035046894   0.0038892233   0.0014479833   0.0726668368
        0.0688139883   0.0249225443   0.0000406417   0.0000245347  -0.0000395747
       -0.0000294511  -0.0000463041   0.0000037909   0.0004205141  -0.0006224173
       -0.0001864050
       -0.0001942661   0.0002741887   0.0000050110   0.0002280104  -0.0004999517
       -0.0001238266   0.0000365226  -0.0001517442   0.0001448405  -0.0000694320
        0.0001440183  -0.0000195683   0.0000980307   0.0000625108  -0.0000021485
        0.0000874096   0.0001526830   0.0000050246   0.0000609720  -0.0000163421
       -0.0000148948   0.0000758903  -0.0000152584  -0.0000029750   0.0001378963
       -0.0001679222   0.0001193164  -0.0006663539   0.0024839731  -0.0008304131
       -0.0177008924  -0.0117098882  -0.0052593914  -0.0454805394  -0.1068074776
       -0.0314296965  -0.0116899295  -0.0378712170  -0.0143501956   0.0020374902
        0.0014280286  -0.0011922305   0.0007357062   0.0014463965   0.0007448986
       -0.0009787737  -0.0017210853  -0.0004471772   0.0002862886  -0.0021414634
       -0.0006657900   0.0037520058  -0.0005782610   0.0002786249   0.0688139883
        0.1550884901   0.0522016222   0.0000740015   0.0000109799  -0.0000244954
       -0.0000708777   0.0000627985  -0.0000374088   0.0004268522   0.0005265435
        0.0009008734
       -0.0000300800   0.0001100440  -0.0000247796  -0.0000884563  -0.0001311962
       -0.0001383526   0.0000410110  -0.0001247456   0.0000343350  -0.0000510454
        0.0000207242   0.0000369483   0.0000821020   0.0000363050  -0.0000031661
        0.0000117378   0.0000949439  -0.0000112738   0.0000294182   0.0000071636
       -0.0000140550   0.0000336250  -0.0000065997  -0.0000073463   0.0000602550
       -0.0000733207   0.0000514258  -0.0000532011  -0.0009838870   0.0043752283
       -0.0063093697  -0.0050789201   0.0003462596  -0.0164262942  -0.0314627672
       -0.0313632487  -0.0042255396  -0.0142392519  -0.0032338936   0.0007113555
       -0.0011060176   0.0039624813   0.0002296268   0.0006384322   0.0002944429
       -0.0003465061  -0.0002779425  -0.0008681725   0.0000454072  -0.0006293789
       -0.0002620432   0.0012199111   0.0001953689  -0.0009880967   0.0249225443
        0.0522016222   0.0292954626   0.0000136194   0.0000254704  -0.0000321109
       -0.0000525106   0.0000014738  -0.0000056240   0.0001823898   0.0007824792
       -0.0014444207
       -0.1040492768   0.0947114594  -0.0655148806   0.0067660315  -0.0086658704
        0.0059794617  -0.0008586372  -0.0023934086   0.0015596667  -0.0005710948
       -0.0000953295   0.0000635853  -0.0039947546  -0.0001945035   0.0000356338
       -0.0179148659   0.0207240932  -0.0139337456   0.0004201423   0.0004289042
       -0.0002843271  -0.0011823845   0.0007509111  -0.0004993277   0.0001593737
       -0.0001992669   0.0001505456   0.0008149673  -0.0007617119   0.0003818466
       -0.0000709184  -0.0000405425  -0.0000108712  -0.0000217169  -0.0000896301
       -0.0000393510  -0.0000903014   0.0000378894  -0.0000071488  -0.0002386073
       -0.0000057000  -0.0000749726  -0.0004777315  -0.0006921539  -0.0001744019
       -0.0004275131   0.0011990376   0.0015444734  -0.0000111890  -0.0000164873
        0.0000332789   0.0000645636   0.0000034277   0.0000084238   0.0000406417
        0.0000740015   0.0000136194   0.1213053376  -0.1043416064   0.0703980859
        0.0003126534  -0.0005324451   0.0003139399   0.0000252804   0.0000989320
        0.0000564657
        0.0955307962  -0.1800939660   0.1010733826   0.0078620085  -0.0163462531
        0.0112652188  -0.0022886827  -0.0009812957   0.0048892539  -0.0001438964
        0.0000663572   0.0000685525   0.0001332800   0.0022874727   0.0030687678
        0.0019313578  -0.0005379933   0.0007639643  -0.0004818973   0.0001750437
       -0.0013324261  -0.0003493811   0.0000119070  -0.0000536644  -0.0002274215
        0.0000180655  -0.0007198363   0.0008057160  -0.0006439742  -0.0013481088
       -0.0001981430  -0.0003086980  -0.0001844983   0.0001257932  -0.0000960021
        0.0000368040   0.0000033605   0.0001142379   0.0000198575  -0.0001707738
       -0.0003630197  -0.0000142387   0.0001439567   0.0000731554   0.0000322039
        0.0010846093   0.0005811456  -0.0006243094   0.0000153552   0.0000732237
        0.0000126310  -0.0000386009   0.0000051754  -0.0000048724   0.0000245347
        0.0000109799   0.0000254704  -0.1043416064   0.1965571769  -0.1173937615
        0.0004949827  -0.0006720284   0.0004183017   0.0000846524   0.0000692896
        0.0000013077
       -0.0658458584   0.1015834395  -0.1009668480  -0.0061902722   0.0107951611
       -0.0063506497   0.0013752366   0.0048895173   0.0032777008   0.0002480681
        0.0000524738   0.0001129882  -0.0001967233   0.0029739034   0.0048591946
       -0.0012647448   0.0009725201  -0.0001226749   0.0003465302  -0.0013053689
       -0.0009887350   0.0002391801  -0.0000214535  -0.0000020218   0.0001571744
       -0.0006730557  -0.0005922611  -0.0001923816  -0.0014284161  -0.0013071107
       -0.0003413040  -0.0000250423   0.0000490604  -0.0000874416  -0.0000662050
        0.0000892465  -0.0000427035  -0.0000496150  -0.0000216755  -0.0000296318
       -0.0000503744  -0.0000020263   0.0006529296   0.0005848426   0.0002609426
        0.0011886388  -0.0010498444  -0.0014876886   0.0000981095  -0.0001704566
       -0.0000502676  -0.0000184597  -0.0000196587  -0.0000238347  -0.0000395747
       -0.0000244954  -0.0000321109   0.0703980859  -0.1173937615   0.1036100887
       -0.0003574622   0.0004614770  -0.0002727227  -0.0000973951  -0.0000355872
       -0.0000385943
       -0.0009050217   0.0022638738  -0.0015239258   0.0065371224   0.0084048024
       -0.0055347691  -0.1055734294  -0.0971367083   0.0637889221  -0.0177727485
       -0.0207514482   0.0133124942  -0.0039850300   0.0001148524  -0.0002071234
       -0.0005416130   0.0000925528  -0.0000560266   0.0001428955   0.0001999142
       -0.0001320832  -0.0011670774  -0.0007521785   0.0004728578   0.0004568290
       -0.0004216674   0.0002965610   0.0007365190   0.0010342416  -0.0004875993
       -0.0002871818   0.0001675474   0.0000939466  -0.0001776599  -0.0000741170
        0.0000809555  -0.0000636752  -0.0000241535   0.0000073729  -0.0000971012
        0.0000979378   0.0000345714   0.0000377202   0.0000859900  -0.0000388788
        0.0000340965  -0.0001392574  -0.0000704736   0.0000626383  -0.0001061250
       -0.0000085274   0.0000920123  -0.0000101479  -0.0000206611  -0.0000294511
       -0.0000708777  -0.0000525106   0.0003126534   0.0004949827  -0.0003574622
        0.1223619082   0.1066132283  -0.0689726646  -0.0001744053  -0.0000832427
       -0.0006249757
        0.0021396289  -0.0011361070   0.0048744133  -0.0081404281  -0.0162654531
        0.0108611405  -0.0978185258  -0.1828397258   0.0978996478  -0.0021895692
       -0.0006133970   0.0006571040  -0.0002521911   0.0023239053   0.0029468256
        0.0002892906   0.0000023479   0.0001260977   0.0002646988   0.0000653903
       -0.0007197164   0.0004306287   0.0000354471  -0.0000222748   0.0005496042
        0.0000870308  -0.0012271939  -0.0008430264  -0.0005206765  -0.0012756860
       -0.0004772811   0.0001394366  -0.0001375327   0.0001680770  -0.0000020624
        0.0001090117  -0.0000226969   0.0001215216   0.0000498246  -0.0001447204
       -0.0001010398   0.0000191207   0.0001508629  -0.0004033182  -0.0001851555
       -0.0000269037   0.0000731038   0.0000092518  -0.0000401088   0.0000035793
        0.0000392810  -0.0000252751   0.0000148727   0.0000001351  -0.0000463041
        0.0000627985   0.0000014738  -0.0005324451  -0.0006720284   0.0004614770
        0.1066132283   0.1991927283  -0.1144411484  -0.0000465434   0.0004316459
       -0.0000460968
       -0.0015416249   0.0047389308   0.0034482452   0.0059859548   0.0110461672
       -0.0061913841   0.0644313701   0.0985004235  -0.0964743582   0.0007712178
        0.0003941922   0.0000764816   0.0000201055   0.0031321863   0.0048397420
       -0.0000377389   0.0000478153   0.0001259681  -0.0001582399  -0.0007015296
       -0.0005801170  -0.0003150800  -0.0000426499   0.0000104638  -0.0002739150
       -0.0013701907  -0.0009977910   0.0001843866  -0.0013483086  -0.0012654624
       -0.0003797798   0.0001812380   0.0002308794  -0.0000702046  -0.0002435615
       -0.0000665631   0.0000298665  -0.0000343572  -0.0000237782   0.0000293081
       -0.0000990020   0.0000641011   0.0004963990   0.0001953032   0.0001046466
       -0.0000168590  -0.0000581765  -0.0000764492   0.0000666256  -0.0000387867
       -0.0000368042   0.0000701819  -0.0000220151  -0.0000134429   0.0000037909
       -0.0000374088  -0.0000056240   0.0003139399   0.0004183017  -0.0002727227
       -0.0689726646  -0.1144411484   0.0978606733  -0.0006370401  -0.0002174229
       -0.0007567043
        0.0000005126  -0.0000176060  -0.0000833244   0.0006645751  -0.0012724874
       -0.0002411973  -0.0003212001  -0.0001742368   0.0001387861  -0.0001836784
        0.0000896987   0.0000360114  -0.0000567899   0.0000195117   0.0000034963
       -0.0000684704  -0.0000742303   0.0000757807   0.0000316204   0.0000633814
       -0.0000125194   0.0000883490   0.0000057646  -0.0000210856  -0.0000396288
        0.0000607257  -0.0000679815   0.0066419937  -0.0090296045  -0.0033600271
       -0.1145212662   0.1138654811   0.0427610826  -0.0183905730   0.0222044529
        0.0080560762  -0.0041019030  -0.0002002147  -0.0000965477  -0.0005772992
       -0.0002168480  -0.0000648881  -0.0005750368  -0.0015742680  -0.0005440233
       -0.0000165029  -0.0008981603  -0.0003915203   0.0001821919  -0.0002784337
       -0.0001264402  -0.0010975477   0.0007771002   0.0002860623   0.0004205141
        0.0004268522   0.0001823898   0.0000252804   0.0000846524  -0.0000973951
       -0.0001744053  -0.0000465434  -0.0006370401   0.1320692643  -0.1238149880
       -0.0457956951
       -0.0001334754  -0.0003070131   0.0002130211   0.0008170912  -0.0001297376
        0.0009346073   0.0003933775   0.0001332053   0.0001374676  -0.0002090402
        0.0000322520  -0.0001072795   0.0000116647   0.0001218761  -0.0000814309
        0.0001474922  -0.0001695866   0.0000500669   0.0000788069   0.0000440680
       -0.0000507418   0.0000749481   0.0000210300  -0.0000018256   0.0000683150
        0.0000516966  -0.0000083625   0.0097189298  -0.0209313302  -0.0076939846
        0.1144853954  -0.2126427774  -0.0667650132   0.0016572965   0.0004924612
       -0.0000142107   0.0002397951   0.0009257834  -0.0020096672  -0.0001457866
       -0.0001968944  -0.0002251310  -0.0022106563  -0.0025201334  -0.0033287599
        0.0004075230  -0.0007187154  -0.0002110554  -0.0003572439   0.0003572141
        0.0004927986  -0.0006227167   0.0000596803   0.0000491551  -0.0006224173
        0.0005265435   0.0007824792   0.0000989320   0.0000692896  -0.0000355872
       -0.0000832427   0.0004316459  -0.0002174229  -0.1238149880   0.2343494420
        0.0780908766
        0.0004265968   0.0000238162  -0.0000254822  -0.0000165445   0.0010242340
       -0.0018602014  -0.0004853474  -0.0001701935   0.0002450472  -0.0000820230
        0.0002469551  -0.0000915327   0.0000193643   0.0000443849  -0.0000344543
        0.0000434881   0.0000817713   0.0000780587   0.0000604393   0.0000365128
       -0.0000255583   0.0000636108   0.0000131407  -0.0000184209   0.0000229907
       -0.0000124826   0.0000170595   0.0040320443  -0.0077505577  -0.0021092881
        0.0431657867  -0.0673560680  -0.0570730516   0.0002452994   0.0000357290
        0.0004407897   0.0000706839  -0.0021919294   0.0057072274   0.0000620124
       -0.0001255925   0.0002345233  -0.0008488270  -0.0032009385   0.0054910409
        0.0001585624  -0.0001452102  -0.0001295920  -0.0001278787   0.0004496502
       -0.0007486216  -0.0002596484   0.0000498170  -0.0000359025  -0.0001864050
        0.0009008734  -0.0014444207   0.0000564657   0.0000013077  -0.0000385943
       -0.0006249757  -0.0000460968  -0.0007567043  -0.0457956951   0.0780908766
        0.0521780786
