$hessian                                                                        
        0.4624777370  -0.0181423105  -0.0208918766  -0.1605718371  -0.0329678298
       -0.0179932142  -0.0042305182  -0.0021232341  -0.0023658790  -0.0106758200
       -0.0117759805   0.0010098485   0.0004263124   0.0007087036  -0.0004756106
       -0.0000286379  -0.0011893171   0.0001274645   0.0000168237   0.0000019475
        0.0000329775  -0.0003989839   0.0001496178   0.0001439803  -0.0001169632
       -0.0000378318   0.0000489775  -0.0021706151   0.0025392369   0.0009751241
        0.0000134903   0.0000513373   0.0002078762  -0.0355129097   0.0017201701
       -0.0010476514  -0.0016596577   0.0005909728   0.0002460262   0.0002459379
       -0.0000324396   0.0000534753  -0.0000939729   0.0000202064  -0.0000196287
       -0.0007305708   0.0007405091  -0.0002332269  -0.0694341220  -0.0080318903
        0.0056146459  -0.1286278204   0.0909317141   0.0567179268  -0.0456847222
       -0.0251313917   0.0097918997  -0.0000256356  -0.0001145282  -0.0000362928
        0.0000210147  -0.0000116276  -0.0000305127  -0.0001016404  -0.0000722185
        0.0000143001  -0.0000464019  -0.0001665602   0.0001318612  -0.0030904869
        0.0023427444  -0.0320224909
       -0.0181423105   0.5139929030  -0.0007360539  -0.0380856839  -0.0747490795
       -0.0060743957  -0.0012771450   0.0004097073  -0.0003528449  -0.0260872795
       -0.0133626072  -0.0030377986  -0.0005148958   0.0011417574  -0.0002755114
       -0.0001466891  -0.0040152143   0.0019333497   0.0001025378   0.0000447865
        0.0000581434  -0.0000760940  -0.0002925007   0.0002017407  -0.0000311742
       -0.0000033548   0.0000244425   0.0011118622  -0.0018552597  -0.0016672445
        0.0000041494  -0.0000015854   0.0000323812   0.0248534531   0.0049217936
        0.0031396528   0.0020160044  -0.0008319416  -0.0003580271   0.0003023202
        0.0000533471  -0.0000270731  -0.0016580763  -0.0009402915   0.0002529194
       -0.0003825845   0.0002286074   0.0000207785  -0.0068187185  -0.0515293212
        0.0122024672   0.0880559515  -0.1368682194  -0.0572399950  -0.0234876561
       -0.2329025071   0.0624897504   0.0000296142   0.0000247967   0.0000042770
       -0.0000349833   0.0000434715   0.0000245116  -0.0001623896  -0.0003361788
        0.0001327205  -0.0001014708   0.0000362737  -0.0001884058   0.0005312582
       -0.0032093830  -0.0105597850
       -0.0208918766  -0.0007360539   0.4371725241  -0.0227444140  -0.0047615870
       -0.0658549002  -0.0258286809  -0.0086991135  -0.0104371831   0.0094324834
        0.0018342982   0.0040243806   0.0006490762   0.0004282816  -0.0005019570
        0.0002384779   0.0018720713  -0.0008227066   0.0000388122  -0.0000400883
        0.0000395412  -0.0002087067  -0.0000758230   0.0001536900   0.0001712122
        0.0000257131  -0.0000314036   0.0014017163  -0.0011967537   0.0001785847
        0.0000958132   0.0000231275   0.0000324669   0.0105680232   0.0024384167
        0.0025518587   0.0007677009  -0.0002134665  -0.0000779261  -0.0002128433
       -0.0000050577  -0.0000724945   0.0007251288   0.0001494949  -0.0000661895
       -0.0002810996  -0.0008578807   0.0000517217  -0.0162163252   0.0049216307
       -0.2235657756   0.0566021406  -0.0578372414  -0.0716605308   0.0101193562
        0.0627046905  -0.0568972072   0.0000758414  -0.0000351039  -0.0000009597
        0.0000497610  -0.0000419374  -0.0000264112   0.0001011905   0.0002234074
       -0.0000702618   0.0002239531   0.0006094988  -0.0003350811  -0.0048767408
       -0.0007305239  -0.0137837801
       -0.1605718371  -0.0380856839  -0.0227444140   0.4617482226   0.0141283563
        0.0182472206  -0.0444751419  -0.0034733064  -0.0277351251  -0.0648390913
       -0.0263062185   0.0078857035   0.0020356885   0.0040061232  -0.0019350648
       -0.0072640947  -0.0230340707   0.0103077595   0.0004989553  -0.0001794106
        0.0002966807   0.0013588283  -0.0002479822   0.0005596476  -0.0002866992
       -0.0000596713   0.0003810908  -0.0324626164   0.0223995784   0.0082214031
        0.0011646254   0.0001619544   0.0009661558  -0.1007153647   0.0423188780
        0.0234057679  -0.0083553979   0.0016251028   0.0011200952   0.0010968202
        0.0005591547  -0.0002418940  -0.0075918257  -0.0033211020   0.0004678015
        0.0017249553   0.0198969730  -0.0042029167  -0.0093509656  -0.0023456470
       -0.0143748409  -0.0218367947  -0.0031665999  -0.0009223976  -0.0093134859
       -0.0053508162  -0.0006586576  -0.0004743243  -0.0000331001  -0.0002289498
       -0.0002202791   0.0000653273   0.0001693475  -0.0004364571  -0.0015585924
        0.0004987662  -0.0012398227   0.0022528122   0.0012528898  -0.0001938974
       -0.0002520592  -0.0007360690
       -0.0329678298  -0.0747490795  -0.0047615870   0.0141283563   0.4468064274
        0.0075908967  -0.0026833934  -0.0404541284  -0.0034111725  -0.0245513772
       -0.1381903719   0.0438260000  -0.0005462521  -0.0031410949   0.0046788219
       -0.0110704915  -0.0127170999   0.0047094993   0.0005506214   0.0004939985
        0.0002815949  -0.0000699206   0.0012191143  -0.0007161401   0.0000139420
        0.0001293215   0.0002609887   0.0126727601   0.0040596292   0.0055213512
       -0.0021803109   0.0010184760   0.0000504666   0.0604979392  -0.1478508768
       -0.0548625094  -0.0040200546   0.0031617254   0.0008925815  -0.0002306228
       -0.0004922763   0.0002954545  -0.0006266526   0.0013241056  -0.0007733776
        0.0029056866  -0.0289929926   0.0032942785  -0.0020151888   0.0008806213
       -0.0045783384   0.0175829235   0.0037628620   0.0018262771  -0.0293282052
       -0.0124873361  -0.0035211307   0.0002847393  -0.0004741441  -0.0000070127
        0.0002458628  -0.0001606907  -0.0002256356   0.0000438473  -0.0002922479
        0.0001956190   0.0013250597  -0.0033558446  -0.0003782768   0.0000385612
        0.0005019027  -0.0001886491
       -0.0179932142  -0.0060743957  -0.0658549002   0.0182472206   0.0075908967
        0.4971811932  -0.0231587338  -0.0065538578  -0.2372140397   0.0088669369
        0.0469868155  -0.0901235034   0.0049426639   0.0274870033  -0.0168536331
        0.0012849968  -0.0000863623   0.0013887571  -0.0011325268  -0.0009680340
        0.0002243522   0.0012202040   0.0002916758   0.0007030738   0.0003228711
        0.0000145005  -0.0003791719   0.0060271882   0.0043978675  -0.0007785096
       -0.0035513557   0.0009100354   0.0015739794   0.0278233085  -0.0506315281
       -0.0779183579  -0.0032920191   0.0020308433   0.0010177823  -0.0016812141
       -0.0002548566  -0.0004173485  -0.0009741422  -0.0016464709   0.0005775206
       -0.0013502095  -0.0159350319   0.0062951375  -0.0347359659  -0.0108079124
       -0.0178786301   0.0108130954   0.0020278292   0.0018661477   0.0078976563
        0.0031107840   0.0025444777   0.0001863473  -0.0001243915   0.0004306342
        0.0003736823  -0.0002075495  -0.0000406160   0.0002446944   0.0001053889
        0.0002789540   0.0018114920  -0.0015331112  -0.0007027304  -0.0021929763
       -0.0001301382  -0.0059205689
       -0.0042305182  -0.0012771450  -0.0258286809  -0.0444751419  -0.0026833934
       -0.0231587338   0.0552329249  -0.0010610686   0.0214098082   0.0017234100
       -0.0012959006   0.0064068216   0.0000692949  -0.0009359308   0.0005362676
        0.0005262026  -0.0002639611   0.0010319478  -0.0001285557  -0.0003061613
       -0.0001233283  -0.0004404582  -0.0001420188  -0.0002329002   0.0000510988
        0.0001431606  -0.0002244845   0.0024365384   0.0013716124   0.0042104554
        0.0004739619  -0.0002009166  -0.0012688676  -0.0047467754   0.0089928403
        0.0229835852   0.0001828028  -0.0006761737  -0.0006173736   0.0002059707
        0.0000377657  -0.0000796430  -0.0000377904   0.0003647066  -0.0003202471
       -0.0001529477   0.0002430613  -0.0002119237  -0.0067000481  -0.0024213568
       -0.0021742337  -0.0000451197   0.0000529442  -0.0008394108   0.0003686840
        0.0001618757  -0.0001569670   0.0000588627  -0.0000104696  -0.0000197469
       -0.0000479396   0.0000182116   0.0000538511  -0.0000405712  -0.0000452783
        0.0000157838  -0.0000587631  -0.0000789100   0.0000478910  -0.0002251226
        0.0000125061  -0.0014398709
       -0.0021232341   0.0004097073  -0.0086991135  -0.0034733064  -0.0404541284
       -0.0065538578  -0.0010610686   0.0558649122   0.0156615556   0.0016666187
       -0.0031506414   0.0281946287  -0.0010672116  -0.0050034672   0.0024093956
        0.0010085701   0.0006063040   0.0009760484  -0.0002961349  -0.0002055380
       -0.0001635952   0.0000880457  -0.0000018417   0.0002345601   0.0000662913
       -0.0002347105  -0.0000045370  -0.0010029530   0.0001697021  -0.0009984108
        0.0001825610   0.0000896875   0.0007834816   0.0088153485  -0.0106117094
       -0.0299321711  -0.0002241169   0.0001340925   0.0003492547   0.0000323082
       -0.0000116518  -0.0000916452   0.0000968016   0.0001035209  -0.0004572141
       -0.0008535887   0.0018851099  -0.0007705621  -0.0021595946  -0.0002098096
       -0.0005750951   0.0005599012   0.0001831934   0.0003775997  -0.0001095090
       -0.0002083658  -0.0003869291  -0.0000108458   0.0001255519  -0.0000756887
       -0.0000305385   0.0000123982   0.0000372308  -0.0001102452   0.0000184307
        0.0000008653   0.0001121629   0.0003348327   0.0000842352  -0.0001062617
        0.0001544204  -0.0004000362
       -0.0023658790  -0.0003528449  -0.0104371831  -0.0277351251  -0.0034111725
       -0.2372140397   0.0214098082   0.0156615556   0.2872182386  -0.0015230942
        0.0046127783  -0.0208980660   0.0010664104   0.0033223049  -0.0015443633
       -0.0003636910  -0.0008557421  -0.0000359001   0.0003798060   0.0002893356
        0.0002829242  -0.0000992552   0.0000304681  -0.0002390003  -0.0002556155
        0.0000034934   0.0001478654  -0.0014659387   0.0000273240   0.0010096952
        0.0015127712   0.0000014965   0.0001184579   0.0125503712  -0.0178687279
       -0.0207975006  -0.0000942704   0.0001390890   0.0005484106   0.0002324327
       -0.0000004670   0.0001837683  -0.0001211507   0.0001271514   0.0003696218
       -0.0000128439  -0.0004257540   0.0013517205  -0.0030243047  -0.0009116302
       -0.0000759483   0.0001442728   0.0002562888   0.0002324266   0.0002598360
       -0.0001483757   0.0000683901  -0.0001497596   0.0002592960  -0.0000925938
       -0.0001419814   0.0000329568  -0.0000030700  -0.0000359521  -0.0001040059
       -0.0000100003  -0.0002532355  -0.0007386817   0.0002693353   0.0000863886
        0.0000538635  -0.0004531891
       -0.0106758200  -0.0260872795   0.0094324834  -0.0648390913  -0.0245513772
        0.0088669369   0.0017234100   0.0016666187  -0.0015230942   0.4446045809
        0.0071875722   0.0036147563  -0.0511673359  -0.0019867360  -0.0498288688
       -0.1548760904  -0.0344914620  -0.0223196514  -0.0105216333  -0.0022799632
       -0.0044376524  -0.0218469464   0.0031768355   0.0008443781   0.0006690451
       -0.0006409705  -0.0005540641   0.0020925785   0.0020887662  -0.0009856698
       -0.0002131807  -0.0000790213  -0.0001950102  -0.0017995618   0.0230587677
       -0.0032857797   0.0001272349  -0.0012441692  -0.0001815602   0.0011028561
        0.0018763871   0.0008094375  -0.0127986739  -0.0105168110   0.0031948080
       -0.1162822052   0.0668162049   0.0605995130   0.0003985348  -0.0002924375
        0.0006343708   0.0000520572  -0.0003734661   0.0006101799  -0.0058801578
       -0.0024910143  -0.0009331001  -0.0000205939   0.0000136794   0.0001410548
       -0.0006765793  -0.0000531340   0.0000523064  -0.0016072843  -0.0014047176
        0.0001490680   0.0022089957   0.0008824289  -0.0050677769   0.0002258611
       -0.0002747011   0.0003629347
       -0.0117759805  -0.0133626072   0.0018342982  -0.0263062185  -0.1381903719
        0.0469868155  -0.0012959006  -0.0031506414   0.0046127783   0.0071875722
        0.4649764304  -0.0027345974  -0.0023905740  -0.0411218272   0.0036730040
       -0.0223781744  -0.0594509947  -0.0064567498  -0.0066863379  -0.0003368600
       -0.0026763540   0.0161898430   0.0025839411   0.0016861449   0.0004889330
        0.0001606133   0.0001626088   0.0002923309   0.0004683123   0.0001727534
        0.0001915545  -0.0000335698   0.0000478971   0.0068548471  -0.0325020244
        0.0019153671  -0.0004973634   0.0007000705   0.0000795118   0.0037349661
       -0.0026423477  -0.0012707802  -0.0335541806  -0.0181814101   0.0032289692
        0.0485654091  -0.1288943869  -0.0381329449   0.0005901590  -0.0003750771
        0.0010773564   0.0009807659   0.0003176085   0.0001306207  -0.0010050394
       -0.0001768464  -0.0000957085  -0.0000944633   0.0000686732   0.0000223029
        0.0010680906   0.0000623715   0.0000339970  -0.0014103904  -0.0044371057
        0.0020987703   0.0210336556  -0.0264718899  -0.0167421093   0.0002164959
       -0.0000100605   0.0003460487
        0.0010098485  -0.0030377986   0.0040243806   0.0078857035   0.0438260000
       -0.0901235034   0.0064068216   0.0281946287  -0.0208980660   0.0036147563
       -0.0027345974   0.5196228659  -0.0498114302   0.0023380900  -0.2401925795
       -0.0260882069  -0.0044746656  -0.0697052694  -0.0290116919  -0.0069673981
       -0.0086978398   0.0086082091   0.0008313973   0.0006814211   0.0012584300
       -0.0003376285  -0.0001229023  -0.0011084747   0.0002629144   0.0015146637
        0.0002482058   0.0000895056  -0.0003469551   0.0010717647  -0.0138793060
        0.0056440336   0.0004612705  -0.0005983042  -0.0004988957   0.0021798197
       -0.0014022209  -0.0003135361   0.0188127339   0.0080831195   0.0013312622
        0.0622281814  -0.0546687243  -0.1064042024  -0.0008619988  -0.0003739370
       -0.0005865222   0.0004612504  -0.0002689167  -0.0000447609  -0.0014030515
       -0.0008112731   0.0004519639   0.0000453150   0.0002076481  -0.0000201305
        0.0003116114   0.0001480858   0.0002868103   0.0010241426   0.0028200271
       -0.0003744293  -0.0079333617   0.0027115034   0.0049307810   0.0005901513
        0.0000418506  -0.0001585896
        0.0004263124  -0.0005148958   0.0006490762   0.0020356885  -0.0005462521
        0.0049426639   0.0000692949  -0.0010672116   0.0010664104  -0.0511673359
       -0.0023905740  -0.0498114302   0.0661866943  -0.0020264824   0.0491905542
       -0.0129018245  -0.0011344189  -0.0295217642  -0.0057524076  -0.0014499013
       -0.0013173960   0.0001535963  -0.0006862892  -0.0013900154  -0.0005812975
        0.0002668440   0.0003998620  -0.0002782083   0.0002652543  -0.0003082582
       -0.0000265114  -0.0001943366   0.0002856868   0.0000980398  -0.0003535088
       -0.0000607931   0.0000590752  -0.0001566824   0.0001492599   0.0005307081
        0.0000396322   0.0005459041   0.0019645830   0.0015997665   0.0007165737
       -0.0009365197   0.0084486384   0.0246455913  -0.0009528395  -0.0003653211
        0.0001004052  -0.0000838586   0.0000364959   0.0000548296   0.0000124093
        0.0002147578  -0.0001837055   0.0000241172   0.0000294712  -0.0000711724
       -0.0000619347   0.0001287057   0.0000004088   0.0003247015   0.0000971734
       -0.0002188098   0.0008700858  -0.0000390429   0.0002101612  -0.0000125687
       -0.0002018223  -0.0000740423
        0.0007087036   0.0011417574   0.0004282816   0.0040061232  -0.0031410949
        0.0274870033  -0.0009359308  -0.0050034672   0.0033223049  -0.0019867360
       -0.0411218272   0.0023380900  -0.0020264824   0.0535441329   0.0056360275
       -0.0044656551   0.0010006960  -0.0071777162  -0.0013126962  -0.0001479532
       -0.0002127996   0.0003277401   0.0001991668   0.0003825860   0.0003455128
        0.0000713770  -0.0001452083   0.0002412476  -0.0001498228   0.0002464411
       -0.0002472200  -0.0000006172  -0.0001363713  -0.0002200743   0.0013501298
       -0.0010018528  -0.0001241810   0.0000063809  -0.0001211269  -0.0002705507
       -0.0001901862  -0.0001210864   0.0007443863   0.0006027735  -0.0002080120
        0.0052320713  -0.0077463193  -0.0283101923  -0.0005423133  -0.0005854932
       -0.0002829019   0.0000894594  -0.0001239065  -0.0001080070   0.0002617528
        0.0002966981  -0.0001945047   0.0000464405  -0.0000110854   0.0000740803
        0.0000123006   0.0000337949   0.0000349833   0.0001185499   0.0000041988
       -0.0000389425  -0.0001863652  -0.0001088830  -0.0018208960   0.0001839170
        0.0000795500  -0.0000701802
       -0.0004756106  -0.0002755114  -0.0005019570  -0.0019350648   0.0046788219
       -0.0168536331   0.0005362676   0.0024093956  -0.0015443633  -0.0498288688
        0.0036730040  -0.2401925795   0.0491905542   0.0056360275   0.2900209080
       -0.0064218556  -0.0000049371  -0.0096902683  -0.0014609375  -0.0003207236
       -0.0002681778   0.0003474967   0.0001150081   0.0001633940  -0.0001032919
        0.0000603593   0.0003221222  -0.0001565004   0.0003521426  -0.0004224574
        0.0001876636  -0.0001212174   0.0000577209  -0.0004047053  -0.0003696809
        0.0011789377   0.0001331912   0.0000130668   0.0001461815   0.0001271420
        0.0000321051   0.0002024072   0.0005984208   0.0000549979   0.0009354884
        0.0095561094  -0.0148852583  -0.0249895224  -0.0001509005  -0.0008617457
        0.0006438936  -0.0000498806   0.0000086148  -0.0002337129  -0.0001312571
       -0.0003266381  -0.0001248541  -0.0000381544  -0.0000552957  -0.0000405373
        0.0000276071   0.0000027191  -0.0000217329   0.0005935888   0.0000593822
       -0.0000377519   0.0004374623   0.0002243158   0.0011167152  -0.0005784760
       -0.0000989524   0.0001337795
       -0.0000286379  -0.0001466891   0.0002384779  -0.0072640947  -0.0110704915
        0.0012849968   0.0005262026   0.0010085701  -0.0003636910  -0.1548760904
       -0.0223781744  -0.0260882069  -0.0129018245  -0.0044656551  -0.0064218556
        0.4731665530  -0.0014330968   0.0124082382  -0.0519131331  -0.0056374351
       -0.0385669091  -0.0918579526   0.0407833556   0.0243832319   0.0010267898
        0.0010744385   0.0011962833   0.0041630811   0.0010857394  -0.0019865899
        0.0000399649  -0.0003736384   0.0000398189  -0.0014892020   0.0018899197
        0.0000537053   0.0000134442  -0.0026540141   0.0002304641  -0.0379296378
        0.0254868738   0.0097447042  -0.0737210942  -0.0020295719  -0.0030440133
       -0.0378601051   0.0102286082   0.0080917976   0.0003391189   0.0001329232
        0.0001811718   0.0001059081   0.0001160499  -0.0000553850   0.0000888678
        0.0001556483   0.0000158881   0.0001920439  -0.0005078759   0.0000567426
       -0.0059628199  -0.0003588173  -0.0004588779  -0.0046702303  -0.0306572181
        0.0181492566   0.0008131727  -0.0003000708   0.0008965374  -0.0000003245
        0.0000506220   0.0000142140
       -0.0011893171  -0.0040152143   0.0018720713  -0.0230340707  -0.0127170999
       -0.0000863623  -0.0002639611   0.0006063040  -0.0008557421  -0.0344914620
       -0.0594509947  -0.0044746656  -0.0011344189   0.0010006960  -0.0000049371
       -0.0014330968   0.4450098706   0.0073034460  -0.0055039084  -0.0427703448
       -0.0365761398   0.0542909245  -0.1112847655  -0.0374090272   0.0028182977
       -0.0039647716  -0.0035518562   0.0077792033  -0.0278450498  -0.0032074115
        0.0004701925   0.0007847274  -0.0011367132   0.0025043001   0.0038901199
       -0.0004809180  -0.0016023978  -0.0025199699   0.0017374340   0.0000512965
        0.0033900381   0.0018797553  -0.0243509480  -0.1724560075   0.0771569135
        0.0308763784  -0.0038845966  -0.0055062448   0.0006296097   0.0002581809
        0.0002636675   0.0002131210  -0.0000411845  -0.0000380562  -0.0010915665
       -0.0004425082  -0.0002209415   0.0005133979  -0.0011028968  -0.0002226373
       -0.0005276427  -0.0009703929  -0.0007676885  -0.0074786044  -0.0117702061
        0.0039728554   0.0019284415   0.0002310026   0.0003498272   0.0000262315
        0.0000650635   0.0000033709
        0.0001274645   0.0019333497  -0.0008227066   0.0103077595   0.0047094993
        0.0013887571   0.0010319478   0.0009760484  -0.0000359001  -0.0223196514
       -0.0064567498  -0.0697052694  -0.0295217642  -0.0071777162  -0.0096902683
        0.0124082382   0.0073034460   0.4972241866  -0.0385776075  -0.0343951694
       -0.2272528281   0.0251564170  -0.0370228288  -0.0849788775   0.0160151161
       -0.0236753250  -0.0154848741  -0.0053977061   0.0065781252   0.0036778601
       -0.0002689742   0.0019530176  -0.0002676216   0.0001609454  -0.0003506374
       -0.0000188681  -0.0000700891   0.0040937826  -0.0002196942  -0.0033644142
        0.0055178100   0.0036812726   0.0098258048   0.0763289407  -0.0977192444
        0.0215429954  -0.0022561590   0.0008203566   0.0002079313  -0.0002271520
        0.0000021119   0.0000546117  -0.0000482166  -0.0000673800   0.0007185146
        0.0003433892   0.0000733938  -0.0003414341   0.0003578884   0.0002223871
       -0.0010772738  -0.0004342285   0.0006573825   0.0043780680   0.0011154538
       -0.0024937783  -0.0006899318   0.0009523257   0.0009284970  -0.0003069679
       -0.0001188941   0.0000811055
        0.0000168237   0.0001025378   0.0000388122   0.0004989553   0.0005506214
       -0.0011325268  -0.0001285557  -0.0002961349   0.0003798060  -0.0105216333
       -0.0066863379  -0.0290116919  -0.0057524076  -0.0013126962  -0.0014609375
       -0.0519131331  -0.0055039084  -0.0385776075   0.0586656032   0.0071774968
        0.0437108177   0.0022505498   0.0060115641   0.0170556969  -0.0018227969
        0.0026346958   0.0013785910   0.0004374859  -0.0004695911   0.0003980362
        0.0001156246  -0.0000046555  -0.0000471416  -0.0006715219   0.0000747720
        0.0001394792  -0.0001473741  -0.0000349782  -0.0000585617   0.0015501816
       -0.0005844235  -0.0003881817   0.0037376930  -0.0011441589   0.0056033827
        0.0034637243  -0.0000904900   0.0005587004   0.0001241038  -0.0000796687
        0.0002171590  -0.0000000942   0.0000175535  -0.0000403431   0.0000446122
       -0.0000017118  -0.0000019832   0.0000645222   0.0000331894  -0.0000487909
        0.0001287845  -0.0000761793   0.0000639303   0.0004299940  -0.0002967764
        0.0015325660  -0.0004527666   0.0000205494  -0.0003600549  -0.0001183749
       -0.0000412693   0.0000508433
        0.0000019475   0.0000447865  -0.0000400883  -0.0001794106   0.0004939985
       -0.0009680340  -0.0003061613  -0.0002055380   0.0002893356  -0.0022799632
       -0.0003368600  -0.0069673981  -0.0014499013  -0.0001479532  -0.0003207236
       -0.0056374351  -0.0427703448  -0.0343951694   0.0071774968   0.0629706304
        0.0273563979  -0.0016880945  -0.0064098519  -0.0229383155   0.0026023588
       -0.0032791847  -0.0019270357   0.0001081599   0.0003989991  -0.0022134795
        0.0001996014  -0.0006627351   0.0004828168   0.0002937494  -0.0001310172
        0.0003559982  -0.0001987945   0.0005050294   0.0007357044  -0.0013334135
        0.0006075978   0.0011221580   0.0021397412  -0.0115895756   0.0373242772
        0.0004546761  -0.0001479813   0.0005588926   0.0001177429  -0.0000283598
        0.0001831941   0.0000518869   0.0000235710   0.0000011344   0.0000337905
       -0.0000236043   0.0000056528  -0.0000592782  -0.0000275935  -0.0000314493
       -0.0002214803   0.0001662590  -0.0000839169  -0.0000951774   0.0005462020
        0.0011080735   0.0003272048   0.0000248990   0.0003455986  -0.0000592464
       -0.0000213734   0.0000163764
        0.0000329775   0.0000581434   0.0000395412   0.0002966807   0.0002815949
        0.0002243522  -0.0001233283  -0.0001635952   0.0002829242  -0.0044376524
       -0.0026763540  -0.0086978398  -0.0013173960  -0.0002127996  -0.0002681778
       -0.0385669091  -0.0365761398  -0.2272528281   0.0437108177   0.0273563979
        0.2798073656  -0.0011352490  -0.0079314850  -0.0178446929   0.0017601772
       -0.0022652785  -0.0012679098  -0.0001454592   0.0006042318  -0.0001877455
        0.0000390603  -0.0002451967   0.0004588203  -0.0001594868  -0.0005469744
       -0.0000307682   0.0000999605   0.0000614935   0.0003358957  -0.0004056939
        0.0005746979   0.0013212324   0.0004764637   0.0201986300  -0.0286301091
        0.0008195084   0.0006413371   0.0011692518  -0.0000362201  -0.0000694300
        0.0000346351  -0.0000083062   0.0000244755  -0.0000080865   0.0000213317
       -0.0000194802   0.0000038702  -0.0000134016   0.0000701978   0.0000008328
       -0.0004004222   0.0006042352   0.0000788445  -0.0003462609   0.0001538045
        0.0005777500  -0.0001728895   0.0000737973  -0.0001921967   0.0000116977
        0.0000036965   0.0000450385
       -0.0003989839  -0.0000760940  -0.0002087067   0.0013588283  -0.0000699206
        0.0012202040  -0.0004404582   0.0000880457  -0.0000992552  -0.0218469464
        0.0161898430   0.0086082091   0.0001535963   0.0003277401   0.0003474967
       -0.0918579526   0.0542909245   0.0251564170   0.0022505498  -0.0016880945
       -0.0011352490   0.4569476244  -0.0062535046   0.0080125837  -0.0385910961
       -0.0005829280  -0.0171631594  -0.0536329680  -0.0225990198   0.0102613679
        0.0028835398   0.0030658220  -0.0032091165  -0.0241734215  -0.0287711067
        0.0094672481   0.0025974283   0.0203026374  -0.0031143584  -0.2038645113
       -0.0299558062  -0.0348960146   0.0034756164  -0.0022374960   0.0001754549
       -0.0064758349   0.0000419039   0.0001496960   0.0000903982   0.0000803389
        0.0001227655   0.0000985393   0.0000751450  -0.0000344779   0.0001519849
        0.0001632240  -0.0000252609  -0.0020616515   0.0017767554   0.0007143816
       -0.0273844523  -0.0022454212  -0.0035184623   0.0006094673  -0.0020287415
       -0.0007622369  -0.0000263623   0.0000714045  -0.0000496867   0.0001370658
        0.0000343488  -0.0000198400
        0.0001496178  -0.0002925007  -0.0000758230  -0.0002479822   0.0012191143
        0.0002916758  -0.0001420188  -0.0000018417   0.0000304681   0.0031768355
        0.0025839411   0.0008313973  -0.0006862892   0.0001991668   0.0001150081
        0.0407833556  -0.1112847655  -0.0370228288   0.0060115641  -0.0064098519
       -0.0079314850  -0.0062535046   0.4614531322   0.0194943807   0.0003395077
       -0.0456737325  -0.0180399187  -0.0131369619  -0.1277081847   0.0419412923
       -0.0015336233  -0.0023478766   0.0041490785  -0.0097767686  -0.0067409812
        0.0017885974  -0.0007414299  -0.0411008876   0.0059447211  -0.0551077755
       -0.0812968472  -0.0238374443   0.0147241614  -0.0488310573   0.0024056192
       -0.0033573025   0.0018493616   0.0010665538  -0.0000767327  -0.0000390898
        0.0000281507   0.0000591912   0.0000431786   0.0000172889  -0.0000329449
        0.0000188570  -0.0000310169   0.0022703795  -0.0041584180   0.0007404153
        0.0228581992   0.0085381508   0.0075216870   0.0008001317   0.0002720155
        0.0004555912  -0.0001315718  -0.0002838395   0.0001063169   0.0000519623
       -0.0000070438   0.0000102745
        0.0001439803   0.0002017407   0.0001536900   0.0005596476  -0.0007161401
        0.0007030738  -0.0002329002   0.0002345601  -0.0002390003   0.0008443781
        0.0016861449   0.0006814211  -0.0013900154   0.0003825860   0.0001633940
        0.0243832319  -0.0374090272  -0.0849788775   0.0170556969  -0.0229383155
       -0.0178446929   0.0080125837   0.0194943807   0.5083195812  -0.0190869012
       -0.0192751630  -0.2462997828   0.0116308698   0.0479923578  -0.0932070930
        0.0071114528   0.0256479477  -0.0226089346  -0.0032562517  -0.0050829248
        0.0052367120  -0.0025802657  -0.0136855323   0.0066524762  -0.0412847083
       -0.0194758787  -0.0638768226  -0.0079803225   0.0193685021   0.0043594110
       -0.0019748332   0.0011288020   0.0012097964  -0.0002023494  -0.0001450491
       -0.0001907464  -0.0001200596  -0.0000828784  -0.0000032462  -0.0001330917
       -0.0000553938   0.0000149813   0.0015341609  -0.0016528078   0.0001106711
        0.0070865862   0.0050839465   0.0002310871  -0.0005045809  -0.0005525584
        0.0014028948   0.0002087004  -0.0002182897   0.0000128072   0.0001749912
        0.0000689902  -0.0000028008
       -0.0001169632  -0.0000311742   0.0001712122  -0.0002866992   0.0000139420
        0.0003228711   0.0000510988   0.0000662913  -0.0002556155   0.0006690451
        0.0004889330   0.0012584300  -0.0005812975   0.0003455128  -0.0001032919
        0.0010267898   0.0028182977   0.0160151161  -0.0018227969   0.0026023588
        0.0017601772  -0.0385910961   0.0003395077  -0.0190869012   0.0613789511
        0.0049287321   0.0317757364   0.0019410875  -0.0002942369   0.0065435326
       -0.0003219392  -0.0013109532   0.0008413340   0.0009846119   0.0007248466
       -0.0002350351  -0.0001416636   0.0003885011  -0.0002960853  -0.0247303132
       -0.0091987701  -0.0358426548   0.0002570959  -0.0013864452  -0.0005591786
        0.0000908908  -0.0004302083  -0.0005374744   0.0000998900   0.0000152502
       -0.0001672963   0.0000479776  -0.0000025551  -0.0000373951   0.0000399081
        0.0000359998  -0.0000350558  -0.0000350411  -0.0000128529   0.0000707370
       -0.0000114224   0.0000038667  -0.0014633882  -0.0000163007  -0.0001525476
       -0.0001880402   0.0000663206   0.0000455496   0.0000522747   0.0000018658
        0.0000021542  -0.0000040088
       -0.0000378318  -0.0000033548   0.0000257131  -0.0000596713   0.0001293215
        0.0000145005   0.0001431606  -0.0002347105   0.0000034934  -0.0006409705
        0.0001606133  -0.0003376285   0.0002668440   0.0000713770   0.0000603593
        0.0010744385  -0.0039647716  -0.0236753250   0.0026346958  -0.0032791847
       -0.0022652785  -0.0005829280  -0.0456737325  -0.0192751630   0.0049287321
        0.0521805950   0.0244608731   0.0009592317  -0.0012129912   0.0274664338
       -0.0013668480  -0.0045404984   0.0032919627   0.0010421658   0.0010231142
       -0.0010249741  -0.0004037187   0.0023080621  -0.0007665309  -0.0073874955
        0.0004037840  -0.0095817534  -0.0010797326   0.0024077815   0.0008358587
       -0.0000520146  -0.0000078173   0.0003389901   0.0000537119  -0.0000888568
       -0.0000402474   0.0000263851  -0.0000142888  -0.0000197481  -0.0000063796
       -0.0000109212   0.0000097160  -0.0000132528   0.0001324319   0.0001966589
        0.0004929565   0.0006750726   0.0008617297   0.0000036154  -0.0005179350
       -0.0004816303   0.0000301420   0.0000164997  -0.0000960716  -0.0000252361
        0.0000404100  -0.0000019386
        0.0000489775   0.0000244425  -0.0000314036   0.0003810908   0.0002609887
       -0.0003791719  -0.0002244845  -0.0000045370   0.0001478654  -0.0005540641
        0.0001626088  -0.0001229023   0.0003998620  -0.0001452083   0.0003221222
        0.0011962833  -0.0035518562  -0.0154848741   0.0013785910  -0.0019270357
       -0.0012679098  -0.0171631594  -0.0180399187  -0.2462997828   0.0317757364
        0.0244608731   0.2911746971  -0.0001682743   0.0026086731  -0.0220068838
        0.0008353887   0.0030526241  -0.0021635739   0.0003130114  -0.0009730790
        0.0013703928   0.0001553634  -0.0011886363   0.0016479080  -0.0172281697
       -0.0047850515  -0.0098650799  -0.0006049042   0.0008655475   0.0014915348
       -0.0000431985   0.0002183130   0.0004320551  -0.0000598037   0.0000017291
        0.0000716599  -0.0000809041   0.0000204556  -0.0000161456  -0.0000522237
       -0.0000447649  -0.0000238040  -0.0002396657  -0.0004554972  -0.0001063696
        0.0001492001  -0.0003951374   0.0012996508  -0.0000881335  -0.0001590225
       -0.0001605116  -0.0000623273   0.0000216691  -0.0000598736  -0.0000641920
       -0.0000281799   0.0000304002
       -0.0021706151   0.0011118622   0.0014017163  -0.0324626164   0.0126727601
        0.0060271882   0.0024365384  -0.0010029530  -0.0014659387   0.0020925785
        0.0002923309  -0.0011084747  -0.0002782083   0.0002412476  -0.0001565004
        0.0041630811   0.0077792033  -0.0053977061   0.0004374859   0.0001081599
       -0.0001454592  -0.0536329680  -0.0131369619   0.0116308698   0.0019410875
        0.0009592317  -0.0001682743   0.4157460063   0.0039751839  -0.0060890085
       -0.0382671500  -0.0032569849  -0.0231525874  -0.1690366681  -0.0441851818
       -0.0335525456  -0.1096320077   0.0651536993   0.0537636947  -0.0266085644
       -0.0307564750   0.0080505065  -0.0015539193   0.0070738492  -0.0000814698
        0.0000639490  -0.0013019587  -0.0001179461   0.0006582271  -0.0003348577
       -0.0000873459  -0.0004355170  -0.0001120217  -0.0001908747   0.0000099150
        0.0002368211  -0.0000508292   0.0081271681  -0.0043678856  -0.0101750543
       -0.0010565024  -0.0009187810   0.0010834599  -0.0006636043  -0.0002902128
       -0.0000586124  -0.0000345270  -0.0001634212   0.0002086897   0.0001568308
        0.0002233459  -0.0001674977
        0.0025392369  -0.0018552597  -0.0011967537   0.0223995784   0.0040596292
        0.0043978675   0.0013716124   0.0001697021   0.0000273240   0.0020887662
        0.0004683123   0.0002629144   0.0002652543  -0.0001498228   0.0003521426
        0.0010857394  -0.0278450498   0.0065781252  -0.0004695911   0.0003989991
        0.0006042318  -0.0225990198  -0.1277081847   0.0479923578  -0.0002942369
       -0.0012129912   0.0026086731   0.0039751839   0.4741584767   0.0191346534
       -0.0041199702  -0.0426467193   0.0018499057  -0.0649491206  -0.0827189199
       -0.0221210229   0.0472784342  -0.1573191635  -0.0483145243  -0.0089282202
       -0.0079128180   0.0026751068   0.0025833635  -0.0012147434  -0.0015244565
       -0.0012808296   0.0008975362   0.0003306459  -0.0001856083  -0.0001729337
       -0.0000403009   0.0009859478   0.0002314031   0.0001018308  -0.0002652826
       -0.0000534006  -0.0000862599   0.0186167229  -0.0304419996  -0.0126306255
        0.0003440169   0.0014915408  -0.0011337642  -0.0004802341  -0.0003237220
       -0.0000356499   0.0001938230  -0.0002996547   0.0000790052  -0.0001555665
       -0.0000002164   0.0000885737
        0.0009751241  -0.0016672445   0.0001785847   0.0082214031   0.0055213512
       -0.0007785096   0.0042104554  -0.0009984108   0.0010096952  -0.0009856698
        0.0001727534   0.0015146637  -0.0003082582   0.0002464411  -0.0004224574
       -0.0019865899  -0.0032074115   0.0036778601   0.0003980362  -0.0022134795
       -0.0001877455   0.0102613679   0.0419412923  -0.0932070930   0.0065435326
        0.0274664338  -0.0220068838  -0.0060890085   0.0191346534   0.4659186300
       -0.0261343881  -0.0005860175  -0.2051652201  -0.0366205451  -0.0190755263
       -0.0650546590   0.0453866893  -0.0554896972  -0.0925617989  -0.0031588415
       -0.0062150412   0.0042741579   0.0006001785  -0.0049779904   0.0007682408
        0.0006690365  -0.0011381218  -0.0009806531   0.0005907255   0.0000251984
       -0.0005262276   0.0008504895   0.0000841587   0.0001498272   0.0002099497
        0.0002688046  -0.0000208795  -0.0052012027  -0.0002308204   0.0019167685
        0.0015623007   0.0001611921   0.0013693700   0.0001575615   0.0003696312
        0.0001155765   0.0000242295   0.0003777972  -0.0000131436  -0.0001765762
        0.0000300535   0.0000318967
        0.0000134903   0.0000041494   0.0000958132   0.0011646254  -0.0021803109
       -0.0035513557   0.0004739619   0.0001825610   0.0015127712  -0.0002131807
        0.0001915545   0.0002482058  -0.0000265114  -0.0002472200   0.0001876636
        0.0000399649   0.0004701925  -0.0002689742   0.0001156246   0.0001996014
        0.0000390603   0.0028835398  -0.0015336233   0.0071114528  -0.0003219392
       -0.0013668480   0.0008353887  -0.0382671500  -0.0041199702  -0.0261343881
        0.0639634935   0.0011941291   0.0335213824  -0.0293885391  -0.0054432991
       -0.0362859481  -0.0022021336   0.0120043358   0.0215327934   0.0009115243
        0.0012215634  -0.0004266718  -0.0001275690  -0.0002364345   0.0000653940
        0.0000688756  -0.0000522540   0.0001068057   0.0002529984   0.0001866846
        0.0002814301   0.0000112540   0.0000801354   0.0000161498   0.0001289899
        0.0000835076  -0.0000749777   0.0007248595  -0.0003563987   0.0006577855
       -0.0001505221  -0.0002043388   0.0004671767   0.0000695985  -0.0000209783
        0.0000438173   0.0000063568   0.0000326361  -0.0000574031  -0.0001316124
       -0.0000893751   0.0000766285
        0.0000513373  -0.0000015854   0.0000231275   0.0001619544   0.0010184760
        0.0009100354  -0.0002009166   0.0000896875   0.0000014965  -0.0000790213
       -0.0000335698   0.0000895056  -0.0001943366  -0.0000006172  -0.0001212174
       -0.0003736384   0.0007847274   0.0019530176  -0.0000046555  -0.0006627351
       -0.0002451967   0.0030658220  -0.0023478766   0.0256479477  -0.0013109532
       -0.0045404984   0.0030526241  -0.0032569849  -0.0426467193  -0.0005860175
        0.0011941291   0.0580818918   0.0163730430  -0.0075853319   0.0011373377
       -0.0104912463   0.0075823712  -0.0122626088  -0.0326576871   0.0007909345
        0.0012930489  -0.0014446048   0.0000824827   0.0001628492  -0.0007345389
       -0.0000674570  -0.0000016326  -0.0001099196  -0.0000324796  -0.0000251469
       -0.0000536922   0.0000142526  -0.0000096295  -0.0000030682  -0.0000350758
       -0.0000206648  -0.0000359853   0.0001150027  -0.0000515159  -0.0017648996
        0.0000339543  -0.0000560073   0.0000390316   0.0000127291   0.0000697957
        0.0001154141   0.0000401949   0.0000187811   0.0000365524  -0.0000043140
        0.0000042122   0.0000062781
        0.0002078762   0.0000323812   0.0000324669   0.0009661558   0.0000504666
        0.0015739794  -0.0012688676   0.0007834816   0.0001184579  -0.0001950102
        0.0000478971  -0.0003469551   0.0002856868  -0.0001363713   0.0000577209
        0.0000398189  -0.0011367132  -0.0002676216  -0.0000471416   0.0004828168
        0.0004588203  -0.0032091165   0.0041490785  -0.0226089346   0.0008413340
        0.0032919627  -0.0021635739  -0.0231525874   0.0018499057  -0.2051652201
        0.0335213824   0.0163730430   0.2609256574  -0.0208181839  -0.0057599486
       -0.0126641352   0.0121205075  -0.0197960806  -0.0225175770   0.0006174965
       -0.0012496996   0.0020163752   0.0001352454   0.0001918174   0.0004546417
        0.0000454007   0.0001919463   0.0002240221  -0.0000752153   0.0001200534
        0.0000987989  -0.0000315866   0.0000585374   0.0000022796   0.0000917564
        0.0000258159  -0.0000614032  -0.0000354973   0.0006395682   0.0002763316
        0.0000375224   0.0000717218  -0.0003861354  -0.0000529632  -0.0000927341
       -0.0001056430  -0.0000259437  -0.0001105930  -0.0000207482   0.0000019302
       -0.0000783530   0.0000683953
       -0.0355129097   0.0248534531   0.0105680232  -0.1007153647   0.0604979392
        0.0278233085  -0.0047467754   0.0088153485   0.0125503712  -0.0017995618
        0.0068548471   0.0010717647   0.0000980398  -0.0002200743  -0.0004047053
       -0.0014892020   0.0025043001   0.0001609454  -0.0006715219   0.0002937494
       -0.0001594868  -0.0241734215  -0.0097767686  -0.0032562517   0.0009846119
        0.0010421658   0.0003130114  -0.1690366681  -0.0649491206  -0.0366205451
       -0.0293885391  -0.0075853319  -0.0208181839   0.4176387887  -0.0323827446
       -0.0020503316  -0.0451187951   0.0174230514   0.0060844429  -0.0084645248
       -0.0080326884   0.0027622009   0.0002404894  -0.0004869061  -0.0001615901
        0.0000822667   0.0021783818  -0.0002675096   0.0020141008   0.0002325237
        0.0013286506  -0.0079510573  -0.0021314388  -0.0010798428   0.0022197636
        0.0007342121   0.0004933410   0.0037218368  -0.0003350590   0.0016086085
        0.0010287524  -0.0000383276  -0.0006645995   0.0004522852   0.0002438077
        0.0001077559  -0.0000594562   0.0002319751   0.0000685417   0.0006468623
        0.0000327051   0.0005420804
        0.0017201701   0.0049217936   0.0024384167   0.0423188780  -0.1478508768
       -0.0506315281   0.0089928403  -0.0106117094  -0.0178687279   0.0230587677
       -0.0325020244  -0.0138793060  -0.0003535088   0.0013501298  -0.0003696809
        0.0018899197   0.0038901199  -0.0003506374   0.0000747720  -0.0001310172
       -0.0005469744  -0.0287711067  -0.0067409812  -0.0050829248   0.0007248466
        0.0010231142  -0.0009730790  -0.0441851818  -0.0827189199  -0.0190755263
       -0.0054432991   0.0011373377  -0.0057599486  -0.0323827446   0.2920711783
        0.1097647064   0.0411090831  -0.0040736595  -0.0032430154  -0.0083223395
       -0.0088950704   0.0025783137  -0.0000236007   0.0000050369   0.0002781830
        0.0000037899  -0.0130542800   0.0030945640  -0.0005047340   0.0006537858
       -0.0000238097  -0.0019157377   0.0005002823  -0.0003164054   0.0000335084
        0.0008315706   0.0000841216  -0.0001471641   0.0013566643   0.0009149833
        0.0005351984   0.0000741873   0.0000861737   0.0000334344   0.0003000837
       -0.0001425093   0.0013954154  -0.0013997928  -0.0009631524   0.0001587930
       -0.0001369529  -0.0000122368
       -0.0010476514   0.0031396528   0.0025518587   0.0234057679  -0.0548625094
       -0.0779183579   0.0229835852  -0.0299321711  -0.0207975006  -0.0032857797
        0.0019153671   0.0056440336  -0.0000607931  -0.0010018528   0.0011789377
        0.0000537053  -0.0004809180  -0.0000188681   0.0001394792   0.0003559982
       -0.0000307682   0.0094672481   0.0017885974   0.0052367120  -0.0002350351
       -0.0010249741   0.0013703928  -0.0335525456  -0.0221210229  -0.0650546590
       -0.0362859481  -0.0104912463  -0.0126641352  -0.0020503316   0.1097647064
        0.1525385405   0.0208451816  -0.0029473964   0.0048005298   0.0031860265
        0.0029829433   0.0007248735  -0.0000941229   0.0000594468   0.0003348337
        0.0000902585   0.0022300087   0.0008964970  -0.0008571717   0.0007325362
        0.0017301874  -0.0015916914   0.0002013430   0.0004595135  -0.0005241542
       -0.0001472998  -0.0002317519  -0.0000115951   0.0001049234  -0.0004531568
       -0.0002969846   0.0001423989  -0.0004017906  -0.0000237118  -0.0001331049
       -0.0001605778  -0.0001841964  -0.0000627971   0.0001481781  -0.0000695396
       -0.0002126293   0.0001164778
       -0.0016596577   0.0020160044   0.0007677009  -0.0083553979  -0.0040200546
       -0.0032920191   0.0001828028  -0.0002241169  -0.0000942704   0.0001272349
       -0.0004973634   0.0004612705   0.0000590752  -0.0001241810   0.0001331912
        0.0000134442  -0.0016023978  -0.0000700891  -0.0001473741  -0.0001987945
        0.0000999605   0.0025974283  -0.0007414299  -0.0025802657  -0.0001416636
       -0.0004037187   0.0001553634  -0.1096320077   0.0472784342   0.0453866893
       -0.0022021336   0.0075823712   0.0121205075  -0.0451187951   0.0411090831
        0.0208451816   0.2831352667   0.0608469209  -0.1279620953   0.0018596735
       -0.0010069896   0.0010139871   0.0001131119  -0.0002243214   0.0000119009
       -0.0000955142   0.0002282001   0.0001274560   0.0001998973   0.0001665109
        0.0002616817  -0.0009162569  -0.0001410755  -0.0001751222   0.0001584502
        0.0001474907   0.0000020068  -0.1204407699  -0.1511154513   0.0535024234
        0.0001652157   0.0009861998  -0.0005811795   0.0001535389  -0.0000032395
       -0.0000398745   0.0000936109   0.0000830157  -0.0001570546  -0.0001491797
       -0.0001410971   0.0000626498
        0.0005909728  -0.0008319416  -0.0002134665   0.0016251028   0.0031617254
        0.0020308433  -0.0006761737   0.0001340925   0.0001390890  -0.0012441692
        0.0007000705  -0.0005983042  -0.0001566824   0.0000063809   0.0000130668
       -0.0026540141  -0.0025199699   0.0040937826  -0.0000349782   0.0005050294
        0.0000614935   0.0203026374  -0.0411008876  -0.0136855323   0.0003885011
        0.0023080621  -0.0011886363   0.0651536993  -0.1573191635  -0.0554896972
        0.0120043358  -0.0122626088  -0.0197960806   0.0174230514  -0.0040736595
       -0.0029473964   0.0608469209   0.5227459542   0.0245076154   0.0007492851
       -0.0003203124  -0.0003864358   0.0009286676  -0.0047232537   0.0006225876
        0.0002845994  -0.0002226522   0.0000668829  -0.0002108507   0.0000359918
       -0.0000515091   0.0002253944   0.0000421468   0.0000354040  -0.0000535021
       -0.0000926535   0.0000046885  -0.1751638053  -0.3083154078   0.0624477806
       -0.0005827723   0.0016706996   0.0003679641   0.0001881526   0.0002699232
       -0.0000063874  -0.0001585365   0.0001048673   0.0000173140   0.0002241640
        0.0000975672  -0.0000450662
        0.0002460262  -0.0003580271  -0.0000779261   0.0011200952   0.0008925815
        0.0010177823  -0.0006173736   0.0003492547   0.0005484106  -0.0001815602
        0.0000795118  -0.0004988957   0.0001492599  -0.0001211269   0.0001461815
        0.0002304641   0.0017374340  -0.0002196942  -0.0000585617   0.0007357044
        0.0003358957  -0.0031143584   0.0059447211   0.0066524762  -0.0002960853
       -0.0007665309   0.0016479080   0.0537636947  -0.0483145243  -0.0925617989
        0.0215327934  -0.0326576871  -0.0225175770   0.0060844429  -0.0032430154
        0.0048005298  -0.1279620953   0.0245076154   0.1251858650  -0.0006079394
       -0.0004858908   0.0013258676  -0.0000798483   0.0004348234   0.0005181803
        0.0000819904   0.0002506404   0.0003131330  -0.0001492476   0.0001649739
        0.0002764581  -0.0000151940   0.0000831187   0.0000347307  -0.0000294336
       -0.0000743065  -0.0000256668   0.0502053281   0.0506774749  -0.0255577014
       -0.0002923891   0.0003158499  -0.0011519040  -0.0000411210  -0.0000244977
       -0.0001806050  -0.0001090498  -0.0000848055  -0.0000168746   0.0001401622
       -0.0000432919   0.0000052251
        0.0002459379   0.0003023202  -0.0002128433   0.0010968202  -0.0002306228
       -0.0016812141   0.0002059707   0.0000323082   0.0002324327   0.0011028561
        0.0037349661   0.0021798197   0.0005307081  -0.0002705507   0.0001271420
       -0.0379296378   0.0000512965  -0.0033644142   0.0015501816  -0.0013334135
       -0.0004056939  -0.2038645113  -0.0551077755  -0.0412847083  -0.0247303132
       -0.0073874955  -0.0172281697  -0.0266085644  -0.0089282202  -0.0031588415
        0.0009115243   0.0007909345   0.0006174965  -0.0084645248  -0.0083223395
        0.0031860265   0.0018596735   0.0007492851  -0.0006079394   0.4447981528
       -0.1047524830  -0.0018670316   0.0002473814  -0.0003665750  -0.0001381896
       -0.0036498595   0.0014204299   0.0011660617   0.0000667403   0.0000395615
        0.0001800690  -0.0000020914   0.0000788729  -0.0000169116   0.0001105723
       -0.0000331743  -0.0000275187   0.0004261643   0.0009979797  -0.0000412536
       -0.1492560749   0.1787150564   0.0623668863   0.0014707272   0.0001279329
       -0.0000671163   0.0001685276  -0.0001818495  -0.0000269127  -0.0002863612
       -0.0001264443   0.0000728242
       -0.0000324396   0.0000533471  -0.0000050577   0.0005591547  -0.0004922763
       -0.0002548566   0.0000377657  -0.0000116518  -0.0000004670   0.0018763871
       -0.0026423477  -0.0014022209   0.0000396322  -0.0001901862   0.0000321051
        0.0254868738   0.0033900381   0.0055178100  -0.0005844235   0.0006075978
        0.0005746979  -0.0299558062  -0.0812968472  -0.0194758787  -0.0091987701
        0.0004037840  -0.0047850515  -0.0307564750  -0.0079128180  -0.0062150412
        0.0012215634   0.0012930489  -0.0012496996  -0.0080326884  -0.0088950704
        0.0029829433  -0.0010069896  -0.0003203124  -0.0004858908  -0.1047524830
        0.3654472988   0.1274842398   0.0017567048   0.0020264340  -0.0011959301
        0.0022124977  -0.0006129646  -0.0004063609  -0.0000438424   0.0001321009
       -0.0000182289  -0.0000917168   0.0000424175  -0.0000584693   0.0000629771
        0.0000400023  -0.0000193750  -0.0002142523   0.0008429166   0.0003398629
        0.1529332101  -0.2731014712  -0.1015271175  -0.0014577317   0.0010426050
        0.0002315975   0.0000009397   0.0002078903  -0.0000855999  -0.0000600878
       -0.0000535353   0.0000219890
        0.0000534753  -0.0000270731  -0.0000724945  -0.0002418940   0.0002954545
       -0.0004173485  -0.0000796430  -0.0000916452   0.0001837683   0.0008094375
       -0.0012707802  -0.0003135361   0.0005459041  -0.0001210864   0.0002024072
        0.0097447042   0.0018797553   0.0036812726  -0.0003881817   0.0011221580
        0.0013212324  -0.0348960146  -0.0238374443  -0.0638768226  -0.0358426548
       -0.0095817534  -0.0098650799   0.0080505065   0.0026751068   0.0042741579
       -0.0004266718  -0.0014446048   0.0020163752   0.0027622009   0.0025783137
        0.0007248735   0.0010139871  -0.0003864358   0.0013258676  -0.0018670316
        0.1274842398   0.1028303211  -0.0006101328   0.0008223249   0.0014451497
        0.0007517581  -0.0001416541   0.0002872923  -0.0000050555  -0.0000127560
        0.0001499570  -0.0000123281   0.0000173260   0.0000091911  -0.0000304089
       -0.0000587910   0.0000003268  -0.0001707144   0.0000148822  -0.0004120279
        0.0506805343  -0.0992585977  -0.0422024772   0.0001697943  -0.0006353790
       -0.0011433376  -0.0000037276  -0.0000203824  -0.0001508527  -0.0000078435
       -0.0000011778   0.0000017843
       -0.0000939729  -0.0016580763   0.0007251288  -0.0075918257  -0.0006266526
       -0.0009741422  -0.0000377904   0.0000968016  -0.0001211507  -0.0127986739
       -0.0335541806   0.0188127339   0.0019645830   0.0007443863   0.0005984208
       -0.0737210942  -0.0243509480   0.0098258048   0.0037376930   0.0021397412
        0.0004764637   0.0034756164   0.0147241614  -0.0079803225   0.0002570959
       -0.0010797326  -0.0006049042  -0.0015539193   0.0025833635   0.0006001785
       -0.0001275690   0.0000824827   0.0001352454   0.0002404894  -0.0000236007
       -0.0000941229   0.0001131119   0.0009286676  -0.0000798483   0.0002473814
        0.0017567048  -0.0006101328   0.4972649325   0.0813977580   0.0072472159
        0.0008004257  -0.0019469555  -0.0002482839   0.0002878626   0.0000946609
        0.0001290257   0.0001283962  -0.0000085563   0.0000130176  -0.0005516760
       -0.0003010407  -0.0001378097   0.0000142524   0.0003256219  -0.0000420245
        0.0003936958   0.0002277144   0.0000869897  -0.4136955727  -0.0426571026
       -0.0271760127   0.0013885759   0.0011298684  -0.0005892599  -0.0001420177
       -0.0000250867   0.0000077896
        0.0000202064  -0.0009402915   0.0001494949  -0.0033211020   0.0013241056
       -0.0016464709   0.0003647066   0.0001035209   0.0001271514  -0.0105168110
       -0.0181814101   0.0080831195   0.0015997665   0.0006027735   0.0000549979
       -0.0020295719  -0.1724560075   0.0763289407  -0.0011441589  -0.0115895756
        0.0201986300  -0.0022374960  -0.0488310573   0.0193685021  -0.0013864452
        0.0024077815   0.0008655475   0.0070738492  -0.0012147434  -0.0049779904
       -0.0002364345   0.0001628492   0.0001918174  -0.0004869061   0.0000050369
        0.0000594468  -0.0002243214  -0.0047232537   0.0004348234  -0.0003665750
        0.0020264340   0.0008223249   0.0813977580   0.2848398882  -0.1310885782
        0.0003438595   0.0013941795   0.0008179721   0.0000982954   0.0001997072
        0.0001875069   0.0000096498  -0.0000084446  -0.0000006696  -0.0002351410
       -0.0001035109  -0.0000444376   0.0002569357  -0.0004315915   0.0001186978
       -0.0008267757   0.0007444018  -0.0000832891  -0.0673657094  -0.0359734628
        0.0105358551  -0.0006262478   0.0007522939  -0.0005018279  -0.0001613314
       -0.0001096234  -0.0000015649
       -0.0000196287   0.0002529194  -0.0000661895   0.0004678015  -0.0007733776
        0.0005775206  -0.0003202471  -0.0004572141   0.0003696218   0.0031948080
        0.0032289692   0.0013312622   0.0007165737  -0.0002080120   0.0009354884
       -0.0030440133   0.0771569135  -0.0977192444   0.0056033827   0.0373242772
       -0.0286301091   0.0001754549   0.0024056192   0.0043594110  -0.0005591786
        0.0008358587   0.0014915348  -0.0000814698  -0.0015244565   0.0007682408
        0.0000653940  -0.0007345389   0.0004546417  -0.0001615901   0.0002781830
        0.0003348337   0.0000119009   0.0006225876   0.0005181803  -0.0001381896
       -0.0011959301   0.0014451497   0.0072472159  -0.1310885782   0.1280557180
        0.0010251832   0.0004862042   0.0009669119  -0.0000023397  -0.0000411512
        0.0002290230  -0.0000928005   0.0000147421   0.0000046718   0.0000317342
       -0.0000199923   0.0000187642  -0.0000339313  -0.0000771566  -0.0001127207
        0.0001255944   0.0000313628  -0.0004000249  -0.0133217802   0.0140178540
       -0.0142051142  -0.0009646368  -0.0005755779  -0.0007189680   0.0000747623
        0.0000404944  -0.0000086030
       -0.0007305708  -0.0003825845  -0.0002810996   0.0017249553   0.0029056866
       -0.0013502095  -0.0001529477  -0.0008535887  -0.0000128439  -0.1162822052
        0.0485654091   0.0622281814  -0.0009365197   0.0052320713   0.0095561094
       -0.0378601051   0.0308763784   0.0215429954   0.0034637243   0.0004546761
        0.0008195084  -0.0064758349  -0.0033573025  -0.0019748332   0.0000908908
       -0.0000520146  -0.0000431985   0.0000639490  -0.0012808296   0.0006690365
        0.0000688756  -0.0000674570   0.0000454007   0.0000822667   0.0000037899
        0.0000902585  -0.0000955142   0.0002845994   0.0000819904  -0.0036498595
        0.0022124977   0.0007517581   0.0008004257   0.0003438595   0.0010251832
        0.2042661004  -0.0098949483  -0.1447074165   0.0005742287  -0.0005633535
        0.0002416215   0.0003039258  -0.0004758649  -0.0003176742   0.0002349692
       -0.0001287205   0.0000344815   0.0001350294  -0.0000011084  -0.0001221772
       -0.0006173766   0.0000390755  -0.0000358667   0.0008493139   0.0003829736
       -0.0004833772  -0.0460841251  -0.0746645580   0.0521065225   0.0002264040
        0.0004213133   0.0001356490
        0.0007405091   0.0002286074  -0.0008578807   0.0198969730  -0.0289929926
       -0.0159350319   0.0002430613   0.0018851099  -0.0004257540   0.0668162049
       -0.1288943869  -0.0546687243   0.0084486384  -0.0077463193  -0.0148852583
        0.0102286082  -0.0038845966  -0.0022561590  -0.0000904900  -0.0001479813
        0.0006413371   0.0000419039   0.0018493616   0.0011288020  -0.0004302083
       -0.0000078173   0.0002183130  -0.0013019587   0.0008975362  -0.0011381218
       -0.0000522540  -0.0000016326   0.0001919463   0.0021783818  -0.0130542800
        0.0022300087   0.0002282001  -0.0002226522   0.0002506404   0.0014204299
       -0.0006129646  -0.0001416541  -0.0019469555   0.0013941795   0.0004862042
       -0.0098949483   0.5167478210  -0.0574648709   0.0000091644  -0.0000526408
        0.0001953980  -0.0004260609  -0.0004095017   0.0001088939   0.0004495404
        0.0001750370   0.0003135624  -0.0000698870   0.0001935592  -0.0000484286
       -0.0000143224   0.0001128830   0.0000579489  -0.0005420662   0.0001635116
       -0.0000834114  -0.0956340015  -0.3394353204   0.1419206714  -0.0002984623
       -0.0001845198   0.0001615685
       -0.0002332269   0.0000207785   0.0000517217  -0.0042029167   0.0032942785
        0.0062951375  -0.0002119237  -0.0007705621   0.0013517205   0.0605995130
       -0.0381329449  -0.1064042024   0.0246455913  -0.0283101923  -0.0249895224
        0.0080917976  -0.0055062448   0.0008203566   0.0005587004   0.0005588926
        0.0011692518   0.0001496960   0.0010665538   0.0012097964  -0.0005374744
        0.0003389901   0.0004320551  -0.0001179461   0.0003306459  -0.0009806531
        0.0001068057  -0.0001099196   0.0002240221  -0.0002675096   0.0030945640
        0.0008964970   0.0001274560   0.0000668829   0.0003131330   0.0011660617
       -0.0004063609   0.0002872923  -0.0002482839   0.0008179721   0.0009669119
       -0.1447074165  -0.0574648709   0.1945756802  -0.0002744577  -0.0005839023
        0.0004081004  -0.0000551306   0.0003421218  -0.0002737174   0.0000373835
       -0.0003077750  -0.0001290534  -0.0001217424  -0.0000139483  -0.0000398571
        0.0000481623   0.0000343431  -0.0000771925  -0.0002035899  -0.0003511867
       -0.0002481342   0.0558884711   0.1219443072  -0.0760204087  -0.0002380197
        0.0000475775   0.0001610647
       -0.0694341220  -0.0068187185  -0.0162163252  -0.0093509656  -0.0020151888
       -0.0347359659  -0.0067000481  -0.0021595946  -0.0030243047   0.0003985348
        0.0005901590  -0.0008619988  -0.0009528395  -0.0005423133  -0.0001509005
        0.0003391189   0.0006296097   0.0002079313   0.0001241038   0.0001177429
       -0.0000362201   0.0000903982  -0.0000767327  -0.0002023494   0.0000998900
        0.0000537119  -0.0000598037   0.0006582271  -0.0001856083   0.0005907255
        0.0002529984  -0.0000324796  -0.0000752153   0.0020141008  -0.0005047340
       -0.0008571717   0.0001998973  -0.0002108507  -0.0001492476   0.0000667403
       -0.0000438424  -0.0000050555   0.0002878626   0.0000982954  -0.0000023397
        0.0005742287   0.0000091644  -0.0002744577   0.4489374429   0.1394269465
        0.0818423426   0.0046481059  -0.0015838816   0.0175872040   0.0025933919
        0.0011740688   0.0009077946   0.0000270099   0.0000291775   0.0000729452
       -0.0000001709   0.0000418044   0.0000187920  -0.0000380727   0.0000562255
       -0.0000085384  -0.0001917546  -0.0000456270   0.0000067144  -0.3746440783
       -0.1280073345  -0.0445745554
       -0.0080318903  -0.0515293212   0.0049216307  -0.0023456470   0.0008806213
       -0.0108079124  -0.0024213568  -0.0002098096  -0.0009116302  -0.0002924375
       -0.0003750771  -0.0003739370  -0.0003653211  -0.0005854932  -0.0008617457
        0.0001329232   0.0002581809  -0.0002271520  -0.0000796687  -0.0000283598
       -0.0000694300   0.0000803389  -0.0000390898  -0.0001450491   0.0000152502
       -0.0000888568   0.0000017291  -0.0003348577  -0.0001729337   0.0000251984
        0.0001866846  -0.0000251469   0.0001200534   0.0002325237   0.0006537858
        0.0007325362   0.0001665109   0.0000359918   0.0001649739   0.0000395615
        0.0001321009  -0.0000127560   0.0000946609   0.0001997072  -0.0000411512
       -0.0005633535  -0.0000526408  -0.0005839023   0.1394269465   0.0904661474
        0.0093491003  -0.0012144844   0.0037651002  -0.0208230584   0.0018239593
        0.0005584247   0.0321192497  -0.0001578981   0.0001349956  -0.0001111791
       -0.0000696343   0.0000061114   0.0000428750  -0.0000646988   0.0000117923
       -0.0000415778   0.0001431571   0.0003025238   0.0002994243  -0.1264012688
       -0.0442987546  -0.0127662897
        0.0056146459   0.0122024672  -0.2235657756  -0.0143748409  -0.0045783384
       -0.0178786301  -0.0021742337  -0.0005750951  -0.0000759483   0.0006343708
        0.0010773564  -0.0005865222   0.0001004052  -0.0002829019   0.0006438936
        0.0001811718   0.0002636675   0.0000021119   0.0002171590   0.0001831941
        0.0000346351   0.0001227655   0.0000281507  -0.0001907464  -0.0001672963
       -0.0000402474   0.0000716599  -0.0000873459  -0.0000403009  -0.0005262276
        0.0002814301  -0.0000536922   0.0000987989   0.0013286506  -0.0000238097
        0.0017301874   0.0002616817  -0.0000515091   0.0002764581   0.0001800690
       -0.0000182289   0.0001499570   0.0001290257   0.0001875069   0.0002290230
        0.0002416215   0.0001953980   0.0004081004   0.0818423426   0.0093491003
        0.3648907464   0.0031133926  -0.0067287027  -0.0419602459  -0.0036086485
        0.0124736263  -0.0382650512  -0.0000841606   0.0000325270  -0.0001002128
       -0.0000605544   0.0000673299  -0.0000070806  -0.0000400482  -0.0000204968
       -0.0000481603  -0.0003966233  -0.0004697102   0.0001877392  -0.0732549802
       -0.0231772910  -0.0455187100
       -0.1286278204   0.0880559515   0.0566021406  -0.0218367947   0.0175829235
        0.0108130954  -0.0000451197   0.0005599012   0.0001442728   0.0000520572
        0.0009807659   0.0004612504  -0.0000838586   0.0000894594  -0.0000498806
        0.0001059081   0.0002131210   0.0000546117  -0.0000000942   0.0000518869
       -0.0000083062   0.0000985393   0.0000591912  -0.0001200596   0.0000479776
        0.0000263851  -0.0000809041  -0.0004355170   0.0009859478   0.0008504895
        0.0000112540   0.0000142526  -0.0000315866  -0.0079510573  -0.0019157377
       -0.0015916914  -0.0009162569   0.0002253944  -0.0000151940  -0.0000020914
       -0.0000917168  -0.0000123281   0.0001283962   0.0000096498  -0.0000928005
        0.0003039258  -0.0004260609  -0.0000551306   0.0046481059  -0.0012144844
        0.0031133926   0.1506350165  -0.1033280137  -0.0674844251   0.0021976155
       -0.0006898622  -0.0008140889   0.0000712258  -0.0000863072   0.0000447633
        0.0000454976   0.0000122132  -0.0000081610   0.0000500091   0.0000506954
        0.0000184229   0.0001758488   0.0002811120  -0.0003092294   0.0013272327
       -0.0014466677  -0.0014286528
        0.0909317141  -0.1368682194  -0.0578372414  -0.0031665999   0.0037628620
        0.0020278292   0.0000529442   0.0001831934   0.0002562888  -0.0003734661
        0.0003176085  -0.0002689167   0.0000364959  -0.0001239065   0.0000086148
        0.0001160499  -0.0000411845  -0.0000482166   0.0000175535   0.0000235710
        0.0000244755   0.0000751450   0.0000431786  -0.0000828784  -0.0000025551
       -0.0000142888   0.0000204556  -0.0001120217   0.0002314031   0.0000841587
        0.0000801354  -0.0000096295   0.0000585374  -0.0021314388   0.0005002823
        0.0002013430  -0.0001410755   0.0000421468   0.0000831187   0.0000788729
        0.0000424175   0.0000173260  -0.0000085563  -0.0000084446   0.0000147421
       -0.0004758649  -0.0004095017   0.0003421218  -0.0015838816   0.0037651002
       -0.0067287027  -0.1033280137   0.1529544757   0.0718652999   0.0200895357
       -0.0250138900  -0.0096364061  -0.0000687354   0.0000629855  -0.0000361627
       -0.0000285372  -0.0000117850  -0.0000026804  -0.0000109278  -0.0000171509
       -0.0000000992  -0.0001099821  -0.0001750972  -0.0000378572   0.0000632095
        0.0007638736  -0.0003251499
        0.0567179268  -0.0572399950  -0.0716605308  -0.0009223976   0.0018262771
        0.0018661477  -0.0008394108   0.0003775997   0.0002324266   0.0006101799
        0.0001306207  -0.0000447609   0.0000548296  -0.0001080070  -0.0002337129
       -0.0000553850  -0.0000380562  -0.0000673800  -0.0000403431   0.0000011344
       -0.0000080865  -0.0000344779   0.0000172889  -0.0000032462  -0.0000373951
       -0.0000197481  -0.0000161456  -0.0001908747   0.0001018308   0.0001498272
        0.0000161498  -0.0000030682   0.0000022796  -0.0010798428  -0.0003164054
        0.0004595135  -0.0001751222   0.0000354040   0.0000347307  -0.0000169116
       -0.0000584693   0.0000091911   0.0000130176  -0.0000006696   0.0000046718
       -0.0003176742   0.0001088939  -0.0002737174   0.0175872040  -0.0208230584
       -0.0419602459  -0.0674844251   0.0718652999   0.1063379916  -0.0040795092
        0.0044925144   0.0047404874   0.0000208162   0.0000000006  -0.0000122710
       -0.0000027373   0.0000233464   0.0000069389  -0.0000259545   0.0000036067
        0.0000078073   0.0000158166  -0.0000607898   0.0001725054   0.0002665206
       -0.0003155503   0.0002555781
       -0.0456847222  -0.0234876561   0.0101193562  -0.0093134859  -0.0293282052
        0.0078976563   0.0003686840  -0.0001095090   0.0002598360  -0.0058801578
       -0.0010050394  -0.0014030515   0.0000124093   0.0002617528  -0.0001312571
        0.0000888678  -0.0010915665   0.0007185146   0.0000446122   0.0000337905
        0.0000213317   0.0001519849  -0.0000329449  -0.0001330917   0.0000399081
       -0.0000063796  -0.0000522237   0.0000099150  -0.0002652826   0.0002099497
        0.0001289899  -0.0000350758   0.0000917564   0.0022197636   0.0000335084
       -0.0005241542   0.0001584502  -0.0000535021  -0.0000294336   0.0001105723
        0.0000629771  -0.0000304089  -0.0005516760  -0.0002351410   0.0000317342
        0.0002349692   0.0004495404   0.0000373835   0.0025933919   0.0018239593
       -0.0036086485   0.0021976155   0.0200895357  -0.0040795092   0.0526658831
        0.0314429019  -0.0081114379  -0.0000944433   0.0000510823   0.0000145373
       -0.0000196005   0.0000244383   0.0000179194  -0.0000542008  -0.0001033483
        0.0000334255   0.0000775369   0.0000891811  -0.0000490148   0.0004947327
        0.0013909827  -0.0013011699
       -0.0251313917  -0.2329025071   0.0627046905  -0.0053508162  -0.0124873361
        0.0031107840   0.0001618757  -0.0002083658  -0.0001483757  -0.0024910143
       -0.0001768464  -0.0008112731   0.0002147578   0.0002966981  -0.0003266381
        0.0001556483  -0.0004425082   0.0003433892  -0.0000017118  -0.0000236043
       -0.0000194802   0.0001632240   0.0000188570  -0.0000553938   0.0000359998
       -0.0000109212  -0.0000447649   0.0002368211  -0.0000534006   0.0002688046
        0.0000835076  -0.0000206648   0.0000258159   0.0007342121   0.0008315706
       -0.0001472998   0.0001474907  -0.0000926535  -0.0000743065  -0.0000331743
        0.0000400023  -0.0000587910  -0.0003010407  -0.0001035109  -0.0000199923
       -0.0001287205   0.0001750370  -0.0003077750   0.0011740688   0.0005584247
        0.0124736263  -0.0006898622  -0.0250138900   0.0044925144   0.0314429019
        0.2676611299  -0.0811396147   0.0000155355   0.0000888578   0.0000114254
       -0.0000139620   0.0000220829   0.0000359516  -0.0000278659  -0.0000250910
        0.0000066568  -0.0000206026   0.0001522019   0.0001954157  -0.0003758810
        0.0017164379  -0.0005153694
        0.0097918997   0.0624897504  -0.0568972072  -0.0006586576  -0.0035211307
        0.0025444777  -0.0001569670  -0.0003869291   0.0000683901  -0.0009331001
       -0.0000957085   0.0004519639  -0.0001837055  -0.0001945047  -0.0001248541
        0.0000158881  -0.0002209415   0.0000733938  -0.0000019832   0.0000056528
        0.0000038702  -0.0000252609  -0.0000310169   0.0000149813  -0.0000350558
        0.0000097160  -0.0000238040  -0.0000508292  -0.0000862599  -0.0000208795
       -0.0000749777  -0.0000359853  -0.0000614032   0.0004933410   0.0000841216
       -0.0002317519   0.0000020068   0.0000046885  -0.0000256668  -0.0000275187
       -0.0000193750   0.0000003268  -0.0001378097  -0.0000444376   0.0000187642
        0.0000344815   0.0003135624  -0.0001290534   0.0009077946   0.0321192497
       -0.0382650512  -0.0008140889  -0.0096364061   0.0047404874  -0.0081114379
       -0.0811396147   0.0874628090   0.0000292640  -0.0000153842   0.0000411687
       -0.0000104889   0.0000060941   0.0000114073  -0.0000038666  -0.0000278417
        0.0000153977  -0.0000705823  -0.0001056245   0.0001056401   0.0000216542
        0.0005283247   0.0002265931
       -0.0000256356   0.0000296142   0.0000758414  -0.0004743243   0.0002847393
        0.0001863473   0.0000588627  -0.0000108458  -0.0001497596  -0.0000205939
       -0.0000944633   0.0000453150   0.0000241172   0.0000464405  -0.0000381544
        0.0001920439   0.0005133979  -0.0003414341   0.0000645222  -0.0000592782
       -0.0000134016  -0.0020616515   0.0022703795   0.0015341609  -0.0000350411
       -0.0000132528  -0.0002396657   0.0081271681   0.0186167229  -0.0052012027
        0.0007248595   0.0001150027  -0.0000354973   0.0037218368  -0.0001471641
       -0.0000115951  -0.1204407699  -0.1751638053   0.0502053281   0.0004261643
       -0.0002142523  -0.0001707144   0.0000142524   0.0002569357  -0.0000339313
        0.0001350294  -0.0000698870  -0.0001217424   0.0000270099  -0.0001578981
       -0.0000841606   0.0000712258  -0.0000687354   0.0000208162  -0.0000944433
        0.0000155355   0.0000292640   0.1092106291   0.1536028370  -0.0458193413
        0.0004419391   0.0001943589   0.0001466854  -0.0001045382   0.0000549709
       -0.0000074528  -0.0000412858  -0.0000609620   0.0000433984   0.0000586231
        0.0000596093  -0.0000191035
       -0.0001145282   0.0000247967  -0.0000351039  -0.0000331001  -0.0004741441
       -0.0001243915  -0.0000104696   0.0001255519   0.0002592960   0.0000136794
        0.0000686732   0.0002076481   0.0000294712  -0.0000110854  -0.0000552957
       -0.0005078759  -0.0011028968   0.0003578884   0.0000331894  -0.0000275935
        0.0000701978   0.0017767554  -0.0041584180  -0.0016528078  -0.0000128529
        0.0001324319  -0.0004554972  -0.0043678856  -0.0304419996  -0.0002308204
       -0.0003563987  -0.0000515159   0.0006395682  -0.0003350590   0.0013566643
        0.0001049234  -0.1511154513  -0.3083154078   0.0506774749   0.0009979797
        0.0008429166   0.0000148822   0.0003256219  -0.0004315915  -0.0000771566
       -0.0000011084   0.0001935592  -0.0000139483   0.0000291775   0.0001349956
        0.0000325270  -0.0000863072   0.0000629855   0.0000000006   0.0000510823
        0.0000888578  -0.0000153842   0.1536028370   0.3418576998  -0.0497076454
        0.0001928553   0.0000696682   0.0000237109   0.0000194382   0.0000798380
       -0.0000311238  -0.0000311922   0.0000534641  -0.0000130385  -0.0000998581
       -0.0000774502   0.0000240959
       -0.0000362928   0.0000042770  -0.0000009597  -0.0002289498  -0.0000070127
        0.0004306342  -0.0000197469  -0.0000756887  -0.0000925938   0.0001410548
        0.0000223029  -0.0000201305  -0.0000711724   0.0000740803  -0.0000405373
        0.0000567426  -0.0002226373   0.0002223871  -0.0000487909  -0.0000314493
        0.0000008328   0.0007143816   0.0007404153   0.0001106711   0.0000707370
        0.0001966589  -0.0001063696  -0.0101750543  -0.0126306255   0.0019167685
        0.0006577855  -0.0017648996   0.0002763316   0.0016086085   0.0009149833
       -0.0004531568   0.0535024234   0.0624477806  -0.0255577014  -0.0000412536
        0.0003398629  -0.0004120279  -0.0000420245   0.0001186978  -0.0001127207
       -0.0001221772  -0.0000484286  -0.0000398571   0.0000729452  -0.0001111791
       -0.0001002128   0.0000447633  -0.0000361627  -0.0000122710   0.0000145373
        0.0000114254   0.0000411687  -0.0458193413  -0.0497076454   0.0236515549
       -0.0003218141  -0.0002417649   0.0002420874   0.0000240937  -0.0000474591
        0.0000479560   0.0000414224  -0.0000023672   0.0000186390  -0.0000228775
        0.0000568357  -0.0000104927
        0.0000210147  -0.0000349833   0.0000497610  -0.0002202791   0.0002458628
        0.0003736823  -0.0000479396  -0.0000305385  -0.0001419814  -0.0006765793
        0.0010680906   0.0003116114  -0.0000619347   0.0000123006   0.0000276071
       -0.0059628199  -0.0005276427  -0.0010772738   0.0001287845  -0.0002214803
       -0.0004004222  -0.0273844523   0.0228581992   0.0070865862  -0.0000114224
        0.0004929565   0.0001492001  -0.0010565024   0.0003440169   0.0015623007
       -0.0001505221   0.0000339543   0.0000375224   0.0010287524   0.0005351984
       -0.0002969846   0.0001652157  -0.0005827723  -0.0002923891  -0.1492560749
        0.1529332101   0.0506805343   0.0003936958  -0.0008267757   0.0001255944
       -0.0006173766  -0.0000143224   0.0000481623  -0.0000001709  -0.0000696343
       -0.0000605544   0.0000454976  -0.0000285372  -0.0000027373  -0.0000196005
       -0.0000139620  -0.0000104889   0.0004419391   0.0001928553  -0.0003218141
        0.1831601034  -0.1763846260  -0.0579736182  -0.0000141803   0.0000579444
        0.0000998727   0.0000296966  -0.0000833354   0.0000282095   0.0000651553
        0.0000440210  -0.0000023806
       -0.0000116276   0.0000434715  -0.0000419374   0.0000653273  -0.0001606907
       -0.0002075495   0.0000182116   0.0000123982   0.0000329568  -0.0000531340
        0.0000623715   0.0001480858   0.0001287057   0.0000337949   0.0000027191
       -0.0003588173  -0.0009703929  -0.0004342285  -0.0000761793   0.0001662590
        0.0006042352  -0.0022454212   0.0085381508   0.0050839465   0.0000038667
        0.0006750726  -0.0003951374  -0.0009187810   0.0014915408   0.0001611921
       -0.0002043388  -0.0000560073   0.0000717218  -0.0000383276   0.0000741873
        0.0001423989   0.0009861998   0.0016706996   0.0003158499   0.1787150564
       -0.2731014712  -0.0992585977   0.0002277144   0.0007444018   0.0000313628
        0.0000390755   0.0001128830   0.0000343431   0.0000418044   0.0000061114
        0.0000673299   0.0000122132  -0.0000117850   0.0000233464   0.0000244383
        0.0000220829   0.0000060941   0.0001943589   0.0000696682  -0.0002417649
       -0.1763846260   0.2601397462   0.0943154233  -0.0000568986   0.0004673169
       -0.0004807285  -0.0001088675  -0.0000232691   0.0000256806   0.0000000468
       -0.0000065404  -0.0000067426
       -0.0000305127   0.0000245116  -0.0000264112   0.0001693475  -0.0002256356
       -0.0000406160   0.0000538511   0.0000372308  -0.0000030700   0.0000523064
        0.0000339970   0.0002868103   0.0000004088   0.0000349833  -0.0000217329
       -0.0004588779  -0.0007676885   0.0006573825   0.0000639303  -0.0000839169
        0.0000788445  -0.0035184623   0.0075216870   0.0002310871  -0.0014633882
        0.0008617297   0.0012996508   0.0010834599  -0.0011337642   0.0013693700
        0.0004671767   0.0000390316  -0.0003861354  -0.0006645995   0.0000861737
       -0.0004017906  -0.0005811795   0.0003679641  -0.0011519040   0.0623668863
       -0.1015271175  -0.0422024772   0.0000869897  -0.0000832891  -0.0004000249
       -0.0000358667   0.0000579489  -0.0000771925   0.0000187920   0.0000428750
       -0.0000070806  -0.0000081610  -0.0000026804   0.0000069389   0.0000179194
        0.0000359516   0.0000114073   0.0001466854   0.0000237109   0.0002420874
       -0.0579736182   0.0943154233   0.0404213331   0.0002479078   0.0003212582
        0.0000742909  -0.0000439501   0.0000248301   0.0000288309   0.0000029548
       -0.0000052146   0.0000104015
       -0.0001016404  -0.0001623896   0.0001011905  -0.0004364571   0.0000438473
        0.0002446944  -0.0000405712  -0.0001102452  -0.0000359521  -0.0016072843
       -0.0014103904   0.0010241426   0.0003247015   0.0001185499   0.0005935888
       -0.0046702303  -0.0074786044   0.0043780680   0.0004299940  -0.0000951774
       -0.0003462609   0.0006094673   0.0008001317  -0.0005045809  -0.0000163007
        0.0000036154  -0.0000881335  -0.0006636043  -0.0004802341   0.0001575615
        0.0000695985   0.0000127291  -0.0000529632   0.0004522852   0.0000334344
       -0.0000237118   0.0001535389   0.0001881526  -0.0000411210   0.0014707272
       -0.0014577317   0.0001697943  -0.4136955727  -0.0673657094  -0.0133217802
        0.0008493139  -0.0005420662  -0.0002035899  -0.0000380727  -0.0000646988
       -0.0000400482   0.0000500091  -0.0000109278  -0.0000259545  -0.0000542008
       -0.0000278659  -0.0000038666  -0.0001045382   0.0000194382   0.0000240937
       -0.0000141803  -0.0000568986   0.0002479078   0.4166202185   0.0783254931
        0.0081295919   0.0003391510  -0.0003352792  -0.0004225939   0.0000736478
        0.0000528269   0.0000399232
       -0.0000722185  -0.0003361788   0.0002234074  -0.0015585924  -0.0002922479
        0.0001053889  -0.0000452783   0.0000184307  -0.0001040059  -0.0014047176
       -0.0044371057   0.0028200271   0.0000971734   0.0000041988   0.0000593822
       -0.0306572181  -0.0117702061   0.0011154538  -0.0002967764   0.0005462020
        0.0001538045  -0.0020287415   0.0002720155  -0.0005525584  -0.0001525476
       -0.0005179350  -0.0001590225  -0.0002902128  -0.0003237220   0.0003696312
       -0.0000209783   0.0000697957  -0.0000927341   0.0002438077   0.0003000837
       -0.0001331049  -0.0000032395   0.0002699232  -0.0000244977   0.0001279329
        0.0010426050  -0.0006353790  -0.0426571026  -0.0359734628   0.0140178540
        0.0003829736   0.0001635116  -0.0003511867   0.0000562255   0.0000117923
       -0.0000204968   0.0000506954  -0.0000171509   0.0000036067  -0.0001033483
       -0.0000250910  -0.0000278417   0.0000549709   0.0000798380  -0.0000474591
        0.0000579444   0.0004673169   0.0003212582   0.0783254931   0.0503703879
       -0.0172567904  -0.0001492563   0.0000549228   0.0002019694   0.0000430113
        0.0000220762   0.0000132938
        0.0000143001   0.0001327205  -0.0000702618   0.0004987662   0.0001956190
        0.0002789540   0.0000157838   0.0000008653  -0.0000100003   0.0001490680
        0.0020987703  -0.0003744293  -0.0002188098  -0.0000389425  -0.0000377519
        0.0181492566   0.0039728554  -0.0024937783   0.0015325660   0.0011080735
        0.0005777500  -0.0007622369   0.0004555912   0.0014028948  -0.0001880402
       -0.0004816303  -0.0001605116  -0.0000586124  -0.0000356499   0.0001155765
        0.0000438173   0.0001154141  -0.0001056430   0.0001077559  -0.0001425093
       -0.0001605778  -0.0000398745  -0.0000063874  -0.0001806050  -0.0000671163
        0.0002315975  -0.0011433376  -0.0271760127   0.0105358551  -0.0142051142
       -0.0004833772  -0.0000834114  -0.0002481342  -0.0000085384  -0.0000415778
       -0.0000481603   0.0000184229  -0.0000000992   0.0000078073   0.0000334255
        0.0000066568   0.0000153977  -0.0000074528  -0.0000311238   0.0000479560
        0.0000998727  -0.0004807285   0.0000742909   0.0081295919  -0.0172567904
        0.0165410126   0.0002080980  -0.0002648122   0.0001688842   0.0000093465
        0.0000096440   0.0000077813
       -0.0000464019  -0.0001014708   0.0002239531  -0.0012398227   0.0013250597
        0.0018114920  -0.0000587631   0.0001121629  -0.0002532355   0.0022089957
        0.0210336556  -0.0079333617   0.0008700858  -0.0001863652   0.0004374623
        0.0008131727   0.0019284415  -0.0006899318  -0.0004527666   0.0003272048
       -0.0001728895  -0.0000263623  -0.0001315718   0.0002087004   0.0000663206
        0.0000301420  -0.0000623273  -0.0000345270   0.0001938230   0.0000242295
        0.0000063568   0.0000401949  -0.0000259437  -0.0000594562   0.0013954154
       -0.0001841964   0.0000936109  -0.0001585365  -0.0001090498   0.0001685276
        0.0000009397  -0.0000037276   0.0013885759  -0.0006262478  -0.0009646368
       -0.0460841251  -0.0956340015   0.0558884711  -0.0001917546   0.0001431571
       -0.0003966233   0.0001758488  -0.0001099821   0.0000158166   0.0000775369
       -0.0000206026  -0.0000705823  -0.0000412858  -0.0000311922   0.0000414224
        0.0000296966  -0.0001088675  -0.0000439501   0.0003391510  -0.0001492563
        0.0002080980   0.0420079898   0.0708289758  -0.0479567587  -0.0000106040
       -0.0001010781   0.0000075690
       -0.0001665602   0.0000362737   0.0006094988   0.0022528122  -0.0033558446
       -0.0015331112  -0.0000789100   0.0003348327  -0.0007386817   0.0008824289
       -0.0264718899   0.0027115034  -0.0000390429  -0.0001088830   0.0002243158
       -0.0003000708   0.0002310026   0.0009523257   0.0000205494   0.0000248990
        0.0000737973   0.0000714045  -0.0002838395  -0.0002182897   0.0000455496
        0.0000164997   0.0000216691  -0.0001634212  -0.0002996547   0.0003777972
        0.0000326361   0.0000187811  -0.0001105930   0.0002319751  -0.0013997928
       -0.0000627971   0.0000830157   0.0001048673  -0.0000848055  -0.0001818495
        0.0002078903  -0.0000203824   0.0011298684   0.0007522939  -0.0005755779
       -0.0746645580  -0.3394353204   0.1219443072  -0.0000456270   0.0003025238
       -0.0004697102   0.0002811120  -0.0001750972  -0.0000607898   0.0000891811
        0.0001522019  -0.0001056245  -0.0000609620   0.0000534641  -0.0000023672
       -0.0000833354  -0.0000232691   0.0000248301  -0.0003352792   0.0000549228
       -0.0002648122   0.0708289758   0.3692799558  -0.1227424569   0.0001701075
       -0.0000168174   0.0000499547
        0.0001318612  -0.0001884058  -0.0003350811   0.0012528898  -0.0003782768
       -0.0007027304   0.0000478910   0.0000842352   0.0002693353  -0.0050677769
       -0.0167421093   0.0049307810   0.0002101612  -0.0018208960   0.0011167152
        0.0008965374   0.0003498272   0.0009284970  -0.0003600549   0.0003455986
       -0.0001921967  -0.0000496867   0.0001063169   0.0000128072   0.0000522747
       -0.0000960716  -0.0000598736   0.0002086897   0.0000790052  -0.0000131436
       -0.0000574031   0.0000365524  -0.0000207482   0.0000685417  -0.0009631524
        0.0001481781  -0.0001570546   0.0000173140  -0.0000168746  -0.0000269127
       -0.0000855999  -0.0001508527  -0.0005892599  -0.0005018279  -0.0007189680
        0.0521065225   0.1419206714  -0.0760204087   0.0000067144   0.0002994243
        0.0001877392  -0.0003092294  -0.0000378572   0.0001725054  -0.0000490148
        0.0001954157   0.0001056401   0.0000433984  -0.0000130385   0.0000186390
        0.0000282095   0.0000256806   0.0000288309  -0.0004225939   0.0002019694
        0.0001688842  -0.0479567587  -0.1227424569   0.0702295256  -0.0000079458
       -0.0000923184  -0.0000872005
       -0.0030904869   0.0005312582  -0.0048767408  -0.0001938974   0.0000385612
       -0.0021929763  -0.0002251226  -0.0001062617   0.0000863886   0.0002258611
        0.0002164959   0.0005901513  -0.0000125687   0.0001839170  -0.0005784760
       -0.0000003245   0.0000262315  -0.0003069679  -0.0001183749  -0.0000592464
        0.0000116977   0.0001370658   0.0000519623   0.0001749912   0.0000018658
       -0.0000252361  -0.0000641920   0.0001568308  -0.0001555665  -0.0001765762
       -0.0001316124  -0.0000043140   0.0000019302   0.0006468623   0.0001587930
       -0.0000695396  -0.0001491797   0.0002241640   0.0001401622  -0.0002863612
       -0.0000600878  -0.0000078435  -0.0001420177  -0.0001613314   0.0000747623
        0.0002264040  -0.0002984623  -0.0002380197  -0.3746440783  -0.1264012688
       -0.0732549802   0.0013272327   0.0000632095   0.0002665206   0.0004947327
       -0.0003758810   0.0000216542   0.0000586231  -0.0000998581  -0.0000228775
        0.0000651553   0.0000000468   0.0000029548   0.0000736478   0.0000430113
        0.0000093465  -0.0000106040   0.0001701075  -0.0000079458   0.3755903470
        0.1260397557   0.0804165762
        0.0023427444  -0.0032093830  -0.0007305239  -0.0002520592   0.0005019027
       -0.0001301382   0.0000125061   0.0001544204   0.0000538635  -0.0002747011
       -0.0000100605   0.0000418506  -0.0002018223   0.0000795500  -0.0000989524
        0.0000506220   0.0000650635  -0.0001188941  -0.0000412693  -0.0000213734
        0.0000036965   0.0000343488  -0.0000070438   0.0000689902   0.0000021542
        0.0000404100  -0.0000281799   0.0002233459  -0.0000002164   0.0000300535
       -0.0000893751   0.0000042122  -0.0000783530   0.0000327051  -0.0001369529
       -0.0002126293  -0.0001410971   0.0000975672  -0.0000432919  -0.0001264443
       -0.0000535353  -0.0000011778  -0.0000250867  -0.0001096234   0.0000404944
        0.0004213133  -0.0001845198   0.0000475775  -0.1280073345  -0.0442987546
       -0.0231772910  -0.0014466677   0.0007638736  -0.0003155503   0.0013909827
        0.0017164379   0.0005283247   0.0000596093  -0.0000774502   0.0000568357
        0.0000440210  -0.0000065404  -0.0000052146   0.0000528269   0.0000220762
        0.0000096440  -0.0001010781  -0.0000168174  -0.0000923184   0.1260397557
        0.0446867574   0.0241511845
       -0.0320224909  -0.0105597850  -0.0137837801  -0.0007360690  -0.0001886491
       -0.0059205689  -0.0014398709  -0.0004000362  -0.0004531891   0.0003629347
        0.0003460487  -0.0001585896  -0.0000740423  -0.0000701802   0.0001337795
        0.0000142140   0.0000033709   0.0000811055   0.0000508433   0.0000163764
        0.0000450385  -0.0000198400   0.0000102745  -0.0000028008  -0.0000040088
       -0.0000019386   0.0000304002  -0.0001674977   0.0000885737   0.0000318967
        0.0000766285   0.0000062781   0.0000683953   0.0005420804  -0.0000122368
        0.0001164778   0.0000626498  -0.0000450662   0.0000052251   0.0000728242
        0.0000219890   0.0000017843   0.0000077896  -0.0000015649  -0.0000086030
        0.0001356490   0.0001615685   0.0001610647  -0.0445745554  -0.0127662897
       -0.0455187100  -0.0014286528  -0.0003251499   0.0002555781  -0.0013011699
       -0.0005153694   0.0002265931  -0.0000191035   0.0000240959  -0.0000104927
       -0.0000023806  -0.0000067426   0.0000104015   0.0000399232   0.0000132938
        0.0000077813   0.0000075690   0.0000499547  -0.0000872005   0.0804165762
        0.0241511845   0.0647684130
