           1           2  0.989582899268231     
           2           3  0.955432334547599     
           2           4  0.955230431611626     
           4           5  0.958132201678544     
           4           6  0.970964026377180     
           6           7  0.956967130711621     
           6           8  0.959864725284140     
           8           9  0.960105339956487     
           8          10  0.949970564551512     
          10          11  0.941918275659502     
           2          12  0.959149882244837     
          10          12  0.960321551940998     
          10          13   1.01679718506298     
           8          14  0.996304971191221     
           6          15   1.01009551902915     
           4          16   1.00215452740136     
           1          17   1.00148448378604     
           1          18  0.967570858631963     
           1          19  0.967055832844818     
          13          20  0.825611436006054     
          14          21  0.839630849488220     
          15          22  0.842795540336495     
          16          23  0.845492145769113     
          17          24  0.838405869082760     
