$hessian                                                                        
        0.4962750262  -0.0000952531  -0.0358617373  -0.1126594740  -0.0003261413
       -0.0625298411  -0.0150583797   0.0048165371  -0.0160619628   0.0002801664
       -0.0002067047   0.0004509764   0.0002632180   0.0002196412   0.0004699481
       -0.0139407345  -0.0048583983  -0.0152380170  -0.1129194282  -0.0037817580
        0.1102374114  -0.1168875680  -0.1097967198   0.0032768314  -0.1293611576
        0.1139842303   0.0074129659   0.0074934335  -0.0000027464   0.0102994887
       -0.0025977622   0.0024746724  -0.0006112093   0.0009829229  -0.0012390384
       -0.0001988210  -0.0000206522  -0.0000499449  -0.0000762469  -0.0002850952
        0.0000529882  -0.0003790803  -0.0000121880   0.0000399627  -0.0000776130
       -0.0002834966  -0.0000614494  -0.0003673345  -0.0022237354  -0.0023959501
       -0.0006423831   0.0009549049   0.0012260726  -0.0001033757
       -0.0000952531   0.5217028081  -0.0003682660  -0.0003745300  -0.0625516483
       -0.0001986468   0.0150769623  -0.0039623275   0.0173750400  -0.0000863456
       -0.0002783804   0.0002356576   0.0001224970  -0.0002580854  -0.0002166409
       -0.0154775678  -0.0043495271  -0.0183044223  -0.0037935600  -0.0447860217
        0.0059919493  -0.1097045060  -0.2079849303   0.0028355607   0.1138946623
       -0.1951647669  -0.0079461967   0.0004405225   0.0012808692   0.0007865477
        0.0043053377  -0.0032508060   0.0008441706   0.0006890338   0.0012946405
        0.0009915162   0.0001713324   0.0001954241  -0.0000385109  -0.0000631146
        0.0000878552   0.0002553813  -0.0001850045   0.0001845316   0.0000395042
        0.0000387722   0.0000909122  -0.0002790807  -0.0042358089  -0.0035897940
       -0.0010311927  -0.0007234298   0.0013392468  -0.0009723705
       -0.0358617373  -0.0003682660   0.4838076572  -0.0596896050  -0.0001195432
       -0.1528132584  -0.0049678904   0.0034418061  -0.0020038188  -0.0002172514
       -0.0001738710  -0.0000683541  -0.0002224461   0.0001558755  -0.0000699321
       -0.0052868671  -0.0037865704  -0.0027335012   0.1108814765   0.0060081317
       -0.2151796861   0.0032310889   0.0026151063  -0.0429480667   0.0073506788
       -0.0077291183  -0.0433282893  -0.0157458988   0.0000621529  -0.0281170839
       -0.0002999725  -0.0000384898   0.0010633814   0.0004703931  -0.0005237452
        0.0005106306   0.0000754091  -0.0000525383   0.0000300680   0.0001258011
       -0.0001721310   0.0001465308   0.0000661289   0.0000624861   0.0000335776
        0.0001175092   0.0001774016   0.0001436078  -0.0004431800  -0.0001347730
        0.0010294100   0.0004163628   0.0005760859   0.0004971272
       -0.1126594740  -0.0003745300  -0.0596896050   0.5203719403   0.0030546962
       -0.0371286843  -0.1121086605   0.0600660084   0.0007457972  -0.0250014940
        0.0090871406   0.0076728265  -0.0240843687  -0.0107631536   0.0070601347
       -0.1054660091  -0.0585387238  -0.0013242202   0.0094436976   0.0000693875
        0.0106718691  -0.0135468855  -0.0028052297  -0.0156133353  -0.0145924772
        0.0026894969  -0.0165910541  -0.1086839361  -0.0036423503   0.1040627445
       -0.0111140069   0.0117337873  -0.0020447323   0.0072704859  -0.0077197859
       -0.0009495105  -0.0032804727  -0.0008287323   0.0029622388  -0.0003601679
       -0.0001543416   0.0001795571  -0.0033732527   0.0005893494   0.0029852566
       -0.0003473065   0.0001168034   0.0001765182  -0.0101227418  -0.0119596747
       -0.0024026788   0.0076551299   0.0093798523  -0.0007731223
       -0.0003261413  -0.0625516483  -0.0001195432   0.0030546962   0.4332072141
       -0.0025523756   0.0609670279  -0.1326301138  -0.0021120010   0.0055241037
        0.0018280480  -0.0046555613  -0.0075286096   0.0004210497   0.0051530100
       -0.0594872568  -0.1393742825  -0.0003010438   0.0004986342   0.0002383696
        0.0007640160  -0.0163268429  -0.0022571091  -0.0197181880   0.0157397371
       -0.0019160728   0.0188021351  -0.0036150034  -0.0416160187   0.0055361931
        0.0061229842  -0.0050377055   0.0007031660   0.0161856609  -0.0215368950
       -0.0024620695  -0.0010821093  -0.0009057994   0.0000784768   0.0003486571
        0.0002313875  -0.0001329320   0.0008530430  -0.0008007401   0.0001179859
       -0.0003982097   0.0002197295   0.0001694077  -0.0057992295  -0.0052840405
       -0.0009389860  -0.0147311418  -0.0222353725   0.0016683096
       -0.0625298411  -0.0001986468  -0.1528132584  -0.0371286843  -0.0025523756
        0.5225317988   0.0021814526  -0.0032176651  -0.0657530773   0.0173927278
       -0.0091127315  -0.0017012067   0.0166310882   0.0101437344  -0.0012052058
        0.0000145636   0.0008815352  -0.0656511825  -0.0142095439   0.0000730384
       -0.0271698039  -0.0025796242  -0.0014679602  -0.0018265930  -0.0021097428
        0.0013163456  -0.0011218074   0.1024686396   0.0054929230  -0.1969215353
       -0.0189105502   0.0204767359  -0.0015076558   0.0056295723  -0.0074088350
       -0.0001541700   0.0026511571   0.0004749506  -0.0017551698   0.0005174175
        0.0002457446  -0.0005454311   0.0027039185  -0.0002946622  -0.0017666199
        0.0005173630  -0.0001908762  -0.0005481133  -0.0179453675  -0.0216128388
       -0.0022519125   0.0047054536   0.0069515838   0.0001609441
       -0.0150583797   0.0150769623  -0.0049678904  -0.1121086605   0.0609670279
        0.0021814526   0.4432122362   0.0378036385   0.0435080072  -0.1273011862
       -0.0253273136   0.0519383433  -0.0031485306  -0.0128360163   0.0027561037
        0.0050289344  -0.0045007523   0.0018161012   0.0006612503  -0.0000673000
        0.0006078312   0.0005683798   0.0007074558   0.0005602423  -0.0020135541
        0.0003798671  -0.0032274629  -0.0117802512   0.0155446251   0.0021106288
       -0.0719393218   0.0101210086  -0.0801457087  -0.0841149213  -0.0849816704
       -0.0356670303  -0.0225831062  -0.0086008135   0.0173366891   0.0025656771
       -0.0004860079  -0.0002937863  -0.0000548859  -0.0013515489   0.0004272837
       -0.0009008117  -0.0000821285   0.0000685537   0.0003536641  -0.0003519099
        0.0000515282  -0.0013865324  -0.0020151238   0.0009391137
        0.0048165371  -0.0039623275   0.0034418061   0.0600660084  -0.1326301138
       -0.0032176651   0.0378036385   0.5254440458   0.0040686453  -0.0280709451
       -0.0725851706   0.0229169417  -0.0149197921  -0.0186840998   0.0141621041
        0.0067005187  -0.0357861552   0.0026409403  -0.0000570812   0.0002693942
       -0.0002392701  -0.0010844468   0.0008453436  -0.0004280178   0.0000251554
        0.0003875999   0.0002223169   0.0018878494  -0.0011213748   0.0002208550
        0.0104199988  -0.0491677848   0.0297743135  -0.0853832642  -0.2075645344
       -0.0669343222   0.0062899104   0.0037661185  -0.0045070353   0.0044693580
        0.0022869859  -0.0031093486   0.0001382424  -0.0030054436   0.0002848512
       -0.0004381541  -0.0033643604   0.0003536951   0.0003378629   0.0000555640
        0.0003500370  -0.0030013966  -0.0051836871  -0.0000008473
       -0.0160619628   0.0173750400  -0.0020038188   0.0007457972  -0.0021120010
       -0.0657530773   0.0435080072   0.0040686453   0.5086696543   0.0539802725
        0.0216937400  -0.1142380345   0.0025455073   0.0077418096   0.0004759370
        0.0021860255  -0.0037985145   0.0014578930  -0.0001389875   0.0005264355
        0.0007792567   0.0001602663   0.0005775828   0.0004553371  -0.0040654607
        0.0010883769  -0.0035683207   0.0147129156  -0.0182758878  -0.0022992218
       -0.0804949969   0.0294984837  -0.2369451644  -0.0348609275  -0.0652550498
       -0.0690882229  -0.0038430374  -0.0014444059   0.0034476758   0.0216906160
        0.0090519178  -0.0216046146  -0.0000599090  -0.0000515532  -0.0005661045
        0.0001456804   0.0003961694   0.0003022694  -0.0001185110  -0.0003374012
        0.0004418783  -0.0000312952  -0.0007433879   0.0000366779
        0.0002801664  -0.0000863456  -0.0002172514  -0.0250014940   0.0055241037
        0.0173927278  -0.1273011862  -0.0280709451   0.0539802725   0.5093459363
       -0.0420394697   0.0280445939  -0.0634071655   0.0041716883  -0.0023547131
       -0.0047247937   0.0155734173   0.0035110977  -0.0005037959   0.0001671095
       -0.0000461626  -0.0000730826   0.0001021817   0.0001508402   0.0000310434
       -0.0000272670   0.0000133917  -0.0033379886   0.0032326229   0.0005321122
        0.0041624250   0.0024001811  -0.0023533785  -0.0106109326  -0.0049920865
        0.0086944791  -0.2266987170   0.0712109264  -0.0692654260  -0.0506206956
       -0.0115654372  -0.0389715073   0.0004362077  -0.0230184790  -0.0007957311
        0.0009938245   0.0062201618  -0.0009750526  -0.0003485218   0.0004951495
        0.0003280650  -0.0026212299   0.0007024879   0.0023316425
       -0.0002067047  -0.0002783804  -0.0001738710   0.0090871406   0.0018280480
       -0.0091127315  -0.0253273136  -0.0725851706   0.0216937400  -0.0420394697
        0.4423457038   0.0293207141   0.0022733102  -0.1782919386   0.0010571649
        0.0134758045  -0.0163460910  -0.0081764234   0.0000706921   0.0003030249
        0.0001389724   0.0001275016   0.0000401765   0.0001277292   0.0000002919
       -0.0000007489  -0.0000320609   0.0016867412  -0.0028810317  -0.0005745366
       -0.0035100140  -0.0000308408   0.0032250280  -0.0191550238  -0.0072960506
        0.0144665738   0.0721544310  -0.0671535211   0.0241514922  -0.0120325140
       -0.0650283436  -0.0730307329   0.0000895936  -0.0159615641  -0.0015851583
        0.0017569401  -0.0171760793   0.0008305878   0.0002555091  -0.0002827640
       -0.0001179306   0.0012930840  -0.0012044283  -0.0022085570
        0.0004509764   0.0002356576  -0.0000683541   0.0076728265  -0.0046555613
       -0.0017012067   0.0519383433   0.0229169417  -0.1142380345   0.0280445939
        0.0293207141   0.5126749891  -0.0022187780  -0.0050066866  -0.0665656915
        0.0040021550  -0.0145737352  -0.0002877435  -0.0005349604   0.0002878753
        0.0001646441  -0.0000224889  -0.0001048920   0.0000429500  -0.0000111042
        0.0000865567   0.0000320907   0.0010218354  -0.0006874711   0.0008336526
        0.0215191789   0.0088142595  -0.0218710487  -0.0043892813  -0.0020921800
        0.0038742966  -0.0679001126   0.0237647460  -0.0668819551  -0.0396818338
       -0.0727659663  -0.2443985155  -0.0008441447  -0.0100557778   0.0005660345
       -0.0012121356   0.0250011261  -0.0005076038   0.0004301761   0.0000464351
       -0.0004424425   0.0017347541  -0.0005320419  -0.0012260617
        0.0002632180   0.0001224970  -0.0002224461  -0.0240843687  -0.0075286096
        0.0166310882  -0.0031485306  -0.0149197921   0.0025455073  -0.0634071655
        0.0022733102  -0.0022187780   0.5045316260   0.0444302309   0.0311680586
       -0.1299954503   0.0229717155   0.0559248518  -0.0004881528  -0.0002085901
       -0.0000456903   0.0000297715   0.0000284741   0.0000127575  -0.0000605426
       -0.0001129011   0.0001536215  -0.0030627467  -0.0032573316   0.0003923208
       -0.0003054392  -0.0005072717   0.0003031686  -0.0025023177  -0.0008483964
        0.0021797623  -0.0008813175   0.0238814524  -0.0000667440   0.0013752165
       -0.0051884202  -0.0011062487  -0.2183936230  -0.0772513472  -0.0703829053
       -0.0520370902   0.0138066463  -0.0426568922   0.0041037042  -0.0021020940
       -0.0022656764  -0.0119367915   0.0044104273   0.0096542444
        0.0002196412  -0.0002580854   0.0001558755  -0.0107631536   0.0004210497
        0.0101437344  -0.0128360163  -0.0186840998   0.0077418096   0.0041716883
       -0.1782919386  -0.0050066866   0.0444302309   0.4491688650  -0.0299364067
        0.0202951179  -0.0685340507  -0.0171264483  -0.0000959765   0.0003022691
       -0.0001366459   0.0000022922   0.0000031198   0.0000309986  -0.0001315167
        0.0000285969  -0.0001205728  -0.0017287901  -0.0031953216   0.0004679760
       -0.0002713670  -0.0003282712   0.0001397554  -0.0014198651  -0.0014198118
        0.0023290457   0.0007939426  -0.0150190007   0.0010037600  -0.0007393959
       -0.0166603333  -0.0014335716  -0.0782392740  -0.0736578757  -0.0281149623
        0.0142972878  -0.0687188962   0.0767566965   0.0029887586   0.0003886683
       -0.0025969878   0.0190263957  -0.0055448837  -0.0142973697
        0.0004699481  -0.0002166409  -0.0000699321   0.0070601347   0.0051530100
       -0.0012052058   0.0027561037   0.0141621041   0.0004759370  -0.0023547131
        0.0010571649  -0.0665656915   0.0311680586  -0.0299364067   0.5106577646
        0.0538601424  -0.0184651938  -0.1155896251  -0.0005211645  -0.0003129132
        0.0001502978  -0.0000062720  -0.0000885621   0.0000304920  -0.0000323993
        0.0001027058   0.0000424553   0.0009280780   0.0006100643   0.0008736526
        0.0004228378  -0.0000169841  -0.0004390501   0.0016575899   0.0006221051
       -0.0011298319  -0.0013718315   0.0094326096   0.0009447619   0.0001468761
       -0.0255751406  -0.0014125011  -0.0690738585  -0.0276545118  -0.0686721503
       -0.0433370034   0.0764520326  -0.2393026236   0.0220663651  -0.0068480476
       -0.0222347838  -0.0038388922   0.0015226043   0.0034460340
       -0.0139407345  -0.0154775678  -0.0052868671  -0.1054660091  -0.0594872568
        0.0000145636   0.0050289344   0.0067005187   0.0021860255  -0.0047247937
        0.0134758045   0.0040021550  -0.1299954503   0.0202951179   0.0538601424
        0.4477342017  -0.0435888005   0.0422567715   0.0006538065   0.0000715160
        0.0005962016  -0.0019911569  -0.0004034624  -0.0032272024   0.0005488820
       -0.0007427147   0.0005104707  -0.0107672603  -0.0161239601   0.0015798534
        0.0003527201   0.0003662057   0.0000839717  -0.0016747500   0.0021769440
        0.0010149259  -0.0001305771   0.0014942995   0.0004941546  -0.0009362822
        0.0002123130   0.0000969074  -0.0226194906   0.0065514447   0.0173151087
        0.0028012663   0.0005232641  -0.0004681436  -0.0708697433  -0.0086807782
       -0.0788532477  -0.0940035632   0.0926371124  -0.0361757915
       -0.0048583983  -0.0043495271  -0.0037865704  -0.0585387238  -0.1393742825
        0.0008815352  -0.0045007523  -0.0357861552  -0.0037985145   0.0155734173
       -0.0163460910  -0.0145737352   0.0229717155  -0.0685340507  -0.0184651938
       -0.0435888005   0.5210965032  -0.0011820988   0.0000818375   0.0002923071
        0.0002560825  -0.0000215694   0.0004100425  -0.0002654322   0.0010605788
        0.0008668304   0.0004715187  -0.0028884160  -0.0027620766  -0.0001153288
       -0.0003168638   0.0000584628  -0.0003593430   0.0031973637  -0.0049162019
       -0.0001179918   0.0000231146  -0.0029211587  -0.0003410159   0.0005661922
       -0.0032980228  -0.0004728851  -0.0076107807   0.0035848465   0.0054692745
       -0.0051918399   0.0022020370   0.0039044560  -0.0089677144  -0.0482813124
       -0.0277616401   0.0930096395  -0.2019421504   0.0602568827
       -0.0152380170  -0.0183044223  -0.0027335012  -0.0013242202  -0.0003010438
       -0.0656511825   0.0018161012   0.0026409403   0.0014578930   0.0035110977
       -0.0081764234  -0.0002877435   0.0559248518  -0.0171264483  -0.1155896251
        0.0422567715  -0.0011820988   0.5085025757  -0.0001068769  -0.0005488720
        0.0007702200  -0.0040034436  -0.0011767190  -0.0036148054   0.0002283073
       -0.0005526743   0.0004504590   0.0135937457   0.0190626586  -0.0016686373
       -0.0001470518   0.0003171485   0.0004412300   0.0000379321   0.0005699245
        0.0000561923  -0.0000622757  -0.0000336411  -0.0005774620   0.0001872380
       -0.0005102805   0.0002721627  -0.0041579190   0.0012290847   0.0036663456
        0.0219738350  -0.0070237017  -0.0217532256  -0.0792269237  -0.0275071947
       -0.2389067228  -0.0352631526   0.0586237634  -0.0648341728
       -0.1129194282  -0.0037935600   0.1108814765   0.0094436976   0.0004986342
       -0.0142095439   0.0006612503  -0.0000570812  -0.0001389875  -0.0005037959
        0.0000706921  -0.0005349604  -0.0004881528  -0.0000959765  -0.0005211645
        0.0006538065   0.0000818375  -0.0001068769   0.1313744961   0.0044970782
       -0.1274020722  -0.0123556069  -0.0029492256   0.0169106719  -0.0134511701
        0.0017458610   0.0182787781  -0.0011756941   0.0000123549  -0.0039999552
       -0.0000535333  -0.0000985899   0.0001195634   0.0000028683  -0.0000590843
        0.0001351511   0.0001085295   0.0000369909   0.0001045270  -0.0007021037
        0.0006476231   0.0000773166   0.0001055026  -0.0000267203   0.0000970199
       -0.0006283487  -0.0006775988   0.0000433746  -0.0000632077   0.0000961389
        0.0001165919  -0.0000091093   0.0000706259   0.0001490896
       -0.0037817580  -0.0447860217   0.0060081317   0.0000693875   0.0002383696
        0.0000730384  -0.0000673000   0.0002693942   0.0005264355   0.0001671095
        0.0003030249   0.0002878753  -0.0002085901   0.0003022691  -0.0003129132
        0.0000715160   0.0002923071  -0.0005488720   0.0044970782   0.0481142287
       -0.0070231214  -0.0176627014  -0.0030643238   0.0236228755   0.0169198698
       -0.0011252756  -0.0226098974   0.0000050361   0.0008251733  -0.0000038656
       -0.0000761538  -0.0000913816  -0.0001187872  -0.0001354200  -0.0003091487
        0.0002063486  -0.0000793092  -0.0001336411  -0.0001206351   0.0006141197
       -0.0001288782  -0.0002172111   0.0000868876  -0.0001347066   0.0001196190
       -0.0006349781  -0.0002022779   0.0002002648   0.0000654045  -0.0000877084
        0.0001138129   0.0001498016  -0.0002814034  -0.0002030988
        0.1102374114   0.0059919493  -0.2151796861   0.0106718691   0.0007640160
       -0.0271698039   0.0006078312  -0.0002392701   0.0007792567  -0.0000461626
        0.0001389724   0.0001646441  -0.0000456903  -0.0001366459   0.0001502978
        0.0005962016   0.0002560825   0.0007702200  -0.1274020722  -0.0070231214
        0.2509018748   0.0037953339   0.0017302898  -0.0026206456   0.0044762780
       -0.0014664181  -0.0034648962  -0.0035000208   0.0000119121  -0.0055835006
        0.0003231919  -0.0000364035   0.0002057967   0.0000447486   0.0003289435
       -0.0001438761   0.0001406290   0.0000079713   0.0000901852  -0.0002109677
        0.0001793214   0.0004768544   0.0001433986  -0.0000072247   0.0000944978
       -0.0002223041  -0.0002123519   0.0004786157   0.0003231760   0.0000436027
        0.0002118104   0.0000671483  -0.0003316254  -0.0001616450
       -0.1168875680  -0.1097045060   0.0032310889  -0.0135468855  -0.0163268429
       -0.0025796242   0.0005683798  -0.0010844468   0.0001602663  -0.0000730826
        0.0001275016  -0.0000224889   0.0000297715   0.0000022922  -0.0000062720
       -0.0019911569  -0.0000215694  -0.0040034436  -0.0123556069  -0.0176627014
        0.0037953339   0.1350096464   0.1286323617  -0.0004648548   0.0098372419
        0.0157940282  -0.0001745003   0.0005799771   0.0001008409   0.0003667318
        0.0001873888   0.0000352961   0.0001231381  -0.0005029077   0.0008258895
       -0.0001259253   0.0000316327  -0.0000177276   0.0000088078  -0.0000835203
       -0.0000674234   0.0000999440   0.0000424611   0.0000456869   0.0000005063
        0.0001020285   0.0000632803  -0.0000536384  -0.0009650148  -0.0010074819
       -0.0002899673   0.0000172150   0.0002655220  -0.0000651024
       -0.1097967198  -0.2079849303   0.0026151063  -0.0028052297  -0.0022571091
       -0.0014679602   0.0007074558   0.0008453436   0.0005775828   0.0001021817
        0.0000401765  -0.0001048920   0.0000284741   0.0000031198  -0.0000885621
       -0.0004034624   0.0004100425  -0.0011767190  -0.0029492256  -0.0030643238
        0.0017302898   0.1286323617   0.2405911717  -0.0027852315  -0.0136283812
       -0.0288319637   0.0008871240   0.0001591875   0.0000212070  -0.0002082023
        0.0000939292  -0.0000529673   0.0000070468   0.0001081039   0.0001465549
        0.0001483444  -0.0000066556   0.0000140103   0.0000151218  -0.0000507330
       -0.0000357588   0.0000464718  -0.0000049196  -0.0000021818   0.0000046773
        0.0001215432  -0.0000250743  -0.0000637130  -0.0003694208  -0.0001220458
       -0.0001343819   0.0000615106   0.0003047287  -0.0000021030
        0.0032768314   0.0028355607  -0.0429480667  -0.0156133353  -0.0197181880
       -0.0018265930   0.0005602423  -0.0004280178   0.0004553371   0.0001508402
        0.0001277292   0.0000429500   0.0000127575   0.0000309986   0.0000304920
       -0.0032272024  -0.0002654322  -0.0036148054   0.0169106719   0.0236228755
       -0.0026206456  -0.0004648548  -0.0027852315   0.0495130553  -0.0005979378
       -0.0019220180   0.0007409030  -0.0001043496  -0.0005322594   0.0003806521
        0.0001392772  -0.0001617072  -0.0000447805  -0.0001315490   0.0001889590
        0.0002756568   0.0000302892  -0.0000189604  -0.0000073514   0.0000398142
        0.0001030529  -0.0000266233  -0.0000419710  -0.0000307552   0.0001219307
       -0.0001198124  -0.0001094945   0.0000057191  -0.0009653281  -0.0010433591
       -0.0002844384   0.0001456164   0.0001062473  -0.0001933916
       -0.1293611576   0.1138946623   0.0073506788  -0.0145924772   0.0157397371
       -0.0021097428  -0.0020135541   0.0000251554  -0.0040654607   0.0000310434
        0.0000002919  -0.0000111042  -0.0000605426  -0.0001315167  -0.0000323993
        0.0005488820   0.0010605788   0.0002283073  -0.0134511701   0.0169198698
        0.0044762780   0.0098372419  -0.0136283812  -0.0005979378   0.1496302946
       -0.1335912355  -0.0052815926   0.0005923050  -0.0000805127   0.0003516344
       -0.0010392958   0.0009667773  -0.0002637796   0.0000370646  -0.0002785198
       -0.0000754087   0.0000451088  -0.0000425174  -0.0000008102   0.0001123265
       -0.0000532236  -0.0000597994   0.0000300022   0.0000188053   0.0000105192
       -0.0000905215   0.0000609311   0.0001045157   0.0001939425  -0.0000257599
        0.0001225805  -0.0004494928  -0.0008551423  -0.0001464786
        0.1139842303  -0.1951647669  -0.0077291183   0.0026894969  -0.0019160728
        0.0013163456   0.0003798671   0.0003875999   0.0010883769  -0.0000272670
       -0.0000007489   0.0000865567  -0.0001129011   0.0000285969   0.0001027058
       -0.0007427147   0.0008668304  -0.0005526743   0.0017458610  -0.0011252756
       -0.0014664181   0.0157940282  -0.0288319637  -0.0019220180  -0.1335912355
        0.2255833935   0.0088861793  -0.0001225690  -0.0000165150   0.0002160086
        0.0003538791  -0.0000867584   0.0001245168  -0.0000815593   0.0002882273
        0.0000145340   0.0000090622  -0.0000051164  -0.0000093092  -0.0001097558
       -0.0000399198   0.0000588982   0.0000066013   0.0000154307  -0.0000139548
        0.0000463381  -0.0000242813  -0.0000408227  -0.0000840658  -0.0000652066
       -0.0000004289  -0.0001372958   0.0001065467  -0.0001593775
        0.0074129659  -0.0079461967  -0.0433282893  -0.0165910541   0.0188021351
       -0.0011218074  -0.0032274629   0.0002223169  -0.0035683207   0.0000133917
       -0.0000320609   0.0000320907   0.0001536215  -0.0001205728   0.0000424553
        0.0005104707   0.0004715187   0.0004504590   0.0182787781  -0.0226098974
       -0.0034648962  -0.0001745003   0.0008871240   0.0007409030  -0.0052815926
        0.0088861793   0.0499295795  -0.0001389212   0.0005132235   0.0004076135
       -0.0010103046   0.0009940526  -0.0002447038   0.0001477278  -0.0000814480
       -0.0001951945  -0.0000431942   0.0000235274   0.0001233132  -0.0001295808
        0.0001006542   0.0000122853   0.0000300421   0.0000211558  -0.0000069357
        0.0000473795  -0.0001009739  -0.0000317943   0.0001271488   0.0001685399
       -0.0000392337  -0.0001249155  -0.0001992779   0.0002624760
        0.0074934335   0.0004405225  -0.0157458988  -0.1086839361  -0.0036150034
        0.1024686396  -0.0117802512   0.0018878494   0.0147129156  -0.0033379886
        0.0016867412   0.0010218354  -0.0030627467  -0.0017287901   0.0009280780
       -0.0107672603  -0.0028884160   0.0135937457  -0.0011756941   0.0000050361
       -0.0035000208   0.0005799771   0.0001591875  -0.0001043496   0.0005923050
       -0.0001225690  -0.0001389212   0.1335298358   0.0043147133  -0.1153181476
       -0.0002756900  -0.0001201390   0.0003318897  -0.0004389728   0.0003508220
        0.0001654648  -0.0007403326  -0.0001276237   0.0004811174  -0.0002686674
       -0.0000868795   0.0000942946  -0.0007009679   0.0000660559   0.0004546124
       -0.0002655617   0.0000728011   0.0000905255  -0.0002894388   0.0000465792
        0.0003172155  -0.0004080429  -0.0003408873   0.0001470037
       -0.0000027464   0.0012808692   0.0000621529  -0.0036423503  -0.0416160187
        0.0054929230   0.0155446251  -0.0011213748  -0.0182758878   0.0032326229
       -0.0028810317  -0.0006874711  -0.0032573316  -0.0031953216   0.0006100643
       -0.0161239601  -0.0027620766   0.0190626586   0.0000123549   0.0008251733
        0.0000119121   0.0001008409   0.0000212070  -0.0005322594  -0.0000805127
       -0.0000165150   0.0005132235   0.0043147133   0.0491650212  -0.0062987429
       -0.0001726896   0.0008210299  -0.0003279524   0.0002215031  -0.0006913237
       -0.0001248719   0.0007773054   0.0001321541  -0.0005176887   0.0001460522
       -0.0000650339  -0.0001177677  -0.0008329032   0.0000765446   0.0005540552
       -0.0001536556  -0.0000714294   0.0001209324   0.0001277465   0.0008367391
        0.0003368187  -0.0002116148  -0.0007386129   0.0001179013
        0.0102994887   0.0007865477  -0.0281170839   0.1040627445   0.0055361931
       -0.1969215353   0.0021106288   0.0002208550  -0.0022992218   0.0005321122
       -0.0005745366   0.0008336526   0.0003923208   0.0004679760   0.0008736526
        0.0015798534  -0.0001153288  -0.0016686373  -0.0039999552  -0.0000038656
       -0.0055835006   0.0003667318  -0.0002082023   0.0003806521   0.0003516344
        0.0002160086   0.0004076135  -0.1153181476  -0.0062987429   0.2308743174
       -0.0005503420   0.0004503509   0.0010724357   0.0001663712  -0.0003634887
       -0.0002709910   0.0002947531   0.0000779933  -0.0001967097  -0.0000889742
        0.0000552068  -0.0000086228   0.0002708530  -0.0000520909  -0.0001803070
       -0.0000906679  -0.0000615798  -0.0000064232  -0.0005188350  -0.0004898679
        0.0010654062   0.0001394301   0.0003565721  -0.0002546975
       -0.0025977622   0.0043053377  -0.0002999725  -0.0111140069   0.0061229842
       -0.0189105502  -0.0719393218   0.0104199988  -0.0804949969   0.0041624250
       -0.0035100140   0.0215191789  -0.0003054392  -0.0002713670   0.0004228378
        0.0003527201  -0.0003168638  -0.0001470518  -0.0000535333  -0.0000761538
        0.0003231919   0.0001873888   0.0000939292   0.0001392772  -0.0010392958
        0.0003538791  -0.0010103046  -0.0002756900  -0.0001726896  -0.0005503420
        0.0898588347  -0.0150017078   0.0889040597  -0.0059141218  -0.0004026375
       -0.0154626750   0.0011040129  -0.0000078969   0.0015834230  -0.0023068845
       -0.0014508506   0.0036957535  -0.0000630596   0.0000409743   0.0001219461
       -0.0000765986  -0.0001513926  -0.0000176537   0.0001516856   0.0000444951
        0.0000533606  -0.0001313536  -0.0000200248   0.0001305179
        0.0024746724  -0.0032508060  -0.0000384898   0.0117337873  -0.0050377055
        0.0204767359   0.0101210086  -0.0491677848   0.0294984837   0.0024001811
       -0.0000308408   0.0088142595  -0.0005072717  -0.0003282712  -0.0000169841
        0.0003662057   0.0000584628   0.0003171485  -0.0000985899  -0.0000913816
       -0.0000364035   0.0000352961  -0.0000529673  -0.0001617072   0.0009667773
       -0.0000867584   0.0009940526  -0.0001201390   0.0008210299   0.0004503509
       -0.0150017078   0.0555845786  -0.0348219091  -0.0118443537   0.0016641375
       -0.0257031819   0.0004349866   0.0007338313  -0.0003435540  -0.0007994570
       -0.0000527836   0.0010727723  -0.0000750127  -0.0001384355   0.0000544523
       -0.0000043396  -0.0000851231  -0.0001081819  -0.0000047912  -0.0006002926
       -0.0002338620  -0.0000772524   0.0000611104  -0.0002139822
       -0.0006112093   0.0008441706   0.0010633814  -0.0020447323   0.0007031660
       -0.0015076558  -0.0801457087   0.0297743135  -0.2369451644  -0.0023533785
        0.0032250280  -0.0218710487   0.0003031686   0.0001397554  -0.0004390501
        0.0000839717  -0.0003593430   0.0004412300   0.0001195634  -0.0001187872
        0.0002057967   0.0001231381   0.0000070468  -0.0000447805  -0.0002637796
        0.0001245168  -0.0002447038   0.0003318897  -0.0003279524   0.0010724357
        0.0889040597  -0.0348219091   0.2749563775  -0.0078594723  -0.0011574608
       -0.0147688251  -0.0002972558  -0.0003053210   0.0010064388   0.0033739306
        0.0020069410  -0.0031223412   0.0001442140  -0.0000030510  -0.0001237903
        0.0000523177   0.0001002570   0.0000881779   0.0000398949   0.0002089319
        0.0001861742   0.0000993881  -0.0000403026   0.0000473476
        0.0009829229   0.0006890338   0.0004703931   0.0072704859   0.0161856609
        0.0056295723  -0.0841149213  -0.0853832642  -0.0348609275  -0.0106109326
       -0.0191550238  -0.0043892813  -0.0025023177  -0.0014198651   0.0016575899
       -0.0016747500   0.0031973637   0.0000379321   0.0000028683  -0.0001354200
        0.0000447486  -0.0005029077   0.0001081039  -0.0001315490   0.0000370646
       -0.0000815593   0.0001477278  -0.0004389728   0.0002215031   0.0001663712
       -0.0059141218  -0.0118443537  -0.0078594723   0.0976415393   0.0980124061
        0.0385186439  -0.0015126887  -0.0003326952   0.0007684562   0.0011659084
       -0.0000220493  -0.0003881739  -0.0000704970  -0.0005706650   0.0000043419
       -0.0000830242  -0.0003573846   0.0001041402  -0.0001364100   0.0000628900
        0.0000995714   0.0004607544   0.0008253187  -0.0000200846
       -0.0012390384   0.0012946405  -0.0005237452  -0.0077197859  -0.0215368950
       -0.0074088350  -0.0849816704  -0.2075645344  -0.0652550498  -0.0049920865
       -0.0072960506  -0.0020921800  -0.0008483964  -0.0014198118   0.0006221051
        0.0021769440  -0.0049162019   0.0005699245  -0.0000590843  -0.0003091487
        0.0003289435   0.0008258895   0.0001465549   0.0001889590  -0.0002785198
        0.0002882273  -0.0000814480   0.0003508220  -0.0006913237  -0.0003634887
       -0.0004026375   0.0016641375  -0.0011574608   0.0980124061   0.2424288547
        0.0747081746  -0.0004956274  -0.0005465763   0.0002860674   0.0003721278
        0.0004882146  -0.0000588734   0.0000448902  -0.0004049580   0.0000185810
       -0.0000471067  -0.0003350930   0.0000859626   0.0000048704   0.0000568533
        0.0000463233  -0.0007239966  -0.0013468893   0.0000860398
       -0.0001988210   0.0009915162   0.0005106306  -0.0009495105  -0.0024620695
       -0.0001541700  -0.0356670303  -0.0669343222  -0.0690882229   0.0086944791
        0.0144665738   0.0038742966   0.0021797623   0.0023290457  -0.0011298319
        0.0010149259  -0.0001179918   0.0000561923   0.0001351511   0.0002063486
       -0.0001438761  -0.0001259253   0.0001483444   0.0002756568  -0.0000754087
        0.0000145340  -0.0001951945   0.0001654648  -0.0001248719  -0.0002709910
       -0.0154626750  -0.0257031819  -0.0147688251   0.0385186439   0.0747081746
        0.0804516503   0.0007561798   0.0002769954  -0.0004154192   0.0007182232
        0.0011520864   0.0009198179   0.0001224643   0.0006369454  -0.0000602216
        0.0000960123   0.0003289711  -0.0000626978   0.0001186046   0.0002213812
        0.0000556789  -0.0000405406  -0.0001384795   0.0001455267
       -0.0000206522   0.0001713324   0.0000754091  -0.0032804727  -0.0010821093
        0.0026511571  -0.0225831062   0.0062899104  -0.0038430374  -0.2266987170
        0.0721544310  -0.0679001126  -0.0008813175   0.0007939426  -0.0013718315
       -0.0001305771   0.0000231146  -0.0000622757   0.0001085295  -0.0000793092
        0.0001406290   0.0000316327  -0.0000066556   0.0000302892   0.0000451088
        0.0000090622  -0.0000431942  -0.0007403326   0.0007773054   0.0002947531
        0.0011040129   0.0004349866  -0.0002972558  -0.0015126887  -0.0004956274
        0.0007561798   0.2622422197  -0.0809808384   0.0751636318  -0.0089407271
        0.0025473070  -0.0068445864   0.0014079360  -0.0009530919   0.0005276455
        0.0000140783   0.0003555328   0.0004192275  -0.0000646370   0.0000741134
        0.0001463845  -0.0001002898  -0.0000334065   0.0001569870
       -0.0000499449   0.0001954241  -0.0000525383  -0.0008287323  -0.0009057994
        0.0004749506  -0.0086008135   0.0037661185  -0.0014444059   0.0712109264
       -0.0671535211   0.0237647460   0.0238814524  -0.0150190007   0.0094326096
        0.0014942995  -0.0029211587  -0.0000336411   0.0000369909  -0.0001336411
        0.0000079713  -0.0000177276   0.0000140103  -0.0000189604  -0.0000425174
       -0.0000051164   0.0000235274  -0.0001276237   0.0001321541   0.0000779933
       -0.0000078969   0.0007338313  -0.0003053210  -0.0003326952  -0.0005465763
        0.0002769954  -0.0809808384   0.0819349121  -0.0286488303  -0.0079910967
        0.0041481443  -0.0037475834   0.0009786502   0.0006385937   0.0003939553
        0.0008318254  -0.0043913290   0.0004272098  -0.0000410112  -0.0001347794
        0.0000112316   0.0005867530  -0.0003522663  -0.0006399100
       -0.0000762469  -0.0000385109   0.0000300680   0.0029622388   0.0000784768
       -0.0017551698   0.0173366891  -0.0045070353   0.0034476758  -0.0692654260
        0.0241514922  -0.0668819551  -0.0000667440   0.0010037600   0.0009447619
        0.0004941546  -0.0003410159  -0.0005774620   0.0001045270  -0.0001206351
        0.0000901852   0.0000088078   0.0000151218  -0.0000073514  -0.0000008102
       -0.0000093092   0.0001233132   0.0004811174  -0.0005176887  -0.0001967097
        0.0015834230  -0.0003435540   0.0010064388   0.0007684562   0.0002860674
       -0.0004154192   0.0751636318  -0.0286488303   0.0781969423  -0.0303292782
        0.0086541928  -0.0149538595   0.0005823170  -0.0003764612   0.0010524031
        0.0001046633   0.0007893403   0.0001040842   0.0001232424  -0.0000472993
       -0.0001252520   0.0000252368  -0.0000281113  -0.0000826939
       -0.0002850952  -0.0000631146   0.0001258011  -0.0003601679   0.0003486571
        0.0005174175   0.0025656771   0.0044693580   0.0216906160  -0.0506206956
       -0.0120325140  -0.0396818338   0.0013752165  -0.0007393959   0.0001468761
       -0.0009362822   0.0005661922   0.0001872380  -0.0007021037   0.0006141197
       -0.0002109677  -0.0000835203  -0.0000507330   0.0000398142   0.0001123265
       -0.0001097558  -0.0001295808  -0.0002686674   0.0001460522  -0.0000889742
       -0.0023068845  -0.0007994570   0.0033739306   0.0011659084   0.0003721278
        0.0007182232  -0.0089407271  -0.0079910967  -0.0303292782   0.0584680530
        0.0154984823   0.0429019495   0.0000666505  -0.0005905526   0.0001277328
        0.0009409321   0.0003031604   0.0004376242  -0.0000850395   0.0000026383
        0.0000573849  -0.0001055805   0.0000558317   0.0001160267
        0.0000529882   0.0000878552  -0.0001721310  -0.0001543416   0.0002313875
        0.0002457446  -0.0004860079   0.0022869859   0.0090519178  -0.0115654372
       -0.0650283436  -0.0727659663  -0.0051884202  -0.0166603333  -0.0255751406
        0.0002123130  -0.0032980228  -0.0005102805   0.0006476231  -0.0001288782
        0.0001793214  -0.0000674234  -0.0000357588   0.0001030529  -0.0000532236
       -0.0000399198   0.0001006542  -0.0000868795  -0.0000650339   0.0000552068
       -0.0014508506  -0.0000527836   0.0020069410  -0.0000220493   0.0004882146
        0.0011520864   0.0025473070   0.0041481443   0.0086541928   0.0154984823
        0.0826055379   0.0801552242  -0.0001240118  -0.0043994987  -0.0009372663
       -0.0002784976   0.0002343098  -0.0013093266   0.0001527872  -0.0000765901
       -0.0001025610   0.0003656421  -0.0002972725  -0.0003316698
       -0.0003790803   0.0002553813   0.0001465308   0.0001795571  -0.0001329320
       -0.0005454311  -0.0002937863  -0.0031093486  -0.0216046146  -0.0389715073
       -0.0730307329  -0.2443985155  -0.0011062487  -0.0014335716  -0.0014125011
        0.0000969074  -0.0004728851   0.0002721627   0.0000773166  -0.0002172111
        0.0004768544   0.0000999440   0.0000464718  -0.0000266233  -0.0000597994
        0.0000588982   0.0000122853   0.0000942946  -0.0001177677  -0.0000086228
        0.0036957535   0.0010727723  -0.0031223412  -0.0003881739  -0.0000588734
        0.0009198179  -0.0068445864  -0.0037475834  -0.0149538595   0.0429019495
        0.0801552242   0.2822386044   0.0004383034  -0.0005566434   0.0000584939
        0.0003565569   0.0012755874   0.0019358164  -0.0000182503   0.0001010887
        0.0000883854   0.0001208495  -0.0000878745  -0.0000764420
       -0.0000121880  -0.0001850045   0.0000661289  -0.0033732527   0.0008530430
        0.0027039185  -0.0000548859   0.0001382424  -0.0000599090   0.0004362077
        0.0000895936  -0.0008441447  -0.2183936230  -0.0782392740  -0.0690738585
       -0.0226194906  -0.0076107807  -0.0041579190   0.0001055026   0.0000868876
        0.0001433986   0.0000424611  -0.0000049196  -0.0000419710   0.0000300022
        0.0000066013   0.0000300421  -0.0007009679  -0.0008329032   0.0002708530
       -0.0000630596  -0.0000750127   0.0001442140  -0.0000704970   0.0000448902
        0.0001224643   0.0014079360   0.0009786502   0.0005823170   0.0000666505
       -0.0001240118   0.0004383034   0.2528558622   0.0879145114   0.0763721513
       -0.0092302730  -0.0030527196  -0.0071549070   0.0011292168  -0.0004012348
       -0.0003278404  -0.0015556014   0.0004134412   0.0007867585
        0.0000399627   0.0001845316   0.0000624861   0.0005893494  -0.0008007401
       -0.0002946622  -0.0013515489  -0.0030054436  -0.0000515532  -0.0230184790
       -0.0159615641  -0.0100557778  -0.0772513472  -0.0736578757  -0.0276545118
        0.0065514447   0.0035848465   0.0012290847  -0.0000267203  -0.0001347066
       -0.0000072247   0.0000456869  -0.0000021818  -0.0000307552   0.0000188053
        0.0000154307   0.0000211558   0.0000660559   0.0000765446  -0.0000520909
        0.0000409743  -0.0001384355  -0.0000030510  -0.0005706650  -0.0004049580
        0.0006369454  -0.0009530919   0.0006385937  -0.0003764612  -0.0005905526
       -0.0043994987  -0.0005566434   0.0879145114   0.0891824945   0.0330718231
        0.0082676777   0.0046247585   0.0040247156  -0.0000223456   0.0006876505
        0.0002741912   0.0002502822  -0.0004894464  -0.0002376707
       -0.0000776130   0.0000395042   0.0000335776   0.0029852566   0.0001179859
       -0.0017666199   0.0004272837   0.0002848512  -0.0005661045  -0.0007957311
       -0.0015851583   0.0005660345  -0.0703829053  -0.0281149623  -0.0686721503
        0.0173151087   0.0054692745   0.0036663456   0.0000970199   0.0001196190
        0.0000944978   0.0000005063   0.0000046773   0.0001219307   0.0000105192
       -0.0000139548  -0.0000069357   0.0004546124   0.0005540552  -0.0001803070
        0.0001219461   0.0000544523  -0.0001237903   0.0000043419   0.0000185810
       -0.0000602216   0.0005276455   0.0003939553   0.0010524031   0.0001277328
       -0.0009372663   0.0000584939   0.0763721513   0.0330718231   0.0803301424
       -0.0295441090  -0.0096494569  -0.0151391356   0.0015629778   0.0004176394
        0.0010259187   0.0007932564  -0.0002456196  -0.0004340794
       -0.0002834966   0.0000387722   0.0001175092  -0.0003473065  -0.0003982097
        0.0005173630  -0.0009008117  -0.0004381541   0.0001456804   0.0009938245
        0.0017569401  -0.0012121356  -0.0520370902   0.0142972878  -0.0433370034
        0.0028012663  -0.0051918399   0.0219738350  -0.0006283487  -0.0006349781
       -0.0002223041   0.0001020285   0.0001215432  -0.0001198124  -0.0000905215
        0.0000463381   0.0000473795  -0.0002655617  -0.0001536556  -0.0000906679
       -0.0000765986  -0.0000043396   0.0000523177  -0.0000830242  -0.0000471067
        0.0000960123   0.0000140783   0.0008318254   0.0001046633   0.0009409321
       -0.0002784976   0.0003565569  -0.0092302730   0.0082676777  -0.0295441090
        0.0603244604  -0.0184020324   0.0468468596  -0.0024179238   0.0005484082
        0.0034989102   0.0011843664  -0.0003599791   0.0007689453
       -0.0000614494   0.0000909122   0.0001774016   0.0001168034   0.0002197295
       -0.0001908762  -0.0000821285  -0.0033643604   0.0003961694   0.0062201618
       -0.0171760793   0.0250011261   0.0138066463  -0.0687188962   0.0764520326
        0.0005232641   0.0022020370  -0.0070237017  -0.0006775988  -0.0002022779
       -0.0002123519   0.0000632803  -0.0000250743  -0.0001094945   0.0000609311
       -0.0000242813  -0.0001009739   0.0000728011  -0.0000714294  -0.0000615798
       -0.0001513926  -0.0000851231   0.0001002570  -0.0003573846  -0.0003350930
        0.0003289711   0.0003555328  -0.0043913290   0.0007893403   0.0003031604
        0.0002343098   0.0012755874  -0.0030527196   0.0046247585  -0.0096494569
       -0.0184020324   0.0863611566  -0.0843411374   0.0011891398   0.0001522110
       -0.0017060515   0.0000729846   0.0005088294  -0.0011252617
       -0.0003673345  -0.0002790807   0.0001436078   0.0001765182   0.0001694077
       -0.0005481133   0.0000685537   0.0003536951   0.0003022694  -0.0009750526
        0.0008305878  -0.0005076038  -0.0426568922   0.0767566965  -0.2393026236
       -0.0004681436   0.0039044560  -0.0217532256   0.0000433746   0.0002002648
        0.0004786157  -0.0000536384  -0.0000637130   0.0000057191   0.0001045157
       -0.0000408227  -0.0000317943   0.0000905255   0.0001209324  -0.0000064232
       -0.0000176537  -0.0001081819   0.0000881779   0.0001041402   0.0000859626
       -0.0000626978   0.0004192275   0.0004272098   0.0001040842   0.0004376242
       -0.0013093266   0.0019358164  -0.0071549070   0.0040247156  -0.0151391356
        0.0468468596  -0.0843411374   0.2766251272   0.0037912237  -0.0007551611
       -0.0032151309  -0.0003889410   0.0000234951   0.0008833305
       -0.0022237354  -0.0042358089  -0.0004431800  -0.0101227418  -0.0057992295
       -0.0179453675   0.0003536641   0.0003378629  -0.0001185110  -0.0003485218
        0.0002555091   0.0004301761   0.0041037042   0.0029887586   0.0220663651
       -0.0708697433  -0.0089677144  -0.0792269237  -0.0000632077   0.0000654045
        0.0003231760  -0.0009650148  -0.0003694208  -0.0009653281   0.0001939425
       -0.0000840658   0.0001271488  -0.0002894388   0.0001277465  -0.0005188350
        0.0001516856  -0.0000047912   0.0000398949  -0.0001364100   0.0000048704
        0.0001186046  -0.0000646370  -0.0000410112   0.0001232424  -0.0000850395
        0.0001527872  -0.0000182503   0.0011292168  -0.0000223456   0.0015629778
       -0.0024179238   0.0011891398   0.0037912237   0.0882434841   0.0138850756
        0.0875175616  -0.0065892833   0.0005172327  -0.0168639756
       -0.0023959501  -0.0035897940  -0.0001347730  -0.0119596747  -0.0052840405
       -0.0216128388  -0.0003519099   0.0000555640  -0.0003374012   0.0004951495
       -0.0002827640   0.0000464351  -0.0021020940   0.0003886683  -0.0068480476
       -0.0086807782  -0.0482813124  -0.0275071947   0.0000961389  -0.0000877084
        0.0000436027  -0.0010074819  -0.0001220458  -0.0010433591  -0.0000257599
       -0.0000652066   0.0001685399   0.0000465792   0.0008367391  -0.0004898679
        0.0000444951  -0.0006002926   0.0002089319   0.0000628900   0.0000568533
        0.0002213812   0.0000741134  -0.0001347794  -0.0000472993   0.0000026383
       -0.0000765901   0.0001010887  -0.0004012348   0.0006876505   0.0004176394
        0.0005484082   0.0001522110  -0.0007551611   0.0138850756   0.0549120445
        0.0322222936   0.0116693952   0.0014348032   0.0253460303
       -0.0006423831  -0.0010311927   0.0010294100  -0.0024026788  -0.0009389860
       -0.0022519125   0.0000515282   0.0003500370   0.0004418783   0.0003280650
       -0.0001179306  -0.0004424425  -0.0022656764  -0.0025969878  -0.0222347838
       -0.0788532477  -0.0277616401  -0.2389067228   0.0001165919   0.0001138129
        0.0002118104  -0.0002899673  -0.0001343819  -0.0002844384   0.0001225805
       -0.0000004289  -0.0000392337   0.0003172155   0.0003368187   0.0010654062
        0.0000533606  -0.0002338620   0.0001861742   0.0000995714   0.0000463233
        0.0000556789   0.0001463845   0.0000112316  -0.0001252520   0.0000573849
       -0.0001025610   0.0000883854  -0.0003278404   0.0002741912   0.0010259187
        0.0034989102  -0.0017060515  -0.0032151309   0.0875175616   0.0322222936
        0.2772585847  -0.0075273605   0.0012693143  -0.0138633301
        0.0009549049  -0.0007234298   0.0004163628   0.0076551299  -0.0147311418
        0.0047054536  -0.0013865324  -0.0030013966  -0.0000312952  -0.0026212299
        0.0012930840   0.0017347541  -0.0119367915   0.0190263957  -0.0038388922
       -0.0940035632   0.0930096395  -0.0352631526  -0.0000091093   0.0001498016
        0.0000671483   0.0000172150   0.0000615106   0.0001456164  -0.0004494928
       -0.0001372958  -0.0001249155  -0.0004080429  -0.0002116148   0.0001394301
       -0.0001313536  -0.0000772524   0.0000993881   0.0004607544  -0.0007239966
       -0.0000405406  -0.0001002898   0.0005867530   0.0000252368  -0.0001055805
        0.0003656421   0.0001208495  -0.0015556014   0.0002502822   0.0007932564
        0.0011843664   0.0000729846  -0.0003889410  -0.0065892833   0.0116693952
       -0.0075273605   0.1090245000  -0.1068793609   0.0389676013
        0.0012260726   0.0013392468   0.0005760859   0.0093798523  -0.0222353725
        0.0069515838  -0.0020151238  -0.0051836871  -0.0007433879   0.0007024879
       -0.0012044283  -0.0005320419   0.0044104273  -0.0055448837   0.0015226043
        0.0926371124  -0.2019421504   0.0586237634   0.0000706259  -0.0002814034
       -0.0003316254   0.0002655220   0.0003047287   0.0001062473  -0.0008551423
        0.0001065467  -0.0001992779  -0.0003408873  -0.0007386129   0.0003565721
       -0.0000200248   0.0000611104  -0.0000403026   0.0008253187  -0.0013468893
       -0.0001384795  -0.0000334065  -0.0003522663  -0.0000281113   0.0000558317
       -0.0002972725  -0.0000878745   0.0004134412  -0.0004894464  -0.0002456196
       -0.0003599791   0.0005088294   0.0000234951   0.0005172327   0.0014348032
        0.0012693143  -0.1068793609   0.2358611477  -0.0670829455
       -0.0001033757  -0.0009723705   0.0004971272  -0.0007731223   0.0016683096
        0.0001609441   0.0009391137  -0.0000008473   0.0000366779   0.0023316425
       -0.0022085570  -0.0012260617   0.0096542444  -0.0142973697   0.0034460340
       -0.0361757915   0.0602568827  -0.0648341728   0.0001490896  -0.0002030988
       -0.0001616450  -0.0000651024  -0.0000021030  -0.0001933916  -0.0001464786
       -0.0001593775   0.0002624760   0.0001470037   0.0001179013  -0.0002546975
        0.0001305179  -0.0002139822   0.0000473476  -0.0000200846   0.0000860398
        0.0001455267   0.0001569870  -0.0006399100  -0.0000826939   0.0001160267
       -0.0003316698  -0.0000764420   0.0007867585  -0.0002376707  -0.0004340794
        0.0007689453  -0.0011252617   0.0008833305  -0.0168639756   0.0253460303
       -0.0138633301   0.0389676013  -0.0670829455   0.0756470501
