           1           2   1.01091679244200     
           2           3  0.996024066117092     
           3           4   1.00517048985166     
           4           5   1.00163404283447     
           2           6  0.996023578886597     
           5           6   1.00516711485213     
           1           7  0.985852721785689     
           1           8  0.986523152141012     
           1           9  0.986523910321033     
           2          10  0.971638766461438     
           3          11  0.981075755784137     
           3          12  0.979395221959280     
           4          13  0.983463617370384     
           4          14  0.983538321251535     
           5          15  0.983464973905144     
           5          16  0.983540185143292     
           6          17  0.981077419059998     
           6          18  0.979397078502279     
