$hessian                                                                        
        0.4589696759   0.0074337612   0.0058557879  -0.1943467848   0.0306532098
        0.0128680837  -0.0219117257  -0.0032083595   0.0013182780   0.0000746655
        0.0006932549  -0.0000069546  -0.0002755583   0.0003466079   0.0000689633
       -0.0000524778   0.0000208176   0.0000086606  -0.0007640585   0.0002043106
        0.0000854417  -0.0009500638  -0.0022407670  -0.0000915338   0.0002071466
        0.0002173824   0.0000251318   0.0001192444  -0.0000557912  -0.0000138614
       -0.0000599088  -0.0000616717  -0.0000030119  -0.0001873587  -0.0001837047
       -0.0000138912  -0.0999366653  -0.1039150231  -0.0072882275  -0.0642988257
        0.0438857686  -0.0542459819  -0.0500869393   0.0185520065   0.0387723984
       -0.0108596746   0.0034073788   0.0038673539  -0.0148276597   0.0050706264
       -0.0012072485  -0.0004211512  -0.0004898154   0.0000217699   0.0000387542
        0.0000083130   0.0000019178   0.0000099640  -0.0000280599  -0.0000065087
       -0.0002559604  -0.0002334698  -0.0000216066  -0.0000374901  -0.0000357399
       -0.0000007697  -0.0000437476  -0.0000283990  -0.0000000679  -0.0001034004
       -0.0000126365   0.0000058768
        0.0074337612   0.5213038305  -0.0010020077   0.0280502446  -0.0714390770
       -0.0024968178  -0.0227233557   0.0038159610   0.0020473660  -0.0002098239
       -0.0008362592   0.0000397080  -0.0002497673   0.0009096671   0.0000928227
       -0.0003186124   0.0000082031   0.0000188735  -0.0012470446  -0.0001683573
        0.0000475111  -0.0019824431  -0.0036226646  -0.0003645258   0.0000310107
       -0.0005644688  -0.0000876481   0.0001948811   0.0001544244   0.0000020441
        0.0001144268  -0.0000805779  -0.0000161670  -0.0000253568  -0.0001216745
       -0.0000020751  -0.1031799235  -0.2232157573  -0.0118540510   0.0439359682
       -0.1302513959   0.1059297616   0.0187074838  -0.0866900863  -0.0892260268
        0.0142875302  -0.0031948321  -0.0030965525   0.0198625854  -0.0051938717
       -0.0000990975  -0.0023182689  -0.0013009034  -0.0000343385  -0.0000288790
        0.0000520420   0.0000048405  -0.0002206526  -0.0000384627   0.0000178368
        0.0001482963   0.0003596516   0.0000499991  -0.0000606558   0.0000930751
        0.0000143734  -0.0000368618   0.0000583505   0.0000083644  -0.0001645427
       -0.0000368165   0.0000058069
        0.0058557879  -0.0010020077   0.5248086314   0.0125733277  -0.0027217811
       -0.0688694475  -0.0008592644   0.0006176509   0.0007126307  -0.0001000766
       -0.0000355636  -0.0009411127   0.0000168720   0.0000510105   0.0002011333
       -0.0000335968  -0.0000237146   0.0000378824  -0.0000752962  -0.0000370631
        0.0001566145  -0.0000734684  -0.0003397497   0.0009681507  -0.0000060302
       -0.0001112023   0.0002032503   0.0000186451   0.0000202470   0.0000125477
        0.0000230751  -0.0000075274   0.0000055463  -0.0000094075   0.0000105595
       -0.0000845753  -0.0072160868  -0.0117960681  -0.0457245264  -0.0537110454
        0.1058598496  -0.1754613451   0.0382655525  -0.0891565976  -0.2332426830
        0.0265565411  -0.0077319069  -0.0045295706  -0.0210312564   0.0064603086
        0.0014056762  -0.0001759578  -0.0001592713   0.0005269480  -0.0000061189
        0.0000029891   0.0000155230  -0.0000254093   0.0000076602  -0.0000480945
        0.0000256899   0.0000774750  -0.0001743597  -0.0000045121   0.0000126862
       -0.0000007236  -0.0000005095   0.0000061807   0.0000093557  -0.0000074551
       -0.0000041639   0.0000125481
       -0.1943467848   0.0280502446   0.0125733277   0.4766593213  -0.0113760632
        0.0007053355  -0.1121920741  -0.0649426290  -0.0034491370   0.0065793820
        0.0023900800  -0.0000095910  -0.0006354198   0.0021057003   0.0009294485
       -0.0000331329  -0.0002967864  -0.0000328104  -0.0040533779   0.0022173426
        0.0009061996  -0.0246636005  -0.0221332961  -0.0006703160   0.0000051568
       -0.0002375522  -0.0001886312   0.0000550736  -0.0008262979  -0.0000915014
       -0.0000051785   0.0000466441  -0.0000284505  -0.0007989875  -0.0011184829
       -0.0000731012  -0.0216631278   0.0011740644   0.0017866959  -0.0137230768
        0.0053540382  -0.0019710765  -0.0095131434   0.0037449018   0.0045662949
       -0.0438593029   0.0160974099   0.0283378663  -0.0546276870   0.0391751726
       -0.0433240945  -0.0003046230   0.0005044778  -0.0001425074   0.0002285034
        0.0005518671   0.0000251268  -0.0000180987  -0.0000327276  -0.0001429697
       -0.0023655718  -0.0003254805   0.0002112482  -0.0000548283   0.0000229917
        0.0000268430  -0.0001723319  -0.0000572157   0.0000053516  -0.0004970895
       -0.0000884035   0.0000504487
        0.0306532098  -0.0714390770  -0.0027217811  -0.0113760632   0.4729196803
       -0.0026072299  -0.0609057830  -0.1505905270  -0.0055148316  -0.0140182603
       -0.0319165603  -0.0027908772   0.0028357687  -0.0025130143  -0.0014670703
       -0.0002418716  -0.0011360682  -0.0001060140   0.0017183345   0.0016388432
       -0.0005058745  -0.0079592574   0.0020322377   0.0007906127   0.0017871899
       -0.0018361173  -0.0000850562  -0.0009293710  -0.0000126200   0.0000718706
        0.0001960423   0.0004377241   0.0000891914   0.0004089958   0.0000107944
       -0.0000150627  -0.0256287577   0.0032329325   0.0022486446   0.0194926483
       -0.0045372588  -0.0004640402   0.0138162596  -0.0030238920  -0.0026171813
        0.0140006635  -0.0848484151  -0.0882227961   0.0364109506  -0.1289791670
        0.1034822809  -0.0009956814   0.0008367952   0.0004872262  -0.0007270122
       -0.0010930962  -0.0000334083   0.0000231407   0.0001277451   0.0002210296
        0.0011353218   0.0005114335  -0.0001540789   0.0000403095  -0.0000197265
       -0.0000344226   0.0000901826   0.0000784556  -0.0000045713   0.0001730401
        0.0001188982  -0.0000465600
        0.0128680837  -0.0024968178  -0.0688694475   0.0007053355  -0.0026072299
        0.5021215084  -0.0029663645  -0.0051923556  -0.0608558446  -0.0018049323
       -0.0039373516   0.0022716962   0.0010032020  -0.0014040357   0.0088909196
       -0.0000234064  -0.0001091931  -0.0000447060   0.0008531354  -0.0005441964
        0.0051147090   0.0008762617   0.0017936344   0.0002419126   0.0000552401
        0.0000463449  -0.0022249779  -0.0001094373   0.0000670044  -0.0000129397
       -0.0000116858   0.0001023824  -0.0004658874   0.0000903810   0.0000908392
       -0.0001076524  -0.0011677675   0.0002209709   0.0005460557  -0.0221288890
        0.0049091809   0.0015416569   0.0273781175  -0.0061958747  -0.0042219573
        0.0266399085  -0.0909396242  -0.2176127442  -0.0422062545   0.1057875097
       -0.1628367408  -0.0002993932   0.0003883214  -0.0029838363  -0.0001144125
       -0.0001295920  -0.0002788764  -0.0001332848   0.0002285457  -0.0019048978
        0.0003605715  -0.0000299730   0.0010090629   0.0000269627  -0.0000351477
        0.0002666543   0.0000250907   0.0000083983   0.0000343785   0.0000835376
       -0.0000217404   0.0003819543
       -0.0219117257  -0.0227233557  -0.0008592644  -0.1121920741  -0.0609057830
       -0.0029663645   0.5649651644  -0.0336337767  -0.0332610465  -0.1287377892
        0.0573066650   0.0121737801   0.0495020838   0.0091249789  -0.0025711792
       -0.0320616877   0.0247616121   0.0047221146  -0.0251680696  -0.0462080512
       -0.0032184663  -0.2451144996   0.0189644398   0.0155781546  -0.0400076763
        0.0331568123   0.0064593402   0.0204238777   0.0088932590  -0.0000458518
       -0.0040359213  -0.0151956746  -0.0013970170  -0.0112172368   0.0033040545
        0.0015977664  -0.0059662199   0.0006264824   0.0005501064   0.0008999224
       -0.0000877276   0.0002017343   0.0009088435   0.0000013073  -0.0003280158
        0.0020344570  -0.0017182137  -0.0015235568   0.0040313615   0.0011632562
        0.0009364791  -0.0148985895   0.0278695867   0.0041442617  -0.0014301574
       -0.0037876657   0.0001241806  -0.0000374024   0.0006660705   0.0000836324
        0.0006116876  -0.0016125194  -0.0003461596  -0.0001956037  -0.0001209692
        0.0000183274   0.0002913450  -0.0001309483  -0.0001370500  -0.0006940898
        0.0002861601   0.0000640940
       -0.0032083595   0.0038159610   0.0006176509  -0.0649426290  -0.1505905270
       -0.0051923556  -0.0336337767   0.6680822845   0.0591787340   0.1245748226
       -0.3199573956  -0.0387977983  -0.0432045460  -0.0640472074  -0.0038343355
        0.0314537967  -0.0160721127  -0.0035949589  -0.0247708777   0.0273601320
        0.0046756733  -0.0072605601  -0.0720042611  -0.0013949765   0.0396128009
       -0.0153812129  -0.0044749483  -0.0089610048  -0.0091437673  -0.0010209710
        0.0018486825   0.0085345086   0.0008181145   0.0030749843  -0.0081312223
       -0.0017938070   0.0017666998   0.0003832970  -0.0001703589   0.0004117825
        0.0003705321   0.0003280724   0.0003113878   0.0004167630  -0.0003290816
       -0.0093276176  -0.0197239472  -0.0052402388  -0.0114816701  -0.0252385479
        0.0018199684   0.0057516294  -0.0050100953  -0.0010248386  -0.0032324689
       -0.0031720457  -0.0007912528   0.0006626279   0.0003868924  -0.0000180900
        0.0002630723  -0.0000488398   0.0001864482   0.0014924694  -0.0006103327
       -0.0002002018   0.0001540696  -0.0000449601   0.0001472390  -0.0013553153
       -0.0001738955   0.0001063130
        0.0013182780   0.0020473660   0.0007126307  -0.0034491370  -0.0055148316
       -0.0608558446  -0.0332610465   0.0591787340   0.1564801581   0.0195217584
       -0.0340566928  -0.0500413332  -0.0082817516  -0.0075458200  -0.0011209060
        0.0054504268  -0.0031158612  -0.0042104944  -0.0008949298   0.0062026363
        0.0012019122   0.0127442917  -0.0032586566  -0.0557956028   0.0071687047
       -0.0040198473  -0.0009321174  -0.0020069077  -0.0022768799   0.0058129219
        0.0004729764   0.0020187947   0.0000598362   0.0015786498  -0.0018120855
        0.0059715870   0.0006850116  -0.0000649733   0.0004868503  -0.0003215037
       -0.0002537892   0.0001289239   0.0002884751   0.0003305636   0.0001192950
       -0.0136807275  -0.0233845979  -0.0023135235   0.0108510024   0.0184974333
        0.0012043299   0.0017249025  -0.0025852946   0.0001983502   0.0001840440
       -0.0007461848   0.0060573078   0.0000854915  -0.0000223144   0.0001372535
       -0.0001459311   0.0003112165  -0.0018101797   0.0001935397  -0.0000834849
        0.0002052198  -0.0001080142   0.0001680002  -0.0014636759  -0.0001176035
       -0.0000134307  -0.0002328990
        0.0000746655  -0.0002098239  -0.0001000766   0.0065793820  -0.0140182603
       -0.0018049323  -0.1287377892   0.1245748226   0.0195217584   0.6546535044
       -0.0244649476  -0.0410908386  -0.1651273537  -0.1361910435  -0.0065481659
       -0.0492305477  -0.0172257064   0.0016909368   0.0065678166  -0.0081033129
       -0.0017472472  -0.0176953983   0.0295632279   0.0045723642  -0.0074269670
        0.0017732936   0.0011192250   0.0017502373   0.0020530331   0.0001188091
        0.0000970405  -0.0032368113  -0.0003169422  -0.0042443037   0.0023916822
        0.0005508014  -0.0002084535  -0.0000723223   0.0000247509  -0.0001924309
       -0.0007353541  -0.0003873079  -0.0001419784  -0.0007201962   0.0002852017
       -0.0011620807  -0.0027089404  -0.0005155695  -0.0010678710  -0.0026979223
        0.0000390406  -0.2949346116   0.0414131928   0.0230372237   0.0059828337
        0.0085174267   0.0005964152  -0.0055208923   0.0003432447   0.0010787895
       -0.0000846679  -0.0003929583  -0.0000557059  -0.0003807025   0.0000842040
       -0.0000305802   0.0001384179  -0.0000873104  -0.0000196806   0.0003121506
        0.0001507824  -0.0000182696
        0.0006932549  -0.0008362592  -0.0000355636   0.0023900800  -0.0319165603
       -0.0039373516   0.0573066650  -0.3199573956  -0.0340566928  -0.0244649476
        0.6586308341   0.0613667358  -0.0585543240  -0.2168383921  -0.0142804156
       -0.0707041174   0.0321961273   0.0083789371   0.0118073182  -0.0437695823
       -0.0049986953   0.0717942706  -0.0163041576  -0.0070186905  -0.0167147601
        0.0165929830   0.0023827133   0.0181809063   0.0071752482  -0.0005219987
       -0.0026636763  -0.0173885575  -0.0017728534  -0.0152044210   0.0090087976
        0.0020682401   0.0006684829  -0.0002782742  -0.0001200684  -0.0000264349
       -0.0001949191   0.0003742165  -0.0000678412  -0.0001636303  -0.0004646546
       -0.0010149136  -0.0016163485   0.0000887471  -0.0011600787  -0.0017360280
       -0.0002206446   0.0418783405  -0.0490272624  -0.0046498418  -0.0150874753
       -0.0252570137  -0.0018285996   0.0012970587   0.0012976797  -0.0009669221
       -0.0002424997   0.0001582487   0.0000663059   0.0000657564   0.0001511921
        0.0001101364  -0.0001255225  -0.0000446481   0.0000010237  -0.0000511211
        0.0001179183   0.0000359368
       -0.0000069546   0.0000397080  -0.0009411127  -0.0000095910  -0.0027908772
        0.0022716962   0.0121737801  -0.0387977983  -0.0500413332  -0.0410908386
        0.0613667358   0.1214526001   0.0019193249  -0.0087967880  -0.0488901552
       -0.0041469383   0.0045911642   0.0020529813   0.0004231388  -0.0035841757
       -0.0060129708   0.0091867073  -0.0040238696   0.0002359646  -0.0009022877
        0.0010663993   0.0057876150   0.0018778049   0.0006087190   0.0001457171
       -0.0002554920  -0.0017284223   0.0003558918  -0.0013624497   0.0008308974
        0.0000727873   0.0001108357  -0.0000587577   0.0003050540   0.0001005591
       -0.0003382651   0.0002723613  -0.0000481228   0.0003426262   0.0002210645
       -0.0005123446  -0.0005812667  -0.0002699883   0.0003863435   0.0006700850
       -0.0002711278   0.0230798599  -0.0046307468  -0.0355945519  -0.0019783606
       -0.0034937254   0.0010185913   0.0011866603  -0.0008955094   0.0090931566
       -0.0000371869   0.0000763173  -0.0002489165  -0.0000283175   0.0001089489
       -0.0008577527  -0.0000231453  -0.0000019099   0.0000315456  -0.0000429850
        0.0000205110  -0.0001891176
       -0.0002755583  -0.0002497673   0.0000168720  -0.0006354198   0.0028357687
        0.0010032020   0.0495020838  -0.0432045460  -0.0082817516  -0.1651273537
       -0.0585543240   0.0019193249   0.6918496453  -0.0266106454  -0.0437879516
       -0.3810309653  -0.0011851541   0.0237586660  -0.0439980983   0.0699996593
        0.0108354607  -0.0409739047  -0.0026708160   0.0022521676   0.0111454922
       -0.0099827407  -0.0018884310  -0.0145309589  -0.0073860581   0.0002491521
        0.0010840975   0.0186702796   0.0019931240   0.0204098676  -0.0094780257
       -0.0020725089   0.0001510294  -0.0001022557  -0.0000175920  -0.0001061801
       -0.0000547607   0.0002420994  -0.0001549384  -0.0000373131  -0.0002420030
       -0.0000132854   0.0000032588   0.0001477493  -0.0001592662  -0.0002035706
       -0.0001489196  -0.0223266769  -0.0230824438  -0.0008507102  -0.0838499871
        0.0915511327   0.0134664597  -0.0216297563  -0.0001859613   0.0015498737
        0.0001287943  -0.0001515806  -0.0000446881   0.0000312246  -0.0001001612
       -0.0000174647   0.0000999435   0.0002079244  -0.0000462484   0.0004101712
       -0.0000278993  -0.0000358821
        0.0003466079   0.0009096671   0.0000510105   0.0021057003  -0.0025130143
       -0.0014040357   0.0091249789  -0.0640472074  -0.0075458200  -0.1361910435
       -0.2168383921  -0.0087967880  -0.0266106454   0.6302966844   0.0582497191
        0.0701789478  -0.0960193512  -0.0107896709   0.0236137367   0.0077044309
       -0.0009650899  -0.0193748043   0.0038819185   0.0023525651   0.0063714337
       -0.0058284510  -0.0010642126  -0.0069293527  -0.0027858987   0.0001279608
        0.0017808138   0.0070437953   0.0006065242   0.0091477925  -0.0091963480
       -0.0022693644   0.0001743634   0.0002414988   0.0000194688  -0.0001479200
       -0.0001172969  -0.0000757519  -0.0001264559  -0.0001335587   0.0000843753
       -0.0004188840  -0.0010066925   0.0001865196  -0.0002584834  -0.0005847360
       -0.0003469477   0.0007901738   0.0018178095   0.0000022854   0.0913573506
       -0.2535946400  -0.0303580054  -0.0249216425   0.0009603157   0.0018195503
        0.0000414430   0.0002468561   0.0000508334  -0.0001203132   0.0001105933
        0.0000186896   0.0002095355  -0.0002915439   0.0000502066  -0.0001433330
       -0.0002564391  -0.0000040221
        0.0000689633   0.0000928227   0.0002011333   0.0009294485  -0.0014670703
        0.0088909196  -0.0025711792  -0.0038343355  -0.0011209060  -0.0065481659
       -0.0142804156  -0.0488901552  -0.0437879516   0.0582497191   0.1225931018
        0.0315509947  -0.0057411016  -0.0453871715   0.0057738672  -0.0042456516
        0.0003997740   0.0004238637   0.0011592601  -0.0049579798  -0.0001103366
        0.0000950172  -0.0001825457   0.0003066343   0.0001629379   0.0004791174
        0.0001412655  -0.0005879693   0.0002429790  -0.0000411508  -0.0009511547
        0.0055882900   0.0000086467   0.0000324389   0.0000221800   0.0000559496
        0.0001370392  -0.0000780284  -0.0000772853  -0.0001437389  -0.0000457826
        0.0009170693   0.0016149958   0.0002651583  -0.0009562243  -0.0017974292
       -0.0000158335   0.0017561562   0.0016971764   0.0012999311   0.0134528940
       -0.0303721922  -0.0386791974  -0.0011604478   0.0000651821   0.0005511342
       -0.0000210992   0.0000638642  -0.0002353610  -0.0000139375   0.0000177823
        0.0000210730  -0.0000447347   0.0000474648  -0.0008487697  -0.0000532401
       -0.0000146418  -0.0001130608
       -0.0000524778  -0.0003186124  -0.0000335968  -0.0000331329  -0.0002418716
       -0.0000234064  -0.0320616877   0.0314537967   0.0054504268  -0.0492305477
       -0.0707041174  -0.0041469383  -0.3810309653   0.0701789478   0.0315509947
        0.7139648992   0.0174721930  -0.0406198546  -0.0915315094   0.0416151499
        0.0073778327   0.0408561396  -0.0060962353  -0.0034675232  -0.0095728901
        0.0028888626   0.0014324611   0.0110115333   0.0068160112  -0.0000414162
       -0.0067039458  -0.0170147520  -0.0009701520  -0.0421260955   0.0425213369
        0.0076662741   0.0000644366  -0.0000809955  -0.0000114923   0.0002104030
       -0.0000079324   0.0002104284   0.0001715964   0.0000345942  -0.0002359128
        0.0001475957   0.0002228542  -0.0000278832   0.0001526008   0.0002095137
        0.0000591529  -0.0014346548  -0.0032059042   0.0001749088  -0.0145590077
        0.0041777809   0.0015362072  -0.1380134675  -0.1225790397  -0.0059488123
        0.0001570032  -0.0009773322  -0.0001339573   0.0000413167   0.0001674304
       -0.0000840942  -0.0010592459   0.0014161934   0.0002477899   0.0006321035
        0.0020521279   0.0000385630
        0.0000208176   0.0000082031  -0.0000237146  -0.0002967864  -0.0011360682
       -0.0001091931   0.0247616121  -0.0160721127  -0.0031158612  -0.0172257064
        0.0321961273   0.0045911642  -0.0011851541  -0.0960193512  -0.0057411016
        0.0174721930   0.6069655319   0.0528305293   0.0749941148  -0.2580550637
       -0.0278493489  -0.0273679008  -0.0401999224  -0.0025850177   0.0034875506
       -0.0086922006  -0.0018897553  -0.0105707466  -0.0067676702   0.0000244093
        0.0011728649   0.0179033171   0.0012137233   0.0339259324  -0.0199464946
       -0.0046464633   0.0000864401   0.0000184709   0.0000030283  -0.0000329981
        0.0000177927   0.0000205042  -0.0000346195   0.0000248283  -0.0000034769
       -0.0002655175   0.0000078496   0.0001849892  -0.0002875136   0.0000447614
       -0.0001354437  -0.0038275222  -0.0031193280  -0.0007273911   0.0286953876
       -0.0060980843  -0.0027628647  -0.1213719032  -0.2017833705  -0.0098799812
        0.0004501535  -0.0008916848  -0.0001069873  -0.0002092508   0.0002444998
        0.0002078126  -0.0002989592   0.0000755418   0.0000046698  -0.0020924880
        0.0012744273   0.0004957704
        0.0000086606   0.0000188735   0.0000378824  -0.0000328104  -0.0001060140
       -0.0000447060   0.0047221146  -0.0035949589  -0.0042104944   0.0016909368
        0.0083789371   0.0020529813   0.0237586660  -0.0107896709  -0.0453871715
       -0.0406198546   0.0528305293   0.1201131417   0.0110208475  -0.0254804703
       -0.0549856856  -0.0057897391  -0.0041054226   0.0012322942   0.0014999313
       -0.0018453451   0.0059920656  -0.0019358643  -0.0012060696  -0.0001171238
        0.0010231478   0.0025003247   0.0061861818   0.0067265168  -0.0052559116
       -0.0002847957   0.0000040392   0.0000097747  -0.0000178396  -0.0000068757
        0.0000187732  -0.0000226441  -0.0000296768  -0.0000132642   0.0000054761
       -0.0000444328  -0.0000002130   0.0000259356  -0.0000364018  -0.0000254115
       -0.0000187488   0.0001098876  -0.0007699825   0.0059263035   0.0042075062
       -0.0010366598   0.0002801062  -0.0058119261  -0.0097958735  -0.0333593997
        0.0000220391  -0.0000022695  -0.0002319505  -0.0001298785   0.0001766527
       -0.0014476125   0.0000564651  -0.0001152630   0.0001977416  -0.0004132985
        0.0002089345  -0.0019219376
       -0.0007640585  -0.0012470446  -0.0000752962  -0.0040533779   0.0017183345
        0.0008531354  -0.0251680696  -0.0247708777  -0.0008949298   0.0065678166
        0.0118073182   0.0004231388  -0.0439980983   0.0236137367   0.0057738672
       -0.0915315094   0.0749941148   0.0110208475   0.6390853248  -0.0167952444
       -0.0374010967  -0.1622638907  -0.0721101979  -0.0003978108   0.0436965313
       -0.0274524718  -0.0060005586  -0.0430448170  -0.0219480923   0.0002089259
       -0.0203768523   0.0765638155   0.0098935393  -0.2771288292  -0.0113315263
        0.0146281104  -0.0004244559   0.0000212564   0.0000304950   0.0000644544
       -0.0000156179   0.0000542858   0.0000556542   0.0000091387  -0.0000652748
        0.0000603965   0.0001123798  -0.0000478913  -0.0000005436   0.0000208728
        0.0000604186   0.0007140178  -0.0000871082  -0.0000739089  -0.0058083227
        0.0012519912   0.0012379153   0.0052711245  -0.0165833956  -0.0021136600
       -0.0002910850   0.0031678748   0.0007770465  -0.0004047161  -0.0004968206
       -0.0000493889   0.0005144922   0.0017565274   0.0008389799  -0.0207711861
       -0.0021989635   0.0013191104
        0.0002043106  -0.0001683573  -0.0000370631   0.0022173426   0.0016388432
       -0.0005441964  -0.0462080512   0.0273601320   0.0062026363  -0.0081033129
       -0.0437695823  -0.0035841757   0.0699996593   0.0077044309  -0.0042456516
        0.0416151499  -0.2580550637  -0.0254804703  -0.0167952444   0.6281511312
        0.0550890738  -0.0745921946  -0.2016238547  -0.0106249320  -0.0041393851
       -0.0434382162  -0.0045926835  -0.0035725892   0.0035605806   0.0012893077
        0.0298012897  -0.0134284857  -0.0036684533   0.0229367524  -0.0742663979
       -0.0040974388   0.0001277778  -0.0000382185  -0.0000178356   0.0001265352
       -0.0000112425   0.0001373683   0.0001194458   0.0000300304  -0.0001583882
        0.0001642940  -0.0003440145  -0.0002329874   0.0002996520  -0.0002473328
        0.0001363175  -0.0000875580  -0.0004949971  -0.0000206749   0.0000289613
        0.0014874975  -0.0009120604   0.0053223415  -0.0255108593  -0.0032652584
        0.0022012457  -0.0044159428  -0.0012787139  -0.0004038295   0.0006808960
        0.0001236992   0.0028241425  -0.0046546693  -0.0017645665  -0.0240867354
       -0.0001463073   0.0015471471
        0.0000854417   0.0000475111   0.0001566145   0.0009061996  -0.0005058745
        0.0051147090  -0.0032184663   0.0046756733   0.0012019122  -0.0017472472
       -0.0049986953  -0.0060129708   0.0108354607  -0.0009650899   0.0003997740
        0.0073778327  -0.0278493489  -0.0549856856  -0.0374010967   0.0550890738
        0.1434042586  -0.0007008920  -0.0107748010  -0.0574941049  -0.0034367737
       -0.0029664839   0.0011325740   0.0022169045   0.0025837550  -0.0058039525
        0.0047656993  -0.0069692497  -0.0000922378   0.0184010952  -0.0016807096
       -0.0531298743   0.0000392886  -0.0000017523  -0.0000369420   0.0000440202
        0.0000203719   0.0000037385  -0.0000271965  -0.0000163148  -0.0000190102
        0.0005224566   0.0005619974   0.0000062719  -0.0004725042  -0.0006265535
       -0.0000211367  -0.0000756594  -0.0000213600  -0.0002346145   0.0011017892
       -0.0009897773   0.0095666016   0.0002731335  -0.0017152331   0.0007186899
        0.0006744558  -0.0013474073   0.0056257701  -0.0000322384   0.0001351642
       -0.0002211269   0.0009513865  -0.0016873386   0.0093954859  -0.0010830897
        0.0000024430   0.0013252560
       -0.0009500638  -0.0019824431  -0.0000734684  -0.0246636005  -0.0079592574
        0.0008762617  -0.2451144996  -0.0072605601   0.0127442917  -0.0176953983
        0.0717942706   0.0091867073  -0.0409739047  -0.0193748043   0.0004238637
        0.0408561396  -0.0273679008  -0.0057897391  -0.1622638907  -0.0745921946
       -0.0007008920   0.6161485690  -0.0111661355  -0.0352251144  -0.0971809276
        0.0771701210   0.0116854679  -0.0439656065   0.0224072614   0.0056157727
        0.0071863800   0.0117943964   0.0003809598  -0.0248974982  -0.0249157309
       -0.0008980723  -0.0008195283   0.0002298134   0.0000890884  -0.0001965976
       -0.0000429234  -0.0001311222  -0.0001930034  -0.0000715436   0.0001364450
       -0.0004706476   0.0006557099   0.0004994365  -0.0005006119   0.0007672116
       -0.0001982761   0.0001015581   0.0015291792   0.0008145851  -0.0003816257
       -0.0005385409  -0.0000531569  -0.0003386814   0.0030300261   0.0007534585
        0.0066609172  -0.0154349884  -0.0020913989  -0.0056499345   0.0010034044
        0.0011812712   0.0007517230   0.0000094411  -0.0000651322  -0.0054492666
        0.0003161879   0.0008387630
       -0.0022407670  -0.0036226646  -0.0003397497  -0.0221332961   0.0020322377
        0.0017936344   0.0189644398  -0.0720042611  -0.0032586566   0.0295632279
       -0.0163041576  -0.0040238696  -0.0026708160   0.0038819185   0.0011592601
       -0.0060962353  -0.0401999224  -0.0041054226  -0.0721101979  -0.2016238547
       -0.0107748010  -0.0111661355   0.6170440167   0.0534466224   0.0430493779
       -0.2476166848  -0.0245400443   0.0703635656   0.0098987405  -0.0039775036
       -0.0072723918  -0.0458105952  -0.0038718778  -0.0478059220   0.0270584563
        0.0062375864  -0.0013733534   0.0000827704   0.0001044674   0.0001990768
       -0.0001311795  -0.0000353613   0.0002323587  -0.0001317071  -0.0000181944
       -0.0005537575  -0.0001551484  -0.0001934745  -0.0005480604  -0.0002077331
        0.0000957110   0.0024557149  -0.0050268109  -0.0017271950  -0.0003511180
        0.0006168951   0.0001243011   0.0018447884  -0.0043876243  -0.0012147572
        0.0062141184  -0.0250895475  -0.0032903616  -0.0000559917   0.0014051490
       -0.0008880988  -0.0001129780  -0.0005784008  -0.0000308219   0.0016043522
        0.0008701078  -0.0006713930
       -0.0000915338  -0.0003645258   0.0009681507  -0.0006703160   0.0007906127
        0.0002419126   0.0155781546  -0.0013949765  -0.0557956028   0.0045723642
       -0.0070186905   0.0002359646   0.0022521676   0.0023525651  -0.0049579798
       -0.0034675232  -0.0025850177   0.0012322942  -0.0003978108  -0.0106249320
       -0.0574941049  -0.0352251144   0.0534466224   0.1442885487   0.0079343149
       -0.0269316873  -0.0551501638   0.0108786613  -0.0005866189   0.0000167841
       -0.0017136418  -0.0052293133  -0.0061649188  -0.0034169754   0.0046234646
        0.0016385605  -0.0000866832  -0.0000149799   0.0000766304   0.0001652408
        0.0000037596  -0.0000497052  -0.0000974867  -0.0000130048  -0.0000494036
       -0.0000565911  -0.0002832355   0.0005106250   0.0000960771   0.0000088155
        0.0006188791   0.0009137729  -0.0016606007   0.0089611454  -0.0000331159
        0.0001396294  -0.0002965639   0.0006170309  -0.0013010397   0.0053806587
        0.0002870969  -0.0017783954   0.0008340545   0.0010612957  -0.0009581712
        0.0093209944  -0.0000797728  -0.0000398325  -0.0002167357   0.0009803881
       -0.0005804476   0.0058499755
        0.0002071466   0.0000310107  -0.0000060302   0.0000051568   0.0017871899
        0.0000552401  -0.0400076763   0.0396128009   0.0071687047  -0.0074269670
       -0.0167147601  -0.0009022877   0.0111454922   0.0063714337  -0.0001103366
       -0.0095728901   0.0034875506   0.0014999313   0.0436965313  -0.0041393851
       -0.0034367737  -0.0971809276   0.0430493779   0.0079343149   0.6982813951
        0.0216681637  -0.0387605547  -0.3703594936   0.0663098306   0.0302656924
       -0.0474333623  -0.0722744138  -0.0044926704  -0.0341917518   0.0308875552
        0.0055289626   0.0000246095  -0.0000297008  -0.0000075384  -0.0000590584
        0.0000266785   0.0001492673  -0.0000875693   0.0000750645  -0.0001222884
       -0.0007761141   0.0003146159   0.0000440983  -0.0007515299   0.0003062862
        0.0001687550  -0.0008792847   0.0014560533   0.0002345688   0.0000531503
        0.0000750831  -0.0000926874   0.0000740231  -0.0010863183  -0.0001314763
       -0.1282479676  -0.1226354161  -0.0067662460  -0.0151520988   0.0040721287
        0.0015574590  -0.0014014690  -0.0032656745   0.0001719784   0.0000406558
        0.0006148454   0.0000499169
        0.0002173824  -0.0005644688  -0.0001112023  -0.0002375522  -0.0018361173
        0.0000463449   0.0331568123  -0.0153812129  -0.0040198473   0.0017732936
        0.0165929830   0.0010663993  -0.0099827407  -0.0058284510   0.0000950172
        0.0028888626  -0.0086922006  -0.0018453451  -0.0274524718  -0.0434382162
       -0.0029664839   0.0771701210  -0.2476166848  -0.0269316873   0.0216681637
        0.6122396328   0.0531184851  -0.0068051875  -0.0959501608  -0.0052400692
       -0.0178244380   0.0321847427   0.0046459522   0.0239742287  -0.0168340899
       -0.0031262443  -0.0002307680  -0.0000952501   0.0000119078  -0.0000511091
        0.0000769658  -0.0000934473  -0.0000218597   0.0000245759   0.0001049260
       -0.0007720089   0.0003482205  -0.0005052412  -0.0007668867   0.0002240713
        0.0006356988  -0.0002824925   0.0001265672   0.0000158711  -0.0002013325
        0.0002431428   0.0002015822   0.0004874091  -0.0009561287  -0.0001278263
       -0.1218745364  -0.2161489608  -0.0115290869   0.0283471913  -0.0057967999
       -0.0026844708  -0.0038821631  -0.0033282206  -0.0007701196   0.0007020823
        0.0004060602   0.0000088870
        0.0000251318  -0.0000876481   0.0002032503  -0.0001886312  -0.0000850562
       -0.0022249779   0.0064593402  -0.0044749483  -0.0009321174   0.0011192250
        0.0023827133   0.0057876150  -0.0018884310  -0.0010642126  -0.0001825457
        0.0014324611  -0.0018897553   0.0059920656  -0.0060005586  -0.0045926835
        0.0011325740   0.0116854679  -0.0245400443  -0.0551501638  -0.0387605547
        0.0531184851   0.1227826857   0.0222615453  -0.0104024260  -0.0463610589
        0.0014703608   0.0084920112   0.0019869599   0.0047710498  -0.0036162146
       -0.0044094440  -0.0000265933  -0.0000096017   0.0000066288   0.0000997268
       -0.0000536778   0.0000152431  -0.0000887733   0.0000463784   0.0000827328
       -0.0003340639   0.0000055378   0.0001844232   0.0003114379  -0.0000462153
        0.0002510986   0.0000407516  -0.0001066374   0.0001384174  -0.0001278488
        0.0001777591  -0.0014052530   0.0000418414  -0.0000158121  -0.0001062922
       -0.0066868735  -0.0114636190  -0.0338253364   0.0042117739  -0.0009803335
        0.0001051054   0.0001078228  -0.0008127687   0.0060856512   0.0000643921
        0.0000187695  -0.0001572616
        0.0001192444   0.0001948811   0.0000186451   0.0000550736  -0.0009293710
       -0.0001094373   0.0204238777  -0.0089610048  -0.0020069077   0.0017502373
        0.0181809063   0.0018778049  -0.0145309589  -0.0069293527   0.0003066343
        0.0110115333  -0.0105707466  -0.0019358643  -0.0430448170  -0.0035725892
        0.0022169045  -0.0439656065   0.0703635656   0.0108786613  -0.3703594936
       -0.0068051875   0.0222615453   0.6799320632  -0.0208000809  -0.0421480931
       -0.1653280887  -0.0587819948   0.0017421362   0.0512517044  -0.0426681184
       -0.0081971886   0.0000484969   0.0000128706  -0.0000037741  -0.0000482648
        0.0000185171  -0.0000110267  -0.0000449679   0.0000181696   0.0000201116
       -0.0002839171   0.0000032378   0.0002138643  -0.0003214712   0.0000539792
       -0.0001679440   0.0000247457   0.0002151554  -0.0000432754   0.0000090803
       -0.0000870928  -0.0000109958   0.0001845420  -0.0000454538  -0.0000333599
       -0.0220292934  -0.0008510471   0.0015325487  -0.0840099042   0.0919796161
        0.0135833030  -0.0211736356  -0.0230766296  -0.0009586624   0.0003298202
        0.0030377705   0.0009743701
       -0.0000557912   0.0001544244   0.0000202470  -0.0008262979  -0.0000126200
        0.0000670044   0.0088932590  -0.0091437673  -0.0022768799   0.0020530331
        0.0071752482   0.0006087190  -0.0073860581  -0.0027858987   0.0001629379
        0.0068160112  -0.0067676702  -0.0012060696  -0.0219480923   0.0035605806
        0.0025837550   0.0224072614   0.0098987405  -0.0005866189   0.0663098306
       -0.0959501608  -0.0104024260  -0.0208000809   0.6360980044   0.0587214799
       -0.1368161235  -0.2204308194  -0.0091522172   0.0118222073  -0.0660680051
       -0.0081975516   0.0000059565   0.0000117752  -0.0000005870  -0.0000880646
        0.0000186984  -0.0000309790  -0.0000789680   0.0000170536   0.0000428284
        0.0000255607  -0.0000523817   0.0002736769  -0.0000085892   0.0000039006
       -0.0002709813   0.0001793790  -0.0002641770   0.0000544251  -0.0001400068
        0.0001203265   0.0000205989   0.0001378923   0.0003776674   0.0000544330
       -0.0253057775   0.0001665123   0.0016841957   0.0917224806  -0.2537523646
       -0.0305487470   0.0009764877   0.0020668555   0.0000372000   0.0021044905
       -0.0044419227  -0.0016584436
       -0.0000138614   0.0000020441   0.0000125477  -0.0000915014   0.0000718706
       -0.0000129397  -0.0000458518  -0.0010209710   0.0058129219   0.0001188091
       -0.0005219987   0.0001457171   0.0002491521   0.0001279608   0.0004791174
       -0.0000414162   0.0000244093  -0.0001171238   0.0002089259   0.0012893077
       -0.0058039525   0.0056157727  -0.0039775036   0.0000167841   0.0302656924
       -0.0052400692  -0.0463610589  -0.0421480931   0.0587214799   0.1230748080
       -0.0068087690  -0.0146551398  -0.0501518847  -0.0022274332  -0.0043558664
        0.0008935745  -0.0000041247   0.0000015517  -0.0000101413  -0.0000018381
       -0.0000021503  -0.0000007985  -0.0000093590   0.0000025479   0.0000053731
        0.0000511723  -0.0000368465  -0.0000337272  -0.0000134987   0.0000368154
       -0.0000537668  -0.0000433372   0.0000499490  -0.0008486891  -0.0000127964
        0.0000162194   0.0000405169  -0.0000124125   0.0000667373  -0.0002029830
       -0.0011460696  -0.0000416937   0.0011547111   0.0135681683  -0.0305645066
       -0.0383288024   0.0016750795   0.0017323358   0.0011493352   0.0008675900
       -0.0017264831   0.0091404611
       -0.0000599088   0.0001144268   0.0000230751  -0.0000051785   0.0001960423
       -0.0000116858  -0.0040359213   0.0018486825   0.0004729764   0.0000970405
       -0.0026636763  -0.0002554920   0.0010840975   0.0017808138   0.0001412655
       -0.0067039458   0.0011728649   0.0010231478  -0.0203768523   0.0298012897
        0.0047656993   0.0071863800  -0.0072723918  -0.0017136418  -0.0474333623
       -0.0178244380   0.0014703608  -0.1653280887  -0.1368161235  -0.0068087690
        0.6612516304  -0.0325613192  -0.0420972642  -0.1388929228   0.1401810459
        0.0220685640   0.0000627736   0.0000268471  -0.0000014371   0.0000166793
       -0.0000155504   0.0000326211   0.0000114393  -0.0000149202  -0.0000363312
        0.0000563544   0.0000750396   0.0001974903   0.0000518967   0.0001172032
       -0.0001856690   0.0001534200  -0.0001035321  -0.0000223024  -0.0003570086
        0.0000598537  -0.0000375745  -0.0001597102  -0.0003159854  -0.0000318517
       -0.0055171048   0.0002339161   0.0010881340   0.0062236481   0.0090546702
        0.0006378758  -0.2932831817   0.0297227339   0.0214817769   0.0059578262
       -0.0167974930  -0.0022009681
       -0.0000616717  -0.0000805779  -0.0000075274   0.0000466441   0.0004377241
        0.0001023824  -0.0151956746   0.0085345086   0.0020187947  -0.0032368113
       -0.0173885575  -0.0017284223   0.0186702796   0.0070437953  -0.0005879693
       -0.0170147520   0.0179033171   0.0025003247   0.0765638155  -0.0134284857
       -0.0069692497   0.0117943964  -0.0458105952  -0.0052293133  -0.0722744138
        0.0321847427   0.0084920112  -0.0587819948  -0.2204308194  -0.0146551398
       -0.0325613192   0.6584310754   0.0619562060   0.0680972502  -0.3302941247
       -0.0361834371   0.0000057735   0.0000400793   0.0000041664  -0.0000062923
        0.0000013483   0.0000274526  -0.0000085904   0.0000073624  -0.0000241244
        0.0002148279   0.0001013501   0.0001248701   0.0001603468   0.0001334372
       -0.0001298699  -0.0000230805  -0.0000356665  -0.0000015488   0.0001251919
        0.0001315149   0.0001075226  -0.0002420246   0.0002852288   0.0000646388
        0.0010160949   0.0013958953  -0.0009637102  -0.0150962664  -0.0253262153
       -0.0018391687   0.0299115124  -0.0473374086  -0.0035331127   0.0078967586
       -0.0264989286  -0.0035457759
       -0.0000030119  -0.0000161670   0.0000055463  -0.0000284505   0.0000891914
       -0.0004658874  -0.0013970170   0.0008181145   0.0000598362  -0.0003169422
       -0.0017728534   0.0003558918   0.0019931240   0.0006065242   0.0002429790
       -0.0009701520   0.0012137233   0.0061861818   0.0098935393  -0.0036684533
       -0.0000922378   0.0003809598  -0.0038718778  -0.0061649188  -0.0044926704
        0.0046459522   0.0019869599   0.0017421362  -0.0091522172  -0.0501518847
       -0.0420972642   0.0619562060   0.1230433985   0.0141657014  -0.0412615312
       -0.0487372476  -0.0000038721   0.0000024741   0.0000005099  -0.0000031537
       -0.0000033520   0.0000004081   0.0000003701   0.0000053454  -0.0000004190
       -0.0001476955   0.0000031997   0.0000296384   0.0001861825   0.0000029093
        0.0000037518  -0.0000137144   0.0000004690   0.0000200665  -0.0000276001
        0.0001123964  -0.0009043288  -0.0000228553   0.0000694879  -0.0001219117
        0.0011720501  -0.0009119397   0.0093726013  -0.0020124421  -0.0035397964
        0.0009016140   0.0215023726  -0.0035284073  -0.0361212383   0.0005004053
       -0.0017993983   0.0005506907
       -0.0001873587  -0.0000253568  -0.0000094075  -0.0007989875   0.0004089958
        0.0000903810  -0.0112172368   0.0030749843   0.0015786498  -0.0042443037
       -0.0152044210  -0.0013624497   0.0204098676   0.0091477925  -0.0000411508
       -0.0421260955   0.0339259324   0.0067265168  -0.2771288292   0.0229367524
        0.0184010952  -0.0248974982  -0.0478059220  -0.0034169754  -0.0341917518
        0.0239742287   0.0047710498   0.0512517044   0.0118222073  -0.0022274332
       -0.1388929228   0.0680972502   0.0141657014   0.6099290307  -0.0139056776
       -0.0364488129  -0.0000175174   0.0000651436   0.0000089168   0.0000281297
       -0.0000546064   0.0000378143   0.0000218241  -0.0000416790  -0.0000511627
        0.0002178478   0.0001497674   0.0002191475   0.0001913408   0.0001972518
       -0.0002054569   0.0002046161  -0.0002125961  -0.0001341882  -0.0003227785
       -0.0000969756   0.0000301745   0.0012299133  -0.0019398637  -0.0004303056
       -0.0000461307   0.0006975540   0.0000741467  -0.0013013761  -0.0038958256
        0.0001078508  -0.0156642195   0.0281994223   0.0042228332  -0.1324472683
       -0.1195143588  -0.0061069349
       -0.0001837047  -0.0001216745   0.0000105595  -0.0011184829   0.0000107944
        0.0000908392   0.0033040545  -0.0081312223  -0.0018120855   0.0023916822
        0.0090087976   0.0008308974  -0.0094780257  -0.0091963480  -0.0009511547
        0.0425213369  -0.0199464946  -0.0052559116  -0.0113315263  -0.0742663979
       -0.0016807096  -0.0249157309   0.0270584563   0.0046234646   0.0308875552
       -0.0168340899  -0.0036162146  -0.0426681184  -0.0660680051  -0.0043558664
        0.1401810459  -0.3302941247  -0.0412615312  -0.0139056776   0.7031984383
        0.0654237476  -0.0000451760   0.0000357244   0.0000104511   0.0000079909
       -0.0000198593  -0.0000233626   0.0000077658  -0.0000373209   0.0000170419
        0.0000049132   0.0000818709   0.0000865820  -0.0000092316   0.0000959506
       -0.0000701411   0.0001028824  -0.0000136421   0.0001376991   0.0016351097
       -0.0006427711  -0.0002134921   0.0021962898   0.0006532770   0.0001128602
        0.0006507238   0.0005096813   0.0000196073  -0.0032559022  -0.0035026000
       -0.0008289130   0.0037751006  -0.0048238464  -0.0008520380  -0.1207548746
       -0.2067545943  -0.0104423295
       -0.0000138912  -0.0000020751  -0.0000845753  -0.0000731012  -0.0000150627
       -0.0001076524   0.0015977664  -0.0017938070   0.0059715870   0.0005508014
        0.0020682401   0.0000727873  -0.0020725089  -0.0022693644   0.0055882900
        0.0076662741  -0.0046464633  -0.0002847957   0.0146281104  -0.0040974388
       -0.0531298743  -0.0008980723   0.0062375864   0.0016385605   0.0055289626
       -0.0031262443  -0.0044094440  -0.0081971886  -0.0081975516   0.0008935745
        0.0220685640  -0.0361834371  -0.0487372476  -0.0364488129   0.0654237476
        0.1235082888  -0.0000044284   0.0000002068  -0.0000080129  -0.0000067940
       -0.0000012771   0.0000011950   0.0000056941   0.0000011891   0.0000125961
       -0.0000294320  -0.0000026096  -0.0000043570  -0.0000002113  -0.0000026880
        0.0000064957  -0.0000995067   0.0001632945  -0.0013505668   0.0002183499
       -0.0000895633   0.0002014798   0.0000234420   0.0004055635  -0.0017821217
        0.0000671881   0.0000177568  -0.0001105673   0.0001699097  -0.0007858858
        0.0060775542   0.0015519788  -0.0025688014   0.0001515778  -0.0062330941
       -0.0105353153  -0.0341147719
       -0.0999366653  -0.1031799235  -0.0072160868  -0.0216631278  -0.0256287577
       -0.0011677675  -0.0059662199   0.0017666998   0.0006850116  -0.0002084535
        0.0006684829   0.0001108357   0.0001510294   0.0001743634   0.0000086467
        0.0000644366   0.0000864401   0.0000040392  -0.0004244559   0.0001277778
        0.0000392886  -0.0008195283  -0.0013733534  -0.0000866832   0.0000246095
       -0.0002307680  -0.0000265933   0.0000484969   0.0000059565  -0.0000041247
        0.0000627736   0.0000057735  -0.0000038721  -0.0000175174  -0.0000451760
       -0.0000044284   0.1201618305   0.1195391639   0.0077375791   0.0047436555
        0.0065303862   0.0005120537   0.0028609926   0.0027294135  -0.0003855284
        0.0005385117  -0.0005196748   0.0000393308   0.0004448335  -0.0005536416
       -0.0002226499   0.0000819988  -0.0000354277  -0.0000260838   0.0000126764
       -0.0000324335  -0.0000038905  -0.0000124659  -0.0000257899  -0.0000012644
       -0.0000518187  -0.0000093781   0.0000047396  -0.0000224095   0.0000196502
        0.0000037364  -0.0000136996   0.0000082829   0.0000022263  -0.0000594832
       -0.0000280661   0.0000014856
       -0.1039150231  -0.2232157573  -0.0117960681   0.0011740644   0.0032329325
        0.0002209709   0.0006264824   0.0003832970  -0.0000649733  -0.0000723223
       -0.0002782742  -0.0000587577  -0.0001022557   0.0002414988   0.0000324389
       -0.0000809955   0.0000184709   0.0000097747   0.0000212564  -0.0000382185
       -0.0000017523   0.0002298134   0.0000827704  -0.0000149799  -0.0000297008
       -0.0000952501  -0.0000096017   0.0000128706   0.0000117752   0.0000015517
        0.0000268471   0.0000400793   0.0000024741   0.0000651436   0.0000357244
        0.0000002068   0.1195391639   0.2578416984   0.0140906684  -0.0098243204
       -0.0228409572   0.0015203347  -0.0075840479  -0.0165094264  -0.0040664539
        0.0001909921   0.0003823403   0.0003258132   0.0002628048   0.0005423935
       -0.0002707196  -0.0004102802   0.0001117825   0.0000657474   0.0000156123
       -0.0000060377  -0.0000030982  -0.0000500562  -0.0000295377   0.0000008386
       -0.0000354354   0.0000765112   0.0000096436  -0.0000213121   0.0000280048
        0.0000045177  -0.0000253756   0.0000065591   0.0000023626  -0.0000139258
       -0.0000223793  -0.0000009386
       -0.0072882275  -0.0118540510  -0.0457245264   0.0017866959   0.0022486446
        0.0005460557   0.0005501064  -0.0001703589   0.0004868503   0.0000247509
       -0.0001200684   0.0003050540  -0.0000175920   0.0000194688   0.0000221800
       -0.0000114923   0.0000030283  -0.0000178396   0.0000304950  -0.0000178356
       -0.0000369420   0.0000890884   0.0001044674   0.0000766304  -0.0000075384
        0.0000119078   0.0000066288  -0.0000037741  -0.0000005870  -0.0000101413
       -0.0000014371   0.0000041664   0.0000005099   0.0000089168   0.0000104511
       -0.0000080129   0.0077375791   0.0140906684   0.0490076314   0.0108562015
        0.0235125827  -0.0000669883  -0.0136625688  -0.0280548770  -0.0045210519
        0.0004986275   0.0004561885   0.0000799112  -0.0005199977  -0.0002885993
        0.0000384122  -0.0000671371   0.0000381018  -0.0002142496   0.0000017819
       -0.0000002260   0.0000130790  -0.0000064851  -0.0000017005  -0.0000026126
        0.0000017775   0.0000068645   0.0000183659  -0.0000001474   0.0000022872
        0.0000008983  -0.0000025007   0.0000001426   0.0000015578   0.0000028774
       -0.0000006665  -0.0000014003
       -0.0642988257   0.0439359682  -0.0537110454  -0.0137230768   0.0194926483
       -0.0221288890   0.0008999224   0.0004117825  -0.0003215037  -0.0001924309
       -0.0000264349   0.0001005591  -0.0001061801  -0.0001479200   0.0000559496
        0.0002104030  -0.0000329981  -0.0000068757   0.0000644544   0.0001265352
        0.0000440202  -0.0001965976   0.0001990768   0.0001652408  -0.0000590584
       -0.0000511091   0.0000997268  -0.0000482648  -0.0000880646  -0.0000018381
        0.0000166793  -0.0000062923  -0.0000031537   0.0000281297   0.0000079909
       -0.0000067940   0.0047436555  -0.0098243204   0.0108562015   0.0767657479
       -0.0521477774   0.0633525643   0.0020404533  -0.0028908196   0.0028256903
        0.0007698650  -0.0000273519  -0.0003961661  -0.0069237251   0.0022817394
       -0.0000693198  -0.0002341773  -0.0011953349  -0.0007558552   0.0000446003
        0.0000404381  -0.0000015759   0.0000314580   0.0000152796  -0.0000215779
        0.0001033444  -0.0000625811  -0.0000686785   0.0000305662  -0.0000079637
       -0.0000055179   0.0000143066  -0.0000021665  -0.0000037035   0.0000187507
       -0.0000003245   0.0000025418
        0.0438857686  -0.1302513959   0.1058598496   0.0053540382  -0.0045372588
        0.0049091809  -0.0000877276   0.0003705321  -0.0002537892  -0.0007353541
       -0.0001949191  -0.0003382651  -0.0000547607  -0.0001172969   0.0001370392
       -0.0000079324   0.0000177927   0.0000187732  -0.0000156179  -0.0000112425
        0.0000203719  -0.0000429234  -0.0001311795   0.0000037596   0.0000266785
        0.0000769658  -0.0000536778   0.0000185171   0.0000186984  -0.0000021503
       -0.0000155504   0.0000013483  -0.0000033520  -0.0000546064  -0.0000198593
       -0.0000012771   0.0065303862  -0.0228409572   0.0235125827  -0.0521477774
        0.1512582407  -0.1235256356  -0.0037247031   0.0075195589  -0.0093848826
        0.0000331067  -0.0002065947   0.0001435932   0.0020965225   0.0000245038
       -0.0001891498  -0.0010805947  -0.0009240488  -0.0008582096  -0.0000075832
       -0.0000199563  -0.0000106379   0.0000422723   0.0000143428  -0.0000277779
       -0.0000467694  -0.0000249162   0.0000407098   0.0000093795  -0.0000233055
        0.0000013394   0.0000146655  -0.0000092733  -0.0000007718   0.0000105655
        0.0000102204   0.0000023772
       -0.0542459819   0.1059297616  -0.1754613451  -0.0019710765  -0.0004640402
        0.0015416569   0.0002017343   0.0003280724   0.0001289239  -0.0003873079
        0.0003742165   0.0002723613   0.0002420994  -0.0000757519  -0.0000780284
        0.0002104284   0.0000205042  -0.0000226441   0.0000542858   0.0001373683
        0.0000037385  -0.0001311222  -0.0000353613  -0.0000497052   0.0001492673
       -0.0000934473   0.0000152431  -0.0000110267  -0.0000309790  -0.0000007985
        0.0000326211   0.0000274526   0.0000004081   0.0000378143  -0.0000233626
        0.0000011950   0.0005120537   0.0015203347  -0.0000669883   0.0633525643
       -0.1235256356   0.1998541697  -0.0080972298   0.0177392996  -0.0275831131
        0.0003945560  -0.0003555611   0.0006791820   0.0001180284  -0.0000691136
        0.0011757941  -0.0005447376  -0.0013741123  -0.0003735762   0.0000222466
       -0.0000208075  -0.0000049684   0.0000512373  -0.0000050325   0.0000000763
        0.0000026596   0.0000085250  -0.0000243905   0.0000066541   0.0000013530
       -0.0000023380   0.0000003713  -0.0000040292  -0.0000028419  -0.0000001392
       -0.0000096538  -0.0000020112
       -0.0500869393   0.0187074838   0.0382655525  -0.0095131434   0.0138162596
        0.0273781175   0.0009088435   0.0003113878   0.0002884751  -0.0001419784
       -0.0000678412  -0.0000481228  -0.0001549384  -0.0001264559  -0.0000772853
        0.0001715964  -0.0000346195  -0.0000296768   0.0000556542   0.0001194458
       -0.0000271965  -0.0001930034   0.0002323587  -0.0000974867  -0.0000875693
       -0.0000218597  -0.0000887733  -0.0000449679  -0.0000789680  -0.0000093590
        0.0000114393  -0.0000085904   0.0000003701   0.0000218241   0.0000077658
        0.0000056941   0.0028609926  -0.0075840479  -0.0136625688   0.0020404533
       -0.0037247031  -0.0080972298   0.0599092283  -0.0223824251  -0.0464465587
       -0.0066857902   0.0020501731   0.0017290042   0.0007634043  -0.0000755091
        0.0003731388  -0.0000758923  -0.0011094236   0.0004901543   0.0000412161
        0.0000422740   0.0000029791   0.0000279405   0.0000110502   0.0000209629
        0.0001070300  -0.0000740261   0.0000342935   0.0000300141  -0.0000103297
       -0.0000013327   0.0000159360  -0.0000024552   0.0000012521   0.0000186498
        0.0000030559  -0.0000044039
        0.0185520065  -0.0866900863  -0.0891565976   0.0037449018  -0.0030238920
       -0.0061958747   0.0000013073   0.0004167630   0.0003305636  -0.0007201962
       -0.0001636303   0.0003426262  -0.0000373131  -0.0001335587  -0.0001437389
        0.0000345942   0.0000248283  -0.0000132642   0.0000091387   0.0000300304
       -0.0000163148  -0.0000715436  -0.0001317071  -0.0000130048   0.0000750645
        0.0000245759   0.0000463784   0.0000181696   0.0000170536   0.0000025479
       -0.0000149202   0.0000073624   0.0000053454  -0.0000416790  -0.0000373209
        0.0000011891   0.0027294135  -0.0165094264  -0.0280548770  -0.0028908196
        0.0075195589   0.0177392996  -0.0223824251   0.1001971018   0.1050133606
        0.0019221784   0.0000911829  -0.0003416226   0.0000837284  -0.0002096985
       -0.0003502274  -0.0010509398  -0.0013884914   0.0008149089  -0.0000039294
       -0.0000149900   0.0000089235   0.0000597938   0.0000086851   0.0000220464
       -0.0000486440  -0.0000126465  -0.0000311711   0.0000081133  -0.0000221990
       -0.0000065357   0.0000150405  -0.0000099967  -0.0000023847   0.0000089596
        0.0000105016  -0.0000015760
        0.0387723984  -0.0892260268  -0.2332426830   0.0045662949  -0.0026171813
       -0.0042219573  -0.0003280158  -0.0003290816   0.0001192950   0.0002852017
       -0.0004646546   0.0002210645  -0.0002420030   0.0000843753  -0.0000457826
       -0.0002359128  -0.0000034769   0.0000054761  -0.0000652748  -0.0001583882
       -0.0000190102   0.0001364450  -0.0000181944  -0.0000494036  -0.0001222884
        0.0001049260   0.0000827328   0.0000201116   0.0000428284   0.0000053731
       -0.0000363312  -0.0000241244  -0.0000004190  -0.0000511627   0.0000170419
        0.0000125961  -0.0003855284  -0.0040664539  -0.0045210519   0.0028256903
       -0.0093848826  -0.0275831131  -0.0464465587   0.1050133606   0.2677781851
        0.0015141229  -0.0004942750   0.0008662022  -0.0003878678   0.0001593172
        0.0006757211   0.0002993413   0.0013354632  -0.0000530291  -0.0000302059
        0.0000106525   0.0000046333  -0.0000444485   0.0000041106   0.0000098637
       -0.0000332506   0.0000039552  -0.0000397569  -0.0000090164  -0.0000037194
       -0.0000028251  -0.0000008932   0.0000027828  -0.0000020756  -0.0000008479
        0.0000116455  -0.0000000355
       -0.0108596746   0.0142875302   0.0265565411  -0.0438593029   0.0140006635
        0.0266399085   0.0020344570  -0.0093276176  -0.0136807275  -0.0011620807
       -0.0010149136  -0.0005123446  -0.0000132854  -0.0004188840   0.0009170693
        0.0001475957  -0.0002655175  -0.0000444328   0.0000603965   0.0001642940
        0.0005224566  -0.0004706476  -0.0005537575  -0.0000565911  -0.0007761141
       -0.0007720089  -0.0003340639  -0.0002839171   0.0000255607   0.0000511723
        0.0000563544   0.0002148279  -0.0001476955   0.0002178478   0.0000049132
       -0.0000294320   0.0005385117   0.0001909921   0.0004986275   0.0007698650
        0.0000331067   0.0003945560  -0.0066857902   0.0019221784   0.0015141229
        0.0601420435  -0.0168640703  -0.0339698246   0.0022497552  -0.0026231258
       -0.0075251450  -0.0002194231   0.0000945091  -0.0001516488  -0.0000874409
       -0.0001166651   0.0000117163  -0.0000445602   0.0000528123  -0.0001986114
       -0.0018601476   0.0008830195  -0.0005860030   0.0000290849   0.0000194646
        0.0000487054   0.0000447992   0.0000451685   0.0000161631   0.0000316733
        0.0000175197   0.0000654813
        0.0034073788  -0.0031948321  -0.0077319069   0.0160974099  -0.0848484151
       -0.0909396242  -0.0017182137  -0.0197239472  -0.0233845979  -0.0027089404
       -0.0016163485  -0.0005812667   0.0000032588  -0.0010066925   0.0016149958
        0.0002228542   0.0000078496  -0.0000002130   0.0001123798  -0.0003440145
        0.0005619974   0.0006557099  -0.0001551484  -0.0002832355   0.0003146159
        0.0003482205   0.0000055378   0.0000032378  -0.0000523817  -0.0000368465
        0.0000750396   0.0001013501   0.0000031997   0.0001497674   0.0000818709
       -0.0000026096  -0.0005196748   0.0003823403   0.0004561885  -0.0000273519
       -0.0002065947  -0.0003555611   0.0020501731   0.0000911829  -0.0004942750
       -0.0168640703   0.1017111518   0.1042770274  -0.0017770990   0.0081076330
        0.0174478989  -0.0000665139   0.0002198792  -0.0004891419  -0.0000883766
       -0.0002382901  -0.0000479092  -0.0000288595   0.0000151165  -0.0002856008
        0.0006566681   0.0003744506   0.0002105742   0.0000523231  -0.0000003596
        0.0000240755  -0.0000280445  -0.0000098282  -0.0000029955   0.0000263284
       -0.0000441930   0.0000342885
        0.0038673539  -0.0030965525  -0.0045295706   0.0283378663  -0.0882227961
       -0.2176127442  -0.0015235568  -0.0052402388  -0.0023135235  -0.0005155695
        0.0000887471  -0.0002699883   0.0001477493   0.0001865196   0.0002651583
       -0.0000278832   0.0001849892   0.0000259356  -0.0000478913  -0.0002329874
        0.0000062719   0.0004994365  -0.0001934745   0.0005106250   0.0000440983
       -0.0005052412   0.0001844232   0.0002138643   0.0002736769  -0.0000337272
        0.0001974903   0.0001248701   0.0000296384   0.0002191475   0.0000865820
       -0.0000043570   0.0000393308   0.0003258132   0.0000799112  -0.0003961661
        0.0001435932   0.0006791820   0.0017290042  -0.0003416226   0.0008662022
       -0.0339698246   0.1042770274   0.2509370432   0.0023239527  -0.0087372745
       -0.0287150707  -0.0000668193   0.0001095547  -0.0000729932   0.0000062450
       -0.0000583657   0.0000055327  -0.0000390292  -0.0000127264  -0.0000326491
       -0.0010748639   0.0007917415   0.0000057558   0.0000178701   0.0000285573
       -0.0000016078   0.0000138038   0.0000386114  -0.0000035505   0.0000043910
       -0.0000190037  -0.0000058975
       -0.0148276597   0.0198625854  -0.0210312564  -0.0546276870   0.0364109506
       -0.0422062545   0.0040313615  -0.0114816701   0.0108510024  -0.0010678710
       -0.0011600787   0.0003863435  -0.0001592662  -0.0002584834  -0.0009562243
        0.0001526008  -0.0002875136  -0.0000364018  -0.0000005436   0.0002996520
       -0.0004725042  -0.0005006119  -0.0005480604   0.0000960771  -0.0007515299
       -0.0007668867   0.0003114379  -0.0003214712  -0.0000085892  -0.0000134987
        0.0000518967   0.0001603468   0.0001861825   0.0001913408  -0.0000092316
       -0.0000002113   0.0004448335   0.0002628048  -0.0005199977  -0.0069237251
        0.0020965225   0.0001180284   0.0007634043   0.0000837284  -0.0003878678
        0.0022497552  -0.0017770990   0.0023239527   0.0731083131  -0.0435341189
        0.0501292601  -0.0001858735   0.0000434537   0.0001878391  -0.0000917839
       -0.0001086030  -0.0000213570  -0.0000105516   0.0000101796   0.0002064521
       -0.0016064038   0.0006076824   0.0009742176   0.0000205517   0.0000266234
       -0.0000477314   0.0000394343   0.0000426469  -0.0000128557   0.0000214865
        0.0000331582  -0.0000646325
        0.0050706264  -0.0051938717   0.0064603086   0.0391751726  -0.1289791670
        0.1057875097   0.0011632562  -0.0252385479   0.0184974333  -0.0026979223
       -0.0017360280   0.0006700850  -0.0002035706  -0.0005847360  -0.0017974292
        0.0002095137   0.0000447614  -0.0000254115   0.0000208728  -0.0002473328
       -0.0006265535   0.0007672116  -0.0002077331   0.0000088155   0.0003062862
        0.0002240713  -0.0000462153   0.0000539792   0.0000039006   0.0000368154
        0.0001172032   0.0001334372   0.0000029093   0.0001972518   0.0000959506
       -0.0000026880  -0.0005536416   0.0005423935  -0.0002885993   0.0022817394
        0.0000245038  -0.0000691136  -0.0000755091  -0.0002096985   0.0001593172
       -0.0026231258   0.0081076330  -0.0087372745  -0.0435341189   0.1528328484
       -0.1206657135  -0.0000098233   0.0001297979   0.0005383479  -0.0000841520
       -0.0002554872   0.0000028107   0.0000028462  -0.0000502989   0.0002856711
        0.0003646012   0.0005929157  -0.0001235547   0.0000521647   0.0000105090
       -0.0000283783  -0.0000226355  -0.0000014505   0.0000062601   0.0000217738
       -0.0000383708  -0.0000453525
       -0.0012072485  -0.0000990975   0.0014056762  -0.0433240945   0.1034822809
       -0.1628367408   0.0009364791   0.0018199684   0.0012043299   0.0000390406
       -0.0002206446  -0.0002711278  -0.0001489196  -0.0003469477  -0.0000158335
        0.0000591529  -0.0001354437  -0.0000187488   0.0000604186   0.0001363175
       -0.0000211367  -0.0001982761   0.0000957110   0.0006188791   0.0001687550
        0.0006356988   0.0002510986  -0.0001679440  -0.0002709813  -0.0000537668
       -0.0001856690  -0.0001298699   0.0000037518  -0.0002054569  -0.0000701411
        0.0000064957  -0.0002226499  -0.0002707196   0.0000384122  -0.0000693198
       -0.0001891498   0.0011757941   0.0003731388  -0.0003502274   0.0006757211
       -0.0075251450   0.0174478989  -0.0287150707   0.0501292601  -0.1206657135
        0.1870467395   0.0000834909  -0.0000733232  -0.0000108707  -0.0000091763
        0.0000164640   0.0000239930   0.0000371808   0.0000060358  -0.0000017018
        0.0014180266  -0.0007485586  -0.0004910504  -0.0000104884  -0.0000312070
       -0.0000056284  -0.0000263476  -0.0000450208  -0.0000070545  -0.0000042075
        0.0000066705  -0.0000021602
       -0.0004211512  -0.0023182689  -0.0001759578  -0.0003046230  -0.0009956814
       -0.0002993932  -0.0148985895   0.0057516294   0.0017249025  -0.2949346116
        0.0418783405   0.0230798599  -0.0223266769   0.0007901738   0.0017561562
       -0.0014346548  -0.0038275222   0.0001098876   0.0007140178  -0.0000875580
       -0.0000756594   0.0001015581   0.0024557149   0.0009137729  -0.0008792847
       -0.0002824925   0.0000407516   0.0000247457   0.0001793790  -0.0000433372
        0.0001534200  -0.0000230805  -0.0000137144   0.0002046161   0.0001028824
       -0.0000995067   0.0000819988  -0.0004102802  -0.0000671371  -0.0002341773
       -0.0010805947  -0.0005447376  -0.0000758923  -0.0010509398   0.0002993413
       -0.0002194231  -0.0000665139  -0.0000668193  -0.0001858735  -0.0000098233
        0.0000834909   0.3351572723  -0.0416273274  -0.0266278270   0.0008759563
        0.0006220697  -0.0001346727  -0.0012300008  -0.0000245008   0.0000871775
        0.0000112647   0.0000139368   0.0000163698  -0.0001176774   0.0000755899
        0.0000178853  -0.0000571735   0.0000066746   0.0000265409  -0.0000050399
       -0.0000718076  -0.0000073742
       -0.0004898154  -0.0013009034  -0.0001592713   0.0005044778   0.0008367952
        0.0003883214   0.0278695867  -0.0050100953  -0.0025852946   0.0414131928
       -0.0490272624  -0.0046307468  -0.0230824438   0.0018178095   0.0016971764
       -0.0032059042  -0.0031193280  -0.0007699825  -0.0000871082  -0.0004949971
       -0.0000213600   0.0015291792  -0.0050268109  -0.0016606007   0.0014560533
        0.0001265672  -0.0001066374   0.0002151554  -0.0002641770   0.0000499490
       -0.0001035321  -0.0000356665   0.0000004690  -0.0002125961  -0.0000136421
        0.0001632945  -0.0000354277   0.0001117825   0.0000381018  -0.0011953349
       -0.0009240488  -0.0013741123  -0.0011094236  -0.0013884914   0.0013354632
        0.0000945091   0.0002198792   0.0001095547   0.0000434537   0.0001297979
       -0.0000733232  -0.0416273274   0.0627911215   0.0072415873  -0.0010596246
        0.0006904486   0.0003691362  -0.0011856090  -0.0000542918   0.0000715470
       -0.0000024145   0.0000260460  -0.0000198955   0.0001553333  -0.0000848430
       -0.0000195359   0.0000365872  -0.0000145383  -0.0000371281   0.0000790332
        0.0000088486  -0.0000067123
        0.0000217699  -0.0000343385   0.0005269480  -0.0001425074   0.0004872262
       -0.0029838363   0.0041442617  -0.0010248386   0.0001983502   0.0230372237
       -0.0046498418  -0.0355945519  -0.0008507102   0.0000022854   0.0012999311
        0.0001749088  -0.0007273911   0.0059263035  -0.0000739089  -0.0000206749
       -0.0002346145   0.0008145851  -0.0017271950   0.0089611454   0.0002345688
        0.0000158711   0.0001384174  -0.0000432754   0.0000544251  -0.0008486891
       -0.0000223024  -0.0000015488   0.0000200665  -0.0001341882   0.0001376991
       -0.0013505668  -0.0000260838   0.0000657474  -0.0002142496  -0.0007558552
       -0.0008582096  -0.0003735762   0.0004901543   0.0008149089  -0.0000530291
       -0.0001516488  -0.0004891419  -0.0000729932   0.0001878391   0.0005383479
       -0.0000108707  -0.0266278270   0.0072415873   0.0260365314  -0.0003174275
        0.0002497657  -0.0019387296  -0.0000371945  -0.0000091796   0.0000560610
        0.0000129539  -0.0000210803   0.0002042261   0.0000250752  -0.0000145350
       -0.0000060951   0.0000293804  -0.0000351508   0.0002963699   0.0000102082
        0.0000052619   0.0000174515
        0.0000387542  -0.0000288790  -0.0000061189   0.0002285034  -0.0007270122
       -0.0001144125  -0.0014301574  -0.0032324689   0.0001840440   0.0059828337
       -0.0150874753  -0.0019783606  -0.0838499871   0.0913573506   0.0134528940
       -0.0145590077   0.0286953876   0.0042075062  -0.0058083227   0.0000289613
        0.0011017892  -0.0003816257  -0.0003511180  -0.0000331159   0.0000531503
       -0.0002013325  -0.0001278488   0.0000090803  -0.0001400068  -0.0000127964
       -0.0003570086   0.0001251919  -0.0000276001  -0.0003227785   0.0016351097
        0.0002183499   0.0000126764   0.0000156123   0.0000017819   0.0000446003
       -0.0000075832   0.0000222466   0.0000412161  -0.0000039294  -0.0000302059
       -0.0000874409  -0.0000883766   0.0000062450  -0.0000917839  -0.0000841520
       -0.0000091763   0.0008759563  -0.0010596246  -0.0003174275   0.0990571659
       -0.1017322668  -0.0164068016   0.0006677216   0.0006607723  -0.0002034934
       -0.0000118199   0.0000656189   0.0000115079  -0.0000305745   0.0000299948
        0.0000285884  -0.0001361616   0.0001392276   0.0000235844   0.0000550102
       -0.0000090016   0.0000088203
        0.0000083130   0.0000520420   0.0000029891   0.0005518671  -0.0010930962
       -0.0001295920  -0.0037876657  -0.0031720457  -0.0007461848   0.0085174267
       -0.0252570137  -0.0034937254   0.0915511327  -0.2535946400  -0.0303721922
        0.0041777809  -0.0060980843  -0.0010366598   0.0012519912   0.0014874975
       -0.0009897773  -0.0005385409   0.0006168951   0.0001396294   0.0000750831
        0.0002431428   0.0001777591  -0.0000870928   0.0001203265   0.0000162194
        0.0000598537   0.0001315149   0.0001123964  -0.0000969756  -0.0006427711
       -0.0000895633  -0.0000324335  -0.0000060377  -0.0000002260   0.0000404381
       -0.0000199563  -0.0000208075   0.0000422740  -0.0000149900   0.0000106525
       -0.0001166651  -0.0002382901  -0.0000583657  -0.0001086030  -0.0002554872
        0.0000164640   0.0006220697   0.0006904486   0.0002497657  -0.1017322668
        0.2861668921   0.0357956101  -0.0005420065   0.0010067197   0.0004999578
       -0.0000549295  -0.0000412691  -0.0000059593   0.0000320007  -0.0000675970
       -0.0000445225   0.0000970537  -0.0000694881  -0.0000130696   0.0000698948
        0.0000552873  -0.0000207982
        0.0000019178   0.0000048405   0.0000155230   0.0000251268  -0.0000334083
       -0.0002788764   0.0001241806  -0.0007912528   0.0060573078   0.0005964152
       -0.0018285996   0.0010185913   0.0134664597  -0.0303580054  -0.0386791974
        0.0015362072  -0.0027628647   0.0002801062   0.0012379153  -0.0009120604
        0.0095666016  -0.0000531569   0.0001243011  -0.0002965639  -0.0000926874
        0.0002015822  -0.0014052530  -0.0000109958   0.0000205989   0.0000405169
       -0.0000375745   0.0001075226  -0.0009043288   0.0000301745  -0.0002134921
        0.0002014798  -0.0000038905  -0.0000030982   0.0000130790  -0.0000015759
       -0.0000106379  -0.0000049684   0.0000029791   0.0000089235   0.0000046333
        0.0000117163  -0.0000479092   0.0000055327  -0.0000213570   0.0000028107
        0.0000239930  -0.0001346727   0.0003691362  -0.0019387296  -0.0164068016
        0.0357956101   0.0289026402  -0.0003344799   0.0004161095  -0.0031592178
       -0.0000026167  -0.0000156960   0.0000464260   0.0000283764  -0.0000446629
        0.0003098162   0.0000202101  -0.0000152684  -0.0000219079   0.0000181300
       -0.0000144792   0.0002027963
        0.0000099640  -0.0002206526  -0.0000254093  -0.0000180987   0.0000231407
       -0.0001332848  -0.0000374024   0.0006626279   0.0000854915  -0.0055208923
        0.0012970587   0.0011866603  -0.0216297563  -0.0249216425  -0.0011604478
       -0.1380134675  -0.1213719032  -0.0058119261   0.0052711245   0.0053223415
        0.0002731335  -0.0003386814   0.0018447884   0.0006170309   0.0000740231
        0.0004874091   0.0000418414   0.0001845420   0.0001378923  -0.0000124125
       -0.0001597102  -0.0002420246  -0.0000228553   0.0012299133   0.0021962898
        0.0000234420  -0.0000124659  -0.0000500562  -0.0000064851   0.0000314580
        0.0000422723   0.0000512373   0.0000279405   0.0000597938  -0.0000444485
       -0.0000445602  -0.0000288595  -0.0000390292  -0.0000105516   0.0000028462
        0.0000371808  -0.0012300008  -0.0011856090  -0.0000371945   0.0006677216
       -0.0005420065  -0.0003344799   0.1599130104   0.1364886873   0.0052297203
       -0.0000714363   0.0000526288   0.0000411080  -0.0000033769  -0.0000921134
       -0.0000094383   0.0000416979  -0.0000130650   0.0000090224  -0.0003609951
        0.0000501558   0.0000415430
       -0.0000280599  -0.0000384627   0.0000076602  -0.0000327276   0.0001277451
        0.0002285457   0.0006660705   0.0003868924  -0.0000223144   0.0003432447
        0.0012976797  -0.0008955094  -0.0001859613   0.0009603157   0.0000651821
       -0.1225790397  -0.2017833705  -0.0097958735  -0.0165833956  -0.0255108593
       -0.0017152331   0.0030300261  -0.0043876243  -0.0013010397  -0.0010863183
       -0.0009561287  -0.0000158121  -0.0000454538   0.0003776674   0.0000667373
       -0.0003159854   0.0002852288   0.0000694879  -0.0019398637   0.0006532770
        0.0004055635  -0.0000257899  -0.0000295377  -0.0000017005   0.0000152796
        0.0000143428  -0.0000050325   0.0000110502   0.0000086851   0.0000041106
        0.0000528123   0.0000151165  -0.0000127264   0.0000101796  -0.0000502989
        0.0000060358  -0.0000245008  -0.0000542918  -0.0000091796   0.0006607723
        0.0010067197   0.0004161095   0.1364886873   0.2281866719   0.0127539278
        0.0001400954  -0.0005645903  -0.0001178410   0.0000708560  -0.0000281890
       -0.0000111727   0.0000641046   0.0000639504  -0.0000188965   0.0012939175
        0.0000190607  -0.0001010294
       -0.0000065087   0.0000178368  -0.0000480945  -0.0001429697   0.0002210296
       -0.0019048978   0.0000836324  -0.0000180900   0.0001372535   0.0010787895
       -0.0009669221   0.0090931566   0.0015498737   0.0018195503   0.0005511342
       -0.0059488123  -0.0098799812  -0.0333593997  -0.0021136600  -0.0032652584
        0.0007186899   0.0007534585  -0.0012147572   0.0053806587  -0.0001314763
       -0.0001278263  -0.0001062922  -0.0000333599   0.0000544330  -0.0002029830
       -0.0000318517   0.0000646388  -0.0001219117  -0.0004303056   0.0001128602
       -0.0017821217  -0.0000012644   0.0000008386  -0.0000026126  -0.0000215779
       -0.0000277779   0.0000000763   0.0000209629   0.0000220464   0.0000098637
       -0.0001986114  -0.0002856008  -0.0000326491   0.0002064521   0.0002856711
       -0.0000017018   0.0000871775   0.0000715470   0.0000560610  -0.0002034934
        0.0004999578  -0.0031592178   0.0052297203   0.0127539278   0.0240294129
        0.0000495591  -0.0001115878   0.0004092964   0.0000090495   0.0000013490
        0.0000200394   0.0000182807  -0.0000141972   0.0001955187   0.0001769353
       -0.0000136877   0.0001207203
       -0.0002559604   0.0001482963   0.0000256899  -0.0023655718   0.0011353218
        0.0003605715   0.0006116876   0.0002630723  -0.0001459311  -0.0000846679
       -0.0002424997  -0.0000371869   0.0001287943   0.0000414430  -0.0000210992
        0.0001570032   0.0004501535   0.0000220391  -0.0002910850   0.0022012457
        0.0006744558   0.0066609172   0.0062141184   0.0002870969  -0.1282479676
       -0.1218745364  -0.0066868735  -0.0220292934  -0.0253057775  -0.0011460696
       -0.0055171048   0.0010160949   0.0011720501  -0.0000461307   0.0006507238
        0.0000671881  -0.0000518187  -0.0000354354   0.0000017775   0.0001033444
       -0.0000467694   0.0000026596   0.0001070300  -0.0000486440  -0.0000332506
       -0.0018601476   0.0006566681  -0.0010748639  -0.0016064038   0.0003646012
        0.0014180266   0.0000112647  -0.0000024145   0.0000129539  -0.0000118199
       -0.0000549295  -0.0000026167  -0.0000714363   0.0001400954   0.0000495591
        0.1553170480   0.1362322065   0.0056013845   0.0005781077  -0.0006810876
       -0.0003541391  -0.0012222232  -0.0012338656  -0.0000527528  -0.0000135658
        0.0000119188  -0.0001406692
       -0.0002334698   0.0003596516   0.0000774750  -0.0003254805   0.0005114335
       -0.0000299730  -0.0016125194  -0.0000488398   0.0003112165  -0.0003929583
        0.0001582487   0.0000763173  -0.0001515806   0.0002468561   0.0000638642
       -0.0009773322  -0.0008916848  -0.0000022695   0.0031678748  -0.0044159428
       -0.0013474073  -0.0154349884  -0.0250895475  -0.0017783954  -0.1226354161
       -0.2161489608  -0.0114636190  -0.0008510471   0.0001665123  -0.0000416937
        0.0002339161   0.0013958953  -0.0009119397   0.0006975540   0.0005096813
        0.0000177568  -0.0000093781   0.0000765112   0.0000068645  -0.0000625811
       -0.0000249162   0.0000085250  -0.0000740261  -0.0000126465   0.0000039552
        0.0008830195   0.0003744506   0.0007917415   0.0006076824   0.0005929157
       -0.0007485586   0.0000139368   0.0000260460  -0.0000210803   0.0000656189
       -0.0000412691  -0.0000156960   0.0000526288  -0.0005645903  -0.0001115878
        0.1362322065   0.2419229867   0.0144678249   0.0008619320   0.0010781935
        0.0004317548  -0.0000621086  -0.0000988501   0.0000006487   0.0000065166
       -0.0000821344   0.0002142761
       -0.0000216066   0.0000499991  -0.0001743597   0.0002112482  -0.0001540789
        0.0010090629  -0.0003461596   0.0001864482  -0.0018101797  -0.0000557059
        0.0000663059  -0.0002489165  -0.0000446881   0.0000508334  -0.0002353610
       -0.0001339573  -0.0001069873  -0.0002319505   0.0007770465  -0.0012787139
        0.0056257701  -0.0020913989  -0.0032903616   0.0008340545  -0.0067662460
       -0.0115290869  -0.0338253364   0.0015325487   0.0016841957   0.0011547111
        0.0010881340  -0.0009637102   0.0093726013   0.0000741467   0.0000196073
       -0.0001105673   0.0000047396   0.0000096436   0.0000183659  -0.0000686785
        0.0000407098  -0.0000243905   0.0000342935  -0.0000311711  -0.0000397569
       -0.0005860030   0.0002105742   0.0000057558   0.0009742176  -0.0001235547
       -0.0004910504   0.0000163698  -0.0000198955   0.0002042261   0.0000115079
       -0.0000059593   0.0000464260   0.0000411080  -0.0001178410   0.0004092964
        0.0056013845   0.0144678249   0.0238897794  -0.0001858591   0.0005394652
       -0.0033202490   0.0000744677   0.0000832028  -0.0000568587  -0.0001409096
        0.0002125504  -0.0020010731
       -0.0000374901  -0.0000606558  -0.0000045121  -0.0000548283   0.0000403095
        0.0000269627  -0.0001956037   0.0014924694   0.0001935397  -0.0003807025
        0.0000657564  -0.0000283175   0.0000312246  -0.0001203132  -0.0000139375
        0.0000413167  -0.0002092508  -0.0001298785  -0.0004047161  -0.0004038295
       -0.0000322384  -0.0056499345  -0.0000559917   0.0010612957  -0.0151520988
        0.0283471913   0.0042117739  -0.0840099042   0.0917224806   0.0135681683
        0.0062236481  -0.0150962664  -0.0020124421  -0.0013013761  -0.0032559022
        0.0001699097  -0.0000224095  -0.0000213121  -0.0000001474   0.0000305662
        0.0000093795   0.0000066541   0.0000300141   0.0000081133  -0.0000090164
        0.0000290849   0.0000523231   0.0000178701   0.0000205517   0.0000521647
       -0.0000104884  -0.0001176774   0.0001553333   0.0000250752  -0.0000305745
        0.0000320007   0.0000283764  -0.0000033769   0.0000708560   0.0000090495
        0.0005781077   0.0008619320  -0.0001858591   0.0993771713  -0.1019994370
       -0.0164990604   0.0008126906  -0.0008362189  -0.0002847129   0.0001863166
       -0.0008511321  -0.0001080647
       -0.0000357399   0.0000930751   0.0000126862   0.0000229917  -0.0000197265
       -0.0000351477  -0.0001209692  -0.0006103327  -0.0000834849   0.0000842040
        0.0001511921   0.0001089489  -0.0001001612   0.0001105933   0.0000177823
        0.0001674304   0.0002444998   0.0001766527  -0.0004968206   0.0006808960
        0.0001351642   0.0010034044   0.0014051490  -0.0009581712   0.0040721287
       -0.0057967999  -0.0009803335   0.0919796161  -0.2537523646  -0.0305645066
        0.0090546702  -0.0253262153  -0.0035397964  -0.0038958256  -0.0035026000
       -0.0007858858   0.0000196502   0.0000280048   0.0000022872  -0.0000079637
       -0.0000233055   0.0000013530  -0.0000103297  -0.0000221990  -0.0000037194
        0.0000194646  -0.0000003596   0.0000285573   0.0000266234   0.0000105090
       -0.0000312070   0.0000755899  -0.0000848430  -0.0000145350   0.0000299948
       -0.0000675970  -0.0000446629  -0.0000921134  -0.0000281890   0.0000013490
       -0.0006810876   0.0010781935   0.0005394652  -0.1019994370   0.2863272165
        0.0359604422   0.0004996326   0.0006981285   0.0002546315   0.0003850468
       -0.0015929255  -0.0001978694
       -0.0000007697   0.0000143734  -0.0000007236   0.0000268430  -0.0000344226
        0.0002666543   0.0000183274  -0.0002002018   0.0002052198  -0.0000305802
        0.0001101364  -0.0008577527  -0.0000174647   0.0000186896   0.0000210730
       -0.0000840942   0.0002078126  -0.0014476125  -0.0000493889   0.0001236992
       -0.0002211269   0.0011812712  -0.0008880988   0.0093209944   0.0015574590
       -0.0026844708   0.0001051054   0.0135833030  -0.0305487470  -0.0383288024
        0.0006378758  -0.0018391687   0.0009016140   0.0001078508  -0.0008289130
        0.0060775542   0.0000037364   0.0000045177   0.0000008983  -0.0000055179
        0.0000013394  -0.0000023380  -0.0000013327  -0.0000065357  -0.0000028251
        0.0000487054   0.0000240755  -0.0000016078  -0.0000477314  -0.0000283783
       -0.0000056284   0.0000178853  -0.0000195359  -0.0000060951   0.0000285884
       -0.0000445225   0.0003098162  -0.0000094383  -0.0000111727   0.0000200394
       -0.0003541391   0.0004317548  -0.0033202490  -0.0164990604   0.0359604422
        0.0289010385  -0.0001384238   0.0003501533  -0.0018934951   0.0000260956
       -0.0001128263  -0.0000417507
       -0.0000437476  -0.0000368618  -0.0000005095  -0.0001723319   0.0000901826
        0.0000250907   0.0002913450   0.0001540696  -0.0001080142   0.0001384179
       -0.0001255225  -0.0000231453   0.0000999435   0.0002095355  -0.0000447347
       -0.0010592459  -0.0002989592   0.0000564651   0.0005144922   0.0028241425
        0.0009513865   0.0007517230  -0.0001129780  -0.0000797728  -0.0014014690
       -0.0038821631   0.0001078228  -0.0211736356   0.0009764877   0.0016750795
       -0.2932831817   0.0299115124   0.0215023726  -0.0156642195   0.0037751006
        0.0015519788  -0.0000136996  -0.0000253756  -0.0000025007   0.0000143066
        0.0000146655   0.0000003713   0.0000159360   0.0000150405  -0.0000008932
        0.0000447992  -0.0000280445   0.0000138038   0.0000394343  -0.0000226355
       -0.0000263476  -0.0000571735   0.0000365872   0.0000293804  -0.0001361616
        0.0000970537   0.0000202101   0.0000416979   0.0000641046   0.0000182807
       -0.0012222232  -0.0000621086   0.0000744677   0.0008126906   0.0004996326
       -0.0001384238   0.3304669858  -0.0336109552  -0.0252544543   0.0009953172
       -0.0004625111  -0.0003479139
       -0.0000283990   0.0000583505   0.0000061807  -0.0000572157   0.0000784556
        0.0000083983  -0.0001309483  -0.0000449601   0.0001680002  -0.0000873104
       -0.0000446481  -0.0000019099   0.0002079244  -0.0002915439   0.0000474648
        0.0014161934   0.0000755418  -0.0001152630   0.0017565274  -0.0046546693
       -0.0016873386   0.0000094411  -0.0005784008  -0.0000398325  -0.0032656745
       -0.0033282206  -0.0008127687  -0.0230766296   0.0020668555   0.0017323358
        0.0297227339  -0.0473374086  -0.0035284073   0.0281994223  -0.0048238464
       -0.0025688014   0.0000082829   0.0000065591   0.0000001426  -0.0000021665
       -0.0000092733  -0.0000040292  -0.0000024552  -0.0000099967   0.0000027828
        0.0000451685  -0.0000098282   0.0000386114   0.0000426469  -0.0000014505
       -0.0000450208   0.0000066746  -0.0000145383  -0.0000351508   0.0001392276
       -0.0000694881  -0.0000152684  -0.0000130650   0.0000639504  -0.0000141972
       -0.0012338656  -0.0000988501   0.0000832028  -0.0008362189   0.0006981285
        0.0003501533  -0.0336109552   0.0575806494   0.0060558285   0.0007906610
        0.0006886319   0.0003748867
       -0.0000000679   0.0000083644   0.0000093557   0.0000053516  -0.0000045713
        0.0000343785  -0.0001370500   0.0001472390  -0.0014636759  -0.0000196806
        0.0000010237   0.0000315456  -0.0000462484   0.0000502066  -0.0008487697
        0.0002477899   0.0000046698   0.0001977416   0.0008389799  -0.0017645665
        0.0093954859  -0.0000651322  -0.0000308219  -0.0002167357   0.0001719784
       -0.0007701196   0.0060856512  -0.0009586624   0.0000372000   0.0011493352
        0.0214817769  -0.0035331127  -0.0361212383   0.0042228332  -0.0008520380
        0.0001515778   0.0000022263   0.0000023626   0.0000015578  -0.0000037035
       -0.0000007718  -0.0000028419   0.0000012521  -0.0000023847  -0.0000020756
        0.0000161631  -0.0000029955  -0.0000035505  -0.0000128557   0.0000062601
       -0.0000070545   0.0000265409  -0.0000371281   0.0002963699   0.0000235844
       -0.0000130696  -0.0000219079   0.0000090224  -0.0000188965   0.0001955187
       -0.0000527528   0.0000006487  -0.0000568587  -0.0002847129   0.0002546315
       -0.0018934951  -0.0252544543   0.0060558285   0.0262640008  -0.0002121784
        0.0004620413  -0.0031743149
       -0.0001034004  -0.0001645427  -0.0000074551  -0.0004970895   0.0001730401
        0.0000835376  -0.0006940898  -0.0013553153  -0.0001176035   0.0003121506
       -0.0000511211  -0.0000429850   0.0004101712  -0.0001433330  -0.0000532401
        0.0006321035  -0.0020924880  -0.0004132985  -0.0207711861  -0.0240867354
       -0.0010830897  -0.0054492666   0.0016043522   0.0009803881   0.0000406558
        0.0007020823   0.0000643921   0.0003298202   0.0021044905   0.0008675900
        0.0059578262   0.0078967586   0.0005004053  -0.1324472683  -0.1207548746
       -0.0062330941  -0.0000594832  -0.0000139258   0.0000028774   0.0000187507
        0.0000105655  -0.0000001392   0.0000186498   0.0000089596  -0.0000008479
        0.0000316733   0.0000263284   0.0000043910   0.0000214865   0.0000217738
       -0.0000042075  -0.0000050399   0.0000790332   0.0000102082   0.0000550102
        0.0000698948   0.0000181300  -0.0003609951   0.0012939175   0.0001769353
       -0.0000135658   0.0000065166  -0.0001409096   0.0001863166   0.0003850468
        0.0000260956   0.0009953172   0.0007906610  -0.0002121784   0.1513914528
        0.1334889151   0.0055740981
       -0.0000126365  -0.0000368165  -0.0000041639  -0.0000884035   0.0001188982
       -0.0000217404   0.0002861601  -0.0001738955  -0.0000134307   0.0001507824
        0.0001179183   0.0000205110  -0.0000278993  -0.0002564391  -0.0000146418
        0.0020521279   0.0012744273   0.0002089345  -0.0021989635  -0.0001463073
        0.0000024430   0.0003161879   0.0008701078  -0.0005804476   0.0006148454
        0.0004060602   0.0000187695   0.0030377705  -0.0044419227  -0.0017264831
       -0.0167974930  -0.0264989286  -0.0017993983  -0.1195143588  -0.2067545943
       -0.0105353153  -0.0000280661  -0.0000223793  -0.0000006665  -0.0000003245
        0.0000102204  -0.0000096538   0.0000030559   0.0000105016   0.0000116455
        0.0000175197  -0.0000441930  -0.0000190037   0.0000331582  -0.0000383708
        0.0000066705  -0.0000718076   0.0000088486   0.0000052619  -0.0000090016
        0.0000552873  -0.0000144792   0.0000501558   0.0000190607  -0.0000136877
        0.0000119188  -0.0000821344   0.0002125504  -0.0008511321  -0.0015929255
       -0.0001128263  -0.0004625111   0.0006886319   0.0004620413   0.1334889151
        0.2365089448   0.0139171107
        0.0000058768   0.0000058069   0.0000125481   0.0000504487  -0.0000465600
        0.0003819543   0.0000640940   0.0001063130  -0.0002328990  -0.0000182696
        0.0000359368  -0.0001891176  -0.0000358821  -0.0000040221  -0.0001130608
        0.0000385630   0.0004957704  -0.0019219376   0.0013191104   0.0015471471
        0.0013252560   0.0008387630  -0.0006713930   0.0058499755   0.0000499169
        0.0000088870  -0.0001572616   0.0009743701  -0.0016584436   0.0091404611
       -0.0022009681  -0.0035457759   0.0005506907  -0.0061069349  -0.0104423295
       -0.0341147719   0.0000014856  -0.0000009386  -0.0000014003   0.0000025418
        0.0000023772  -0.0000020112  -0.0000044039  -0.0000015760  -0.0000000355
        0.0000654813   0.0000342885  -0.0000058975  -0.0000646325  -0.0000453525
       -0.0000021602  -0.0000073742  -0.0000067123   0.0000174515   0.0000088203
       -0.0000207982   0.0002027963   0.0000415430  -0.0001010294   0.0001207203
       -0.0001406692   0.0002142761  -0.0020010731  -0.0001080647  -0.0001978694
       -0.0000417507  -0.0003479139   0.0003748867  -0.0031743149   0.0055740981
        0.0139171107   0.0243558381
