           1           2  0.993595089721759     
           2           3   1.26927730764451     
           2           4  0.169669286945506     
           3           4   1.56622058323548     
           3           5   1.03931226211667     
           4           5  0.108526966240672     
           5           6  0.943663210866114     
           6           7   1.50644306880118     
           7           8   1.32088355161490     
           6           9  0.108740711560989     
           8           9   1.55623900751172     
           9          10   1.27742483820396     
           6          11   1.23550258185494     
          10          11   1.25074796468239     
          11          12   1.28595823253561     
          12          13   1.55213980780584     
          13          14   1.32340149602045     
          10          15   1.28081125059850     
          12          15  0.118469212063121     
          14          15   1.55583526385327     
           1          16  0.974043113677547     
           1          17  0.973708648880284     
           1          18  0.977898982222567     
           2          19  0.917559561165271     
           7          20  0.966421582256188     
           8          21  0.967405962498624     
           9          22  0.965327727516265     
          12          23  0.967858185246567     
          13          24  0.969837568663596     
          14          25  0.969105726436512     
          15          26  0.966209218393673     
