           1           2   1.02017709610314     
           2           3   1.01531538717123     
           3           4   1.42499534512171     
           4           5   1.43411432170900     
           3           6  0.107281413536713     
           5           6   1.44260688886599     
           4           7  0.106070324029109     
           6           7   1.43480218880194     
           3           8   1.36916755356253     
           5           8  0.107930243295284     
           7           8   1.42556112779419     
           8           9   1.02951318928943     
           1          10  0.986298581378465     
           1          11  0.986491523520777     
           1          12  0.986489562037557     
           2          13  0.959539869821230     
           2          14  0.959501113940478     
           4          15  0.965963709878590     
           5          16  0.971503596725041     
           6          17  0.971411654360489     
           7          18  0.968523952581978     
           9          19  0.984833362803497     
           9          20  0.968795618781336     
           9          21  0.968760864166205     
