           1           2  0.979141207620472     
           2           3  0.956824062649479     
           2           4  0.962478985932143     
           4           5  0.957388859959263     
           4           6  0.968140805779288     
           6           7  0.953396921353664     
           6           8  0.962968335434975     
           8           9  0.956251135047818     
           8          10  0.950440103724527     
          10          11  0.949356114165424     
           2          12  0.951793768130319     
          10          12  0.966462994703007     
          10          13   1.00298255844472     
           8          14   1.00446657537422     
           6          15   1.00080442007586     
           4          16   1.00826263752818     
           1          17   1.00560529064220     
           1          18  0.965668620676725     
           1          19  0.968158773536764     
          13          20  0.836744097930596     
          14          21  0.852664814569955     
          15          22  0.846834516680501     
          16          23  0.851577043858822     
          17          24  0.855946523720979     
