           1           2  0.977505317521556     
           2           3  0.953140574197679     
           2           4  0.975322301967693     
           4           5  0.959701791291603     
           4           6  0.956892096771091     
           6           7  0.957073210090220     
           6           8  0.967450723079472     
           8           9  0.958460848589209     
           8          10  0.952753089266655     
          10          11  0.951414947203945     
           2          12  0.954747537571398     
          10          12  0.972927876205863     
          10          13  0.990442645351683     
           8          14   1.00831626701146     
           6          15   1.00328379160636     
           4          16  0.990466945365184     
           1          17   1.00342170401305     
           1          18  0.962165027368657     
           1          19  0.969896219167529     
          13          20  0.833852323937907     
          14          21  0.839752980618981     
          15          22  0.844548983317782     
          16          23  0.845803127364026     
          17          24  0.858202624628651     
