$hessian                                                                        
        0.5019830374  -0.0032459169  -0.0328402568  -0.0956782129   0.0014064772
       -0.0587270860   0.0043286391  -0.0000519808   0.0088591221  -0.0142274817
       -0.0003401827  -0.0203375300  -0.0099129254  -0.0023847144  -0.0038482246
       -0.0004320426   0.0004679191  -0.0004945491  -0.0887293837   0.0642738611
        0.0717918071  -0.0434302813   0.0112144868  -0.0036384282  -0.2513993337
       -0.0737485893   0.0403393183  -0.0009949760   0.0009281499  -0.0033189514
        0.0002843117  -0.0001792142   0.0003351316   0.0008776040   0.0003946647
        0.0008152830  -0.0006729565   0.0016896759   0.0025002856  -0.0001511317
        0.0001074647  -0.0008586463  -0.0010491699  -0.0006964292  -0.0003300353
       -0.0007956968   0.0001643282  -0.0002472401
       -0.0032459169   0.5287897272   0.0022532006   0.0018120516  -0.0661770490
        0.0048496342  -0.0059021369  -0.0013298269  -0.0158466576  -0.0036141345
       -0.0005812889  -0.0060354042  -0.0031593706   0.0013430286  -0.0011139628
        0.0002938538  -0.0013292696  -0.0003613773   0.0646947722  -0.1324647401
       -0.0979179767   0.0112939803  -0.2543161274   0.0807184640  -0.0737522189
       -0.0708408293   0.0141410040   0.0128160102  -0.0029203893   0.0241148822
       -0.0006403416   0.0009998665  -0.0010829217  -0.0003637675   0.0001725010
        0.0001771907   0.0009155248  -0.0015001185  -0.0034054181  -0.0001383855
        0.0000764430  -0.0002625739   0.0003573738   0.0000445122  -0.0001788039
       -0.0013672943   0.0000335605  -0.0000492795
       -0.0328402568   0.0022532006   0.4815822431  -0.0579883029   0.0050643208
       -0.1652412871  -0.0080249992  -0.0042529788  -0.0255890108  -0.0044750854
       -0.0016742185  -0.0006421033   0.0010498554   0.0003583139   0.0013555188
        0.0003638140   0.0000018253  -0.0006289124   0.0718383586  -0.0978487667
       -0.1512556610  -0.0037481488   0.0804577932  -0.0741350159   0.0400067948
        0.0137674818  -0.0494271263  -0.0082487646   0.0029892910  -0.0144515238
       -0.0004800959   0.0008962382   0.0010465573  -0.0008749438   0.0002785080
        0.0004490022   0.0016486894  -0.0027442701  -0.0033272321   0.0002948919
        0.0000697213  -0.0000395268   0.0007658091   0.0005003024   0.0001973555
        0.0007123842  -0.0001167624   0.0001067229
       -0.0956782129   0.0018120516  -0.0579883029   0.4504401417   0.0004868738
        0.0394549839  -0.0858816228   0.0305575575   0.0306376610  -0.1438648298
       -0.0253750732   0.0157144078  -0.0453917338  -0.0105601869  -0.0268428640
       -0.0116945945  -0.0080773349   0.0055536798   0.0058925442  -0.0005916745
        0.0096228229  -0.0015438804   0.0025564167  -0.0030870015  -0.0197326409
       -0.0007435765  -0.0256982820  -0.0381568653  -0.0024673114  -0.0038171311
       -0.0019468368   0.0048613292   0.0019547205  -0.0174000562   0.0167768923
        0.0216130434   0.0058962824  -0.0079824603  -0.0086176596  -0.0003563973
       -0.0008993134   0.0014712437   0.0000083069   0.0001713401  -0.0003974404
       -0.0005896045  -0.0005255301   0.0004261185
        0.0014064772  -0.0661770490   0.0050643208   0.0004868738   0.4754014081
       -0.0246471543   0.0411423239  -0.1032458868  -0.0510433090  -0.0287014660
       -0.0741364094   0.0059359707  -0.0066581091   0.0108079431  -0.0039165388
       -0.0109505098   0.0100227864   0.0055124419  -0.0085257498  -0.0005302543
       -0.0160144306   0.0148395471  -0.0025854195   0.0251919318  -0.0058275085
        0.0001012983  -0.0087122479  -0.0082798045  -0.2331267787   0.0785606505
        0.0144409370  -0.0211253331  -0.0188182102  -0.0014312869   0.0037248503
        0.0028693107  -0.0001253820  -0.0008077259  -0.0019980506  -0.0011702684
        0.0017445472   0.0015883370  -0.0018068742  -0.0006901508   0.0021367079
        0.0011608002   0.0006221740  -0.0017097300
       -0.0587270860   0.0048496342  -0.1652412871   0.0394549839  -0.0246471543
        0.4821308917   0.0383555352  -0.0466794459  -0.1153661229   0.0058418468
        0.0033457665  -0.0661403194  -0.0390675407  -0.0082924343  -0.0022009029
        0.0190105871   0.0085387129  -0.0041559167  -0.0094383537  -0.0016745240
       -0.0218469108  -0.0072188283   0.0045386604  -0.0139736624  -0.0017052055
       -0.0005403950   0.0008872378  -0.0014410269   0.0770282004  -0.0666682327
       -0.0031194867   0.0022704298   0.0053942560   0.0056515271  -0.0045057503
       -0.0062176796   0.0101341369  -0.0162564876  -0.0221909553   0.0019046087
        0.0017081737  -0.0042372319   0.0000136756  -0.0002938922   0.0001486601
        0.0003506264   0.0006105058  -0.0003218239
        0.0043286391  -0.0059021369  -0.0080249992  -0.0858816228   0.0411423239
        0.0383555352   0.5123062678   0.0210439657   0.0270580433  -0.0237353785
        0.0134990744   0.0162202623   0.0001518288  -0.0005438832   0.0034099718
       -0.0024486111  -0.0026710423   0.0001339972  -0.0006636073  -0.0004788404
       -0.0032345718   0.0002872516  -0.0004429375  -0.0002211374   0.0009897459
       -0.0003496344  -0.0010017612   0.0002545742   0.0034266356   0.0023714576
       -0.0449454994   0.0084457137  -0.0042267696  -0.2503454952  -0.0779322939
        0.0367884732  -0.1097473723   0.0015836580  -0.1081692158  -0.0003253907
       -0.0006880274   0.0008457723   0.0001581388   0.0000489030  -0.0004789997
       -0.0003834688  -0.0001814782   0.0001739418
       -0.0000519808  -0.0013298269  -0.0042529788   0.0305575575  -0.1032458868
       -0.0466794459   0.0210439657   0.4917810071  -0.0315628731   0.0033046883
        0.0041398221   0.0032319818  -0.0013799677   0.0010091157  -0.0011471237
       -0.0010068231  -0.0022414949   0.0005162603  -0.0002226777   0.0007784492
        0.0000163608  -0.0001831324   0.0010592200   0.0009505972   0.0002463898
        0.0001134911   0.0000476218   0.0152587308  -0.0222169908  -0.0198376822
        0.0092067485  -0.2540852702   0.0776744591  -0.0779635740  -0.0715444748
        0.0157529952   0.0015443442  -0.0441429416   0.0049835034  -0.0001730068
       -0.0001832545   0.0002259982   0.0000843201   0.0001100520  -0.0001932748
       -0.0002655822  -0.0000010167   0.0002736007
        0.0088591221  -0.0158466576  -0.0255890108   0.0306376610  -0.0510433090
       -0.1153661229   0.0270580433  -0.0315628731   0.4833111163   0.0161971015
        0.0001562066  -0.0033329322  -0.0037932543  -0.0004371476  -0.0027517406
        0.0005711862   0.0001746080   0.0011201571  -0.0022804813  -0.0007230991
       -0.0053306345   0.0006147824  -0.0008264659   0.0007929365   0.0010073881
        0.0000481992   0.0007476921  -0.0020385083   0.0015767379   0.0039650299
       -0.0041889105   0.0775938137  -0.0713706250   0.0367635527   0.0155812242
       -0.0484742444  -0.1091549586   0.0053532420  -0.2175854442   0.0001178119
        0.0001356713  -0.0002218169  -0.0002732689   0.0000078924   0.0001100780
       -0.0000972673  -0.0001880429  -0.0000244383
       -0.0142274817  -0.0036141345  -0.0044750854  -0.1438648298  -0.0287014660
        0.0058418468  -0.0237353785   0.0033046883   0.0161971015   0.5507217264
        0.0534817586   0.1867358733  -0.2605340019  -0.0005809168  -0.2675641372
       -0.0953828526  -0.0157390562   0.0453682426   0.0006086739   0.0007405034
        0.0005056552   0.0006278073  -0.0006403574   0.0002307140   0.0002784729
        0.0002813695  -0.0007026736  -0.0055443782  -0.0037250194   0.0044083481
        0.0008164073  -0.0010854505  -0.0005364313  -0.0005751259   0.0007646683
        0.0000089052   0.0002274160   0.0000429351  -0.0007753395  -0.0167638852
       -0.0105786802   0.0288674178   0.0014413954  -0.0003006104  -0.0003825896
        0.0059060345   0.0063497682  -0.0137278478
       -0.0003401827  -0.0005812889  -0.0016742185  -0.0253750732  -0.0741364094
        0.0033457665   0.0134990744   0.0041398221   0.0001562066   0.0534817586
        0.2316838642  -0.0510328416   0.0002512258  -0.0599612757   0.0101353410
       -0.0171235336  -0.0813683776   0.0263632821  -0.0002738348   0.0002929625
       -0.0004390836   0.0009886537  -0.0001198616   0.0004359574   0.0005161240
        0.0005063614   0.0000866908  -0.0276885711  -0.0135185084   0.0054083858
        0.0017533438  -0.0008303252  -0.0004457158   0.0026361150  -0.0017761979
       -0.0028222344   0.0000090232   0.0008646839   0.0001124329  -0.0060820069
       -0.0027158043   0.0090762807   0.0100249122   0.0053197949  -0.0211129656
       -0.0062770285  -0.0077994401   0.0224067158
       -0.0203375300  -0.0060354042  -0.0006421033   0.0157144078   0.0059359707
       -0.0661403194   0.0162202623   0.0032319818  -0.0033329322   0.1867358733
       -0.0510328416   0.7142688347  -0.2661267737   0.0082416487  -0.4579778996
        0.0539104952   0.0310138567  -0.1430823404  -0.0004759900  -0.0008169182
       -0.0000202217  -0.0005666818   0.0004589227   0.0004569724  -0.0022214158
        0.0001688924  -0.0036862372   0.0099167434   0.0062657259   0.0003890189
        0.0003877524   0.0000017999   0.0004963148   0.0027683354  -0.0032184367
       -0.0029594955   0.0018385579   0.0001523357  -0.0021406363   0.0037486725
        0.0005462901   0.0010498825   0.0019698135   0.0009827761  -0.0228099734
       -0.0034825224   0.0041034001  -0.0138688644
       -0.0099129254  -0.0031593706   0.0010498554  -0.0453917338  -0.0066581091
       -0.0390675407   0.0001518288  -0.0013799677  -0.0037932543  -0.2605340019
        0.0002512258  -0.2661267737   0.3022283415   0.0100872273   0.3175260340
        0.0129795846  -0.0011297830  -0.0076678533   0.0000712577  -0.0001540342
        0.0001994657   0.0000079846   0.0001471030   0.0002557922  -0.0023307858
       -0.0001875450  -0.0029262425  -0.0001429554   0.0001984336  -0.0014134906
       -0.0004345203   0.0006658720  -0.0002788933  -0.0002736163   0.0002478830
        0.0002921345  -0.0000677787  -0.0003609864   0.0000432894   0.0015284120
        0.0011577038  -0.0008208676   0.0009455146   0.0009509289   0.0006282288
        0.0011753939  -0.0006765814   0.0021001160
       -0.0023847144   0.0013430286   0.0003583139  -0.0105601869   0.0108079431
       -0.0082924343  -0.0005438832   0.0010091157  -0.0004371476  -0.0005809168
       -0.0599612757   0.0082416487   0.0100872273   0.0281004087  -0.0183759756
        0.0024355396   0.0195087384   0.0163154846   0.0001095792  -0.0000783548
        0.0002936454  -0.0002663095   0.0000359454  -0.0002032879  -0.0003679335
        0.0000734002  -0.0003611887   0.0016359803   0.0015888147  -0.0001856871
       -0.0003673485   0.0001541150  -0.0000814958  -0.0000758549   0.0001554751
        0.0002862341   0.0000799085  -0.0006483942   0.0002624402   0.0012711086
       -0.0008880020  -0.0012196141  -0.0009836483  -0.0012701445   0.0046769270
        0.0005114525   0.0000691863  -0.0012778628
       -0.0038482246  -0.0011139628   0.0013555188  -0.0268428640  -0.0039165388
       -0.0022009029   0.0034099718  -0.0011471237  -0.0027517406  -0.2675641372
        0.0101353410  -0.4579778996   0.3175260340  -0.0183759756   0.5404704361
       -0.0260904565   0.0110792282  -0.0695853261   0.0001738714   0.0001593596
        0.0000140614   0.0002111888  -0.0000466024  -0.0000802996  -0.0014814505
       -0.0002081908  -0.0012371043   0.0001720663  -0.0009499780  -0.0010449439
       -0.0004973325   0.0005542745   0.0000033487  -0.0002906766   0.0007238353
        0.0007392848   0.0001130979   0.0000292602   0.0012709976  -0.0017550174
       -0.0012122383   0.0029400118   0.0028964314   0.0019857476  -0.0049004641
        0.0038674978   0.0023035641  -0.0070149780
       -0.0004320426   0.0002938538   0.0003638140  -0.0116945945  -0.0109505098
        0.0190105871  -0.0024486111  -0.0010068231   0.0005711862  -0.0953828526
       -0.0171235336   0.0539104952   0.0129795846   0.0024355396  -0.0260904565
        0.5259384256   0.0043192154   0.0361490403  -0.0011262046  -0.0001087386
        0.0004138988  -0.0010817546  -0.0008389293   0.0003823433  -0.0003215252
       -0.0001829146   0.0004923718  -0.0037945649  -0.0013962752   0.0012722034
        0.0000582223  -0.0001824364  -0.0001153047  -0.0006889232   0.0006666639
        0.0007241674  -0.0000740718  -0.0000440708   0.0000178244  -0.2663972259
       -0.0648014240  -0.0281015249  -0.0412378861  -0.0119478837  -0.0072373650
       -0.1142959755   0.1008682664  -0.0517632807
        0.0004679191  -0.0013292696   0.0000018253  -0.0080773349   0.0100227864
        0.0085387129  -0.0026710423  -0.0022414949   0.0001746080  -0.0157390562
       -0.0813683776   0.0310138567  -0.0011297830   0.0195087384   0.0110792282
        0.0043192154   0.4818642837   0.0099043605  -0.0009153743   0.0000705166
        0.0003443832   0.0001536430   0.0003225624  -0.0000991070  -0.0001743975
        0.0000321320   0.0001995182   0.0009921115   0.0002030637  -0.0005342484
       -0.0001076936  -0.0000216264  -0.0001531844  -0.0006393298   0.0007834265
        0.0009268244   0.0002098337  -0.0000850191  -0.0001932637  -0.0650067263
       -0.0646158809  -0.0079808742  -0.0110216900  -0.1827365382  -0.1279099272
        0.0993397052  -0.1804093031   0.0746872876
       -0.0004945491  -0.0003613773  -0.0006289124   0.0055536798   0.0055124419
       -0.0041559167   0.0001339972   0.0005162603   0.0011201571   0.0453682426
        0.0263632821  -0.1430823404  -0.0076678533   0.0163154846  -0.0695853261
        0.0361490403   0.0099043605   0.4664364073  -0.0005445013   0.0003809479
        0.0004085775  -0.0001365495  -0.0005440513   0.0001858194   0.0001116986
       -0.0000265999   0.0000916958   0.0013002096   0.0001230647  -0.0002572678
       -0.0000639919  -0.0001884471  -0.0000011092   0.0003669714  -0.0001378051
       -0.0002922580  -0.0003497304   0.0001582048   0.0002364653  -0.0269743129
       -0.0074872954  -0.0474523473  -0.0053915570  -0.1209903533  -0.1355988276
       -0.0473607942   0.0704618827  -0.0674248168
       -0.0887293837   0.0646947722   0.0718383586   0.0058925442  -0.0085257498
       -0.0094383537  -0.0006636073  -0.0002226777  -0.0022804813   0.0006086739
       -0.0002738348  -0.0004759900   0.0000712577   0.0001095792   0.0001738714
       -0.0011262046  -0.0009153743  -0.0005445013   0.1042773173  -0.0743464827
       -0.0826374080  -0.0008787158   0.0021486893   0.0015070402  -0.0182615872
        0.0181972608   0.0221144777   0.0001946599  -0.0001784374   0.0002319474
       -0.0000970426  -0.0000981775   0.0000060035   0.0000412367   0.0000839118
       -0.0001402968   0.0003902786  -0.0003635543  -0.0005916490  -0.0000769779
        0.0001044224  -0.0000303512  -0.0016393895  -0.0003902194   0.0001930695
       -0.0000030598  -0.0000241278   0.0000742628
        0.0642738611  -0.1324647401  -0.0978487667  -0.0005916745  -0.0005302543
       -0.0016745240  -0.0004788404   0.0007784492  -0.0007230991   0.0007405034
        0.0002929625  -0.0008169182  -0.0001540342  -0.0000783548   0.0001593596
       -0.0001087386   0.0000705166   0.0003809479  -0.0743464827   0.1496295302
        0.1141150159   0.0154155364  -0.0237465300  -0.0199178218  -0.0038949267
        0.0057242993   0.0057396378  -0.0000283581   0.0003713060   0.0004512917
       -0.0000202687   0.0002360279   0.0001204533  -0.0000850456  -0.0000760789
        0.0000898907   0.0001089773   0.0000821167  -0.0002455657   0.0001582604
        0.0000084210   0.0001698749  -0.0010427397   0.0005084832   0.0001887169
        0.0000539707  -0.0008061545  -0.0001884931
        0.0717918071  -0.0979179767  -0.1512556610   0.0096228229  -0.0160144306
       -0.0218469108  -0.0032345718   0.0000163608  -0.0053306345   0.0005056552
       -0.0004390836  -0.0000202217   0.0001994657   0.0002936454   0.0000140614
        0.0004138988   0.0003443832   0.0004085775  -0.0826374080   0.1141150159
        0.1770524384  -0.0037808938   0.0052603853   0.0068580010   0.0066521900
       -0.0047180617  -0.0053221189   0.0003860464  -0.0001334693   0.0000554375
       -0.0001164634   0.0002523016   0.0000355780  -0.0002466657   0.0000587745
        0.0001409980   0.0006062225  -0.0010805868  -0.0014519074   0.0001531115
        0.0000324941   0.0000483282  -0.0002651418   0.0000400840   0.0005773357
       -0.0000500754  -0.0001098361   0.0000366988
       -0.0434302813   0.0112939803  -0.0037481488  -0.0015438804   0.0148395471
       -0.0072188283   0.0002872516  -0.0001831324   0.0006147824   0.0006278073
        0.0009886537  -0.0005666818   0.0000079846  -0.0002663095   0.0002111888
       -0.0010817546   0.0001536430  -0.0001365495  -0.0008787158   0.0154155364
       -0.0037808938   0.0502594951  -0.0119181161   0.0060437398  -0.0014377533
       -0.0299059587   0.0112462893  -0.0011664026   0.0005619751  -0.0032118039
        0.0002128251  -0.0000199697   0.0000550949  -0.0001691786  -0.0001988000
        0.0000550407  -0.0000697714   0.0000567173   0.0001002776   0.0001282794
       -0.0000972837   0.0000268417  -0.0000599815   0.0002650404   0.0001058574
       -0.0016859236  -0.0009855233   0.0002037938
        0.0112144868  -0.2543161274   0.0804577932   0.0025564167  -0.0025854195
        0.0045386604  -0.0004429375   0.0010592200  -0.0008264659  -0.0006403574
       -0.0001198616   0.0004589227   0.0001471030   0.0000359454  -0.0000466024
       -0.0008389293   0.0003225624  -0.0005440513   0.0021486893  -0.0237465300
        0.0052603853  -0.0119181161   0.2932681005  -0.0952651473  -0.0026253215
       -0.0145617625   0.0054635428   0.0006775920   0.0006342064   0.0007681569
       -0.0000638029   0.0002393042   0.0000586090  -0.0000465209  -0.0002677904
        0.0001038521  -0.0001004211  -0.0000252522  -0.0001865706  -0.0001621227
       -0.0000392432  -0.0001837630   0.0002595061  -0.0005319270  -0.0000320756
       -0.0001652643   0.0006345751  -0.0000252461
       -0.0036384282   0.0807184640  -0.0741350159  -0.0030870015   0.0251919318
       -0.0139736624  -0.0002211374   0.0009505972   0.0007929365   0.0002307140
        0.0004359574   0.0004569724   0.0002557922  -0.0002032879  -0.0000802996
        0.0003823433  -0.0000991070   0.0001858194   0.0015070402  -0.0199178218
        0.0068580010   0.0060437398  -0.0952651473   0.0868496485   0.0016287358
        0.0080666980  -0.0020169172  -0.0032100752   0.0009378768  -0.0051321693
       -0.0000759887  -0.0006682438  -0.0004238727   0.0000684930   0.0000761836
       -0.0001706112   0.0001112939  -0.0000649940   0.0002812392   0.0000645638
        0.0000448880  -0.0000193090  -0.0000320649  -0.0001839458   0.0000149884
       -0.0000280200  -0.0000200491   0.0005122519
       -0.2513993337  -0.0737522189   0.0400067948  -0.0197326409  -0.0058275085
       -0.0017052055   0.0009897459   0.0002463898   0.0010073881   0.0002784729
        0.0005161240  -0.0022214158  -0.0023307858  -0.0003679335  -0.0014814505
       -0.0003215252  -0.0001743975   0.0001116986  -0.0182615872  -0.0038949267
        0.0066521900  -0.0014377533  -0.0026253215   0.0016287358   0.2919701013
        0.0858267241  -0.0439551540   0.0000492446   0.0001357293   0.0003684376
       -0.0001527814  -0.0001258468  -0.0000403281   0.0003521950  -0.0000586097
       -0.0003075766   0.0000291013   0.0001268756   0.0002717954   0.0000957637
       -0.0000094170  -0.0001081004   0.0000239731  -0.0001698010  -0.0001609410
       -0.0001521902   0.0001541384  -0.0000668685
       -0.0737485893  -0.0708408293   0.0137674818  -0.0007435765   0.0001012983
       -0.0005403950  -0.0003496344   0.0001134911   0.0000481992   0.0002813695
        0.0005063614   0.0001688924  -0.0001875450   0.0000734002  -0.0002081908
       -0.0001829146   0.0000321320  -0.0000265999   0.0181972608   0.0057242993
       -0.0047180617  -0.0299059587  -0.0145617625   0.0080666980   0.0858267241
        0.0785366220  -0.0162245672   0.0007460512   0.0003524012   0.0001679860
       -0.0002083440  -0.0003202239   0.0000489937   0.0001123220   0.0001270984
       -0.0005148236   0.0001679135  -0.0000703842   0.0000812921  -0.0000339588
        0.0001512827  -0.0000410489  -0.0000484899  -0.0000636556   0.0000061058
        0.0000773701   0.0001384690  -0.0000819620
        0.0403393183   0.0141410040  -0.0494271263  -0.0256982820  -0.0087122479
        0.0008872378  -0.0010017612   0.0000476218   0.0007476921  -0.0007026736
        0.0000866908  -0.0036862372  -0.0029262425  -0.0003611887  -0.0012371043
        0.0004923718   0.0001995182   0.0000916958   0.0221144777   0.0057396378
       -0.0053221189   0.0112462893   0.0054635428  -0.0020169172  -0.0439551540
       -0.0162245672   0.0598235624  -0.0002587331  -0.0002941495   0.0006480030
        0.0000969619   0.0000142924  -0.0001278106   0.0001987972  -0.0001831925
       -0.0007170536   0.0000238539   0.0000810812   0.0001040859   0.0000938019
        0.0000192198   0.0001498036  -0.0001289138   0.0002006715   0.0000847733
        0.0000658883  -0.0002179347  -0.0000024859
       -0.0009949760   0.0128160102  -0.0082487646  -0.0381568653  -0.0082798045
       -0.0014410269   0.0002545742   0.0152587308  -0.0020385083  -0.0055443782
       -0.0276885711   0.0099167434  -0.0001429554   0.0016359803   0.0001720663
       -0.0037945649   0.0009921115   0.0013002096   0.0001946599  -0.0000283581
        0.0003860464  -0.0011664026   0.0006775920  -0.0032100752   0.0000492446
        0.0007460512  -0.0002587331   0.0504945372   0.0007786261   0.0017274046
       -0.0008764244   0.0026485313   0.0020214355   0.0002307513   0.0006774756
       -0.0006301472   0.0002281305  -0.0004271193  -0.0002650429  -0.0005427123
        0.0000880620   0.0008410649  -0.0004000103  -0.0002133716   0.0003466628
        0.0001673916   0.0003180537  -0.0006193353
        0.0009281499  -0.0029203893   0.0029892910  -0.0024673114  -0.2331267787
        0.0770282004   0.0034266356  -0.0222169908   0.0015767379  -0.0037250194
       -0.0135185084   0.0062657259   0.0001984336   0.0015888147  -0.0009499780
       -0.0013962752   0.0002030637   0.0001230647  -0.0001784374   0.0003713060
       -0.0001334693   0.0005619751   0.0006342064   0.0009378768   0.0001357293
        0.0003524012  -0.0002941495   0.0007786261   0.2705098064  -0.0852231583
        0.0023335546  -0.0027286857  -0.0031694365  -0.0002433107   0.0006867128
        0.0004689867  -0.0002054531   0.0000182821   0.0001379389  -0.0001708406
        0.0000270151   0.0004191782  -0.0001280461  -0.0000383940   0.0000972600
        0.0001515897   0.0001581385  -0.0002740688
       -0.0033189514   0.0241148822  -0.0144515238  -0.0038171311   0.0785606505
       -0.0666682327   0.0023714576  -0.0198376822   0.0039650299   0.0044083481
        0.0054083858   0.0003890189  -0.0014134906  -0.0001856871  -0.0010449439
        0.0012722034  -0.0005342484  -0.0002572678   0.0002319474   0.0004512917
        0.0000554375  -0.0032118039   0.0007681569  -0.0051321693   0.0003684376
        0.0001679860   0.0006480030   0.0017274046  -0.0852231583   0.0838389747
        0.0019635861  -0.0031205169  -0.0020538736  -0.0004485405  -0.0000409183
        0.0006540286  -0.0001116836  -0.0005160605   0.0004660855   0.0001129911
       -0.0000587420  -0.0002365667   0.0000990952   0.0001921113  -0.0003122376
       -0.0002338701  -0.0001464507   0.0001402375
        0.0002843117  -0.0006403416  -0.0004800959  -0.0019468368   0.0144409370
       -0.0031194867  -0.0449454994   0.0092067485  -0.0041889105   0.0008164073
        0.0017533438   0.0003877524  -0.0004345203  -0.0003673485  -0.0004973325
        0.0000582223  -0.0001076936  -0.0000639919  -0.0000970426  -0.0000202687
       -0.0001164634   0.0002128251  -0.0000638029  -0.0000759887  -0.0001527814
       -0.0002083440   0.0000969619  -0.0008764244   0.0023335546   0.0019635861
        0.0491944435  -0.0132533414   0.0028605916  -0.0012731733  -0.0296077294
        0.0115168823  -0.0008886406   0.0165607268  -0.0084264448  -0.0000335641
        0.0000353008  -0.0000153674   0.0000695006  -0.0000328206  -0.0000759792
        0.0000127724  -0.0000289210   0.0002342867
       -0.0001792142   0.0009998665   0.0008962382   0.0048613292  -0.0211253331
        0.0022704298   0.0084457137  -0.2540852702   0.0775938137  -0.0010854505
       -0.0008303252   0.0000017999   0.0006658720   0.0001541150   0.0005542745
       -0.0001824364  -0.0000216264  -0.0001884471  -0.0000981775   0.0002360279
        0.0002523016  -0.0000199697   0.0002393042  -0.0006682438  -0.0001258468
       -0.0003202239   0.0000142924   0.0026485313  -0.0027286857  -0.0031205169
       -0.0132533414   0.2958127153  -0.0881382249  -0.0026579810  -0.0149124741
        0.0067699539   0.0009458518  -0.0035220055   0.0038444814  -0.0000497416
       -0.0000314804   0.0000510000   0.0000168371  -0.0000072529   0.0000220739
        0.0000680239   0.0001426485  -0.0001552265
        0.0003351316  -0.0010829217   0.0010465573   0.0019547205  -0.0188182102
        0.0053942560  -0.0042267696   0.0776744591  -0.0713706250  -0.0005364313
       -0.0004457158   0.0004963148  -0.0002788933  -0.0000814958   0.0000033487
       -0.0001153047  -0.0001531844  -0.0000011092   0.0000060035   0.0001204533
        0.0000355780   0.0000550949   0.0000586090  -0.0004238727  -0.0000403281
        0.0000489937  -0.0001278106   0.0020214355  -0.0031694365  -0.0020538736
        0.0028605916  -0.0881382249   0.0819540671   0.0004882361   0.0063417278
       -0.0019243227  -0.0025499951   0.0276135815  -0.0129014639  -0.0000967217
        0.0000161628   0.0000114711   0.0000134723  -0.0000015596  -0.0000264246
        0.0001097577   0.0000167617  -0.0001120906
        0.0008776040  -0.0003637675  -0.0008749438  -0.0174000562  -0.0014312869
        0.0056515271  -0.2503454952  -0.0779635740   0.0367635527  -0.0005751259
        0.0026361150   0.0027683354  -0.0002736163  -0.0000758549  -0.0002906766
       -0.0006889232  -0.0006393298   0.0003669714   0.0000412367  -0.0000850456
       -0.0002466657  -0.0001691786  -0.0000465209   0.0000684930   0.0003521950
        0.0001123220   0.0001987972   0.0002307513  -0.0002433107  -0.0004485405
       -0.0012731733  -0.0026579810   0.0004882361   0.2899583612   0.0886308910
       -0.0442575459  -0.0206215225  -0.0077399356  -0.0002774695  -0.0000341096
       -0.0001329211   0.0001969440   0.0000246973   0.0000302520  -0.0000864066
       -0.0001036446  -0.0000300518  -0.0000206083
        0.0003946647   0.0001725010   0.0002785080   0.0167768923   0.0037248503
       -0.0045057503  -0.0779322939  -0.0715444748   0.0155812242   0.0007646683
       -0.0017761979  -0.0032184367   0.0002478830   0.0001554751   0.0007238353
        0.0006666639   0.0007834265  -0.0001378051   0.0000839118  -0.0000760789
        0.0000587745  -0.0001988000  -0.0002677904   0.0000761836  -0.0000586097
        0.0001270984  -0.0001831925   0.0006774756   0.0006867128  -0.0000409183
       -0.0296077294  -0.0149124741   0.0063417278   0.0886308910   0.0822670518
       -0.0147484756  -0.0005496386   0.0004306781  -0.0000579877   0.0001178584
        0.0001533257  -0.0001635245  -0.0000487752   0.0000461157   0.0001142766
        0.0000349378   0.0000297809  -0.0001184391
        0.0008152830   0.0001771907   0.0004490022   0.0216130434   0.0028693107
       -0.0062176796   0.0367884732   0.0157529952  -0.0484742444   0.0000089052
       -0.0028222344  -0.0029594955   0.0002921345   0.0002862341   0.0007392848
        0.0007241674   0.0009268244  -0.0002922580  -0.0001402968   0.0000898907
        0.0001409980   0.0000550407   0.0001038521  -0.0001706112  -0.0003075766
       -0.0005148236  -0.0007170536  -0.0006301472   0.0004689867   0.0006540286
        0.0115168823   0.0067699539  -0.0019243227  -0.0442575459  -0.0147484756
        0.0559093399  -0.0267049068  -0.0095319433   0.0028953497   0.0000918979
        0.0001608418  -0.0001646130  -0.0000009125  -0.0000309900   0.0001770050
        0.0001355581   0.0000423865  -0.0000447300
       -0.0006729565   0.0009155248   0.0016486894   0.0058962824  -0.0001253820
        0.0101341369  -0.1097473723   0.0015443442  -0.1091549586   0.0002274160
        0.0000090232   0.0018385579  -0.0000677787   0.0000799085   0.0001130979
       -0.0000740718   0.0002098337  -0.0003497304   0.0003902786   0.0001089773
        0.0006062225  -0.0000697714  -0.0001004211   0.0001112939   0.0000291013
        0.0001679135   0.0000238539   0.0002281305  -0.0002054531  -0.0001116836
       -0.0008886406   0.0009458518  -0.0025499951  -0.0206215225  -0.0005496386
       -0.0267049068   0.1253213600  -0.0030917256   0.1243687984  -0.0000107792
        0.0000193788   0.0000584651   0.0000325410   0.0000032479   0.0000259110
        0.0000277832   0.0000686166  -0.0000577525
        0.0016896759  -0.0015001185  -0.0027442701  -0.0079824603  -0.0008077259
       -0.0162564876   0.0015836580  -0.0441429416   0.0053532420   0.0000429351
        0.0008646839   0.0001523357  -0.0003609864  -0.0006483942   0.0000292602
       -0.0000440708  -0.0000850191   0.0001582048  -0.0003635543   0.0000821167
       -0.0010805868   0.0000567173  -0.0000252522  -0.0000649940   0.0001268756
       -0.0000703842   0.0000810812  -0.0004271193   0.0000182821  -0.0005160605
        0.0165607268  -0.0035220055   0.0276135815  -0.0077399356   0.0004306781
       -0.0095319433  -0.0030917256   0.0494366201  -0.0032403139  -0.0000410761
       -0.0000061456   0.0000550538  -0.0000342584   0.0000145822  -0.0000615701
        0.0000245981  -0.0000389764   0.0000534670
        0.0025002856  -0.0034054181  -0.0033272321  -0.0086176596  -0.0019980506
       -0.0221909553  -0.1081692158   0.0049835034  -0.2175854442  -0.0007753395
        0.0001124329  -0.0021406363   0.0000432894   0.0002624402   0.0012709976
        0.0000178244  -0.0001932637   0.0002364653  -0.0005916490  -0.0002455657
       -0.0014519074   0.0001002776  -0.0001865706   0.0002812392   0.0002717954
        0.0000812921   0.0001040859  -0.0002650429   0.0001379389   0.0004660855
       -0.0084264448   0.0038444814  -0.0129014639  -0.0002774695  -0.0000579877
        0.0028953497   0.1243687984  -0.0032403139   0.2543193505   0.0000456795
       -0.0000264229   0.0000534143  -0.0000995987   0.0000186793  -0.0000225631
       -0.0001255305  -0.0000871748  -0.0000067857
       -0.0001511317  -0.0001383855   0.0002948919  -0.0003563973  -0.0011702684
        0.0019046087  -0.0003253907  -0.0001730068   0.0001178119  -0.0167638852
       -0.0060820069   0.0037486725   0.0015284120   0.0012711086  -0.0017550174
       -0.2663972259  -0.0650067263  -0.0269743129  -0.0000769779   0.0001582604
        0.0001531115   0.0001282794  -0.0001621227   0.0000645638   0.0000957637
       -0.0000339588   0.0000938019  -0.0005427123  -0.0001708406   0.0001129911
       -0.0000335641  -0.0000497416  -0.0000967217  -0.0000341096   0.0001178584
        0.0000918979  -0.0000107792  -0.0000410761   0.0000456795   0.3071195731
        0.0773584584   0.0283464846  -0.0041350458  -0.0028853937  -0.0022328539
       -0.0200448087  -0.0029921585  -0.0039156094
        0.0001074647   0.0000764430   0.0000697213  -0.0008993134   0.0017445472
        0.0017081737  -0.0006880274  -0.0001832545   0.0001356713  -0.0105786802
       -0.0027158043   0.0005462901   0.0011577038  -0.0008880020  -0.0012122383
       -0.0648014240  -0.0646158809  -0.0074872954   0.0001044224   0.0000084210
        0.0000324941  -0.0000972837  -0.0000392432   0.0000448880  -0.0000094170
        0.0001512827   0.0000192198   0.0000880620   0.0000270151  -0.0000587420
        0.0000353008  -0.0000314804   0.0000161628  -0.0001329211   0.0001533257
        0.0001608418   0.0000193788  -0.0000061456  -0.0000264229   0.0773584584
        0.0692952256   0.0079714222  -0.0238943831  -0.0086268867  -0.0049985586
        0.0222306591   0.0056504372   0.0030783721
       -0.0008586463  -0.0002625739  -0.0000395268   0.0014712437   0.0015883370
       -0.0042372319   0.0008457723   0.0002259982  -0.0002218169   0.0288674178
        0.0090762807   0.0010498825  -0.0008208676  -0.0012196141   0.0029400118
       -0.0281015249  -0.0079808742  -0.0474523473  -0.0000303512   0.0001698749
        0.0000483282   0.0000268417  -0.0001837630  -0.0000193090  -0.0001081004
       -0.0000410489   0.0001498036   0.0008410649   0.0004191782  -0.0002365667
       -0.0000153674   0.0000510000   0.0000114711   0.0001969440  -0.0001635245
       -0.0001646130   0.0000584651   0.0000550538   0.0000534143   0.0283464846
        0.0079714222   0.0517905739  -0.0191442156  -0.0072429020  -0.0026942714
       -0.0115751607  -0.0024628443  -0.0009778025
       -0.0010491699   0.0003573738   0.0007658091   0.0000083069  -0.0018068742
        0.0000136756   0.0001581388   0.0000843201  -0.0002732689   0.0014413954
        0.0100249122   0.0019698135   0.0009455146  -0.0009836483   0.0028964314
       -0.0412378861  -0.0110216900  -0.0053915570  -0.0016393895  -0.0010427397
       -0.0002651418  -0.0000599815   0.0002595061  -0.0000320649   0.0000239731
       -0.0000484899  -0.0001289138  -0.0004000103  -0.0001280461   0.0000990952
        0.0000695006   0.0000168371   0.0000134723   0.0000246973  -0.0000487752
       -0.0000009125   0.0000325410  -0.0000342584  -0.0000995987  -0.0041350458
       -0.0238943831  -0.0191442156   0.0450317621   0.0134598090   0.0101912099
        0.0007856533   0.0148061467   0.0093861661
       -0.0006964292   0.0000445122   0.0005003024   0.0001713401  -0.0006901508
       -0.0002938922   0.0000489030   0.0001100520   0.0000078924  -0.0003006104
        0.0053197949   0.0009827761   0.0009509289  -0.0012701445   0.0019857476
       -0.0119478837  -0.1827365382  -0.1209903533  -0.0003902194   0.0005084832
        0.0000400840   0.0002650404  -0.0005319270  -0.0001839458  -0.0001698010
       -0.0000636556   0.0002006715  -0.0002133716  -0.0000383940   0.0001921113
       -0.0000328206  -0.0000072529  -0.0000015596   0.0000302520   0.0000461157
       -0.0000309900   0.0000032479   0.0000145822   0.0000186793  -0.0028853937
       -0.0086268867  -0.0072429020   0.0134598090   0.2119517727   0.1406766847
        0.0017070082  -0.0240303631  -0.0158613064
       -0.0003300353  -0.0001788039   0.0001973555  -0.0003974404   0.0021367079
        0.0001486601  -0.0004789997  -0.0001932748   0.0001100780  -0.0003825896
       -0.0211129656  -0.0228099734   0.0006282288   0.0046769270  -0.0049004641
       -0.0072373650  -0.1279099272  -0.1355988276   0.0001930695   0.0001887169
        0.0005773357   0.0001058574  -0.0000320756   0.0000149884  -0.0001609410
        0.0000061058   0.0000847733   0.0003466628   0.0000972600  -0.0003122376
       -0.0000759792   0.0000220739  -0.0000264246  -0.0000864066   0.0001142766
        0.0001770050   0.0000259110  -0.0000615701  -0.0000225631  -0.0022328539
       -0.0049985586  -0.0026942714   0.0101912099   0.1406766847   0.1573864240
       -0.0001083287   0.0065684230   0.0076681418
       -0.0007956968  -0.0013672943   0.0007123842  -0.0005896045   0.0011608002
        0.0003506264  -0.0003834688  -0.0002655822  -0.0000972673   0.0059060345
       -0.0062770285  -0.0034825224   0.0011753939   0.0005114525   0.0038674978
       -0.1142959755   0.0993397052  -0.0473607942  -0.0000030598   0.0000539707
       -0.0000500754  -0.0016859236  -0.0001652643  -0.0000280200  -0.0001521902
        0.0000773701   0.0000658883   0.0001673916   0.0001515897  -0.0002338701
        0.0000127724   0.0000680239   0.0001097577  -0.0001036446   0.0000349378
        0.0001355581   0.0000277832   0.0000245981  -0.0001255305  -0.0200448087
        0.0222306591  -0.0115751607   0.0007856533   0.0017070082  -0.0001083287
        0.1299793436  -0.1172849460   0.0578198568
        0.0001643282   0.0000335605  -0.0001167624  -0.0005255301   0.0006221740
        0.0006105058  -0.0001814782  -0.0000010167  -0.0001880429   0.0063497682
       -0.0077994401   0.0041034001  -0.0006765814   0.0000691863   0.0023035641
        0.1008682664  -0.1804093031   0.0704618827  -0.0000241278  -0.0008061545
       -0.0001098361  -0.0009855233   0.0006345751  -0.0000200491   0.0001541384
        0.0001384690  -0.0002179347   0.0003180537   0.0001581385  -0.0001464507
       -0.0000289210   0.0001426485   0.0000167617  -0.0000300518   0.0000297809
        0.0000423865   0.0000686166  -0.0000389764  -0.0000871748  -0.0029921585
        0.0056504372  -0.0024628443   0.0148061467  -0.0240303631   0.0065684230
       -0.1172849460   0.2056062839  -0.0807578289
       -0.0002472401  -0.0000492795   0.0001067229   0.0004261185  -0.0017097300
       -0.0003218239   0.0001739418   0.0002736007  -0.0000244383  -0.0137278478
        0.0224067158  -0.0138688644   0.0021001160  -0.0012778628  -0.0070149780
       -0.0517632807   0.0746872876  -0.0674248168   0.0000742628  -0.0001884931
        0.0000366988   0.0002037938  -0.0000252461   0.0005122519  -0.0000668685
       -0.0000819620  -0.0000024859  -0.0006193353  -0.0002740688   0.0001402375
        0.0002342867  -0.0001552265  -0.0001120906  -0.0000206083  -0.0001184391
       -0.0000447300  -0.0000577525   0.0000534670  -0.0000067857  -0.0039156094
        0.0030783721  -0.0009778025   0.0093861661  -0.0158613064   0.0076681418
        0.0578198568  -0.0807578289   0.0813347633
