           1           2   1.01240838601084     
           2           3   1.00408655518332     
           3           4  0.996470999381972     
           4           5  0.978968815303581     
           5           6  0.978951610973591     
           2           7   1.00410955511461     
           6           7  0.996478976560301     
           1           8  0.974259547697101     
           1           9  0.981491494070944     
           1          10  0.981493245843325     
           3          11  0.971563416138842     
           3          12  0.963326309957375     
           4          13  0.967051721433835     
           4          14  0.970216191258997     
           6          15  0.967050510616783     
           6          16  0.970218515428954     
           7          17  0.971562996156718     
           7          18  0.963308166677497     
