$hessian                                                                        
        0.4736483897  -0.0277647590  -0.0011942907  -0.1730116590  -0.0582621421
       -0.0012690121  -0.0274234202  -0.0071074058   0.0002438299  -0.0064183213
        0.0027803182  -0.0001064603  -0.1666650398   0.1226076389   0.0048109078
       -0.0443721907  -0.0108198538  -0.0180883568  -0.0441028215  -0.0110529465
        0.0161237736  -0.0067803288  -0.0046677132  -0.0022414302  -0.0064455840
       -0.0047263138   0.0019826534   0.0006106667  -0.0007858683   0.0001132464
        0.0008397549  -0.0005805048  -0.0002121977   0.0001205540   0.0003795500
       -0.0001626633
       -0.0277647590   0.5107153223  -0.0009326957  -0.0568437741  -0.0950391058
       -0.0006181753   0.0107975924   0.0065573389  -0.0000555246   0.0073456442
       -0.0003473192   0.0001668727   0.1222418858  -0.1604149697  -0.0045272989
       -0.0112342468  -0.1144490732  -0.1077892195  -0.0112941686  -0.1298490363
        0.1139204678  -0.0167679546  -0.0086122137  -0.0023088444  -0.0185143020
       -0.0098743136   0.0021493796   0.0009593463   0.0008583143  -0.0004639514
        0.0009511793   0.0006440018   0.0004918181   0.0001235570  -0.0001889457
       -0.0000328284
       -0.0011942907  -0.0009326957   0.5213684395  -0.0013939151  -0.0006224844
       -0.0673542984   0.0005666618   0.0003705303  -0.0001772254   0.0003440111
        0.0000153071   0.0006447868   0.0048547382  -0.0045609959  -0.0444513936
       -0.0180824008  -0.1076170485  -0.2112991533   0.0159112330   0.1136814001
       -0.1972382786  -0.0225859128  -0.0125076839  -0.0014159780   0.0216226514
        0.0122154972  -0.0009793740  -0.0005938180  -0.0003129604   0.0004807391
        0.0006730064   0.0003119794   0.0005624538  -0.0001219644  -0.0000408453
       -0.0001407181
       -0.1730116590  -0.0568437741  -0.0013939151   0.4552520605   0.0163857229
        0.0045738097  -0.1117775904   0.0603387773   0.0034487242  -0.0451331318
        0.0128672984  -0.0008503825  -0.0258876720  -0.0091883528  -0.0002369266
       -0.0063441876  -0.0051904548  -0.0031923374  -0.0059421941  -0.0051527486
        0.0027932132  -0.0432138170  -0.0110320780  -0.0179962360  -0.0425527230
       -0.0093739203   0.0130721653  -0.0015015880   0.0032736596  -0.0018387718
       -0.0014539742   0.0043234996   0.0020814743   0.0015664766  -0.0004076293
       -0.0004608174
       -0.0582621421  -0.0950391058  -0.0006224844   0.0163857229   0.4931354975
       -0.0002610268   0.0662240215  -0.1292107483  -0.0021866277  -0.0144983667
        0.0091232116  -0.0001086293   0.0176594680   0.0082603534   0.0002078765
       -0.0166143872  -0.0097648717  -0.0029051856  -0.0180159861  -0.0108119906
        0.0024071583  -0.0113949502  -0.1100427590  -0.1020120003  -0.0086157312
       -0.1256301545   0.1073586537   0.0145382269  -0.0164058987   0.0026151156
        0.0132070100  -0.0152453339  -0.0042121535  -0.0006128859   0.0016317998
       -0.0002806965
       -0.0012690121  -0.0006181753  -0.0673542984   0.0045738097  -0.0002610268
        0.5381505084   0.0023961120  -0.0024480426  -0.0696594757  -0.0019101977
        0.0018419240   0.0036707349   0.0007378134   0.0003349358   0.0003333544
       -0.0232029838  -0.0130872843  -0.0017332026   0.0219561478   0.0124574589
       -0.0008712969  -0.0181494448  -0.1014644256  -0.2081034453   0.0122881699
        0.1067312958  -0.1897994155  -0.0161378885   0.0186595737  -0.0009330843
        0.0177155347  -0.0210693251  -0.0040057208   0.0010019395  -0.0010769084
        0.0003053417
       -0.0274234202   0.0107975924   0.0005666618  -0.1117775904   0.0662240215
        0.0023961120   0.4154673521  -0.0016759344   0.0010339509  -0.1878464897
       -0.0694478153  -0.0150299776  -0.0033433226  -0.0015522711  -0.0000036462
        0.0003891383   0.0008856559   0.0004823051   0.0004992590   0.0008611954
       -0.0004391098  -0.0006858860   0.0016995343   0.0015990350  -0.0011791701
        0.0023544016  -0.0013752013  -0.0387995970  -0.0046662122   0.0084728493
       -0.0367516507   0.0006527567  -0.0027852197  -0.0085486226  -0.0061329250
        0.0050822404
       -0.0071074058   0.0065573389   0.0003705303   0.0603387773  -0.1292107483
       -0.0024480426  -0.0016759344   0.4692336959  -0.0234224086  -0.0490128320
       -0.0790678880   0.0088983870  -0.0035669183  -0.0001889216   0.0000117626
       -0.0012327221   0.0008068987   0.0002356894  -0.0012210815   0.0008654620
       -0.0002319186   0.0146615824  -0.0150520787  -0.0043341757   0.0158059202
       -0.0169190836   0.0028474403  -0.0027348896  -0.1235746026   0.1075679040
       -0.0018490681  -0.0990640218  -0.0886628421  -0.0224054280  -0.0143860510
       -0.0008323259
        0.0002438299  -0.0000555246  -0.0001772254   0.0034487242  -0.0021866277
       -0.0696594757   0.0010339509  -0.0234224086   0.5245400576  -0.0321253228
       -0.0000736234  -0.0696909842  -0.0000681616  -0.0000153404   0.0005317440
       -0.0010314376   0.0003992559   0.0003241370   0.0008047626  -0.0003650010
        0.0002732734   0.0185358787  -0.0198982468  -0.0031940014  -0.0173216413
        0.0188128406  -0.0007441186   0.0045815575   0.1049523621  -0.1903780812
       -0.0037380286  -0.0871978819  -0.1937917456   0.0256358880   0.0090501960
        0.0019664201
       -0.0064183213   0.0073456442   0.0003440111  -0.0451331318  -0.0144983667
       -0.0019101977  -0.1878464897  -0.0490128320  -0.0321253228   0.3052376044
        0.1225659800   0.0153858315  -0.0032262581  -0.0006778318  -0.0000118603
        0.0005889288   0.0000216931   0.0000100644   0.0004414162   0.0000811225
       -0.0000203725   0.0023166548  -0.0012075767   0.0002439527   0.0021412618
       -0.0009270334  -0.0005641650  -0.0113528590  -0.0099494785   0.0052840221
       -0.0208320042  -0.0179242766  -0.0123366000  -0.0359168021  -0.0358170442
        0.0257006363
        0.0027803182  -0.0003473192   0.0000153071   0.0128672984   0.0091232116
        0.0018419240  -0.0694478153  -0.0790678880  -0.0000736234   0.1225659800
        0.2644431709  -0.2064675097   0.0004047163   0.0003940833   0.0000103621
        0.0004913001  -0.0001321610   0.0001594468   0.0002276052  -0.0001759895
       -0.0000908410  -0.0010896070   0.0011991081   0.0011144570   0.0004309436
        0.0006419695  -0.0009679783  -0.0238808219  -0.0141007320   0.0031329474
       -0.0252965545  -0.0130242467  -0.0076387540  -0.0200533633  -0.1689532071
        0.2089642620
       -0.0001064603   0.0001668727   0.0006447868  -0.0008503825  -0.0001086293
        0.0036707349  -0.0150299776   0.0088983870  -0.0696909842   0.0153858315
       -0.2064675097   0.3318592890  -0.0000881439   0.0000460838   0.0001754233
        0.0002555062   0.0001125485   0.0000972703  -0.0000505081  -0.0000097313
       -0.0000096856  -0.0003479329   0.0007035827   0.0004179947  -0.0002475685
       -0.0004411756   0.0000514624   0.0248358358   0.0141824403   0.0006837120
       -0.0276776459  -0.0149383733  -0.0012923336   0.0039214460   0.1978555042
       -0.2666076699
       -0.1666650398   0.1222418858   0.0048547382  -0.0258876720   0.0176594680
        0.0007378134  -0.0033433226  -0.0035669183  -0.0000681616  -0.0032262581
        0.0004047163  -0.0000881439   0.1960773413  -0.1399043143  -0.0055444179
        0.0009643637   0.0011060255   0.0010823803   0.0008109517   0.0013613085
       -0.0010325878   0.0004684561   0.0004377637  -0.0001807870   0.0004757007
        0.0004166612   0.0002138403   0.0001284761  -0.0001994198   0.0001131341
        0.0001221909  -0.0000834486  -0.0000762074   0.0000748119   0.0001262719
       -0.0000116005
        0.1226076389  -0.1604149697  -0.0045609959  -0.0091883528   0.0082603534
        0.0003349358  -0.0015522711  -0.0001889216  -0.0000153404  -0.0006778318
        0.0003940833   0.0000460838  -0.1399043143   0.1842223244   0.0053228712
        0.0141105482  -0.0158554189  -0.0032259187   0.0154041164  -0.0174865050
        0.0020969652  -0.0001366036   0.0004459137   0.0002527286  -0.0001947366
        0.0005066549  -0.0002076496  -0.0002318464   0.0000513659  -0.0001484494
       -0.0002299839   0.0000602927   0.0001665676  -0.0000063631   0.0000048267
       -0.0000617982
        0.0048109078  -0.0045272989  -0.0444513936  -0.0002369266   0.0002078765
        0.0003333544  -0.0000036462   0.0000117626   0.0005317440  -0.0000118603
        0.0000103621   0.0001754233  -0.0055444179   0.0053228712   0.0476669326
        0.0196591028  -0.0219345199  -0.0031148774  -0.0186339745   0.0209165349
       -0.0012455775  -0.0004646731   0.0002179983   0.0000339908   0.0004968948
       -0.0001888291  -0.0000098726   0.0001154235  -0.0000577884   0.0000067647
       -0.0001630901   0.0000615658   0.0000138922  -0.0000237402  -0.0000405350
        0.0000596190
       -0.0443721907  -0.0112342468  -0.0180824008  -0.0063441876  -0.0166143872
       -0.0232029838   0.0003891383  -0.0012327221  -0.0010314376   0.0005889288
        0.0004913001   0.0002555062   0.0009643637   0.0141105482   0.0196591028
        0.0528699984   0.0159702284   0.0217996538   0.0009295700   0.0012571131
        0.0013109272  -0.0053671242  -0.0033017804  -0.0007879979   0.0007914645
        0.0003467692  -0.0003695462  -0.0000048002   0.0000494288   0.0000316950
       -0.0004785198   0.0002321285   0.0004398180   0.0000333588  -0.0000743799
       -0.0000223366
       -0.0108198538  -0.1144490732  -0.1076170485  -0.0051904548  -0.0097648717
       -0.0130872843   0.0008856559   0.0008068987   0.0003992559   0.0000216931
       -0.0001321610   0.0001125485   0.0011060255  -0.0158554189  -0.0219345199
        0.0159702284   0.1312756495   0.1268869459   0.0014612052   0.0095165655
        0.0158835961  -0.0035475127  -0.0014203481  -0.0003006315   0.0002755958
       -0.0001477268  -0.0003729865  -0.0000118699  -0.0000840775   0.0000525507
       -0.0001784484   0.0002294605   0.0000534592   0.0000277355   0.0000251031
       -0.0000758855
       -0.0180883568  -0.1077892195  -0.2112991533  -0.0031923374  -0.0029051856
       -0.0017332026   0.0004823051   0.0002356894   0.0003241370   0.0000100644
        0.0001594468   0.0000972703   0.0010823803  -0.0032259187  -0.0031148774
        0.0217996538   0.1268869459   0.2426494249  -0.0014468483  -0.0132894211
       -0.0286316808  -0.0006807660  -0.0005844113   0.0010545969   0.0003401215
        0.0003420345   0.0007198486   0.0000129249   0.0000072769  -0.0003572629
       -0.0004097768   0.0001623595   0.0003075578   0.0000906351   0.0000004031
       -0.0000166584
       -0.0441028215  -0.0112941686   0.0159112330  -0.0059421941  -0.0180159861
        0.0219561478   0.0004992590  -0.0012210815   0.0008047626   0.0004414162
        0.0002276052  -0.0000505081   0.0008109517   0.0154041164  -0.0186339745
        0.0009295700   0.0014612052  -0.0014468483   0.0524513817   0.0161056705
       -0.0191714640   0.0008067282   0.0003003637   0.0003832824  -0.0053961677
       -0.0033877866   0.0007295888  -0.0005561245   0.0002422096  -0.0003135839
        0.0000235248   0.0000542446  -0.0000280741   0.0000344763   0.0001236077
       -0.0001405618
       -0.0110529465  -0.1298490363   0.1136814001  -0.0051527486  -0.0108119906
        0.0124574589   0.0008611954   0.0008654620  -0.0003650010   0.0000811225
       -0.0001759895  -0.0000097313   0.0013613085  -0.0174865050   0.0209165349
        0.0012571131   0.0095165655  -0.0132894211   0.0161056705   0.1493331104
       -0.1338067580   0.0003212886  -0.0001352348   0.0003043538  -0.0036973227
       -0.0014968941   0.0002721077  -0.0001653117   0.0002534334  -0.0000461541
       -0.0000073591  -0.0000856148  -0.0000231746   0.0000879900   0.0000726939
       -0.0000916153
        0.0161237736   0.1139204678  -0.1972382786   0.0027932132   0.0024071583
       -0.0008712969  -0.0004391098  -0.0002319186   0.0002732734  -0.0000203725
       -0.0000908410  -0.0000096856  -0.0010325878   0.0020969652  -0.0012455775
        0.0013109272   0.0158835961  -0.0286316808  -0.0191714640  -0.1338067580
        0.2258838838  -0.0003178196  -0.0004191176   0.0007439799   0.0005166158
        0.0004179645   0.0010752565   0.0003889136  -0.0001268870   0.0002917963
       -0.0000281037  -0.0000035026  -0.0003643206  -0.0001239859  -0.0000471270
        0.0000926501
       -0.0067803288  -0.0167679546  -0.0225859128  -0.0432138170  -0.0113949502
       -0.0181494448  -0.0006858860   0.0146615824   0.0185358787   0.0023166548
       -0.0010896070  -0.0003479329   0.0004684561  -0.0001366036  -0.0004646731
       -0.0053671242  -0.0035475127  -0.0006807660   0.0008067282   0.0003212886
       -0.0003178196   0.0541158950   0.0132907096   0.0207513790   0.0014125754
        0.0010354227   0.0019096624   0.0006668084  -0.0005461385   0.0003698952
       -0.0033836765   0.0038440928   0.0006674385  -0.0003562854   0.0003296705
        0.0003122953
       -0.0046677132  -0.0086122137  -0.0125076839  -0.0110320780  -0.1100427590
       -0.1014644256   0.0016995343  -0.0150520787  -0.0198982468  -0.0012075767
        0.0011991081   0.0007035827   0.0004377637   0.0004459137   0.0002179983
       -0.0033017804  -0.0014203481  -0.0005844113   0.0003003637  -0.0001352348
       -0.0004191176   0.0132907096   0.1286595116   0.1202669319   0.0012689592
        0.0087945202   0.0152481657  -0.0005356417   0.0001509282  -0.0006928855
        0.0037557991  -0.0039091534  -0.0010704379  -0.0000083396  -0.0000781941
        0.0002005299
       -0.0022414302  -0.0023088444  -0.0014159780  -0.0179962360  -0.1020120003
       -0.2081034453   0.0015990350  -0.0043341757  -0.0031940014   0.0002439527
        0.0011144570   0.0004179947  -0.0001807870   0.0002527286   0.0000339908
       -0.0007879979  -0.0003006315   0.0010545969   0.0003832824   0.0003043538
        0.0007439799   0.0207513790   0.1202669319   0.2379096402  -0.0021301783
       -0.0121633829  -0.0288249734  -0.0002998957   0.0005176934   0.0007115482
        0.0005043937  -0.0009720663   0.0010588469   0.0001544824  -0.0003650637
       -0.0003921995
       -0.0064455840  -0.0185143020   0.0216226514  -0.0425527230  -0.0086157312
        0.0122881699  -0.0011791701   0.0158059202  -0.0173216413   0.0021412618
        0.0004309436  -0.0002475685   0.0004757007  -0.0001947366   0.0004968948
        0.0007914645   0.0002755958   0.0003401215  -0.0053961677  -0.0036973227
        0.0005166158   0.0014125754   0.0012689592  -0.0021301783   0.0540570017
        0.0109229701  -0.0153615393  -0.0033557506   0.0034135087  -0.0001214899
        0.0006367899  -0.0006352061  -0.0005492928  -0.0005853987  -0.0004605991
        0.0004672566
       -0.0047263138  -0.0098743136   0.0122154972  -0.0093739203  -0.1256301545
        0.1067312958   0.0023544016  -0.0169190836   0.0188128406  -0.0009270334
        0.0006419695  -0.0004411756   0.0004166612   0.0005066549  -0.0001888291
        0.0003467692  -0.0001477268   0.0003420345  -0.0033877866  -0.0014968941
        0.0004179645   0.0010354227   0.0087945202  -0.0121633829   0.0109229701
        0.1472052623  -0.1266439169   0.0037173305  -0.0038016150   0.0003533378
       -0.0005780719   0.0002407369   0.0006706331   0.0001995707   0.0004806438
       -0.0001062989
        0.0019826534   0.0021493796  -0.0009793740   0.0130721653   0.1073586537
       -0.1897994155  -0.0013752013   0.0028474403  -0.0007441186  -0.0005641650
       -0.0009679783   0.0000514624   0.0002138403  -0.0002076496  -0.0000098726
       -0.0003695462  -0.0003729865   0.0007198486   0.0007295888   0.0002721077
        0.0010752565   0.0019096624   0.0152481657  -0.0288249734  -0.0153615393
       -0.1266439169   0.2163669293  -0.0001351050   0.0005471567   0.0011477796
        0.0003033027  -0.0005309718   0.0007185426  -0.0004056562   0.0003005992
        0.0002779350
        0.0006106667   0.0009593463  -0.0005938180  -0.0015015880   0.0145382269
       -0.0161378885  -0.0387995970  -0.0027348896   0.0045815575  -0.0113528590
       -0.0238808219   0.0248358358   0.0001284761  -0.0002318464   0.0001154235
       -0.0000048002  -0.0000118699   0.0000129249  -0.0005561245  -0.0001653117
        0.0003889136   0.0006668084  -0.0005356417  -0.0002998957  -0.0033557506
        0.0037173305  -0.0001351050   0.0571238042   0.0114697219  -0.0128911311
        0.0017233850   0.0004423701  -0.0003672558  -0.0046824213  -0.0035666144
        0.0004904388
       -0.0007858683   0.0008583143  -0.0003129604   0.0032736596  -0.0164058987
        0.0186595737  -0.0046662122  -0.1235746026   0.1049523621  -0.0099494785
       -0.0141007320   0.0141824403  -0.0001994198   0.0000513659  -0.0000577884
        0.0000494288  -0.0000840775   0.0000072769   0.0002422096   0.0002534334
       -0.0001268870  -0.0005461385   0.0001509282   0.0005176934   0.0034135087
       -0.0038016150   0.0005471567   0.0114697219   0.1490340424  -0.1271465685
        0.0009546140   0.0084844342  -0.0115435440  -0.0032560253  -0.0008655926
        0.0003212451
        0.0001132464  -0.0004639514   0.0004807391  -0.0018387718   0.0026151156
       -0.0009330843   0.0084728493   0.1075679040  -0.1903780812   0.0052840221
        0.0031329474   0.0006837120   0.0001131341  -0.0001484494   0.0000067647
        0.0000316950   0.0000525507  -0.0003572629  -0.0003135839  -0.0000461541
        0.0002917963   0.0003698952  -0.0006928855   0.0007115482  -0.0001214899
        0.0003533378   0.0011477796  -0.0128911311  -0.1271465685   0.2155979433
        0.0007068624   0.0149845530  -0.0288733276   0.0000732720  -0.0002083995
        0.0016214727
        0.0008397549   0.0009511793   0.0006730064  -0.0014539742   0.0132070100
        0.0177155347  -0.0367516507  -0.0018490681  -0.0037380286  -0.0208320042
       -0.0252965545  -0.0276776459   0.0001221909  -0.0002299839  -0.0001630901
       -0.0004785198  -0.0001784484  -0.0004097768   0.0000235248  -0.0000073591
       -0.0000281037  -0.0033836765   0.0037557991   0.0005043937   0.0006367899
       -0.0005780719   0.0003033027   0.0017233850   0.0009546140   0.0007068624
        0.0587911374   0.0097149027   0.0126021142   0.0007630423  -0.0004440191
       -0.0004885692
       -0.0005805048   0.0006440018   0.0003119794   0.0043234996  -0.0152453339
       -0.0210693251   0.0006527567  -0.0990640218  -0.0871978819  -0.0179242766
       -0.0130242467  -0.0149383733  -0.0000834486   0.0000602927   0.0000615658
        0.0002321285   0.0002294605   0.0001623595   0.0000542446  -0.0000856148
       -0.0000035026   0.0038440928  -0.0039091534  -0.0009720663  -0.0006352061
        0.0002407369  -0.0005309718   0.0004423701   0.0084844342   0.0149845530
        0.0097149027   0.1214970873   0.1101509631  -0.0000405589   0.0001723571
       -0.0009592997
       -0.0002121977   0.0004918181   0.0005624538   0.0020814743  -0.0042121535
       -0.0040057208  -0.0027852197  -0.0886628421  -0.1937917456  -0.0123366000
       -0.0076387540  -0.0012923336  -0.0000762074   0.0001665676   0.0000138922
        0.0004398180   0.0000534592   0.0003075578  -0.0000280741  -0.0000231746
       -0.0003643206   0.0006674385  -0.0010704379   0.0010588469  -0.0005492928
        0.0006706331   0.0007185426  -0.0003672558  -0.0115435440  -0.0288733276
        0.0126021142   0.1101509631   0.2236277530   0.0005640024   0.0016174649
        0.0020384019
        0.0001205540   0.0001235570  -0.0001219644   0.0015664766  -0.0006128859
        0.0010019395  -0.0085486226  -0.0224054280   0.0256358880  -0.0359168021
       -0.0200533633   0.0039214460   0.0000748119  -0.0000063631  -0.0000237402
        0.0000333588   0.0000277355   0.0000906351   0.0000344763   0.0000879900
       -0.0001239859  -0.0003562854  -0.0000083396   0.0001544824  -0.0005853987
        0.0001995707  -0.0004056562  -0.0046824213  -0.0032560253   0.0000732720
        0.0007630423  -0.0000405589   0.0005640024   0.0474968103   0.0459441109
       -0.0307663187
        0.0003795500  -0.0001889457  -0.0000408453  -0.0004076293   0.0016317998
       -0.0010769084  -0.0061329250  -0.0143860510   0.0090501960  -0.0358170442
       -0.1689532071   0.1978555042   0.0001262719   0.0000048267  -0.0000405350
       -0.0000743799   0.0000251031   0.0000004031   0.0001236077   0.0000726939
       -0.0000471270   0.0003296705  -0.0000781941  -0.0003650637  -0.0004605991
        0.0004806438   0.0003005992  -0.0035666144  -0.0008655926  -0.0002083995
       -0.0004440191   0.0001723571   0.0016174649   0.0459441109   0.1820845660
       -0.2070452885
       -0.0001626633  -0.0000328284  -0.0001407181  -0.0004608174  -0.0002806965
        0.0003053417   0.0050822404  -0.0008323259   0.0019664201   0.0257006363
        0.2089642620  -0.2666076699  -0.0000116005  -0.0000617982   0.0000596190
       -0.0000223366  -0.0000758855  -0.0000166584  -0.0001405618  -0.0000916153
        0.0000926501   0.0003122953   0.0002005299  -0.0003921995   0.0004672566
       -0.0001062989   0.0002779350   0.0004904388   0.0003212451   0.0016214727
       -0.0004885692  -0.0009592997   0.0020384019  -0.0307663187  -0.2070452885
        0.2607954054
