           1           2   1.03643058133984     
           2           3   1.88372787364146     
           3           4   1.02098376316208     
           3           5   1.02415650033788     
           1           6  0.972039106055274     
           1           7  0.979740112556242     
           1           8  0.972095404045587     
           2           9  0.964968926885924     
           4          10  0.973417957401466     
           4          11  0.985397279013158     
           4          12  0.973526121912639     
           5          13  0.972664160509324     
           5          14  0.972223303087702     
           5          15  0.979134774020254     
