           1           2   1.00827862684708     
           2           3  0.997727688505730     
           3           4   1.00759740455849     
           4           5  0.997728084622822     
           5           6  0.997728150305466     
           2           7  0.997727290177088     
           6           7   1.00759635522706     
           5           8   1.00827741857899     
           1           9  0.986420758438478     
           1          10  0.986422447400920     
           1          11  0.986756187454407     
           2          12  0.968215100408768     
           3          13  0.976692719831339     
           3          14  0.976481139175781     
           4          15  0.976481908993396     
           4          16  0.976691873297407     
           5          17  0.968215142340728     
           6          18  0.976481619108207     
           6          19  0.976692752592215     
           7          20  0.976693519868011     
           7          21  0.976481897328360     
           8          22  0.986420827537179     
           8          23  0.986756119216766     
           8          24  0.986423690056081     
