           1           2  0.976994202240105     
           2           3  0.955278267161255     
           2           4  0.961964402708951     
           4           5  0.957602410473691     
           4           6  0.963627618960779     
           6           7  0.954988654276701     
           6           8  0.968465334061336     
           8           9  0.955902790272581     
           8          10  0.951026867872941     
          10          11  0.949073242187567     
           2          12  0.959761426011155     
          10          12  0.950266167425720     
          10          13   1.03140181785112     
           8          14   1.00416409320885     
           6          15  0.997491358666873     
           4          16   1.00370812753910     
           1          17   1.01075148139957     
           1          18  0.966660351531166     
           1          19  0.966470684975723     
          13          20  0.832631018539218     
          14          21  0.841756236770761     
          15          22  0.843899831244978     
          16          23  0.853674185007260     
          17          24  0.854954101749876     
