           1           2   1.01679712535477     
           2           3   1.80589462661773     
           2           4  0.986103471041118     
           4           5  0.996437735776284     
           5           6   1.00814107333814     
           6           7   1.00898668892691     
           7           8   1.00927927914435     
           4           9  0.961385047789128     
           8           9   1.00538926949410     
           1          10  0.983201563048491     
           1          11  0.954035540708213     
           1          12  0.950024341366384     
           4          13  0.948754127495770     
           5          14  0.975372364655217     
           5          15  0.976690939813324     
           6          16  0.976896006732431     
           6          17  0.976921791474299     
           7          18  0.977346346659690     
           7          19  0.977037712392368     
           8          20  0.974867803663413     
           8          21  0.976627836967394     
           9          22  0.977255238793628     
           9          23  0.975107163611906     
