           1           2  0.995556026399210     
           2           3  0.951118873323554     
           2           4  0.915879527297064     
           4           5  0.939943251480815     
           4           6  0.941308648311687     
           4           7  0.941860820768685     
           2           8   1.01586055797014     
           1           9  0.980846188704961     
           1          10  0.977245288904545     
           1          11  0.980324135087871     
           8          12  0.841369196344077     
