$hessian                                                                        
        0.6772071862  -0.0152658221   0.0001037520  -0.1044487475   0.0885005360
        0.0000074846   0.0005238929   0.0338661580   0.0000063269   0.0009262971
       -0.0217911186  -0.0000028918  -0.0617577135   0.0041393426  -0.0000108373
       -0.2228950321  -0.1561386276  -0.0000660082  -0.0016718945   0.0017037367
       -0.0000011351  -0.0042787945  -0.0001436214  -0.0000002544   0.0009898582
        0.0002689542  -0.0000000568  -0.0009678805   0.0006786707   0.0000003458
       -0.0006643918  -0.0010925416   0.0000000648   0.0011413031   0.0001990235
        0.0000000040  -0.0003449464  -0.0006849966   0.0000004243  -0.0034647067
        0.0023261542  -0.0000008881   0.0000271444   0.0000403524  -0.0000000280
        0.0002992239  -0.0000806645  -0.0000001295  -0.0000749270   0.0002322255
       -0.0000000432  -0.2827808781   0.0797901198  -0.0000314883   0.0034133821
       -0.0210901339  -0.0000038901  -0.0052655869   0.0021676913  -0.0000018318
        0.0041575404   0.0023977264   0.0000011842  -0.0000703288  -0.0000231652
       -0.0000001038
       -0.0152658221   0.6514599062   0.0001093175   0.0095277415  -0.3245934559
       -0.0000566716   0.0921343176  -0.0112137445   0.0000150616  -0.0163014317
       -0.0635464423  -0.0000154812  -0.0549783700   0.0587085438   0.0000004785
       -0.0781839827  -0.1995985336  -0.0000455405   0.0033215559  -0.0041863271
       -0.0000021142  -0.0015911570   0.0007171242   0.0000003937   0.0027037523
        0.0004380750   0.0000000056  -0.0019320736   0.0020248034   0.0000004135
       -0.0012936690  -0.0028695148   0.0000000807   0.0032907140   0.0003914104
        0.0000000353  -0.0027701293  -0.0016616111   0.0000004742  -0.0019405369
        0.0048706323  -0.0000006899  -0.0001197117   0.0002272218   0.0000000369
        0.0000483737   0.0000357038  -0.0000000220  -0.0000392182  -0.0000368667
       -0.0000000122   0.0795531213  -0.0692128501   0.0000071273   0.0021588350
       -0.0216734006  -0.0000039550   0.0018346449   0.0005109207  -0.0000009329
       -0.0201435488  -0.0207937015  -0.0000079719  -0.0000134050   0.0000021067
       -0.0000000335
        0.0001037520   0.0001093175   0.1149922536  -0.0000087023  -0.0000419703
       -0.0475842797   0.0000179653   0.0000031079   0.0021596729  -0.0000018481
       -0.0000154887  -0.0045320987  -0.0000235616   0.0000122489  -0.0018020313
       -0.0000500456  -0.0000613305  -0.0446471801   0.0000015311  -0.0000005695
        0.0062521109  -0.0000026017  -0.0000003788   0.0013049084   0.0000008335
        0.0000001910  -0.0000945714  -0.0000008443   0.0000005898  -0.0001848080
       -0.0000007142  -0.0000007435   0.0000032426   0.0000007339  -0.0000001562
       -0.0000705928   0.0000001314  -0.0000001656  -0.0000872239  -0.0000014169
        0.0000008575  -0.0001110009  -0.0000000672   0.0000004160  -0.0000038628
        0.0000004989  -0.0000001537   0.0000271836  -0.0000000924   0.0000002033
        0.0000111802  -0.0000312329   0.0000076246  -0.0335819234   0.0000011679
       -0.0000088236   0.0003410626  -0.0000020916  -0.0000008871   0.0072968639
       -0.0000034057  -0.0000038689   0.0002941611   0.0000000105  -0.0000000200
        0.0000169331
       -0.1044487475   0.0095277415  -0.0000087023   0.6613562528   0.0198826028
        0.0001126517  -0.3058842134   0.1086597216  -0.0000292422  -0.0606134486
       -0.0575116834  -0.0000240642  -0.0239462502   0.0394515366   0.0000043551
        0.0453823812  -0.0086656160   0.0000067986  -0.0016731955  -0.0053549602
       -0.0000022147  -0.0019263976   0.0007692752   0.0000010342   0.0022717557
        0.0006460823   0.0000000162  -0.0016079897   0.0016845215   0.0000003181
       -0.0011034798  -0.0020791055   0.0000001826   0.0020080934   0.0004550391
       -0.0000001101  -0.0041087376  -0.0019873961  -0.0000005593  -0.0005028836
        0.0000964268  -0.0000014690  -0.0000026954  -0.0001710988   0.0000000461
        0.0001242911  -0.0000267470  -0.0000000995   0.0000088215  -0.0000966215
       -0.0000001826  -0.0077535206   0.0272669322   0.0000041429  -0.1881729911
       -0.1327948364  -0.0000595761  -0.0065448640   0.0039393076  -0.0000002462
       -0.0028223372  -0.0036477225  -0.0000028276  -0.0000398440  -0.0000433997
       -0.0000002518
        0.0885005360  -0.3245934559  -0.0000419703   0.0198826028   0.6670750794
        0.0001204324   0.0306203946  -0.1163217752  -0.0000088118   0.0017380510
        0.0576836531   0.0000129536   0.0340793844  -0.0385641462   0.0000002330
       -0.0669100260  -0.0561121664  -0.0000253654  -0.0013836519   0.0032267644
        0.0000014509   0.0027929691  -0.0001922364  -0.0000004925  -0.0024392105
       -0.0008784423  -0.0000000491   0.0017494408  -0.0014999623  -0.0000003785
        0.0007087297   0.0020769581   0.0000001774  -0.0020332705  -0.0005810439
       -0.0000000348  -0.0006004237   0.0004156972  -0.0000007662  -0.0013152797
       -0.0055578125  -0.0000023702   0.0000503825  -0.0001223411  -0.0000000739
       -0.0000997448  -0.0000049001  -0.0000000178   0.0000250730   0.0002982078
        0.0000000411   0.0040194941  -0.0104925223  -0.0000012967  -0.1325472114
       -0.1638094607  -0.0000543088   0.0264937362  -0.0100978999   0.0000028951
       -0.0033250562  -0.0019215172  -0.0000022758  -0.0000069195  -0.0000266775
        0.0000000280
        0.0000074846  -0.0000566716  -0.0475842797   0.0001126517   0.0001204324
        0.1148928501  -0.0000452096   0.0000066212  -0.0446958665  -0.0000123482
        0.0000013477  -0.0017904641   0.0000039694   0.0000006753  -0.0045249271
       -0.0000062173  -0.0000135439   0.0021823586  -0.0000006687  -0.0000003800
       -0.0001207015   0.0000004350   0.0000004258  -0.0000810745  -0.0000000690
       -0.0000002399  -0.0000625093  -0.0000000825   0.0000002210   0.0000097759
       -0.0000004813   0.0000000079  -0.0002053612   0.0000000713  -0.0000003553
       -0.0000899103  -0.0000019483  -0.0000003327   0.0012940009   0.0000006561
       -0.0000032400   0.0062683489  -0.0000000263   0.0000001167   0.0000183533
        0.0000002029  -0.0000001020   0.0000177957  -0.0000000033   0.0000000641
       -0.0000015913  -0.0000006726   0.0000029532   0.0003588644  -0.0000593048
       -0.0000540494  -0.0335249083   0.0000040769  -0.0000012970   0.0003191921
       -0.0000025141  -0.0000026123   0.0072912155  -0.0000000018  -0.0000000415
        0.0000288382
        0.0005238929   0.0921343176   0.0000179653  -0.3058842134   0.0306203946
       -0.0000452096   0.6598754062  -0.0147510836   0.0001071249  -0.2077673358
       -0.0764369576  -0.0000469190   0.0374116532  -0.0703110444  -0.0000075698
       -0.0581850045  -0.0141793636  -0.0000138250   0.0026243148   0.0105889862
        0.0000027911   0.0020457409  -0.0006309270  -0.0000012381  -0.0036052500
       -0.0009015545   0.0000001956   0.0024372807  -0.0024647990  -0.0000003448
        0.0011026163   0.0031634876   0.0000002771  -0.0039534180  -0.0020041171
        0.0000003881  -0.0013448810   0.0050479499  -0.0000015053  -0.0445702631
       -0.0251644190  -0.0000159387   0.0002122857  -0.0003813741  -0.0000000317
       -0.0002549464  -0.0001129202   0.0000003270   0.0000099458  -0.0000250455
        0.0000002562   0.0006084019   0.0016057882  -0.0000009683  -0.0241045233
        0.0051333793  -0.0000031197  -0.0567363251   0.0592816131   0.0000068657
       -0.0004726090  -0.0002513322   0.0000000482   0.0000272312   0.0000390212
        0.0000004311
        0.0338661580  -0.0112137445   0.0000031079   0.1086597216  -0.1163217752
        0.0000066212  -0.0147510836   0.6776476150   0.0001134344  -0.1578309897
       -0.2096903573  -0.0000634684  -0.0105978637  -0.0509325278  -0.0000121993
       -0.0119603770   0.0004493871  -0.0000016330   0.0024850723  -0.0048588415
       -0.0000008841   0.0003241587   0.0010330173  -0.0000003107  -0.0011440469
       -0.0008192155  -0.0000001796   0.0007908007  -0.0006955231  -0.0000002071
        0.0000843586   0.0006374324  -0.0000001898   0.0001913850   0.0003090928
        0.0000000423   0.0020909907  -0.0016624676   0.0000009082   0.0040455189
        0.0114275023   0.0000017558   0.0000961179   0.0001752441  -0.0000000268
        0.0002333268  -0.0000270614  -0.0000001827  -0.0000383998   0.0003638119
        0.0000000194   0.0016508832  -0.0054990259  -0.0000021565  -0.0181594709
        0.0050790751  -0.0000027261   0.0602271810  -0.2961284939  -0.0000418466
       -0.0002418953   0.0007628105   0.0000001315  -0.0000215463  -0.0000359547
       -0.0000000100
        0.0000063269   0.0000150616   0.0021596729  -0.0000292422  -0.0000088118
       -0.0446958665   0.0001071249   0.0001134344   0.1096794216  -0.0000635203
       -0.0000500573  -0.0457346410   0.0000070654  -0.0000235032  -0.0022220435
       -0.0000132227  -0.0000015130  -0.0032962797  -0.0000001097  -0.0000011291
        0.0067235485  -0.0000001848  -0.0000005712  -0.0000947877  -0.0000005614
       -0.0000001072  -0.0000857543   0.0000001575  -0.0000001838  -0.0000676416
        0.0000005280   0.0000001548  -0.0000416293  -0.0000005700   0.0000001177
       -0.0002350039   0.0000001995   0.0000010385   0.0003025296  -0.0000120430
       -0.0000007928   0.0034370360   0.0000001360  -0.0000005431  -0.0000213101
       -0.0000002276  -0.0000000300   0.0001063080   0.0000001176  -0.0000000526
       -0.0000606691  -0.0000009104  -0.0000022955   0.0073473420  -0.0000083110
        0.0000018546   0.0000707677   0.0000073756  -0.0000422051  -0.0330615092
       -0.0000001655   0.0000001975  -0.0002283656   0.0000000370  -0.0000000633
        0.0000188753
        0.0009262971  -0.0163014317  -0.0000018481  -0.0606134486   0.0017380510
       -0.0000123482  -0.2077673358  -0.1578309897  -0.0000635203   0.5965212768
        0.0439750025   0.0000946454  -0.0701364713   0.0969320751   0.0000156559
       -0.0074488325   0.0299530901   0.0000065332  -0.0218328028  -0.0485855601
       -0.0000141964   0.0103304650   0.0014276282   0.0000011768   0.0016364409
       -0.0015889277   0.0000006856  -0.0022334779   0.0033609941   0.0000001907
       -0.0044837735  -0.0036556085   0.0000006975   0.0024254702   0.0013572647
       -0.0000006593  -0.0521658771  -0.0144660489  -0.0000036859  -0.1828607855
        0.0579998001  -0.0000193341   0.0005280270  -0.0004425093  -0.0000000768
       -0.0000389936   0.0001027127  -0.0000000220   0.0003167872   0.0006109707
       -0.0000001818   0.0006358973  -0.0005046640  -0.0000004919  -0.0041086119
        0.0017689947  -0.0000022079   0.0045541797   0.0026842806   0.0000014019
       -0.0041585674   0.0016525641  -0.0000021797  -0.0000258634  -0.0001876886
       -0.0000002348
       -0.0217911186  -0.0635464423  -0.0000154887  -0.0575116834   0.0576836531
        0.0000013477  -0.0764369576  -0.2096903573  -0.0000500573   0.0439750025
        0.6632775115   0.0001078494  -0.0017153792  -0.2841997344  -0.0000445774
        0.0897651147  -0.0062088801   0.0000172257  -0.0076197749  -0.0432924873
       -0.0000129685  -0.0002166000   0.0020358805  -0.0000002507   0.0004034270
        0.0012670258   0.0000009462   0.0005589961  -0.0004733468  -0.0000001010
        0.0006779975   0.0011864733   0.0000006331  -0.0036406154  -0.0049918221
        0.0000004592  -0.0185727456   0.0155506090  -0.0000024267   0.0719020765
       -0.1046824921   0.0000090357   0.0003213658  -0.0000044604  -0.0000003965
       -0.0003792751  -0.0001514323   0.0000000114  -0.0002086810   0.0007042207
        0.0000002970  -0.0003697785  -0.0006433089  -0.0000004312   0.0021142402
        0.0003961421  -0.0000007432  -0.0218176470  -0.0248643144  -0.0000092605
        0.0005237651   0.0006006044  -0.0000011513   0.0000382709   0.0000469579
        0.0000000475
       -0.0000028918  -0.0000154812  -0.0045320987  -0.0000240642   0.0000129536
       -0.0017904641  -0.0000469190  -0.0000634684  -0.0457346410   0.0000946454
        0.0001078494   0.1139374265  -0.0000030923  -0.0000261577  -0.0481408337
        0.0000164967   0.0000049761  -0.0022012235  -0.0000032619  -0.0000206167
        0.0028292775  -0.0000020632   0.0000007340  -0.0002306050   0.0000014716
        0.0000008120  -0.0003334549  -0.0000011571   0.0000006152  -0.0000776196
        0.0000005392  -0.0000009685   0.0013948147   0.0000014890   0.0000008799
        0.0003207935  -0.0000002730  -0.0000009762  -0.0028021792  -0.0000233420
        0.0000060097  -0.0305736403   0.0000001930   0.0000001064   0.0001352446
        0.0000000523   0.0000001008  -0.0000075103   0.0000000778   0.0000000453
        0.0000948848  -0.0000001137  -0.0000003694   0.0007259997  -0.0000018957
       -0.0000012291   0.0076745250  -0.0000038213  -0.0000047180   0.0015730995
       -0.0000021025  -0.0000011269   0.0078697214   0.0000000328   0.0000000297
       -0.0001315168
       -0.0617577135  -0.0549783700  -0.0000235616  -0.0239462502   0.0340793844
        0.0000039694   0.0374116532  -0.0105978637   0.0000070654  -0.0701364713
       -0.0017153792  -0.0000030923   0.6410889466  -0.0529185912   0.0000723737
       -0.2946333318   0.1196090850  -0.0000208665  -0.1229096803  -0.0664109046
       -0.0000258930  -0.0533228301  -0.0167256077  -0.0000050173  -0.0001026496
        0.0012833767  -0.0000002596  -0.0039114907   0.0006973676   0.0000014781
       -0.0029962505  -0.0028807138  -0.0000000412   0.0020908489   0.0013976409
        0.0000008925   0.0091792784   0.0027249964   0.0000015603  -0.0464271348
        0.0467226756  -0.0000019867   0.0004692419  -0.0006328717  -0.0000003302
        0.0016494661  -0.0004282450  -0.0000006163   0.0004926393   0.0004772801
        0.0000002904  -0.0019409056  -0.0027858840  -0.0000021302   0.0000825280
        0.0008539323   0.0000002440  -0.0025735920  -0.0030569348  -0.0000030172
       -0.0074125455   0.0051145294  -0.0000013919  -0.0003937563   0.0001710975
        0.0000003303
        0.0041393426   0.0587085438   0.0000122489   0.0394515366  -0.0385641462
        0.0000006753  -0.0703110444  -0.0509325278  -0.0000235032   0.0969320751
       -0.2841997344  -0.0000261577  -0.0529185912   0.6200770723   0.0000887459
        0.0384087203  -0.1222727194  -0.0000079853  -0.0803856000  -0.1668037142
       -0.0000463010  -0.0120471279   0.0163192208   0.0000066317   0.0052079091
       -0.0028258413  -0.0000017926  -0.0017635601   0.0012398917  -0.0000000864
       -0.0028587947  -0.0019203958   0.0000001989   0.0005152105   0.0016824583
       -0.0000004734   0.0032302768   0.0036296524   0.0000017354   0.0058595647
       -0.0188518473  -0.0000019453   0.0000682112   0.0005747010  -0.0000001476
        0.0012676568  -0.0003124074  -0.0000002648  -0.0000019870   0.0000715188
        0.0000003248  -0.0031401227  -0.0017873394  -0.0000024337   0.0006999144
       -0.0000761013   0.0000001531  -0.0019545038  -0.0009462886  -0.0000024794
        0.0295647879  -0.0128120963   0.0000026735   0.0000361257   0.0000021003
        0.0000001830
       -0.0000108373   0.0000004785  -0.0018020313   0.0000043551   0.0000002330
       -0.0045249271  -0.0000075698  -0.0000121993  -0.0022220435   0.0000156559
       -0.0000445774  -0.0481408337   0.0000723737   0.0000887459   0.1142386101
       -0.0000366574   0.0000062599  -0.0458401705  -0.0000327486  -0.0000459333
       -0.0307098560  -0.0000004996   0.0000074331  -0.0028527886   0.0000030019
       -0.0000014950   0.0003303622  -0.0000000535   0.0000008780   0.0013420478
       -0.0000017170  -0.0000007989  -0.0000848479   0.0000013776  -0.0000002761
       -0.0002618682  -0.0000006415   0.0000000223  -0.0001117498  -0.0000067681
        0.0000077478   0.0027112866  -0.0000000082   0.0000006395   0.0000937349
        0.0000007832  -0.0000002540  -0.0001360346   0.0000001811   0.0000000596
        0.0001758838  -0.0000024211  -0.0000023921   0.0076908837   0.0000000163
       -0.0000000383   0.0007227638  -0.0000024170  -0.0000024412   0.0078646761
        0.0000044222  -0.0000020424   0.0015505738   0.0000001721  -0.0000000496
       -0.0000336716
       -0.2228950321  -0.0781839827  -0.0000500456   0.0453823812  -0.0669100260
       -0.0000062173  -0.0581850045  -0.0119603770  -0.0000132227  -0.0074488325
        0.0897651147   0.0000164967  -0.2946333318   0.0384087203  -0.0000366574
        0.6517386246   0.0035670700   0.0001015315  -0.0435836339   0.0006281958
       -0.0000089320   0.0012862393  -0.0036955106  -0.0000022909  -0.0037805595
        0.0000488210   0.0000005029   0.0019070469  -0.0023350043  -0.0000004456
        0.0018901815   0.0032610333  -0.0000000362  -0.0040736693  -0.0004949074
        0.0000002669   0.0018039520   0.0005015638  -0.0000009589   0.0066831872
       -0.0054764815   0.0000008707   0.0000402635  -0.0000590320   0.0000000372
       -0.0004370760   0.0001017293   0.0000002255   0.0000682090   0.0004506544
        0.0000001597  -0.0241010972  -0.0181078732  -0.0000079782   0.0008080760
        0.0012220479  -0.0000006205  -0.0004609188  -0.0002730274  -0.0000002952
       -0.0519421308   0.0495041326   0.0000073338  -0.0000668749   0.0000371390
        0.0000002759
       -0.1561386276  -0.1995985336  -0.0000613305  -0.0086656160  -0.0561121664
       -0.0000135439  -0.0141793636   0.0004493871  -0.0000015130   0.0299530901
       -0.0062088801   0.0000049761   0.1196090850  -0.1222727194   0.0000062599
        0.0035670700   0.6858215255   0.0001170968  -0.0284852732   0.0100525662
       -0.0000017941  -0.0007600518  -0.0042649289  -0.0000026196  -0.0018454327
        0.0003016715   0.0000003235   0.0001471682  -0.0006760248   0.0000000587
        0.0005817348   0.0004002807  -0.0000000878  -0.0003991297  -0.0004950821
        0.0000001675   0.0001163404   0.0012453591   0.0000001457   0.0025418490
       -0.0084872513  -0.0000022440  -0.0000867565   0.0002920141   0.0000000451
       -0.0003005271   0.0000777290   0.0000000086  -0.0001343473   0.0003087116
       -0.0000000068   0.0051558307   0.0051008069   0.0000022972   0.0011488709
       -0.0057038486  -0.0000024859  -0.0003005038   0.0007404977  -0.0000000496
        0.0485490303  -0.3010320899  -0.0000457201  -0.0000744401   0.0000609757
        0.0000000161
       -0.0000660082  -0.0000455405  -0.0446471801   0.0000067986  -0.0000253654
        0.0021823586  -0.0000138250  -0.0000016330  -0.0032962797   0.0000065332
        0.0000172257  -0.0022012235  -0.0000208665  -0.0000079853  -0.0458401705
        0.0001015315   0.0001170968   0.1095828921  -0.0000138625   0.0000002406
        0.0034641361   0.0000001896  -0.0000018326   0.0003211933  -0.0000008743
       -0.0000001039  -0.0002600355   0.0000002694  -0.0000002199   0.0000323668
        0.0000000524   0.0000002434  -0.0001045209  -0.0000004786  -0.0000003100
       -0.0000950886  -0.0000005261   0.0000008603  -0.0001043476  -0.0000004645
       -0.0000030465   0.0067233234   0.0000000355   0.0000001079  -0.0000435666
        0.0000001325  -0.0000000561   0.0000084121  -0.0000000550   0.0000003643
       -0.0000198576  -0.0000036349  -0.0000025284   0.0000821046  -0.0000010831
       -0.0000024871   0.0073369701  -0.0000002166   0.0000001115  -0.0002309939
        0.0000062730  -0.0000451465  -0.0330094375   0.0000000798   0.0000000045
        0.0001189449
       -0.0016718945   0.0033215559   0.0000015311  -0.0016731955  -0.0013836519
       -0.0000006687   0.0026243148   0.0024850723  -0.0000001097  -0.0218328028
       -0.0076197749  -0.0000032619  -0.1229096803  -0.0803856000  -0.0000327486
       -0.0435836339  -0.0284852732  -0.0000138625   0.4630466882   0.0163171004
       -0.0000159112  -0.2105927288   0.0777402059   0.0000454131  -0.0507907312
        0.0121818134   0.0000126337  -0.0011537506  -0.0006475711  -0.0000004917
        0.0039944740  -0.0034275529  -0.0000016513   0.0079996006  -0.0022380814
        0.0000002138  -0.0501569186   0.0060240279   0.0000089410   0.0319192361
        0.0088080998  -0.0000023091  -0.0014750480   0.0015506064   0.0000012763
       -0.0058349984   0.0016990689   0.0000017456   0.0027658311  -0.0053183845
       -0.0000014381  -0.0015743068  -0.0009880878  -0.0000002241  -0.0000025359
        0.0001514709  -0.0000003066  -0.0006253019  -0.0002698744  -0.0000001031
        0.0024353552  -0.0004847259   0.0000008702  -0.0009079730   0.0009695562
        0.0000004619
        0.0017037367  -0.0041863271  -0.0000005695  -0.0053549602   0.0032267644
       -0.0000003800   0.0105889862  -0.0048588415  -0.0000011291  -0.0485855601
       -0.0432924873  -0.0000206167  -0.0664109046  -0.1668037142  -0.0000459333
        0.0006281958   0.0100525662   0.0000002406   0.0163171004   0.3342406970
        0.0001020914   0.0671003276  -0.1107386049  -0.0000278623  -0.0245492380
        0.0059699664   0.0000029586   0.0004437927  -0.0065982878  -0.0000002714
        0.0024126158   0.0057330505   0.0000004941  -0.0077499331  -0.0057523007
       -0.0000008918   0.0503949405  -0.0196720127  -0.0000145938   0.0051748461
        0.0017355948   0.0000064386   0.0017496431  -0.0025750856  -0.0000003757
        0.0009153708  -0.0002934458  -0.0000001972  -0.0024389027   0.0047144376
        0.0000006252   0.0003993727   0.0000914722  -0.0000000906   0.0001974899
        0.0001489017   0.0000000432  -0.0017602931  -0.0017254394  -0.0000002803
       -0.0002692211   0.0005844369   0.0000004196  -0.0009074055  -0.0000013408
       -0.0000001194
       -0.0000011351  -0.0000021142   0.0062521109  -0.0000022147   0.0000014509
       -0.0001207015   0.0000027911  -0.0000008841   0.0067235485  -0.0000141964
       -0.0000129685   0.0028292775  -0.0000258930  -0.0000463010  -0.0307098560
       -0.0000089320  -0.0000017941   0.0034641361  -0.0000159112   0.0001020914
        0.0372166916   0.0000417882  -0.0000311775  -0.0309712411   0.0000073721
        0.0000014122   0.0034568748   0.0000011616  -0.0000024786   0.0043555835
        0.0000021830   0.0000018357   0.0001437541  -0.0000025477   0.0000007594
        0.0066451299   0.0000168430  -0.0000041297   0.0028889300   0.0000007656
       -0.0000046668  -0.0035606155   0.0000003588  -0.0000017547  -0.0004297534
       -0.0000017230   0.0000006021  -0.0008162582  -0.0000014269  -0.0000003754
       -0.0020586139   0.0000000258  -0.0000000648  -0.0001250995   0.0000003408
        0.0000003383  -0.0015432878  -0.0000001607  -0.0000001856  -0.0003047006
        0.0000005945   0.0000004829  -0.0032761731  -0.0000000838  -0.0000000780
       -0.0000597362
       -0.0042787945  -0.0015911570  -0.0000026017  -0.0019263976   0.0027929691
        0.0000004350   0.0020457409   0.0003241587  -0.0000001848   0.0103304650
       -0.0002166000  -0.0000020632  -0.0533228301  -0.0120471279  -0.0000004996
        0.0012862393  -0.0007600518   0.0000001896  -0.2105927288   0.0671003276
        0.0000417882   0.6165400432   0.0314117519  -0.0000784920  -0.2046082733
       -0.1542369746   0.0000146882  -0.0550646718   0.0010308193   0.0000123348
       -0.0048534094  -0.0133513101  -0.0000007272  -0.0090486612   0.0316363313
        0.0000017897  -0.0630016797   0.0971777941   0.0000104304  -0.0250133177
       -0.0537097896   0.0000032889  -0.0026658681  -0.0000976501   0.0000003484
        0.0050396116  -0.0011395707  -0.0000015934   0.0022200166   0.0045130179
        0.0000000121   0.0000322425  -0.0003394380  -0.0000004970   0.0001538365
        0.0000986291   0.0000004142   0.0004575202   0.0005731731   0.0000006667
       -0.0001077544  -0.0001510040  -0.0000008448  -0.0036213291   0.0009817018
        0.0000011174
       -0.0001436214   0.0007171242  -0.0000003788   0.0007692752  -0.0001922364
        0.0000004258  -0.0006309270   0.0010330173  -0.0000005712   0.0014276282
        0.0020358805   0.0000007340  -0.0167256077   0.0163192208   0.0000074331
       -0.0036955106  -0.0042649289  -0.0000018326   0.0777402059  -0.1107386049
       -0.0000311775   0.0314117519   0.6367604924   0.0000495030  -0.0796621958
       -0.1648933138   0.0000054777  -0.0486859115   0.0485411900   0.0000136662
       -0.0182905854  -0.0562765253  -0.0000021879   0.0842835769  -0.0123122240
       -0.0000168209  -0.0040607534  -0.2672567364  -0.0000204751  -0.0104129014
       -0.0467129685  -0.0000017426  -0.0018402776   0.0044411757   0.0000003010
       -0.0010500880   0.0009613387   0.0000005628  -0.0123965525  -0.0482354561
       -0.0000024160  -0.0003238175  -0.0001075449  -0.0000000119  -0.0000806655
       -0.0000247345   0.0000001773   0.0000494788   0.0002586585   0.0000001666
        0.0001448150  -0.0000947291   0.0000001591   0.0021726834   0.0000419048
       -0.0000009919
       -0.0000002544   0.0000003937   0.0013049084   0.0000010342  -0.0000004925
       -0.0000810745  -0.0000012381  -0.0000003107  -0.0000947877   0.0000011768
       -0.0000002507  -0.0002306050  -0.0000050173   0.0000066317  -0.0028527886
       -0.0000022909  -0.0000026196   0.0003211933   0.0000454131  -0.0000278623
       -0.0309712411  -0.0000784920   0.0000495030   0.1082374041   0.0000221287
        0.0000167524  -0.0430071241   0.0000060223   0.0000028943  -0.0019206480
       -0.0000019653  -0.0000017599  -0.0012186440   0.0000098357  -0.0000062317
       -0.0028859687   0.0000015868  -0.0000388957  -0.0435526089   0.0000018855
        0.0000073350   0.0034758390   0.0000008868   0.0000003364   0.0048951513
       -0.0000012996   0.0000003684   0.0002954821  -0.0000011021  -0.0000052017
        0.0022059809  -0.0000001693  -0.0000000706  -0.0000562193   0.0000000324
        0.0000000495  -0.0001731465  -0.0000001047  -0.0000000227   0.0000677350
        0.0000000450  -0.0000000216   0.0000664873   0.0000018866  -0.0000005250
        0.0061746751
        0.0009898582   0.0027037523   0.0000008335   0.0022717557  -0.0024392105
       -0.0000000690  -0.0036052500  -0.0011440469  -0.0000005614   0.0016364409
        0.0004034270   0.0000014716  -0.0001026496   0.0052079091   0.0000030019
       -0.0037805595  -0.0018454327  -0.0000008743  -0.0507907312  -0.0245492380
        0.0000073721  -0.2046082733  -0.0796621958   0.0000221287   0.6314701342
        0.0250337694  -0.0000953298  -0.3030928243   0.0251704350   0.0000483746
       -0.0029665887   0.0909136523   0.0000099913  -0.0516488223  -0.0121633850
        0.0000073282   0.0317772387  -0.0678484758  -0.0000107647   0.0052420051
        0.0135966415  -0.0000010890   0.0005634869  -0.0014452313  -0.0000001315
        0.0007684916  -0.0008124073   0.0000004532  -0.0311870073   0.0244483897
        0.0000045223  -0.0001088141  -0.0000993154  -0.0000001343   0.0000542433
       -0.0000220078  -0.0000002888  -0.0000724420  -0.0000819406  -0.0000002090
        0.0001662884  -0.0002254977   0.0000001397  -0.0229759806   0.0048604085
        0.0000038345
        0.0002689542   0.0004380750   0.0000001910   0.0006460823  -0.0008784423
       -0.0000002399  -0.0009015545  -0.0008192155  -0.0000001072  -0.0015889277
        0.0012670258   0.0000008120   0.0012833767  -0.0028258413  -0.0000014950
        0.0000488210   0.0003016715  -0.0000001039   0.0121818134   0.0059699664
        0.0000014122  -0.1542369746  -0.1648933138   0.0000167524   0.0250337694
        0.4700349012   0.0000255207   0.0899217955  -0.0955181079  -0.0000195301
        0.0337719388  -0.0140202801  -0.0000066580  -0.0119025486  -0.0022625639
        0.0000025071  -0.0116055305  -0.0571993503  -0.0000026346   0.0071204238
        0.0008568457  -0.0000023164  -0.0002913527   0.0013937402  -0.0000002288
        0.0001515192  -0.0033630580  -0.0000009429   0.0267101932  -0.1443675766
       -0.0000158937   0.0001049944   0.0000273241  -0.0000001470   0.0000464810
        0.0000396821  -0.0000000488  -0.0000625841   0.0000347491   0.0000001552
        0.0002280142  -0.0000452054  -0.0000002583  -0.0169287043   0.0058289738
        0.0000032541
       -0.0000000568   0.0000000056  -0.0000945714   0.0000000162  -0.0000000491
       -0.0000625093   0.0000001956  -0.0000001796  -0.0000857543   0.0000006856
        0.0000009462  -0.0003334549  -0.0000002596  -0.0000017926   0.0003303622
        0.0000005029   0.0000003235  -0.0002600355   0.0000126337   0.0000029586
        0.0034568748   0.0000146882   0.0000054777  -0.0430071241  -0.0000953298
        0.0000255207   0.0895891418   0.0000549883  -0.0000085642  -0.0396502530
        0.0000036484  -0.0000178301   0.0013342045   0.0000078548   0.0000021619
       -0.0016400457  -0.0000097617   0.0000056658  -0.0026338151   0.0000019660
        0.0000000206   0.0067981339   0.0000000438   0.0000002260  -0.0000933045
        0.0000007068  -0.0000003822   0.0048222041   0.0000046877  -0.0000142395
       -0.0185367875   0.0000000052  -0.0000000110   0.0001240606   0.0000000088
        0.0000000147   0.0000393490  -0.0000000386   0.0000000065  -0.0000651628
       -0.0000000406   0.0000000274   0.0000019273   0.0000028551  -0.0000003069
       -0.0000334401
       -0.0009678805  -0.0019320736  -0.0000008443  -0.0016079897   0.0017494408
       -0.0000000825   0.0024372807   0.0007908007   0.0000001575  -0.0022334779
        0.0005589961  -0.0000011571  -0.0039114907  -0.0017635601  -0.0000000535
        0.0019070469   0.0001471682   0.0000002694  -0.0011537506   0.0004437927
        0.0000011616  -0.0550646718  -0.0486859115   0.0000060223  -0.3030928243
        0.0899217955   0.0000549883   0.6557119932   0.0278500725  -0.0001004139
       -0.0845606849   0.0033381387   0.0000071375   0.0358023736  -0.0065178707
       -0.0000056065  -0.0178384207   0.0358006347   0.0000057078  -0.0033140389
       -0.0077943868   0.0000019745  -0.0026082476  -0.0021299079   0.0000009325
       -0.0202532244   0.0299932917   0.0000067248  -0.0079401208   0.0153971283
        0.0000032820  -0.0000587131  -0.0000233159   0.0000000294  -0.0000520057
       -0.0000196695   0.0000000710   0.0000251190   0.0000098858  -0.0000000389
        0.0000151730   0.0000063791   0.0000000387  -0.1912414447  -0.1371408288
        0.0000196994
        0.0006786707   0.0020248034   0.0000005898   0.0016845215  -0.0014999623
        0.0000002210  -0.0024647990  -0.0006955231  -0.0000001838   0.0033609941
       -0.0004733468   0.0000006152   0.0006973676   0.0012398917   0.0000008780
       -0.0023350043  -0.0006760248  -0.0000002199  -0.0006475711  -0.0065982878
       -0.0000024786   0.0010308193   0.0485411900   0.0000028943   0.0251704350
       -0.0955181079  -0.0000085642   0.0278500725   0.6604315533   0.0000407721
        0.0692102797  -0.3211920623  -0.0000332936  -0.0585481457  -0.0531824592
        0.0000057793   0.0288786098  -0.0325946132  -0.0000081627  -0.0020186762
        0.0035212155  -0.0000005802  -0.0012476731  -0.0016243644  -0.0000001486
        0.0176927535  -0.0135784306  -0.0000052404   0.0281258388  -0.0240689661
       -0.0000073049  -0.0000139556  -0.0000123152  -0.0000000128   0.0000127872
       -0.0000060752   0.0000000583   0.0000238764   0.0000107762   0.0000000583
       -0.0000366572  -0.0000706113  -0.0000000131  -0.1371045440  -0.1639782800
        0.0000143364
        0.0000003458   0.0000004135  -0.0001848080   0.0000003181  -0.0000003785
        0.0000097759  -0.0000003448  -0.0000002071  -0.0000676416   0.0000001907
       -0.0000001010  -0.0000776196   0.0000014781  -0.0000000864   0.0013420478
       -0.0000004456   0.0000000587   0.0000323668  -0.0000004917  -0.0000002714
        0.0043555835   0.0000123348   0.0000136662  -0.0019206480   0.0000483746
       -0.0000195301  -0.0396502530  -0.0001004139   0.0000407721   0.0997715252
        0.0000123108  -0.0000219208  -0.0405443261  -0.0000115295  -0.0000051041
        0.0007048198   0.0000047981  -0.0000068630  -0.0004016555   0.0000000551
        0.0000003746  -0.0000266911   0.0000011130   0.0000001900   0.0039101659
        0.0000079867  -0.0000074641   0.0016359295   0.0000048713  -0.0000079811
        0.0014521785   0.0000000356   0.0000000172  -0.0000001300  -0.0000000025
        0.0000000077   0.0000309830  -0.0000000224   0.0000000046  -0.0000076341
        0.0000000234  -0.0000000428   0.0000322766   0.0000190143   0.0000144457
       -0.0303962457
       -0.0006643918  -0.0012936690  -0.0000007142  -0.0011034798   0.0007087297
       -0.0000004813   0.0011026163   0.0000843586   0.0000005280  -0.0044837735
        0.0006779975   0.0000005392  -0.0029962505  -0.0028587947  -0.0000017170
        0.0018901815   0.0005817348   0.0000000524   0.0039944740   0.0024126158
        0.0000021830  -0.0048534094  -0.0182905854  -0.0000019653  -0.0029665887
        0.0337719388   0.0000036484  -0.0845606849   0.0692102797   0.0000123108
        0.4763859177   0.0317960825  -0.0000637407  -0.1918367568  -0.1431009253
        0.0000151310  -0.0601068374   0.0024207707   0.0000105377   0.0027011604
        0.0035366100   0.0000017330   0.0025474379   0.0013368295  -0.0000013758
       -0.1359636572   0.0379666745   0.0000235339  -0.0032462753   0.0004748650
        0.0000017162   0.0000015820   0.0000002363  -0.0000002521  -0.0000459869
        0.0000557010   0.0000002180  -0.0000381387   0.0001340028   0.0000005533
       -0.0000426810  -0.0000559562  -0.0000005305   0.0042855424  -0.0195694966
       -0.0000019081
       -0.0010925416  -0.0028695148  -0.0000007435  -0.0020791055   0.0020769581
        0.0000000079   0.0031634876   0.0006374324   0.0000001548  -0.0036556085
        0.0011864733  -0.0000009685  -0.0028807138  -0.0019203958  -0.0000007989
        0.0032610333   0.0004002807   0.0000002434  -0.0034275529   0.0057330505
        0.0000018357  -0.0133513101  -0.0562765253  -0.0000017599   0.0909136523
       -0.0140202801  -0.0000178301   0.0033381387  -0.3211920623  -0.0000219208
        0.0317960825   0.6069318761   0.0000343669  -0.0858736651  -0.1700378232
        0.0000027812  -0.0473765962   0.0518324694   0.0000142905   0.0035984103
       -0.0064864992  -0.0000001361  -0.0135034612  -0.0372322779  -0.0000011248
        0.0350832995  -0.0372760879  -0.0000065559  -0.0001022325   0.0003939015
       -0.0000003283  -0.0000091989   0.0000032558   0.0000002270   0.0000148427
        0.0000069647   0.0000000497   0.0000402303  -0.0000354118  -0.0000001311
        0.0000244325   0.0000131967   0.0000003355   0.0021183764  -0.0218689811
       -0.0000019947
        0.0000000648   0.0000000807   0.0000032426   0.0000001826   0.0000001774
       -0.0002053612   0.0000002771  -0.0000001898  -0.0000416293   0.0000006975
        0.0000006331   0.0013948147  -0.0000000412   0.0000001989  -0.0000848479
       -0.0000000362  -0.0000000878  -0.0001045209  -0.0000016513   0.0000004941
        0.0001437541  -0.0000007272  -0.0000021879  -0.0012186440   0.0000099913
       -0.0000066580   0.0013342045   0.0000071375  -0.0000332936  -0.0405443261
       -0.0000637407   0.0000343669   0.0910721707   0.0000195017   0.0000141031
       -0.0403161313   0.0000083175   0.0000053013  -0.0028155952  -0.0000016157
       -0.0000042577   0.0046979512  -0.0000017003  -0.0000025730   0.0010146706
        0.0000229124  -0.0000077910  -0.0187130964   0.0000011099  -0.0000001224
        0.0043783055  -0.0000000044  -0.0000000035   0.0000502723   0.0000000228
       -0.0000000103   0.0000221784  -0.0000000003  -0.0000000195   0.0000327097
        0.0000000511   0.0000000027  -0.0000009441  -0.0000007489   0.0000018366
       -0.0000991777
        0.0011413031   0.0032907140   0.0000007339   0.0020080934  -0.0020332705
        0.0000000713  -0.0039534180   0.0001913850  -0.0000005700   0.0024254702
       -0.0036406154   0.0000014890   0.0020908489   0.0005152105   0.0000013776
       -0.0040736693  -0.0003991297  -0.0000004786   0.0079996006  -0.0077499331
       -0.0000025477  -0.0090486612   0.0842835769   0.0000098357  -0.0516488223
       -0.0119025486   0.0000078548   0.0358023736  -0.0585481457  -0.0000115295
       -0.1918367568  -0.0858736651   0.0000195017   0.6132448769   0.0330822861
       -0.0000859898  -0.2824694943   0.0298719705   0.0000407042  -0.0498066020
        0.0005658348   0.0000082783  -0.0299985280   0.0242399286   0.0000032641
       -0.0420916411  -0.0092606865   0.0000071944   0.0000922001   0.0017247202
        0.0000002780   0.0000068998   0.0000250018  -0.0000002847  -0.0001298666
        0.0000121879  -0.0000001548   0.0001273181   0.0002462040   0.0000001986
       -0.0001056077   0.0000515649  -0.0000002329   0.0002240826   0.0013074094
        0.0000010067
        0.0001990235   0.0003914104  -0.0000001562   0.0004550391  -0.0005810439
       -0.0000003553  -0.0020041171   0.0003090928   0.0000001177   0.0013572647
       -0.0049918221   0.0000008799   0.0013976409   0.0016824583  -0.0000002761
       -0.0004949074  -0.0004950821  -0.0000003100  -0.0022380814  -0.0057523007
        0.0000007594   0.0316363313  -0.0123122240  -0.0000062317  -0.0121633850
       -0.0022625639   0.0000021619  -0.0065178707  -0.0531824592  -0.0000051041
       -0.1431009253  -0.1700378232   0.0000141031   0.0330822861   0.4760333405
        0.0000270781   0.1044162031  -0.0871590259  -0.0000203269  -0.0359844553
        0.0012936502   0.0000041605   0.0239638639  -0.1448634924  -0.0000143926
        0.0057590558   0.0032112628  -0.0000012899  -0.0000582762   0.0023167687
        0.0000006009  -0.0000705462   0.0000717527  -0.0000004033  -0.0001883054
        0.0000304776  -0.0000000010  -0.0001510459   0.0000202895   0.0000003995
       -0.0000495989   0.0001177144  -0.0000006141   0.0007548065  -0.0038403805
       -0.0000007997
        0.0000000040   0.0000000353  -0.0000705928  -0.0000001101  -0.0000000348
       -0.0000899103   0.0000003881   0.0000000423  -0.0002350039  -0.0000006593
        0.0000004592   0.0003207935   0.0000008925  -0.0000004734  -0.0002618682
        0.0000002669   0.0000001675  -0.0000950886   0.0000002138  -0.0000008918
        0.0066451299   0.0000017897  -0.0000168209  -0.0028859687   0.0000073282
        0.0000025071  -0.0016400457  -0.0000056065   0.0000057793   0.0007048198
        0.0000151310   0.0000027812  -0.0403161313  -0.0000859898   0.0000270781
        0.0844814552   0.0000460959  -0.0000109352  -0.0405881386   0.0000074730
        0.0000031814   0.0037432032   0.0000042274  -0.0000145716  -0.0177754864
        0.0000076225   0.0000021150   0.0014513877   0.0000000057   0.0000005307
        0.0001087960  -0.0000000154   0.0000000091   0.0000424046  -0.0000000665
       -0.0000000301   0.0001174682  -0.0000000552  -0.0000000924   0.0000014822
       -0.0000000074   0.0000000589  -0.0000626324   0.0000010712  -0.0000008950
        0.0064039268
       -0.0003449464  -0.0027701293   0.0000001314  -0.0041087376  -0.0006004237
       -0.0000019483  -0.0013448810   0.0020909907   0.0000001995  -0.0521658771
       -0.0185727456  -0.0000002730   0.0091792784   0.0032302768  -0.0000006415
        0.0018039520   0.0001163404  -0.0000005261  -0.0501569186   0.0503949405
        0.0000168430  -0.0630016797  -0.0040607534   0.0000015868   0.0317772387
       -0.0116055305  -0.0000097617  -0.0178384207   0.0288786098   0.0000047981
       -0.0601068374  -0.0473765962   0.0000083175  -0.2824694943   0.1044162031
        0.0000460959   0.6392188131  -0.0302938607  -0.0000770174  -0.1413896326
       -0.0809751783   0.0000048670  -0.0083758990   0.0120334615   0.0000047339
        0.0016156722  -0.0010504040   0.0000005608  -0.0021377409  -0.0035986643
        0.0000010201   0.0001180538  -0.0000336255   0.0000006724  -0.0002492823
        0.0002650894  -0.0000001217  -0.0001056649   0.0001089748  -0.0000001909
        0.0006295684  -0.0003850793   0.0000005969  -0.0005465640  -0.0002118962
        0.0000000573
       -0.0006849966  -0.0016616111  -0.0000001656  -0.0019873961   0.0004156972
       -0.0000003327   0.0050479499  -0.0016624676   0.0000010385  -0.0144660489
        0.0155506090  -0.0000009762   0.0027249964   0.0036296524   0.0000000223
        0.0005015638   0.0012453591   0.0000008603   0.0060240279  -0.0196720127
       -0.0000041297   0.0971777941  -0.2672567364  -0.0000388957  -0.0678484758
       -0.0571993503   0.0000056658   0.0358006347  -0.0325946132  -0.0000068630
        0.0024207707   0.0518324694   0.0000053013   0.0298719705  -0.0871590259
       -0.0000109352  -0.0302938607   0.6116588626   0.0000492870  -0.0911666619
       -0.1821990728   0.0000058426   0.0286651687  -0.0360925888  -0.0000069738
       -0.0010704883  -0.0028318942   0.0000001402  -0.0008349085   0.0045536429
        0.0000003973   0.0001409228   0.0000140793   0.0000003694   0.0002694534
        0.0001889977   0.0000001037  -0.0001717210  -0.0000452361  -0.0000000858
        0.0001236312   0.0000885795   0.0000004483  -0.0002443263  -0.0008033397
       -0.0000001192
        0.0000004243   0.0000004742  -0.0000872239  -0.0000005593  -0.0000007662
        0.0012940009  -0.0000015053   0.0000009082   0.0003025296  -0.0000036859
       -0.0000024267  -0.0028021792   0.0000015603   0.0000017354  -0.0001117498
       -0.0000009589   0.0000001457  -0.0001043476   0.0000089410  -0.0000145938
        0.0028889300   0.0000104304  -0.0000204751  -0.0435526089  -0.0000107647
       -0.0000026346  -0.0026338151   0.0000057078  -0.0000081627  -0.0004016555
        0.0000105377   0.0000142905  -0.0028155952   0.0000407042  -0.0000203269
       -0.0405881386  -0.0000770174   0.0000492870   0.1092332639   0.0000109253
        0.0000080333  -0.0318907445   0.0000040098  -0.0000056908   0.0020644351
        0.0000001921  -0.0000005120   0.0040712362   0.0000011462   0.0000007894
        0.0048011318   0.0000000455   0.0000000321  -0.0001720695  -0.0000001461
        0.0000000433  -0.0000544333  -0.0000000241  -0.0000000571   0.0000658768
       -0.0000000863   0.0000000286   0.0000722472   0.0000001232  -0.0000001218
        0.0004209095
       -0.0034647067  -0.0019405369  -0.0000014169  -0.0005028836  -0.0013152797
        0.0000006561  -0.0445702631   0.0040455189  -0.0000120430  -0.1828607855
        0.0719020765  -0.0000233420  -0.0464271348   0.0058595647  -0.0000067681
        0.0066831872   0.0025418490  -0.0000004645   0.0319192361   0.0051748461
        0.0000007656  -0.0250133177  -0.0104129014   0.0000018855   0.0052420051
        0.0071204238   0.0000019660  -0.0033140389  -0.0020186762   0.0000000551
        0.0027011604   0.0035984103  -0.0000016157  -0.0498066020  -0.0359844553
        0.0000074730  -0.1413896326  -0.0911666619   0.0000109253   0.4540951848
        0.0385819089   0.0000225840   0.0003181923   0.0034016051  -0.0000016620
       -0.0024668149  -0.0007828445  -0.0000002889  -0.0006361870  -0.0008167745
       -0.0000000286   0.0001460439  -0.0001653132  -0.0000000420  -0.0015283843
        0.0002746390   0.0000001461   0.0018616433   0.0010356256   0.0000014404
       -0.0015649283   0.0003130307  -0.0000002114   0.0005790265   0.0007539449
       -0.0000000139
        0.0023261542   0.0048706323   0.0000008575   0.0000964268  -0.0055578125
       -0.0000032400  -0.0251644190   0.0114275023  -0.0000007928   0.0579998001
       -0.1046824921   0.0000060097   0.0467226756  -0.0188518473   0.0000077478
       -0.0054764815  -0.0084872513  -0.0000030465   0.0088080998   0.0017355948
       -0.0000046668  -0.0537097896  -0.0467129685   0.0000073350   0.0135966415
        0.0008568457   0.0000000206  -0.0077943868   0.0035212155   0.0000003746
        0.0035366100  -0.0064864992  -0.0000042577   0.0005658348   0.0012936502
        0.0000031814  -0.0809751783  -0.1821990728   0.0000080333   0.0385819089
        0.3443098863  -0.0000167129   0.0006820886   0.0072452046  -0.0000002695
       -0.0007812346   0.0004673731  -0.0000003109  -0.0011119227  -0.0037820620
       -0.0000002623  -0.0001787952   0.0000067306  -0.0000002071  -0.0011056773
        0.0000551262  -0.0000003906   0.0008350436   0.0012022344   0.0000008592
        0.0018442717  -0.0007821607  -0.0000004602   0.0007023295   0.0005501702
        0.0000001982
       -0.0000008881  -0.0000006899  -0.0001110009  -0.0000014690  -0.0000023702
        0.0062683489  -0.0000159387   0.0000017558   0.0034370360  -0.0000193341
        0.0000090357  -0.0305736403  -0.0000019867  -0.0000019453   0.0027112866
        0.0000008707  -0.0000022440   0.0067233234  -0.0000023091   0.0000064386
       -0.0035606155   0.0000032889  -0.0000017426   0.0034758390  -0.0000010890
       -0.0000023164   0.0067981339   0.0000019745  -0.0000005802  -0.0000266911
        0.0000017330  -0.0000001361   0.0046979512   0.0000082783   0.0000041605
        0.0037432032   0.0000048670   0.0000058426  -0.0318907445   0.0000225840
       -0.0000167129   0.0373535461  -0.0000010271  -0.0000002543  -0.0021166664
       -0.0000008575   0.0000004847  -0.0001161245  -0.0000002322  -0.0000002724
       -0.0005248195   0.0000002799   0.0000002627  -0.0015438712  -0.0000003042
        0.0000000866  -0.0001204384   0.0000016917   0.0000011989  -0.0032687406
        0.0000002390  -0.0000000996  -0.0003080235  -0.0000003712   0.0000000980
       -0.0010472917
        0.0000271444  -0.0001197117  -0.0000000672  -0.0000026954   0.0000503825
       -0.0000000263   0.0002122857   0.0000961179   0.0000001360   0.0005280270
        0.0003213658   0.0000001930   0.0004692419   0.0000682112  -0.0000000082
        0.0000402635  -0.0000867565   0.0000000355  -0.0014750480   0.0017496431
        0.0000003588  -0.0026658681  -0.0018402776   0.0000008868   0.0005634869
       -0.0002913527   0.0000000438  -0.0026082476  -0.0012476731   0.0000011130
        0.0025474379  -0.0135034612  -0.0000017003  -0.0299985280   0.0239638639
        0.0000042274  -0.0083758990   0.0286651687   0.0000040098   0.0003181923
        0.0006820886  -0.0000010271   0.0395422081  -0.0340483959  -0.0000074389
        0.0008703513  -0.0040158006  -0.0000007461  -0.0000346480   0.0003281160
       -0.0000000045   0.0000061280  -0.0000084908  -0.0000000396   0.0000102557
       -0.0000134286   0.0000000616  -0.0000837527  -0.0000930062   0.0000000778
        0.0000280829  -0.0000153418  -0.0000000722   0.0000815811  -0.0006412609
       -0.0000000133
        0.0000403524   0.0002272218   0.0000004160  -0.0001710988  -0.0001223411
        0.0000001167  -0.0003813741   0.0001752441  -0.0000005431  -0.0004425093
       -0.0000044604   0.0000001064  -0.0006328717   0.0005747010   0.0000006395
       -0.0000590320   0.0002920141   0.0000001079   0.0015506064  -0.0025750856
       -0.0000017547  -0.0000976501   0.0044411757   0.0000003364  -0.0014452313
        0.0013937402   0.0000002260  -0.0021299079  -0.0016243644   0.0000001900
        0.0013368295  -0.0372322779  -0.0000025730   0.0242399286  -0.1448634924
       -0.0000145716   0.0120334615  -0.0360925888  -0.0000056908   0.0034016051
        0.0072452046  -0.0000002543  -0.0340483959   0.2088192157   0.0000225237
       -0.0041636639   0.0018819851   0.0000010023   0.0002668000  -0.0015877034
       -0.0000003531   0.0000295232  -0.0000667453   0.0000004373   0.0000079631
        0.0000242411  -0.0000001618   0.0000614053   0.0001906936  -0.0000005018
       -0.0001015507  -0.0000533543   0.0000006188   0.0007048109  -0.0010430235
       -0.0000003167
       -0.0000000280   0.0000000369  -0.0000038628   0.0000000461  -0.0000000739
        0.0000183533  -0.0000000317  -0.0000000268  -0.0000213101  -0.0000000768
       -0.0000003965   0.0001352446  -0.0000003302  -0.0000001476   0.0000937349
        0.0000000372   0.0000000451  -0.0000435666   0.0000012763  -0.0000003757
       -0.0004297534   0.0000003484   0.0000003010   0.0048951513  -0.0000001315
       -0.0000002288  -0.0000933045   0.0000009325  -0.0000001486   0.0039101659
       -0.0000013758  -0.0000011248   0.0010146706   0.0000032641  -0.0000143926
       -0.0177754864   0.0000047339  -0.0000069738   0.0020644351  -0.0000016620
       -0.0000002695  -0.0021166664  -0.0000074389   0.0000225237   0.0098744958
        0.0000005867   0.0000005247  -0.0010584962  -0.0000001662   0.0000005673
       -0.0006352510   0.0000000166   0.0000000122  -0.0000004916  -0.0000000274
        0.0000000416   0.0000023337  -0.0000000142   0.0000000827   0.0000147623
        0.0000000476   0.0000000061   0.0000054338  -0.0000000065   0.0000000174
        0.0001494079
        0.0002992239   0.0000483737   0.0000004989   0.0001242911  -0.0000997448
        0.0000002029  -0.0002549464   0.0002333268  -0.0000002276  -0.0000389936
       -0.0003792751   0.0000000523   0.0016494661   0.0012676568   0.0000007832
       -0.0004370760  -0.0003005271   0.0000001325  -0.0058349984   0.0009153708
       -0.0000017230   0.0050396116  -0.0010500880  -0.0000012996   0.0007684916
        0.0001515192   0.0000007068  -0.0202532244   0.0176927535   0.0000079867
       -0.1359636572   0.0350832995   0.0000229124  -0.0420916411   0.0057590558
        0.0000076225   0.0016156722  -0.0010704883   0.0000001921  -0.0024668149
       -0.0007812346  -0.0000008575   0.0008703513  -0.0041636639   0.0000005867
        0.1964720430  -0.0535478709  -0.0000368355  -0.0005737491   0.0006976566
       -0.0000004739   0.0000463562  -0.0000068423   0.0000004904   0.0000708094
       -0.0000306943  -0.0000000919   0.0000376614  -0.0000730267  -0.0000005199
        0.0000944318   0.0000209120   0.0000007400   0.0008266915  -0.0003664689
       -0.0000008784
       -0.0000806645   0.0000357038  -0.0000001537  -0.0000267470  -0.0000049001
       -0.0000001020  -0.0001129202  -0.0000270614  -0.0000000300   0.0001027127
       -0.0001514323   0.0000001008  -0.0004282450  -0.0003124074  -0.0000002540
        0.0001017293   0.0000777290  -0.0000000561   0.0016990689  -0.0002934458
        0.0000006021  -0.0011395707   0.0009613387   0.0000003684  -0.0008124073
       -0.0033630580  -0.0000003822   0.0299932917  -0.0135784306  -0.0000074641
        0.0379666745  -0.0372760879  -0.0000077910  -0.0092606865   0.0032112628
        0.0000021150  -0.0010504040  -0.0028318942  -0.0000005120  -0.0007828445
        0.0004673731   0.0000004847  -0.0040158006   0.0018819851   0.0000005247
       -0.0535478709   0.0512688901   0.0000125351   0.0009257444  -0.0005776617
        0.0000000447  -0.0000346491   0.0000038434  -0.0000001525  -0.0000456112
       -0.0000032755   0.0000000333   0.0000022099   0.0000117825   0.0000001774
       -0.0000515268   0.0000138315  -0.0000002343   0.0005985170   0.0004859149
        0.0000001457
       -0.0000001295  -0.0000000220   0.0000271836  -0.0000000995  -0.0000000178
        0.0000177957   0.0000003270  -0.0000001827   0.0001063080  -0.0000000220
        0.0000000114  -0.0000075103  -0.0000006163  -0.0000002648  -0.0001360346
        0.0000002255   0.0000000086   0.0000084121   0.0000017456  -0.0000001972
       -0.0008162582  -0.0000015934   0.0000005628   0.0002954821   0.0000004532
       -0.0000009429   0.0048222041   0.0000067248  -0.0000052404   0.0016359295
        0.0000235339  -0.0000065559  -0.0187130964   0.0000071944  -0.0000012899
        0.0014513877   0.0000005608   0.0000001402   0.0040712362  -0.0000002889
       -0.0000003109  -0.0001161245  -0.0000007461   0.0000010023  -0.0010584962
       -0.0000368355   0.0000125351   0.0102682061   0.0000000695   0.0000004226
        0.0000568777   0.0000000052  -0.0000000060  -0.0000066137  -0.0000000133
        0.0000000567  -0.0000331159  -0.0000000424   0.0000000654  -0.0000001732
        0.0000000341  -0.0000000071   0.0000001841  -0.0000004869   0.0000002327
       -0.0018737840
       -0.0000749270  -0.0000392182  -0.0000000924   0.0000088215   0.0000250730
       -0.0000000033   0.0000099458  -0.0000383998   0.0000001176   0.0003167872
       -0.0002086810   0.0000000778   0.0004926393  -0.0000019870   0.0000001811
        0.0000682090  -0.0001343473  -0.0000000550   0.0027658311  -0.0024389027
       -0.0000014269   0.0022200166  -0.0123965525  -0.0000011021  -0.0311870073
        0.0267101932   0.0000046877  -0.0079401208   0.0281258388   0.0000048713
       -0.0032462753  -0.0001022325   0.0000011099   0.0000922001  -0.0000582762
        0.0000000057  -0.0021377409  -0.0008349085   0.0000011462  -0.0006361870
       -0.0011119227  -0.0000002322  -0.0000346480   0.0002668000  -0.0000001662
       -0.0005737491   0.0009257444   0.0000000695   0.0393865982  -0.0392450231
       -0.0000080328  -0.0000161266  -0.0000020951  -0.0000000739  -0.0000175725
        0.0000102810   0.0000000377  -0.0000249771  -0.0000077543   0.0000000831
       -0.0000546004   0.0000023652  -0.0000001302   0.0005828834   0.0005540053
       -0.0000010729
        0.0002322255  -0.0000368667   0.0000002033  -0.0000966215   0.0002982078
        0.0000000641  -0.0000250455   0.0003638119  -0.0000000526   0.0006109707
        0.0007042207   0.0000000453   0.0004772801   0.0000715188   0.0000000596
        0.0004506544   0.0003087116   0.0000003643  -0.0053183845   0.0047144376
       -0.0000003754   0.0045130179  -0.0482354561  -0.0000052017   0.0244483897
       -0.1443675766  -0.0000142395   0.0153971283  -0.0240689661  -0.0000079811
        0.0004748650   0.0003939015  -0.0000001224   0.0017247202   0.0023167687
        0.0000005307  -0.0035986643   0.0045536429   0.0000007894  -0.0008167745
       -0.0037820620  -0.0000002724   0.0003281160  -0.0015877034   0.0000005673
        0.0006976566  -0.0005776617   0.0000004226  -0.0392450231   0.2077888081
        0.0000241518   0.0000287642   0.0000740904   0.0000002251   0.0000282742
       -0.0000121235  -0.0000001119   0.0001366275   0.0000460663  -0.0000002567
       -0.0001360295   0.0001871462   0.0000004109  -0.0003121472   0.0008470835
        0.0000007794
       -0.0000000432  -0.0000000122   0.0000111802  -0.0000001826   0.0000000411
       -0.0000015913   0.0000002562   0.0000000194  -0.0000606691  -0.0000001818
        0.0000002970   0.0000948848   0.0000002904   0.0000003248   0.0001758838
        0.0000001597  -0.0000000068  -0.0000198576  -0.0000014381   0.0000006252
       -0.0020586139   0.0000000121  -0.0000024160   0.0022059809   0.0000045223
       -0.0000158937  -0.0185367875   0.0000032820  -0.0000073049   0.0014521785
        0.0000017162  -0.0000003283   0.0043783055   0.0000002780   0.0000006009
        0.0001087960   0.0000010201   0.0000003973   0.0048011318  -0.0000000286
       -0.0000002623  -0.0005248195  -0.0000000045  -0.0000003531  -0.0006352510
       -0.0000004739   0.0000000447   0.0000568777  -0.0000080328   0.0000241518
        0.0102757373  -0.0000000258  -0.0000000165   0.0000026065   0.0000000066
       -0.0000000110   0.0000076142  -0.0000000115  -0.0000000361   0.0000078140
       -0.0000000659   0.0000000339   0.0000130411  -0.0000010552   0.0000001047
       -0.0017544423
       -0.2827808781   0.0795531213  -0.0000312329  -0.0077535206   0.0040194941
       -0.0000006726   0.0006084019   0.0016508832  -0.0000009104   0.0006358973
       -0.0003697785  -0.0000001137  -0.0019409056  -0.0031401227  -0.0000024211
       -0.0241010972   0.0051558307  -0.0000036349  -0.0015743068   0.0003993727
        0.0000000258   0.0000322425  -0.0003238175  -0.0000001693  -0.0001088141
        0.0001049944   0.0000000052  -0.0000587131  -0.0000139556   0.0000000356
        0.0000015820  -0.0000091989  -0.0000000044   0.0000068998  -0.0000705462
       -0.0000000154   0.0001180538   0.0001409228   0.0000000455   0.0001460439
       -0.0001787952   0.0000002799   0.0000061280   0.0000295232   0.0000000166
        0.0000463562  -0.0000346491   0.0000000052  -0.0000161266   0.0000287642
       -0.0000000258   0.3156626106  -0.0869464999   0.0000377836   0.0007765303
       -0.0007046830   0.0000004459  -0.0004070026   0.0000639258  -0.0000000992
        0.0007034950   0.0006544944   0.0000006520  -0.0000028766  -0.0000092799
        0.0000000044
        0.0797901198  -0.0692128501   0.0000076246   0.0272669322  -0.0104925223
        0.0000029532   0.0016057882  -0.0054990259  -0.0000022955  -0.0005046640
       -0.0006433089  -0.0000003694  -0.0027858840  -0.0017873394  -0.0000023921
       -0.0181078732   0.0051008069  -0.0000025284  -0.0009880878   0.0000914722
       -0.0000000648  -0.0003394380  -0.0001075449  -0.0000000706  -0.0000993154
        0.0000273241  -0.0000000110  -0.0000233159  -0.0000123152   0.0000000172
        0.0000002363   0.0000032558  -0.0000000035   0.0000250018   0.0000717527
        0.0000000091  -0.0000336255   0.0000140793   0.0000000321  -0.0001653132
        0.0000067306   0.0000002627  -0.0000084908  -0.0000667453   0.0000000122
       -0.0000068423   0.0000038434  -0.0000000060  -0.0000020951   0.0000740904
       -0.0000000165  -0.0869464999   0.0817198999  -0.0000043914   0.0008230857
        0.0004975915   0.0000006716   0.0013918077  -0.0005264580   0.0000001783
       -0.0008782951   0.0007437530   0.0000003836  -0.0000132316  -0.0000064896
        0.0000000047
       -0.0000314883   0.0000071273  -0.0335819234   0.0000041429  -0.0000012967
        0.0003588644  -0.0000009683  -0.0000021565   0.0073473420  -0.0000004919
       -0.0000004312   0.0007259997  -0.0000021302  -0.0000024337   0.0076908837
       -0.0000079782   0.0000022972   0.0000821046  -0.0000002241  -0.0000000906
       -0.0001250995  -0.0000004970  -0.0000000119  -0.0000562193  -0.0000001343
       -0.0000001470   0.0001240606   0.0000000294  -0.0000000128  -0.0000001300
       -0.0000002521   0.0000002270   0.0000502723  -0.0000002847  -0.0000004033
        0.0000424046   0.0000006724   0.0000003694  -0.0001720695  -0.0000000420
       -0.0000002071  -0.0015438712  -0.0000000396   0.0000004373  -0.0000004916
        0.0000004904  -0.0000001525  -0.0000066137  -0.0000000739   0.0000002251
        0.0000026065   0.0000377836  -0.0000043914   0.0238906540   0.0000008224
        0.0000004503  -0.0023510786   0.0000002715  -0.0000001097  -0.0000308020
        0.0000003212   0.0000007289  -0.0024106660   0.0000000709  -0.0000000181
       -0.0000362275
        0.0034133821   0.0021588350   0.0000011679  -0.1881729911  -0.1325472114
       -0.0000593048  -0.0241045233  -0.0181594709  -0.0000083110  -0.0041086119
        0.0021142402  -0.0000018957   0.0000825280   0.0006999144   0.0000000163
        0.0008080760   0.0011488709  -0.0000010831  -0.0000025359   0.0001974899
        0.0000003408   0.0001538365  -0.0000806655   0.0000000324   0.0000542433
        0.0000464810   0.0000000088  -0.0000520057   0.0000127872  -0.0000000025
       -0.0000459869   0.0000148427   0.0000000228  -0.0001298666  -0.0001883054
       -0.0000000665  -0.0002492823   0.0002694534  -0.0000001461  -0.0015283843
       -0.0011056773  -0.0000003042   0.0000102557   0.0000079631  -0.0000000274
        0.0000708094  -0.0000456112  -0.0000000133  -0.0000175725   0.0000282742
        0.0000000066   0.0007765303   0.0008230857   0.0000008224   0.2123052217
        0.1451078907   0.0000682304   0.0006299876  -0.0007105876   0.0000004189
        0.0001140956   0.0002158292   0.0000001098  -0.0000072057  -0.0000084281
       -0.0000000225
       -0.0210901339  -0.0216734006  -0.0000088236  -0.1327948364  -0.1638094607
       -0.0000540494   0.0051333793   0.0050790751   0.0000018546   0.0017689947
        0.0003961421  -0.0000012291   0.0008539323  -0.0000761013  -0.0000000383
        0.0012220479  -0.0057038486  -0.0000024871   0.0001514709   0.0001489017
        0.0000003383   0.0000986291  -0.0000247345   0.0000000495  -0.0000220078
        0.0000396821   0.0000000147  -0.0000196695  -0.0000060752   0.0000000077
        0.0000557010   0.0000069647  -0.0000000103   0.0000121879   0.0000304776
       -0.0000000301   0.0002650894   0.0001889977   0.0000000433   0.0002746390
        0.0000551262   0.0000000866  -0.0000134286   0.0000242411   0.0000000416
       -0.0000306943  -0.0000032755   0.0000000567   0.0000102810  -0.0000121235
       -0.0000000110  -0.0007046830   0.0004975915   0.0000004503   0.1451078907
        0.1850811170   0.0000633171   0.0008241663   0.0008126638   0.0000008039
       -0.0011094801  -0.0010434240  -0.0000004163   0.0000065240  -0.0000085366
        0.0000000307
       -0.0000038901  -0.0000039550   0.0003410626  -0.0000595761  -0.0000543088
       -0.0335249083  -0.0000031197  -0.0000027261   0.0000707677  -0.0000022079
       -0.0000007432   0.0076745250   0.0000002440   0.0000001531   0.0007227638
       -0.0000006205  -0.0000024859   0.0073369701  -0.0000003066   0.0000000432
       -0.0015432878   0.0000004142   0.0000001773  -0.0001731465  -0.0000002888
       -0.0000000488   0.0000393490   0.0000000710   0.0000000583   0.0000309830
        0.0000002180   0.0000000497   0.0000221784  -0.0000001548  -0.0000000010
        0.0001174682  -0.0000001217   0.0000001037  -0.0000544333   0.0000001461
       -0.0000003906  -0.0001204384   0.0000000616  -0.0000001618   0.0000023337
       -0.0000000919   0.0000000333  -0.0000331159   0.0000000377  -0.0000001119
        0.0000076142   0.0000004459   0.0000006716  -0.0023510786   0.0000682304
        0.0000633171   0.0238782741   0.0000007537   0.0000005000  -0.0024136111
       -0.0000002680  -0.0000001805  -0.0000254053   0.0000000234   0.0000000063
       -0.0000048647
       -0.0052655869   0.0018346449  -0.0000020916  -0.0065448640   0.0264937362
        0.0000040769  -0.0567363251   0.0602271810   0.0000073756   0.0045541797
       -0.0218176470  -0.0000038213  -0.0025735920  -0.0019545038  -0.0000024170
       -0.0004609188  -0.0003005038  -0.0000002166  -0.0006253019  -0.0017602931
       -0.0000001607   0.0004575202   0.0000494788  -0.0000001047  -0.0000724420
       -0.0000625841  -0.0000000386   0.0000251190   0.0000238764  -0.0000000224
       -0.0000381387   0.0000402303  -0.0000000003   0.0001273181  -0.0001510459
       -0.0000000552  -0.0001056649  -0.0001717210  -0.0000000241   0.0018616433
        0.0008350436   0.0000016917  -0.0000837527   0.0000614053  -0.0000000142
        0.0000376614   0.0000022099  -0.0000000424  -0.0000249771   0.0001366275
       -0.0000000115  -0.0004070026   0.0013918077   0.0000002715   0.0006299876
        0.0008241663   0.0000007537   0.0652690396  -0.0656611742  -0.0000053931
       -0.0000078100  -0.0000353152   0.0000002938  -0.0000160924  -0.0000056197
       -0.0000000496
        0.0021676913   0.0005109207  -0.0000008871   0.0039393076  -0.0100978999
       -0.0000012970   0.0592816131  -0.2961284939  -0.0000422051   0.0026842806
       -0.0248643144  -0.0000047180  -0.0030569348  -0.0009462886  -0.0000024412
       -0.0002730274   0.0007404977   0.0000001115  -0.0002698744  -0.0017254394
       -0.0000001856   0.0005731731   0.0002586585  -0.0000000227  -0.0000819406
        0.0000347491   0.0000000065   0.0000098858   0.0000107762   0.0000000046
        0.0001340028  -0.0000354118  -0.0000000195   0.0002462040   0.0000202895
       -0.0000000924   0.0001089748  -0.0000452361  -0.0000000571   0.0010356256
        0.0012022344   0.0000011989  -0.0000930062   0.0001906936   0.0000000827
       -0.0000730267   0.0000117825   0.0000000654  -0.0000077543   0.0000460663
       -0.0000000361   0.0000639258  -0.0005264580  -0.0000001097  -0.0007105876
        0.0008126638   0.0000005000  -0.0656611742   0.3304263272   0.0000497597
       -0.0000197166   0.0001144295   0.0000003482   0.0000023581  -0.0000105469
       -0.0000000061
       -0.0000018318  -0.0000009329   0.0072968639  -0.0000002462   0.0000028951
        0.0003191921   0.0000068657  -0.0000418466  -0.0330615092   0.0000014019
       -0.0000092605   0.0015730995  -0.0000030172  -0.0000024794   0.0078646761
       -0.0000002952  -0.0000000496  -0.0002309939  -0.0000001031  -0.0000002803
       -0.0003047006   0.0000006667   0.0000001666   0.0000677350  -0.0000002090
        0.0000001552  -0.0000651628  -0.0000000389   0.0000000583  -0.0000076341
        0.0000005533  -0.0000001311   0.0000327097   0.0000001986   0.0000003995
        0.0000014822  -0.0000001909  -0.0000000858   0.0000658768   0.0000014404
        0.0000008592  -0.0032687406   0.0000000778  -0.0000005018   0.0000147623
       -0.0000005199   0.0000001774  -0.0000001732   0.0000000831  -0.0000002567
        0.0000078140  -0.0000000992   0.0000001783  -0.0000308020   0.0000004189
        0.0000008039  -0.0024136111  -0.0000053931   0.0000497597   0.0236088604
        0.0000002773   0.0000003477  -0.0014724868  -0.0000000391   0.0000000238
        0.0000027424
        0.0041575404  -0.0201435488  -0.0000034057  -0.0028223372  -0.0033250562
       -0.0000025141  -0.0004726090  -0.0002418953  -0.0000001655  -0.0041585674
        0.0005237651  -0.0000021025  -0.0074125455   0.0295647879   0.0000044222
       -0.0519421308   0.0485490303   0.0000062730   0.0024353552  -0.0002692211
        0.0000005945  -0.0001077544   0.0001448150   0.0000000450   0.0001662884
        0.0002280142  -0.0000000406   0.0000151730  -0.0000366572   0.0000000234
       -0.0000426810   0.0000244325   0.0000000511  -0.0001056077  -0.0000495989
       -0.0000000074   0.0006295684   0.0001236312  -0.0000000863  -0.0015649283
        0.0018442717   0.0000002390   0.0000280829  -0.0001015507   0.0000000476
        0.0000944318  -0.0000515268   0.0000000341  -0.0000546004  -0.0001360295
       -0.0000000659   0.0007034950  -0.0008782951   0.0000003212   0.0001140956
       -0.0011094801  -0.0000002680  -0.0000078100  -0.0000197166   0.0000002773
        0.0603601198  -0.0546335050  -0.0000036689  -0.0000125786  -0.0000066666
       -0.0000000037
        0.0023977264  -0.0207937015  -0.0000038689  -0.0036477225  -0.0019215172
       -0.0000026123  -0.0002513322   0.0007628105   0.0000001975   0.0016525641
        0.0006006044  -0.0000011269   0.0051145294  -0.0128120963  -0.0000020424
        0.0495041326  -0.3010320899  -0.0000451465  -0.0004847259   0.0005844369
        0.0000004829  -0.0001510040  -0.0000947291  -0.0000000216  -0.0002254977
       -0.0000452054   0.0000000274   0.0000063791  -0.0000706113  -0.0000000428
       -0.0000559562   0.0000131967   0.0000000027   0.0000515649   0.0001177144
        0.0000000589  -0.0003850793   0.0000885795   0.0000000286   0.0003130307
       -0.0007821607  -0.0000000996  -0.0000153418  -0.0000533543   0.0000000061
        0.0000209120   0.0000138315  -0.0000000071   0.0000023652   0.0001871462
        0.0000000339   0.0006544944   0.0007437530   0.0000007289   0.0002158292
       -0.0010434240  -0.0000001805  -0.0000353152   0.0001144295   0.0000003477
       -0.0546335050   0.3354208130   0.0000532134  -0.0000480482   0.0000015743
        0.0000000205
        0.0000011842  -0.0000079719   0.0002941611  -0.0000028276  -0.0000022758
        0.0072912155   0.0000000482   0.0000001315  -0.0002283656  -0.0000021797
       -0.0000011513   0.0078697214  -0.0000013919   0.0000026735   0.0015505738
        0.0000073338  -0.0000457201  -0.0330094375   0.0000008702   0.0000004196
       -0.0032761731  -0.0000008448   0.0000001591   0.0000664873   0.0000001397
       -0.0000002583   0.0000019273   0.0000000387  -0.0000000131   0.0000322766
       -0.0000005305   0.0000003355  -0.0000009441  -0.0000002329  -0.0000006141
       -0.0000626324   0.0000005969   0.0000004483   0.0000722472  -0.0000002114
       -0.0000004602  -0.0003080235  -0.0000000722   0.0000006188   0.0000054338
        0.0000007400  -0.0000002343   0.0000001841  -0.0000001302   0.0000004109
        0.0000130411   0.0000006520   0.0000003836  -0.0024106660   0.0000001098
       -0.0000004163  -0.0000254053   0.0000002938   0.0000003482  -0.0014724868
       -0.0000036689   0.0000532134   0.0235974904   0.0000000827  -0.0000000270
       -0.0000006253
       -0.0000703288  -0.0000134050   0.0000000105  -0.0000398440  -0.0000069195
       -0.0000000018   0.0000272312  -0.0000215463   0.0000000370  -0.0000258634
        0.0000382709   0.0000000328  -0.0003937563   0.0000361257   0.0000001721
       -0.0000668749  -0.0000744401   0.0000000798  -0.0009079730  -0.0009074055
       -0.0000000838  -0.0036213291   0.0021726834   0.0000018866  -0.0229759806
       -0.0169287043   0.0000028551  -0.1912414447  -0.1371045440   0.0000190143
        0.0042855424   0.0021183764  -0.0000007489   0.0002240826   0.0007548065
        0.0000010712  -0.0005465640  -0.0002443263   0.0000001232   0.0005790265
        0.0007023295  -0.0000003712   0.0000815811   0.0007048109  -0.0000000065
        0.0008266915   0.0005985170  -0.0000004869   0.0005828834  -0.0003121472
       -0.0000010552  -0.0000028766  -0.0000132316   0.0000000709  -0.0000072057
        0.0000065240   0.0000000234  -0.0000160924   0.0000023581  -0.0000000391
       -0.0000125786  -0.0000480482   0.0000000827   0.2133216731   0.1485399156
       -0.0000226662
       -0.0000231652   0.0000021067  -0.0000000200  -0.0000433997  -0.0000266775
       -0.0000000415   0.0000390212  -0.0000359547  -0.0000000633  -0.0001876886
        0.0000469579   0.0000000297   0.0001710975   0.0000021003  -0.0000000496
        0.0000371390   0.0000609757   0.0000000045   0.0009695562  -0.0000013408
       -0.0000000780   0.0009817018   0.0000419048  -0.0000005250   0.0048604085
        0.0058289738  -0.0000003069  -0.1371408288  -0.1639782800   0.0000144457
       -0.0195694966  -0.0218689811   0.0000018366   0.0013074094  -0.0038403805
       -0.0000008950  -0.0002118962  -0.0008033397  -0.0000001218   0.0007539449
        0.0005501702   0.0000000980  -0.0006412609  -0.0010430235   0.0000000174
       -0.0003664689   0.0004859149   0.0000002327   0.0005540053   0.0008470835
        0.0000001047  -0.0000092799  -0.0000064896  -0.0000000181  -0.0000084281
       -0.0000085366   0.0000000063  -0.0000056197  -0.0000105469   0.0000000238
       -0.0000066666   0.0000015743  -0.0000000270   0.1485399156   0.1837557889
       -0.0000146532
       -0.0000001038  -0.0000000335   0.0000169331  -0.0000002518   0.0000000280
        0.0000288382   0.0000004311  -0.0000000100   0.0000188753  -0.0000002348
        0.0000000475  -0.0001315168   0.0000003303   0.0000001830  -0.0000336716
        0.0000002759   0.0000000161   0.0001189449   0.0000004619  -0.0000001194
       -0.0000597362   0.0000011174  -0.0000009919   0.0061746751   0.0000038345
        0.0000032541  -0.0000334401   0.0000196994   0.0000143364  -0.0303962457
       -0.0000019081  -0.0000019947  -0.0000991777   0.0000010067  -0.0000007997
        0.0064039268   0.0000000573  -0.0000001192   0.0004209095  -0.0000000139
        0.0000001982  -0.0010472917  -0.0000000133  -0.0000003167   0.0001494079
       -0.0000008784   0.0000001457  -0.0018737840  -0.0000010729   0.0000007794
       -0.0017544423   0.0000000044   0.0000000047  -0.0000362275  -0.0000000225
        0.0000000307  -0.0000048647  -0.0000000496  -0.0000000061   0.0000027424
       -0.0000000037   0.0000000205  -0.0000006253  -0.0000226662  -0.0000146532
        0.0221357705
