           1           2   1.44820333818014     
           2           3   1.42308430373544     
           3           4   1.40356512619427     
           4           5   1.33398993744409     
           1           6   1.42368501255343     
           5           6   1.40225980622251     
           5           7  0.989128467272587     
           7           8   1.05641717761681     
           8           9   1.34780502780884     
           9          10   1.38070420934658     
          10          11   1.40913775082532     
          11          12   1.34016578139857     
           8          13   1.30130953693141     
          12          13   1.34967485703475     
           4          14  0.984883431858374     
          13          14   1.06131340926194     
          12          15  0.993637867127640     
          11          16  0.996348798480318     
           9          17  0.993756205357937     
           1          18  0.966262145420725     
           2          19  0.966316617190132     
           3          20  0.963820301928033     
           6          21  0.963658025110988     
          10          22  0.951856863949172     
