           1           2   1.02344197187345     
           2           3   1.78986370008335     
           2           4   1.00494061915756     
           4           5   1.39259721920219     
           5           6   1.43064602828086     
           6           7   1.43685147251197     
           5           8  0.115005980602424     
           7           8   1.43618772003094     
           4           9   1.39452442201272     
           6           9  0.114425256368855     
           8           9   1.43031971452692     
           1          10  0.937565168780783     
           1          11  0.955197039724061     
           1          12  0.977893388734696     
           5          13  0.966624690903707     
           6          14  0.961433977264924     
           8          15  0.961111510441027     
           9          16  0.962580636107185     
