$hessian                                                                        
        0.5057735415  -0.0014377212   0.0283321323  -0.0988157731  -0.0022350158
        0.0593812385  -0.0201058447  -0.0052358650   0.0208439728   0.0003147385
       -0.0006308075   0.0011908551  -0.1082459992   0.0669305557  -0.0837660522
       -0.0521968830   0.0404432889   0.0146234202  -0.2252824231  -0.0973566568
       -0.0394157165   0.0070460658   0.0007279525  -0.0115789877  -0.0046101041
        0.0011548478   0.0091057267  -0.0043740780  -0.0030262248   0.0005664275
        0.0009627105   0.0010073174   0.0002206657  -0.0004659512  -0.0003416712
        0.0004963174
       -0.0014377212   0.5240451375   0.0032503519  -0.0024835689  -0.0681679608
        0.0075527740  -0.0095896009  -0.0023047201   0.0121158697  -0.0000517796
        0.0001857367  -0.0000060188   0.0667704847  -0.1131795965   0.0843389124
        0.0404662892  -0.2431029897  -0.0782609773  -0.0973837610  -0.0967453925
       -0.0209489723  -0.0064924404  -0.0009292826   0.0142990397   0.0139148827
        0.0002136306  -0.0239242812  -0.0033973271  -0.0011162557   0.0002153251
       -0.0005320111   0.0009660958   0.0011511412   0.0002165536   0.0001355973
        0.0002168356
        0.0283321323   0.0032503519   0.4758698533   0.0581099718   0.0073055494
       -0.1692898608   0.0047809751   0.0021234080   0.0005680607  -0.0005739682
        0.0001115335   0.0004570408  -0.0839259052   0.0850695137  -0.1486992939
        0.0146139683  -0.0785718884  -0.0743483589  -0.0386448042  -0.0205491438
       -0.0495512968   0.0107287361   0.0040559034  -0.0239627878   0.0084312320
       -0.0017446337  -0.0130801023  -0.0008125156  -0.0006110917   0.0011542663
       -0.0009245897  -0.0000419757   0.0007700346  -0.0001152328  -0.0003975267
        0.0001124449
       -0.0988157731  -0.0024835689   0.0581099718   0.4642821247  -0.0327014121
        0.0103257438  -0.1477077415  -0.0639701133  -0.0048837691  -0.0246253089
        0.0012885122  -0.0125010806   0.0081446445   0.0006673472  -0.0116159797
       -0.0046080337   0.0016311326   0.0079458026  -0.0168844122  -0.0036896569
        0.0235384083  -0.1128564875   0.0617634721  -0.0875269559  -0.0543310352
        0.0482399249   0.0154558986  -0.0151273184  -0.0094575247   0.0013807271
        0.0022146209  -0.0013920223  -0.0005941824   0.0003147205   0.0001039091
        0.0003654155
       -0.0022350158  -0.0681679608   0.0073055494  -0.0327014121   0.5206195844
       -0.0023488674  -0.0559196798  -0.1030457226  -0.0082736191   0.0097959143
        0.0058638700   0.0021559530  -0.0076439531  -0.0015310464   0.0151338897
        0.0143450557   0.0001902706  -0.0249023032  -0.0087091719  -0.0014394869
        0.0121355668   0.0621852852  -0.0945870027   0.0720352388   0.0493766247
       -0.2374562809  -0.0683015016  -0.0051795316  -0.0023413712   0.0000223153
       -0.0227846533  -0.0179518877  -0.0046592688  -0.0005294622  -0.0001529658
       -0.0003029529
        0.0593812385   0.0075527740  -0.1692898608   0.0103257438  -0.0023488674
        0.4879323740  -0.0100793201  -0.0129811395  -0.0619398250  -0.0172294762
       -0.0007126384  -0.0059518069   0.0097571023   0.0041763197  -0.0237389952
        0.0084717654  -0.0028005652  -0.0136491936  -0.0000956651   0.0005567972
        0.0018199454  -0.0887342310   0.0713819730  -0.1466262453   0.0155755593
       -0.0695055606  -0.0681183089   0.0217813677   0.0138870124   0.0006080974
       -0.0092932968  -0.0088404625  -0.0012083581   0.0001392122  -0.0003656428
        0.0001621770
       -0.0201058447  -0.0095896009   0.0047809751  -0.1477077415  -0.0559196798
       -0.0100793201   0.3849378306   0.0228724868  -0.0800242122  -0.0769878111
        0.0393376746  -0.0327482146   0.0004686113   0.0004345864  -0.0008303522
        0.0006384719  -0.0006939937  -0.0006563907  -0.0016516420  -0.0006040913
        0.0031639138  -0.0206468480  -0.0092752744  -0.0063481771   0.0017273418
       -0.0003261242  -0.0009266702  -0.0832044668  -0.0139399234   0.0988973121
       -0.0440987069   0.0320174761   0.0215202234   0.0066308055  -0.0043135361
        0.0032509128
       -0.0052358650  -0.0023047201   0.0021234080  -0.0639701133  -0.1030457226
       -0.0129811395   0.0228724868   0.4439624582   0.0555563312   0.0383898552
       -0.0488143161   0.0266411673   0.0000167920  -0.0000883321   0.0000621860
        0.0012714344   0.0011116424  -0.0003466739   0.0000024829   0.0005532030
        0.0005083986   0.0078370477   0.0052368602   0.0017947934  -0.0252338673
       -0.0198811693  -0.0057202533  -0.0112068523  -0.0448271705   0.0216737632
        0.0369928205  -0.2314463295  -0.0896823982  -0.0017362215  -0.0004564036
        0.0003704170
        0.0208439728   0.0121158697   0.0005680607  -0.0048837691  -0.0082736191
       -0.0619398250  -0.0800242122   0.0555563312   0.4458689616  -0.0182097699
        0.0160915221  -0.0545519328   0.0000142296   0.0002484276   0.0006079641
        0.0003739733   0.0007226981   0.0009870674   0.0037920296   0.0010648471
       -0.0040439683  -0.0172447544  -0.0083033054  -0.0038776012  -0.0090840518
       -0.0068418712  -0.0014065397   0.0949285072   0.0227100042  -0.2306772272
        0.0214628881  -0.0944275059  -0.0804619176  -0.0119690431   0.0093366014
       -0.0110730421
        0.0003147385  -0.0000517796  -0.0005739682  -0.0246253089   0.0097959143
       -0.0172294762  -0.0769878111   0.0383898552  -0.0182097699   0.1765501236
       -0.0825161310  -0.0352490233  -0.0007163968  -0.0007769278   0.0003380677
       -0.0002844592   0.0007148454   0.0000130675   0.0002836296   0.0000529138
       -0.0001621083  -0.0054826577  -0.0025555880  -0.0014199383   0.0015984043
        0.0000426975   0.0004359144   0.0040408881  -0.0014035329   0.0000303177
       -0.0102385847   0.0117380276  -0.0089833589  -0.0644525658   0.0265697056
        0.0810102757
       -0.0006308075   0.0001857367   0.0001115335   0.0012885122   0.0058638700
       -0.0007126384   0.0393376746  -0.0488143161   0.0160915221  -0.0825161310
        0.0698870239  -0.0084229858  -0.0000999865   0.0003018824  -0.0006724286
        0.0000067293  -0.0002973078  -0.0000104526  -0.0002070434  -0.0000225725
       -0.0000239718  -0.0013740596   0.0002269293  -0.0004136954  -0.0005863124
        0.0010897520  -0.0002644242   0.0026033473  -0.0025443698   0.0047572168
        0.0178164037  -0.0144641613   0.0147174379   0.0243616732  -0.0114124667
       -0.0251571136
        0.0011908551  -0.0000060188   0.0004570408  -0.0125010806   0.0021559530
       -0.0059518069  -0.0327482146   0.0266411673  -0.0545519328  -0.0352490233
       -0.0084229858   0.2489907127   0.0009268925   0.0001620977   0.0003739312
        0.0000622069   0.0000920107  -0.0002319295   0.0002475589   0.0000691178
       -0.0002050034  -0.0024891122  -0.0011718780  -0.0000170477   0.0002803207
       -0.0001919043   0.0001375322  -0.0161434234   0.0138034955  -0.0193940510
       -0.0004795539   0.0025917247  -0.0000309324   0.0969025739  -0.0357227800
       -0.1695765134
       -0.1082459992   0.0667704847  -0.0839259052   0.0081446445  -0.0076439531
        0.0097571023   0.0004686113   0.0000167920   0.0000142296  -0.0007163968
       -0.0000999865   0.0009268925   0.1250834518  -0.0771689330   0.0964890015
       -0.0038636072   0.0051161117  -0.0043454184  -0.0198965718   0.0145877841
       -0.0210632206  -0.0007045218  -0.0007924283   0.0031344612   0.0005459184
       -0.0003435803  -0.0001595938  -0.0001346943   0.0001760742  -0.0001658740
       -0.0000673796   0.0000013822  -0.0000348923  -0.0006134552  -0.0006197479
       -0.0006267827
        0.0669305557  -0.1131795965   0.0850695137   0.0006673472  -0.0015310464
        0.0041763197   0.0004345864  -0.0000883321   0.0002484276  -0.0007769278
        0.0003018824   0.0001620977  -0.0771689330   0.1267120702  -0.0994164204
        0.0187206031  -0.0208054056   0.0194960812  -0.0079005142   0.0074248260
       -0.0090931955  -0.0004616486   0.0009155444   0.0007005310  -0.0001895193
        0.0005670245  -0.0008354257   0.0000831032  -0.0000188901  -0.0001454283
        0.0001269545  -0.0002279575   0.0001348491  -0.0004656073  -0.0000701191
       -0.0004973504
       -0.0837660522   0.0843389124  -0.1486992939  -0.0116159797   0.0151338897
       -0.0237389952  -0.0008303522   0.0000621860   0.0006079641   0.0003380677
       -0.0006724286   0.0003739312   0.0964890015  -0.0994164204   0.1752367475
        0.0046303714  -0.0047497713   0.0068887952  -0.0073956161   0.0038792824
       -0.0055041224   0.0031563563   0.0009614711  -0.0060059784  -0.0006542356
        0.0002823631   0.0004788514  -0.0002205047  -0.0000863734   0.0000918597
       -0.0000969669   0.0000712707  -0.0001748973  -0.0000340893   0.0001956183
        0.0004451380
       -0.0521968830   0.0404662892   0.0146139683  -0.0046080337   0.0143450557
        0.0084717654   0.0006384719   0.0012714344   0.0003739733  -0.0002844592
        0.0000067293   0.0000622069  -0.0038636072   0.0187206031   0.0046303714
        0.0583741885  -0.0470715335  -0.0204694103   0.0032376315  -0.0272522450
       -0.0104758204   0.0003043584  -0.0001728186  -0.0005981389  -0.0013826386
        0.0001483647   0.0037011109   0.0001628416  -0.0000662828  -0.0002007187
       -0.0002825107  -0.0005070283   0.0001196348  -0.0000993595   0.0001114316
       -0.0002289426
        0.0404432889  -0.2431029897  -0.0785718884   0.0016311326   0.0001902706
       -0.0028005652  -0.0006939937   0.0011116424   0.0007226981   0.0007148454
       -0.0002973078   0.0000920107   0.0051161117  -0.0208054056  -0.0047497713
       -0.0470715335   0.2801403886   0.0926637866   0.0002484214  -0.0187261904
       -0.0070351860  -0.0002745613   0.0003910671   0.0000779348  -0.0002469262
        0.0009528616  -0.0005368400  -0.0001348601  -0.0000061924   0.0000835299
        0.0002578769   0.0001708521  -0.0000426202   0.0000101979  -0.0000189964
        0.0000969108
        0.0146234202  -0.0782609773  -0.0743483589   0.0079458026  -0.0249023032
       -0.0136491936  -0.0006563907  -0.0003466739   0.0009870674   0.0000130675
       -0.0000104526  -0.0002319295  -0.0043454184   0.0194960812   0.0068887952
       -0.0204694103   0.0926637866   0.0873625385  -0.0002846608  -0.0082804453
       -0.0022806957  -0.0001752213  -0.0006085799   0.0003167034   0.0035646183
       -0.0002545547  -0.0054279007  -0.0003502603  -0.0000298036   0.0000969224
        0.0002942970   0.0003906266   0.0001746542  -0.0001598437   0.0001432961
        0.0001113974
       -0.2252824231  -0.0973837610  -0.0386448042  -0.0168844122  -0.0087091719
       -0.0000956651  -0.0016516420   0.0000024829   0.0037920296   0.0002836296
       -0.0002070434   0.0002475589  -0.0198965718  -0.0079005142  -0.0073956161
        0.0032376315   0.0002484214  -0.0002846608   0.2605424561   0.1141829969
        0.0427293048   0.0006742855  -0.0001082969  -0.0003828199  -0.0001540331
        0.0001542235  -0.0002740574  -0.0010213528  -0.0006057323   0.0000994697
        0.0000890419   0.0002955150   0.0000767433   0.0000633903   0.0000308799
        0.0001325173
       -0.0973566568  -0.0967453925  -0.0205491438  -0.0036896569  -0.0014394869
        0.0005567972  -0.0006040913   0.0005532030   0.0010648471   0.0000529138
       -0.0000225725   0.0000691178   0.0145877841   0.0074248260   0.0038792824
       -0.0272522450  -0.0187261904  -0.0082804453   0.1141829969   0.1087143601
        0.0232096362  -0.0002213811  -0.0001697647   0.0000670873   0.0003689195
        0.0002926839  -0.0001515286  -0.0003346643  -0.0000173997   0.0001236734
        0.0001861079   0.0001825153  -0.0000114211   0.0000799732  -0.0000467816
        0.0000220973
       -0.0394157165  -0.0209489723  -0.0495512968   0.0235384083   0.0121355668
        0.0018199454   0.0031639138   0.0005083986  -0.0040439683  -0.0001621083
       -0.0000239718  -0.0002050034  -0.0210632206  -0.0090931955  -0.0055041224
       -0.0104758204  -0.0070351860  -0.0022806957   0.0427293048   0.0232096362
        0.0587996870   0.0004726380   0.0002657899   0.0006637435   0.0000316770
        0.0001971139   0.0004561292   0.0012715118   0.0008347475  -0.0001522915
       -0.0000234162  -0.0000536204  -0.0001800428  -0.0000671719   0.0000036931
        0.0001779157
        0.0070460658  -0.0064924404   0.0107287361  -0.1128564875   0.0621852852
       -0.0887342310  -0.0206468480   0.0078370477  -0.0172447544  -0.0054826577
       -0.0013740596  -0.0024891122  -0.0007045218  -0.0004616486   0.0031563563
        0.0003043584  -0.0002745613  -0.0001752213   0.0006742855  -0.0002213811
        0.0004726380   0.1360862330  -0.0688927687   0.1000126012  -0.0048273758
        0.0068898959  -0.0057430589  -0.0000319350   0.0006051384  -0.0002792368
        0.0003936233   0.0001493213  -0.0000537248   0.0000452598   0.0000501713
        0.0003490078
        0.0007279525  -0.0009292826   0.0040559034   0.0617634721  -0.0945870027
        0.0713819730  -0.0092752744   0.0052368602  -0.0083033054  -0.0025555880
        0.0002269293  -0.0011718780  -0.0007924283   0.0009155444   0.0009614711
       -0.0001728186   0.0003910671  -0.0006085799  -0.0001082969  -0.0001697647
        0.0002657899  -0.0688927687   0.1069969049  -0.0854387125   0.0193181653
       -0.0187066974   0.0194471749   0.0001217735   0.0004886544  -0.0003832489
       -0.0001507926   0.0001072751  -0.0001753662   0.0000166042   0.0000295121
       -0.0000312214
       -0.0115789877   0.0142990397  -0.0239627878  -0.0875269559   0.0720352388
       -0.1466262453  -0.0063481771   0.0017947934  -0.0038776012  -0.0014199383
       -0.0004136954  -0.0000170477   0.0031344612   0.0007005310  -0.0060059784
       -0.0005981389   0.0000779348   0.0003167034  -0.0003828199   0.0000670873
        0.0006637435   0.1000126012  -0.0854387125   0.1730191037   0.0038468692
       -0.0031487500   0.0058836950   0.0005827733   0.0000898698   0.0006084669
        0.0000707938  -0.0001043280  -0.0001516033   0.0002075191   0.0000409912
        0.0001495510
       -0.0046101041   0.0139148827   0.0084312320  -0.0543310352   0.0493766247
        0.0155755593   0.0017273418  -0.0252338673  -0.0090840518   0.0015984043
       -0.0005863124   0.0002803207   0.0005459184  -0.0001895193  -0.0006542356
       -0.0013826386  -0.0002469262   0.0035646183  -0.0001540331   0.0003689195
        0.0000316770  -0.0048273758   0.0193181653   0.0038468692   0.0653367272
       -0.0527305600  -0.0210011713   0.0004752001  -0.0001940878  -0.0002550683
       -0.0041011426  -0.0039243239  -0.0008672410  -0.0002772624   0.0001270049
        0.0001314916
        0.0011548478   0.0002136306  -0.0017446337   0.0482399249  -0.2374562809
       -0.0695055606  -0.0003261242  -0.0198811693  -0.0068418712   0.0000426975
        0.0010897520  -0.0001919043  -0.0003435803   0.0005670245   0.0002823631
        0.0001483647   0.0009528616  -0.0002545547   0.0001542235   0.0002926839
        0.0001971139   0.0068898959  -0.0187066974  -0.0031487500  -0.0527305600
        0.2751664376   0.0811419537   0.0002813663  -0.0000827791   0.0001010468
       -0.0035420432  -0.0021122225  -0.0002148939   0.0000309869  -0.0000432411
        0.0001796910
        0.0091057267  -0.0239242812  -0.0130801023   0.0154558986  -0.0683015016
       -0.0681183089  -0.0009266702  -0.0057202533  -0.0014065397   0.0004359144
       -0.0002644242   0.0001375322  -0.0001595938  -0.0008354257   0.0004788514
        0.0037011109  -0.0005368400  -0.0054279007  -0.0002740574  -0.0001515286
        0.0004561292  -0.0057430589   0.0194471749   0.0058836950  -0.0210011713
        0.0811419537   0.0805452910   0.0001452592   0.0004439817   0.0001690403
       -0.0007474292  -0.0012491995   0.0005345649   0.0000080709  -0.0000496563
       -0.0001722525
       -0.0043740780  -0.0033973271  -0.0008125156  -0.0151273184  -0.0051795316
        0.0217813677  -0.0832044668  -0.0112068523   0.0949285072   0.0040408881
        0.0026033473  -0.0161434234  -0.0001346943   0.0000831032  -0.0002205047
        0.0001628416  -0.0001348601  -0.0003502603  -0.0010213528  -0.0003346643
        0.0012715118  -0.0000319350   0.0001217735   0.0005827733   0.0004752001
        0.0002813663   0.0001452592   0.1036002994   0.0144539818  -0.1058019486
       -0.0023868108   0.0003768569   0.0074579395  -0.0019985731   0.0023328064
       -0.0028387061
       -0.0030262248  -0.0011162557  -0.0006110917  -0.0094575247  -0.0023413712
        0.0138870124  -0.0139399234  -0.0448271705   0.0227100042  -0.0014035329
       -0.0025443698   0.0138034955   0.0001760742  -0.0000188901  -0.0000863734
       -0.0000662828  -0.0000061924  -0.0000298036  -0.0006057323  -0.0000173997
        0.0008347475   0.0006051384   0.0004886544   0.0000898698  -0.0001940878
       -0.0000827791   0.0004439817   0.0144539818   0.0500510280  -0.0271911745
        0.0118268428   0.0015474313  -0.0257901711   0.0016312715  -0.0011326851
        0.0019395031
        0.0005664275   0.0002153251   0.0011542663   0.0013807271   0.0000223153
        0.0006080974   0.0988973121   0.0216737632  -0.2306772272   0.0000303177
        0.0047572168  -0.0193940510  -0.0001658740  -0.0001454283   0.0000918597
       -0.0002007187   0.0000835299   0.0000969224   0.0000994697   0.0001236734
       -0.0001522915  -0.0002792368  -0.0003832489   0.0006084669  -0.0002550683
        0.0001010468   0.0001690403  -0.1058019486  -0.0271911745   0.2641995697
        0.0082540757  -0.0017413829  -0.0149393461  -0.0025254834   0.0024843640
       -0.0017653072
        0.0009627105  -0.0005320111  -0.0009245897   0.0022146209  -0.0227846533
       -0.0092932968  -0.0440987069   0.0369928205   0.0214628881  -0.0102385847
        0.0178164037  -0.0004795539  -0.0000673796   0.0001269545  -0.0000969669
       -0.0002825107   0.0002578769   0.0002942970   0.0000890419   0.0001861079
       -0.0000234162   0.0003936233  -0.0001507926   0.0000707938  -0.0041011426
       -0.0035420432  -0.0007474292  -0.0023868108   0.0118268428   0.0082540757
        0.0567828344  -0.0392948618  -0.0187251000   0.0007323043  -0.0009026442
        0.0002082980
        0.0010073174   0.0009660958  -0.0000419757  -0.0013920223  -0.0179518877
       -0.0088404625   0.0320174761  -0.2314463295  -0.0944275059   0.0117380276
       -0.0144641613   0.0025917247   0.0000013822  -0.0002279575   0.0000712707
       -0.0005070283   0.0001708521   0.0003906266   0.0002955150   0.0001825153
       -0.0000536204   0.0001493213   0.0001072751  -0.0001043280  -0.0039243239
       -0.0021122225  -0.0012491995   0.0003768569   0.0015474313  -0.0017413829
       -0.0392948618   0.2621119823   0.1037339778  -0.0004676602   0.0011164066
       -0.0003291249
        0.0002206657   0.0011511412   0.0007700346  -0.0005941824  -0.0046592688
       -0.0012083581   0.0215202234  -0.0896823982  -0.0804619176  -0.0089833589
        0.0147174379  -0.0000309324  -0.0000348923   0.0001348491  -0.0001748973
        0.0001196348  -0.0000426202   0.0001746542   0.0000767433  -0.0000114211
       -0.0001800428  -0.0000537248  -0.0001753662  -0.0001516033  -0.0008672410
       -0.0002148939   0.0005345649   0.0074579395  -0.0257901711  -0.0149393461
       -0.0187251000   0.1037339778   0.0952901684  -0.0001367072   0.0008387335
        0.0003776755
       -0.0004659512   0.0002165536  -0.0001152328   0.0003147205  -0.0005294622
        0.0001392122   0.0066308055  -0.0017362215  -0.0119690431  -0.0644525658
        0.0243616732   0.0969025739  -0.0006134552  -0.0004656073  -0.0000340893
       -0.0000993595   0.0000101979  -0.0001598437   0.0000633903   0.0000799732
       -0.0000671719   0.0000452598   0.0000166042   0.0002075191  -0.0002772624
        0.0000309869   0.0000080709  -0.0019985731   0.0016312715  -0.0025254834
        0.0007323043  -0.0004676602  -0.0001367072   0.0601206868  -0.0231483093
       -0.0822498048
       -0.0003416712   0.0001355973  -0.0003975267   0.0001039091  -0.0001529658
       -0.0003656428  -0.0043135361  -0.0004564036   0.0093366014   0.0265697056
       -0.0114124667  -0.0357227800  -0.0006197479  -0.0000701191   0.0001956183
        0.0001114316  -0.0000189964   0.0001432961   0.0000308799  -0.0000467816
        0.0000036931   0.0000501713   0.0000295121   0.0000409912   0.0001270049
       -0.0000432411  -0.0000496563   0.0023328064  -0.0011326851   0.0024843640
       -0.0009026442   0.0011164066   0.0008387335  -0.0231483093   0.0120521434
        0.0234923081
        0.0004963174   0.0002168356   0.0001124449   0.0003654155  -0.0003029529
        0.0001621770   0.0032509128   0.0003704170  -0.0110730421   0.0810102757
       -0.0251571136  -0.1695765134  -0.0006267827  -0.0004973504   0.0004451380
       -0.0002289426   0.0000969108   0.0001113974   0.0001325173   0.0000220973
        0.0001779157   0.0003490078  -0.0000312214   0.0001495510   0.0001314916
        0.0001796910  -0.0001722525  -0.0028387061   0.0019395031  -0.0017653072
        0.0002082980  -0.0003291249   0.0003776755  -0.0822498048   0.0234923081
        0.1810508156
