           1           2  0.976365638435252     
           2           3  0.954309388945739     
           2           4  0.967983417914301     
           4           5  0.956916827182706     
           4           6  0.969107404373629     
           6           7  0.956236813859162     
           6           8  0.970860776647282     
           8           9  0.956718901804327     
           8          10  0.952068184803558     
          10          11  0.942394070694617     
           2          12  0.961587513831801     
          10          12  0.959506994558237     
          10          13   1.01898601099270     
           8          14   1.00189187914990     
           6          15  0.999522468445346     
           4          16   1.00481856356518     
           1          17   1.01162064903253     
           1          18  0.968264226577092     
           1          19  0.964152760358081     
          13          20  0.823542595673429     
          14          21  0.844950703909026     
          15          22  0.844923159142303     
          16          23  0.840930237867483     
          17          24  0.853342657268438     
