           1           2   1.01038396657612     
           2           3   1.01095096020883     
           2           4  0.977251731368273     
           4           5   1.01037354623609     
           4           6   1.01095394904612     
           1           7  0.986890052206102     
           1           8  0.986066281093042     
           1           9  0.986878181099901     
           2          10  0.969508743715244     
           3          11  0.985245252287953     
           3          12  0.984944154633011     
           3          13  0.985621906541452     
           4          14  0.969509363558438     
           5          15  0.986894105412237     
           5          16  0.986072146674253     
           5          17  0.986877529713641     
           6          18  0.984930945441175     
           6          19  0.985254176842535     
           6          20  0.985626683138814     
