           1           2   1.01094256778316     
           2           3  0.969154224527328     
           2           4  0.997810511182853     
           4           5   1.00678117419077     
           5           6  0.958323141536396     
           6           7  0.941030459473295     
           6           8  0.989253039179060     
           8           9   1.80529771020000     
           2          10  0.976772715373483     
           8          10   1.00125631052592     
           6          11  0.985120806541704     
          11          12   1.00811662441639     
          11          13   1.00867653899026     
           1          14  0.984617342863966     
           1          15  0.981630898159479     
           1          16  0.985896483028071     
           4          17  0.975138059860983     
           4          18  0.977257834109799     
           5          19  0.977045408715904     
           5          20  0.975330588943243     
          10          21  0.937049337858116     
          10          22  0.972496822499783     
          11          23  0.967972675770944     
          12          24  0.985569927611168     
          12          25  0.985901680717910     
          12          26  0.986448911082671     
          13          27  0.986161179777135     
          13          28  0.985397082457239     
          13          29  0.984341015811686     
