$hessian                                                                        
        0.5174331473  -0.0194270507   0.0210306427  -0.0791070053  -0.0263017525
        0.0405479865  -0.0160100262  -0.0161082750   0.0188367750  -0.0035451142
       -0.0025957190  -0.0033719123  -0.0012159268  -0.0016062683   0.0001471828
        0.0009986829   0.0000478249  -0.0009606711  -0.2541319477  -0.0606379205
       -0.0612305618  -0.1253412186   0.1150383933  -0.0139233752  -0.0449779402
        0.0047412234   0.0051605868   0.0059021511   0.0086094916  -0.0101145303
        0.0001401708  -0.0016581232   0.0039057557  -0.0000330677  -0.0000207559
       -0.0000091927   0.0001463882  -0.0000167101   0.0000273469  -0.0002582936
       -0.0000643581  -0.0000460331
       -0.0194270507   0.4967097669   0.0316564639  -0.0223572271  -0.1085090134
        0.0601079208  -0.0146309867  -0.0093895943   0.0041162760  -0.0011964366
        0.0016441156  -0.0009750946   0.0018526136  -0.0016196803   0.0009738956
       -0.0000529200  -0.0000908349  -0.0005001491  -0.0609947015  -0.0605703805
       -0.0193772724   0.1160822303  -0.2040918483   0.0164673551   0.0045888833
       -0.1036735398  -0.1047521197  -0.0081000661  -0.0177676563   0.0192349773
        0.0041171240   0.0072989987  -0.0069788482   0.0000917173  -0.0000250918
        0.0000286629   0.0000749986   0.0000439364  -0.0000316856  -0.0000481784
        0.0000408219   0.0000296179
        0.0210306427   0.0316564639   0.4842945033   0.0314041129   0.0553697031
       -0.1304451597   0.0073868226   0.0010593428   0.0056428481  -0.0018526232
       -0.0029757790  -0.0020026117  -0.0013182536   0.0013443243   0.0003182529
        0.0001222415   0.0001051483  -0.0001977970  -0.0606470437  -0.0193317880
       -0.0590176318  -0.0146901428   0.0173126624  -0.0455204917   0.0054694552
       -0.1056231279  -0.2247486804   0.0015074150   0.0057746208  -0.0040303689
        0.0116179510   0.0153996976  -0.0243307836   0.0000044526  -0.0000639897
        0.0000346053  -0.0000570820  -0.0000252512   0.0000061948   0.0000220519
       -0.0000020275  -0.0000028796
       -0.0791070053  -0.0223572271   0.0314041129   0.4676829537  -0.0486078509
        0.0087255638  -0.1590706743  -0.0363295227  -0.0255180627  -0.0142480268
       -0.0158284131  -0.0085618226  -0.0457608543   0.0101716883  -0.0106887149
        0.0004265933   0.0032069536  -0.0006894644  -0.0139043043  -0.0191936016
        0.0209436008   0.0059142870   0.0087307248  -0.0110767442  -0.0010892625
       -0.0013104254   0.0041563859  -0.1189590195   0.1123096025  -0.0142831525
       -0.0406201744   0.0096114161   0.0061155285   0.0005261479  -0.0000375999
       -0.0000282785  -0.0008271985  -0.0002307282  -0.0003320856  -0.0009634620
       -0.0001350163  -0.0001668664
       -0.0263017525  -0.1085090134   0.0553697031  -0.0486078509   0.5250429614
        0.0253424650  -0.0154385675  -0.0666562429  -0.0050057386  -0.0434207991
       -0.0311681185  -0.0136074364   0.0220250550   0.0078128326   0.0059194562
        0.0038870191  -0.0030802535  -0.0000704832  -0.0061754444  -0.0072082744
        0.0078096277  -0.0082651926  -0.0192964650   0.0200599257   0.0042108490
        0.0080929648  -0.0070653950   0.1089617790  -0.2029585403   0.0167244712
        0.0078926785  -0.1017562234  -0.1056511644   0.0000156206  -0.0003767128
       -0.0000249656   0.0010513011   0.0001500827   0.0003598282   0.0001653047
       -0.0000889973  -0.0001602938
        0.0405479865   0.0601079208  -0.1304451597   0.0087255638   0.0253424650
        0.4692177417  -0.0292962387  -0.0104494355  -0.0776491355  -0.0111757309
       -0.0079865754   0.0165046032  -0.0077767926   0.0016969493   0.0021192442
       -0.0020527283  -0.0000779656   0.0054416677   0.0001086542  -0.0005915875
        0.0024671966   0.0011877990   0.0061245168  -0.0046891808   0.0116835966
        0.0158451656  -0.0235065651  -0.0147868322   0.0177096316  -0.0459920452
        0.0030578878  -0.1078237723  -0.2134998783  -0.0003772796   0.0001788513
       -0.0001172323  -0.0009740736  -0.0002530662  -0.0001223192   0.0011281881
        0.0001769021   0.0002710627
       -0.0160100262  -0.0146309867   0.0073868226  -0.1590706743  -0.0154385675
       -0.0292962387   0.5135938357   0.1209179734   0.0808831893  -0.1327215993
       -0.1802609890  -0.0303772751  -0.1396569541   0.0671561961  -0.0147085793
       -0.0409206508   0.0244943774  -0.0054497563   0.0004286634   0.0001149710
        0.0002792996   0.0009572543   0.0012363245  -0.0002126160   0.0003475366
       -0.0001076043  -0.0006014933  -0.0204185442  -0.0013267963  -0.0052228215
        0.0004895117  -0.0046826946  -0.0011081315   0.0001287461   0.0015913594
       -0.0003382992  -0.0062146317   0.0000268059  -0.0020579992  -0.0009324670
        0.0009096308   0.0008238986
       -0.0161082750  -0.0093895943   0.0010593428  -0.0363295227  -0.0666562429
       -0.0104494355   0.1209179734   0.8140320381   0.0795833064  -0.1623106783
       -0.5605429531  -0.0795531870   0.0771805427  -0.1823956752   0.0085499943
        0.0180257055   0.0098854854   0.0018840404  -0.0010931137  -0.0012330783
        0.0021019636  -0.0007775789  -0.0015653973   0.0001153088   0.0002372032
        0.0008535673  -0.0007480794   0.0235720559   0.0043187512   0.0060268629
       -0.0142680978  -0.0059425054  -0.0078644196  -0.0031570412   0.0006985623
        0.0014343755  -0.0028410148  -0.0021801756  -0.0002374326  -0.0030481585
        0.0001172179  -0.0019026404
        0.0188367750   0.0041162760   0.0056428481  -0.0255180627  -0.0050057386
       -0.0776491355   0.0808831893   0.0795833064   0.2188371203  -0.0285502085
       -0.0826692568  -0.0777186110  -0.0130258710   0.0041094850  -0.0547218753
       -0.0068821173   0.0061389875  -0.0019807574   0.0027891937   0.0038147653
       -0.0037216367   0.0000744566   0.0000415910   0.0008738816   0.0016255509
        0.0003740912  -0.0004521556  -0.0037045792  -0.0003907726  -0.0004816187
       -0.0250264770  -0.0100228486  -0.0092810424   0.0001282610   0.0000118843
        0.0017511883   0.0012797262  -0.0007853923  -0.0001919367  -0.0029098371
        0.0006836222  -0.0009062690
       -0.0035451142  -0.0011964366  -0.0018526232  -0.0142480268  -0.0434207991
       -0.0111757309  -0.1327215993  -0.1623106783  -0.0285502085   0.1407142227
        0.1739337402   0.0399254917   0.0097191960   0.0293583731  -0.0011958956
        0.0006870137   0.0055135913   0.0023808286  -0.0008479312  -0.0009398752
        0.0012224834  -0.0000329877  -0.0000404602  -0.0001747237   0.0001909647
        0.0004803168  -0.0000765785   0.0031607665  -0.0002530682   0.0009756658
       -0.0056674063  -0.0025665779  -0.0019661823   0.0003483158   0.0007985843
        0.0000907109   0.0012209188   0.0010306309  -0.0000818029   0.0010216674
       -0.0003873412   0.0004785653
       -0.0025957190   0.0016441156  -0.0029757790  -0.0158284131  -0.0311681185
       -0.0079865754  -0.1802609890  -0.5605429531  -0.0826692568   0.1739337402
        0.7076331807   0.0993582478   0.0278400299  -0.1201569208  -0.0080536999
       -0.0016256896   0.0007849534   0.0014746646  -0.0011308851  -0.0011949224
        0.0013539322   0.0004483328   0.0003130090  -0.0002850091   0.0001103044
        0.0001585787   0.0006213514   0.0013349403   0.0012359560   0.0005671378
       -0.0036693820  -0.0007445297  -0.0009538852   0.0011898177   0.0004424352
       -0.0010448859  -0.0003818085   0.0011593953   0.0003756960   0.0006357210
        0.0004358207   0.0002180616
       -0.0033719123  -0.0009750946  -0.0020026117  -0.0085618226  -0.0136074364
        0.0165046032  -0.0303772751  -0.0795531870  -0.0777186110   0.0399254917
        0.0993582478   0.0421554454  -0.0004328855  -0.0063037416   0.0243899946
        0.0011769711   0.0013732616  -0.0022333677  -0.0005624342  -0.0010297695
        0.0011755562  -0.0000007600   0.0000798829  -0.0001207053  -0.0003833240
       -0.0001131422  -0.0001131299   0.0011571088   0.0001608153  -0.0005635076
        0.0009350066   0.0007530423  -0.0000600786   0.0002208203   0.0002283617
       -0.0014899430   0.0004203150   0.0006317419   0.0000771001  -0.0001452998
       -0.0010029823  -0.0000007447
       -0.0012159268   0.0018526136  -0.0013182536  -0.0457608543   0.0220250550
       -0.0077767926  -0.1396569541   0.0771805427  -0.0130258710   0.0097191960
        0.0278400299  -0.0004328855   0.4315259432  -0.0640321334   0.0803439700
       -0.1672623585  -0.0462803859  -0.0318449285  -0.0005400829  -0.0003843790
        0.0003915423  -0.0003328304  -0.0007021937   0.0001240576  -0.0000236435
        0.0004314492   0.0004928320  -0.0081777723  -0.0010479734  -0.0025372560
       -0.0005184567   0.0012752688  -0.0007137578  -0.0268804396  -0.0137507394
       -0.0043814232  -0.0311188455  -0.0008600681  -0.0037914819  -0.0197569745
       -0.0035470865  -0.0155297518
       -0.0016062683  -0.0016196803   0.0013443243   0.0101716883   0.0078128326
        0.0016969493   0.0671561961  -0.1823956752   0.0041094850   0.0293583731
       -0.1201569208  -0.0063037416  -0.0640321334   0.3817906441   0.0109876525
       -0.0323993742  -0.0836019734  -0.0091077176   0.0000841679   0.0003349450
       -0.0004680790  -0.0003004449   0.0007524849  -0.0001342110   0.0002250165
       -0.0001413885  -0.0003784707  -0.0010076841   0.0001575097   0.0000652450
        0.0002369625  -0.0006472345   0.0009135679  -0.0326340681  -0.0087394623
       -0.0084494699   0.0220091186   0.0043754151   0.0055731378   0.0027384501
        0.0020785035   0.0001513280
        0.0001471828   0.0009738956   0.0003182529  -0.0106887149   0.0059194562
        0.0021192442  -0.0147085793   0.0085499943  -0.0547218753  -0.0011958956
       -0.0080536999   0.0243899946   0.0803439700   0.0109876525   0.0879654380
       -0.0309817791  -0.0142059687  -0.0623478281   0.0001969201  -0.0003195500
        0.0002745813   0.0001794581  -0.0006607529  -0.0002775067  -0.0003209273
        0.0001376559   0.0003971429  -0.0022733690  -0.0002659352   0.0004131643
        0.0009724944   0.0001586161   0.0007082304   0.0042061455  -0.0014135937
        0.0031641249   0.0097820420   0.0029436768   0.0056397833  -0.0356589478
       -0.0047514469  -0.0080427467
        0.0009986829  -0.0000529200   0.0001222415   0.0004265933   0.0038870191
       -0.0020527283  -0.0409206508   0.0180257055  -0.0068821173   0.0006870137
       -0.0016256896   0.0011769711  -0.1672623585  -0.0323993742  -0.0309817791
        0.3998522488  -0.0309218718  -0.0283020923   0.0002233324   0.0000563044
        0.0001560043  -0.0004083022  -0.0000368249  -0.0000179170  -0.0002454831
       -0.0000813469  -0.0001345474  -0.0012229563  -0.0008080703  -0.0004164813
       -0.0005447674   0.0000832815   0.0002781673  -0.0511590455  -0.0521306301
        0.0167187621  -0.1018956082   0.0912780043   0.0673758030  -0.0385286990
        0.0047264131  -0.0170402865
        0.0000478249  -0.0000908349   0.0001051483   0.0032069536  -0.0030802535
       -0.0000779656   0.0244943774   0.0098854854   0.0061389875   0.0055135913
        0.0007849534   0.0013732616  -0.0462803859  -0.0836019734  -0.0142059687
       -0.0309218718   0.5264884777   0.0032280327   0.0000221901   0.0001420512
       -0.0000461875  -0.0001468405   0.0001607900  -0.0000711055  -0.0000582847
       -0.0000364317  -0.0000053378   0.0012666032   0.0001828347   0.0003424675
       -0.0001081327   0.0000088895   0.0001660523  -0.0471742847  -0.2457747972
        0.0610660869   0.0865176960  -0.1592187317  -0.0864319219   0.0036205637
       -0.0458504596   0.0284184501
       -0.0009606711  -0.0005001491  -0.0001977970  -0.0006894644  -0.0000704832
        0.0054416677  -0.0054497563   0.0018840404  -0.0019807574   0.0023808286
        0.0014746646  -0.0022333677  -0.0318449285  -0.0091077176  -0.0623478281
       -0.0283020923   0.0032280327   0.5000175039  -0.0001345930  -0.0002113931
        0.0002021146   0.0000014976   0.0002176993   0.0000219372   0.0000650578
       -0.0000720238  -0.0002157841  -0.0001785465  -0.0001207857   0.0003627587
        0.0004862647   0.0003473957   0.0002782925   0.0146433770   0.0599250793
       -0.0614445745   0.0635262839  -0.0851648848  -0.1049959558  -0.0135432575
        0.0281705255  -0.2729082101
       -0.2541319477  -0.0609947015  -0.0606470437  -0.0139043043  -0.0061754444
        0.0001086542   0.0004286634  -0.0010931137   0.0027891937  -0.0008479312
       -0.0011308851  -0.0005624342  -0.0005400829   0.0000841679   0.0001969201
        0.0002233324   0.0000221901  -0.0001345930   0.2919492851   0.0725922966
        0.0684875857  -0.0222053702  -0.0025138611  -0.0071397360  -0.0016181065
       -0.0011983635  -0.0025676606   0.0005222213   0.0001503982  -0.0003400719
        0.0000849989   0.0003273656  -0.0002032152   0.0000241360  -0.0000513728
        0.0000076963   0.0000159109  -0.0000067448   0.0000074880  -0.0000008053
       -0.0000119314  -0.0000027835
       -0.0606379205  -0.0605703805  -0.0193317880  -0.0191936016  -0.0072082744
       -0.0005915875   0.0001149710  -0.0012330783   0.0038147653  -0.0009398752
       -0.0011949224  -0.0010297695  -0.0003843790   0.0003349450  -0.0003195500
        0.0000563044   0.0001420512  -0.0002113931   0.0725922966   0.0688238916
        0.0190274560   0.0248442483   0.0056699420   0.0071538314  -0.0164897610
       -0.0053070821  -0.0077681830  -0.0005120609   0.0000100173  -0.0003615815
        0.0005038666   0.0005286807  -0.0003753930   0.0000706235   0.0000149697
        0.0000067413   0.0000292817   0.0000191519   0.0000248774  -0.0000539938
       -0.0000299118  -0.0000384257
       -0.0612305618  -0.0193772724  -0.0590176318   0.0209436008   0.0078096277
        0.0024671966   0.0002792996   0.0021019636  -0.0037216367   0.0012224834
        0.0013539322   0.0011755562   0.0003915423  -0.0004680790   0.0002745813
        0.0001560043  -0.0000461875   0.0002021146   0.0684875857   0.0190274560
        0.0686513024  -0.0036141486  -0.0007242077  -0.0003900814  -0.0272098447
       -0.0095261061  -0.0106817727   0.0001225979  -0.0002652940   0.0004055197
        0.0004739975   0.0000915985   0.0005940655  -0.0000486222   0.0000072119
        0.0000006106  -0.0000306010   0.0000139143   0.0000056607   0.0000566669
        0.0000014425   0.0000345149
       -0.1253412186   0.1160822303  -0.0146901428   0.0059142870  -0.0082651926
        0.0011877990   0.0009572543  -0.0007775789   0.0000744566  -0.0000329877
        0.0004483328  -0.0000007600  -0.0003328304  -0.0003004449   0.0001794581
       -0.0004083022  -0.0001468405   0.0000014976  -0.0222053702   0.0248442483
       -0.0036141486   0.1421621541  -0.1323914545   0.0149682825  -0.0009585152
        0.0023791788   0.0006243801  -0.0000245237  -0.0018858383   0.0015338053
        0.0003003216   0.0000254437  -0.0002751057   0.0000554215   0.0000494795
       -0.0000042626  -0.0000318272   0.0000010045   0.0000458891  -0.0000538632
       -0.0000625682  -0.0000311485
        0.1150383933  -0.2040918483   0.0173126624   0.0087307248  -0.0192964650
        0.0061245168   0.0012363245  -0.0015653973   0.0000415910  -0.0000404602
        0.0003130090   0.0000798829  -0.0007021937   0.0007524849  -0.0006607529
       -0.0000368249   0.0001607900   0.0002176993  -0.0025138611   0.0056699420
       -0.0007242077  -0.1323914545   0.2363958152  -0.0234702030   0.0120611176
       -0.0169127641  -0.0019681179  -0.0017065829  -0.0022541939   0.0035450951
        0.0001315259   0.0007857818  -0.0005124473   0.0001061396   0.0000542908
        0.0000134550   0.0000556817   0.0000032270  -0.0000008216   0.0000314700
       -0.0000146721   0.0000016478
       -0.0139233752   0.0164673551  -0.0455204917  -0.0110767442   0.0200599257
       -0.0046891808  -0.0002126160   0.0001153088   0.0008738816  -0.0001747237
       -0.0002850091  -0.0001207053   0.0001240576  -0.0001342110  -0.0002775067
       -0.0000179170  -0.0000711055   0.0000219372  -0.0071397360   0.0071538314
       -0.0003900814   0.0149682825  -0.0234702030   0.0523119550   0.0164606041
       -0.0240096688   0.0005952085   0.0017939162   0.0036803086  -0.0030198888
       -0.0006117621   0.0005808757   0.0003284459  -0.0000541405  -0.0000234608
       -0.0000232373   0.0000210872   0.0000037183  -0.0000333350  -0.0001569329
       -0.0000676655  -0.0000570013
       -0.0449779402   0.0045888833   0.0054694552  -0.0010892625   0.0042108490
        0.0116835966   0.0003475366   0.0002372032   0.0016255509   0.0001909647
        0.0001103044  -0.0003833240  -0.0000236435   0.0002250165  -0.0003209273
       -0.0002454831  -0.0000582847   0.0000650578  -0.0016181065  -0.0164897610
       -0.0272098447  -0.0009585152   0.0120611176   0.0164606041   0.0485316698
       -0.0035741692  -0.0089803940   0.0002213877   0.0001666562  -0.0006425891
       -0.0003287367  -0.0014890359   0.0022346345  -0.0000087271   0.0000008555
        0.0000234630   0.0000346977  -0.0000216758  -0.0000201643  -0.0000758415
        0.0000320410  -0.0000051186
        0.0047412234  -0.1036735398  -0.1056231279  -0.0013104254   0.0080929648
        0.0158451656  -0.0001076043   0.0008535673   0.0003740912   0.0004803168
        0.0001585787  -0.0001131422   0.0004314492  -0.0001413885   0.0001376559
       -0.0000813469  -0.0000364317  -0.0000720238  -0.0011983635  -0.0053070821
       -0.0095261061   0.0023791788  -0.0169127641  -0.0240096688  -0.0035741692
        0.1174156459   0.1191897225  -0.0000520450   0.0007245816   0.0004333641
       -0.0017334084  -0.0011863803   0.0033342161  -0.0000221821   0.0000118432
        0.0000221666  -0.0000042875   0.0000023707  -0.0000007194   0.0000516641
       -0.0000019658   0.0000084061
        0.0051605868  -0.1047521197  -0.2247486804   0.0041563859  -0.0070653950
       -0.0235065651  -0.0006014933  -0.0007480794  -0.0004521556  -0.0000765785
        0.0006213514  -0.0001131299   0.0004928320  -0.0003784707   0.0003971429
       -0.0001345474  -0.0000053378  -0.0002157841  -0.0025676606  -0.0077681830
       -0.0106817727   0.0006243801  -0.0019681179   0.0005952085  -0.0089803940
        0.1191897225   0.2621851840  -0.0002823239  -0.0004723561   0.0003315404
        0.0022886934   0.0033535071  -0.0037888868  -0.0000135991  -0.0000054359
       -0.0000332286  -0.0000131435   0.0000312484   0.0000029247  -0.0000531379
       -0.0000323338   0.0000282027
        0.0059021511  -0.0081000661   0.0015074150  -0.1189590195   0.1089617790
       -0.0147868322  -0.0204185442   0.0235720559  -0.0037045792   0.0031607665
        0.0013349403   0.0011571088  -0.0081777723  -0.0010076841  -0.0022733690
       -0.0012229563   0.0012666032  -0.0001785465   0.0005222213  -0.0005120609
        0.0001225979  -0.0000245237  -0.0017065829   0.0017939162   0.0002213877
       -0.0000520450  -0.0002823239   0.1400321900  -0.1269710467   0.0160218463
       -0.0006920164   0.0031999152   0.0007184884   0.0001032016   0.0000818079
        0.0000147790  -0.0003340665  -0.0000753752  -0.0001260277  -0.0001130192
        0.0000077594   0.0000155269
        0.0086094916  -0.0177676563   0.0057746208   0.1123096025  -0.2029585403
        0.0177096316  -0.0013267963   0.0043187512  -0.0003907726  -0.0002530682
        0.0012359560   0.0001608153  -0.0010479734   0.0001575097  -0.0002659352
       -0.0008080703   0.0001828347  -0.0001207857   0.0001503982   0.0000100173
       -0.0002652940  -0.0018858383  -0.0022541939   0.0036803086   0.0001666562
        0.0007245816  -0.0004723561  -0.1269710467   0.2322603439  -0.0244053295
        0.0111634045  -0.0159659059  -0.0014020695   0.0000275512   0.0000612630
       -0.0000177060  -0.0001109777   0.0000119732   0.0000075459  -0.0000233332
       -0.0000169343   0.0000073265
       -0.0101145303   0.0192349773  -0.0040303689  -0.0142831525   0.0167244712
       -0.0459920452  -0.0052228215   0.0060268629  -0.0004816187   0.0009756658
        0.0005671378  -0.0005635076  -0.0025372560   0.0000652450   0.0004131643
       -0.0004164813   0.0003424675   0.0003627587  -0.0003400719  -0.0003615815
        0.0004055197   0.0015338053   0.0035450951  -0.0030198888  -0.0006425891
        0.0004333641   0.0003315404   0.0160218463  -0.0244053295   0.0516284354
        0.0150347558  -0.0222143042   0.0009063211   0.0000630175   0.0000212046
        0.0000145444  -0.0001575759  -0.0000228491  -0.0000281570   0.0000853879
        0.0000432388   0.0000533022
        0.0001401708   0.0041171240   0.0116179510  -0.0406201744   0.0078926785
        0.0030578878   0.0004895117  -0.0142680978  -0.0250264770  -0.0056674063
       -0.0036693820   0.0009350066  -0.0005184567   0.0002369625   0.0009724944
       -0.0005447674  -0.0001081327   0.0004862647   0.0000849989   0.0005038666
        0.0004739975   0.0003003216   0.0001315259  -0.0006117621  -0.0003287367
       -0.0017334084   0.0022886934  -0.0006920164   0.0111634045   0.0150347558
        0.0472686249  -0.0042768992  -0.0092781452   0.0000387164   0.0000386265
       -0.0000386281  -0.0001117473  -0.0000098591   0.0000016204   0.0001609607
       -0.0000184092   0.0000863408
       -0.0016581232   0.0072989987   0.0153996976   0.0096114161  -0.1017562234
       -0.1078237723  -0.0046826946  -0.0059425054  -0.0100228486  -0.0025665779
       -0.0007445297   0.0007530423   0.0012752688  -0.0006472345   0.0001586161
        0.0000832815   0.0000088895   0.0003473957   0.0003273656   0.0005286807
        0.0000915985   0.0000254437   0.0007857818   0.0005808757  -0.0014890359
       -0.0011863803   0.0033535071   0.0031999152  -0.0159659059  -0.0222143042
       -0.0042768992   0.1176008676   0.1193105564  -0.0000113525  -0.0000151788
       -0.0000518990   0.0000258477   0.0000193464   0.0000260343   0.0001361448
        0.0000153933   0.0000915001
        0.0039057557  -0.0069788482  -0.0243307836   0.0061155285  -0.1056511644
       -0.2134998783  -0.0011081315  -0.0078644196  -0.0092810424  -0.0019661823
       -0.0009538852  -0.0000600786  -0.0007137578   0.0009135679   0.0007082304
        0.0002781673   0.0001660523   0.0002782925  -0.0002032152  -0.0003753930
        0.0005940655  -0.0002751057  -0.0005124473   0.0003284459   0.0022346345
        0.0033342161  -0.0037888868   0.0007184884  -0.0014020695   0.0009063211
       -0.0092781452   0.1193105564   0.2480460428   0.0001292392   0.0000419020
        0.0000118242   0.0000206213   0.0000008768   0.0000407901   0.0001421026
       -0.0000289443   0.0000466572
       -0.0000330677   0.0000917173   0.0000044526   0.0005261479   0.0000156206
       -0.0003772796   0.0001287461  -0.0031570412   0.0001282610   0.0003483158
        0.0011898177   0.0002208203  -0.0268804396  -0.0326340681   0.0042061455
       -0.0511590455  -0.0471742847   0.0146433770   0.0000241360   0.0000706235
       -0.0000486222   0.0000554215   0.0001061396  -0.0000541405  -0.0000087271
       -0.0000221821  -0.0000135991   0.0001032016   0.0000275512   0.0000630175
        0.0000387164  -0.0000113525   0.0001292392   0.0703113196   0.0665075072
       -0.0158427261   0.0044822934   0.0143162891  -0.0038221846   0.0020629817
        0.0006736625   0.0007632390
       -0.0000207559  -0.0000250918  -0.0000639897  -0.0000375999  -0.0003767128
        0.0001788513   0.0015913594   0.0006985623   0.0000118843   0.0007985843
        0.0004424352   0.0002283617  -0.0137507394  -0.0087394623  -0.0014135937
       -0.0521306301  -0.2457747972   0.0599250793  -0.0000513728   0.0000149697
        0.0000072119   0.0000494795   0.0000542908  -0.0000234608   0.0000008555
        0.0000118432  -0.0000054359   0.0000818079   0.0000612630   0.0000212046
        0.0000386265  -0.0000151788   0.0000419020   0.0665075072   0.2821568372
       -0.0683625543  -0.0026092302  -0.0226074968   0.0054034137  -0.0004678921
       -0.0059014617   0.0040511257
       -0.0000091927   0.0000286629   0.0000346053  -0.0000282785  -0.0000249656
       -0.0001172323  -0.0003382992   0.0014343755   0.0017511883   0.0000907109
       -0.0010448859  -0.0014899430  -0.0043814232  -0.0084494699   0.0031641249
        0.0167187621   0.0610660869  -0.0614445745   0.0000076963   0.0000067413
        0.0000006106  -0.0000042626   0.0000134550  -0.0000232373   0.0000234630
        0.0000221666  -0.0000332286   0.0000147790  -0.0000177060   0.0000145444
       -0.0000386281  -0.0000518990   0.0000118242  -0.0158427261  -0.0683625543
        0.0662323360  -0.0025900762  -0.0149858253   0.0042445296   0.0063774752
        0.0303658178  -0.0123455477
        0.0001463882   0.0000749986  -0.0000570820  -0.0008271985   0.0010513011
       -0.0009740736  -0.0062146317  -0.0028410148   0.0012797262   0.0012209188
       -0.0003818085   0.0004203150  -0.0311188455   0.0220091186   0.0097820420
       -0.1018956082   0.0865176960   0.0635262839   0.0000159109   0.0000292817
       -0.0000306010  -0.0000318272   0.0000556817   0.0000210872   0.0000346977
       -0.0000042875  -0.0000131435  -0.0003340665  -0.0001109777  -0.0001575759
       -0.0001117473   0.0000258477   0.0000206213   0.0044822934  -0.0026092302
       -0.0025900762   0.1326668763  -0.1040819859  -0.0728674024   0.0019668395
        0.0002653790   0.0016398788
       -0.0000167101   0.0000439364  -0.0000252512  -0.0002307282   0.0001500827
       -0.0002530662   0.0000268059  -0.0021801756  -0.0007853923   0.0010306309
        0.0011593953   0.0006317419  -0.0008600681   0.0043754151   0.0029436768
        0.0912780043  -0.1592187317  -0.0851648848  -0.0000067448   0.0000191519
        0.0000139143   0.0000010045   0.0000032270   0.0000037183  -0.0000216758
        0.0000023707   0.0000312484  -0.0000753752   0.0000119732  -0.0000228491
       -0.0000098591   0.0000193464   0.0000008768   0.0143162891  -0.0226074968
       -0.0149858253  -0.1040819859   0.1763869932   0.0970196096  -0.0013495874
        0.0018345122   0.0005924829
        0.0000273469  -0.0000316856   0.0000061948  -0.0003320856   0.0003598282
       -0.0001223192  -0.0020579992  -0.0002374326  -0.0001919367  -0.0000818029
        0.0003756960   0.0000771001  -0.0037914819   0.0055731378   0.0056397833
        0.0673758030  -0.0864319219  -0.1049959558   0.0000074880   0.0000248774
        0.0000056607   0.0000458891  -0.0000008216  -0.0000333350  -0.0000201643
       -0.0000007194   0.0000029247  -0.0001260277   0.0000075459  -0.0000281570
        0.0000016204   0.0000260343   0.0000407901  -0.0038221846   0.0054034137
        0.0042445296  -0.0728674024   0.0970196096   0.1149964023   0.0156410013
       -0.0220875617  -0.0196416820
       -0.0002582936  -0.0000481784   0.0000220519  -0.0009634620   0.0001653047
        0.0011281881  -0.0009324670  -0.0030481585  -0.0029098371   0.0010216674
        0.0006357210  -0.0001452998  -0.0197569745   0.0027384501  -0.0356589478
       -0.0385286990   0.0036205637  -0.0135432575  -0.0000008053  -0.0000539938
        0.0000566669  -0.0000538632   0.0000314700  -0.0001569329  -0.0000758415
        0.0000516641  -0.0000531379  -0.0001130192  -0.0000233332   0.0000853879
        0.0001609607   0.0001361448   0.0001421026   0.0020629817  -0.0004678921
        0.0063774752   0.0019668395  -0.0013495874   0.0156410013   0.0554709761
       -0.0023881750   0.0290145391
       -0.0000643581   0.0000408219  -0.0000020275  -0.0001350163  -0.0000889973
        0.0001769021   0.0009096308   0.0001172179   0.0006836222  -0.0003873412
        0.0004358207  -0.0010029823  -0.0035470865   0.0020785035  -0.0047514469
        0.0047264131  -0.0458504596   0.0281705255  -0.0000119314  -0.0000299118
        0.0000014425  -0.0000625682  -0.0000146721  -0.0000676655   0.0000320410
       -0.0000019658  -0.0000323338   0.0000077594  -0.0000169343   0.0000432388
       -0.0000184092   0.0000153933  -0.0000289443   0.0006736625  -0.0059014617
        0.0303658178   0.0002653790   0.0018345122  -0.0220875617  -0.0023881750
        0.0473821330  -0.0314685870
       -0.0000460331   0.0000296179  -0.0000028796  -0.0001668664  -0.0001602938
        0.0002710627   0.0008238986  -0.0019026404  -0.0009062690   0.0004785653
        0.0002180616  -0.0000007447  -0.0155297518   0.0001513280  -0.0080427467
       -0.0170402865   0.0284184501  -0.2729082101  -0.0000027835  -0.0000384257
        0.0000345149  -0.0000311485   0.0000016478  -0.0000570013  -0.0000051186
        0.0000084061   0.0000282027   0.0000155269   0.0000073265   0.0000533022
        0.0000863408   0.0000915001   0.0000466572   0.0007632390   0.0040511257
       -0.0123455477   0.0016398788   0.0005924829  -0.0196416820   0.0290145391
       -0.0314685870   0.3134713413
