           1           2  0.974057714647390     
           2           3  0.957364319106874     
           2           4  0.967026248147929     
           4           5  0.955494473736746     
           4           6  0.963485351828790     
           6           7  0.954481364479228     
           6           8  0.962644895751725     
           8           9  0.957701333084604     
           8          10  0.958159823404312     
          10          11  0.948742001821723     
           2          12  0.953624746407086     
          10          12  0.970381030635187     
          10          13  0.995152736927516     
           8          14   1.00296402211017     
           6          15   1.00702154426223     
           4          16  0.996646512200696     
           1          17   1.01270696661820     
           1          18  0.969451787157221     
           1          19  0.967454808951282     
          13          20  0.831576769294835     
          14          21  0.843594076576205     
          15          22  0.852624596931035     
          16          23  0.854857116661385     
          17          24  0.842743518062226     
