$hessian                                                                        
        0.3882928236  -0.0138710050   0.0005356370  -0.1838220186  -0.0232698761
        0.0003763647  -0.0360867250   0.0211687759   0.0007248896   0.0036269077
       -0.0015791717  -0.0000703937   0.0003719346   0.0019733355   0.0000543852
        0.0008328407   0.0002603238   0.0000027092  -0.0561318105  -0.0300897358
       -0.0577520861  -0.0604678438   0.0782170035   0.0033352664  -0.0545324807
       -0.0331683345   0.0527531275  -0.0010451071   0.0001861499  -0.0001902039
       -0.0010385210   0.0001725344   0.0002303041
       -0.0138710050   0.5438579590   0.0014790752  -0.0379115186  -0.0714281043
       -0.0000986615   0.0319609896  -0.0027827787  -0.0003291828   0.0055847066
        0.0043532625   0.0000876402   0.0025456368  -0.0040823060  -0.0002138362
       -0.0007257671   0.0003499929   0.0000066356  -0.0283240622  -0.0928709662
       -0.0914653273   0.0701760378  -0.2686754291  -0.0098608536  -0.0310205753
       -0.1087358927   0.1004077231   0.0007932808   0.0000037803   0.0000843846
        0.0007922765   0.0000104823  -0.0000975974
        0.0005356370   0.0014790752   0.4996280704   0.0001323279  -0.0000985463
       -0.0531641142   0.0009765767  -0.0004296333  -0.0004467068   0.0001450778
        0.0002744871  -0.0034453423   0.0000963847  -0.0002770127   0.0066372433
       -0.0000274414   0.0000127934  -0.0000022283  -0.0531114744  -0.0923695846
       -0.2103223908   0.0030162407  -0.0098984845  -0.0426396140   0.0482085052
        0.1013012824  -0.1960987076  -0.0011545337   0.0000641739  -0.0000606486
        0.0011826994  -0.0000585507  -0.0000855612
       -0.1838220186  -0.0379115186   0.0001323279   0.4389418241  -0.0712611189
       -0.0039411674  -0.1273259616   0.0846846189   0.0021869379   0.0124332678
        0.0051560897   0.0002907218  -0.0446960541   0.0309111441   0.0010371410
       -0.0037478931   0.0008501059   0.0000269020  -0.0309783334  -0.0072043558
       -0.0072848417  -0.0220447638   0.0031809015   0.0003352659  -0.0304105995
       -0.0078056228   0.0071792261  -0.0040936300  -0.0002610483  -0.0008687113
       -0.0042558378  -0.0003391957   0.0009061979
       -0.0232698761  -0.0714281043  -0.0000985463  -0.0712611189   0.4164105496
        0.0074952785   0.0685630370  -0.2167534303  -0.0036831366   0.0135191633
       -0.1254759764  -0.0032827789   0.0176921039  -0.0034842460  -0.0004780043
       -0.0027097393   0.0014936144   0.0000750087  -0.0154307755  -0.0010193951
        0.0004805934   0.0314303559   0.0013608796  -0.0002067403  -0.0177784764
       -0.0013123315  -0.0003645339  -0.0003521284   0.0000680461   0.0007142398
       -0.0004025456   0.0001403937  -0.0006513802
        0.0003763647  -0.0000986615  -0.0531641142  -0.0039411674   0.0074952785
        0.0728514608   0.0019294354  -0.0038052767  -0.0560267148   0.0003852272
       -0.0032757276   0.0263733206   0.0007836897  -0.0004991822   0.0068639511
       -0.0000569573   0.0000345685  -0.0001255581  -0.0282035285  -0.0011241238
        0.0018428221   0.0013501286   0.0000592866   0.0004268178   0.0273750570
        0.0011625021   0.0013309568  -0.0003173298   0.0002248547  -0.0001668448
        0.0003190804  -0.0001735187  -0.0002060973
       -0.0360867250   0.0319609896   0.0009765767  -0.1273259616   0.0685630370
        0.0019294354   0.5430835650   0.1359357846   0.0000178436  -0.1810177331
       -0.2296820335  -0.0039001258  -0.1539356915  -0.0091991497   0.0002647240
       -0.0041349015  -0.0101952317  -0.0002479657  -0.0002799756   0.0018205707
        0.0000169101  -0.0078166137   0.0000198145   0.0000347783  -0.0002214334
        0.0018243301   0.0001244917  -0.0158521730   0.0042989044   0.0044929570
       -0.0164123567   0.0046529839  -0.0037096253
        0.0211687759  -0.0027827787  -0.0004296333   0.0846846189  -0.2167534303
       -0.0038052767   0.1359357846   0.8044454579   0.0116839429  -0.2255125079
       -0.5280434059  -0.0079346238  -0.0100577777  -0.0524190356   0.0005020561
       -0.0206476490  -0.0137575136  -0.0003233078  -0.0026370678   0.0023955030
       -0.0024405444  -0.0001573282  -0.0018931737  -0.0000208484  -0.0026466750
        0.0023831607   0.0026240431   0.0090344482   0.0032457565  -0.0006169564
        0.0108353779   0.0031794598   0.0007611485
        0.0007248896  -0.0003291828  -0.0004467068   0.0021869379  -0.0036831366
       -0.0560267148   0.0000178436   0.0116839429   0.1896041121  -0.0038527429
       -0.0079460093  -0.0648974503   0.0005498575   0.0006159762  -0.0696075991
       -0.0007678860  -0.0004581355   0.0008544106  -0.0017260940   0.0008979761
        0.0008255355   0.0001825809  -0.0000903778   0.0004894083   0.0015869104
       -0.0008490201   0.0009262428   0.0247612573   0.0001604450  -0.0011666100
       -0.0236635543  -0.0000024782  -0.0005546285
        0.0036269077   0.0055847066   0.0001450778   0.0124332678   0.0135191633
        0.0003852272  -0.1810177331  -0.2255125079  -0.0038527429   0.1986810311
        0.2572055034   0.0040525856  -0.0299336706  -0.0426537798  -0.0005096959
       -0.0085120425  -0.0045067840  -0.0000506500   0.0009029771  -0.0012558451
        0.0009744825   0.0011986849   0.0008159298  -0.0000196764   0.0008771613
       -0.0011403962  -0.0010620940   0.0007692410  -0.0009913966  -0.0007689270
        0.0009741753  -0.0010645933   0.0007064129
       -0.0015791717   0.0043532625   0.0002744871   0.0051560897  -0.1254759764
       -0.0032757276  -0.2296820335  -0.5280434059  -0.0079460093   0.2572055034
        0.6717179565   0.0115899071  -0.0272589798  -0.0185039093  -0.0003432536
       -0.0047698956  -0.0026296292  -0.0000677486   0.0003639367  -0.0001804502
        0.0009619404  -0.0009755481   0.0014941853   0.0000618917   0.0003569719
       -0.0001856289  -0.0010555491   0.0006156812  -0.0012843878   0.0000438666
        0.0005674458  -0.0012620167  -0.0002438047
       -0.0000703937   0.0000876402  -0.0034453423   0.0002907218  -0.0032827789
        0.0263733206  -0.0039001258  -0.0079346238  -0.0648974503   0.0040525856
        0.0115899071   0.0266778884  -0.0002912566  -0.0003534610   0.0139684115
        0.0000198363  -0.0000096707   0.0012242315   0.0000266942  -0.0006269434
       -0.0004802941  -0.0000278397   0.0000282881   0.0000471165  -0.0000785795
        0.0006123046  -0.0005348591  -0.0022101612  -0.0002157737   0.0005770266
        0.0021885184   0.0001051114   0.0004899505
        0.0003719346   0.0025456368   0.0000963847  -0.0446960541   0.0176921039
        0.0007836897  -0.1539356915  -0.0100577777   0.0005498575  -0.0299336706
       -0.0272589798  -0.0002912566   0.4038539842  -0.0425237357  -0.0003404889
       -0.0283007950  -0.0202481301  -0.0008294047  -0.0001621664   0.0000516132
        0.0001325163  -0.0009868397  -0.0002808968   0.0000091007  -0.0001487085
        0.0000448094  -0.0001408513  -0.0712577647   0.0361858138   0.0786402861
       -0.0748042283   0.0438495429  -0.0786098335
        0.0019733355  -0.0040823060  -0.0002770127   0.0309111441  -0.0034842460
       -0.0004991822  -0.0091991497  -0.0524190356   0.0006159762  -0.0426537798
       -0.0185039093  -0.0003534610  -0.0425237357   0.3515580263  -0.0047250974
       -0.0200228111  -0.1236426948  -0.0034344663  -0.0002409211  -0.0000234807
       -0.0000774485   0.0010760038   0.0001515381   0.0000188222  -0.0002173495
       -0.0000904659   0.0000483904   0.0366309995  -0.0684025273  -0.0775138665
        0.0442662640  -0.0810608988   0.0861973458
        0.0000543852  -0.0002138362   0.0066372433   0.0010371410  -0.0004780043
        0.0068639511   0.0002647240   0.0005020561  -0.0696075991  -0.0005096959
       -0.0003432536   0.0139684115  -0.0003404889  -0.0047250974   0.4722020367
       -0.0008398228  -0.0034719979  -0.0264208725   0.0012318020  -0.0002355957
        0.0000123351  -0.0000163360  -0.0000010261   0.0002060809  -0.0012051564
        0.0002400302   0.0000531269   0.0817218363  -0.0803521695  -0.2097851517
       -0.0813983885   0.0890788944  -0.1941295622
        0.0008328407  -0.0007257671  -0.0000274414  -0.0037478931  -0.0027097393
       -0.0000569573  -0.0041349015  -0.0206476490  -0.0007678860  -0.0085120425
       -0.0047698956   0.0000198363  -0.0283007950  -0.0200228111  -0.0008398228
        0.0375177026   0.0423430563   0.0014503697   0.0001308245  -0.0000809167
        0.0000244325   0.0002656966   0.0001020491  -0.0000062451   0.0001372406
       -0.0000614925  -0.0000200563   0.0028524677   0.0031405147  -0.0012892588
        0.0029588595   0.0034326512   0.0015130291
        0.0002603238   0.0003499929   0.0000127934   0.0008501059   0.0014936144
        0.0000345685  -0.0101952317  -0.0137575136  -0.0004581355  -0.0045067840
       -0.0026296292  -0.0000096707  -0.0202481301  -0.1236426948  -0.0034719979
        0.0423430563   0.1859022839   0.0057636077   0.0004586952  -0.0001601435
        0.0001006182   0.0004912213   0.0001188336  -0.0000240103   0.0004735352
       -0.0001083401  -0.0000859397  -0.0048478795  -0.0231351378  -0.0041605720
       -0.0050789123  -0.0244312657   0.0022987384
        0.0000027092   0.0000066356  -0.0000022283   0.0000269020   0.0000750087
       -0.0001255581  -0.0002479657  -0.0003233078   0.0008544106  -0.0000506500
       -0.0000677486   0.0012242315  -0.0008294047  -0.0034344663  -0.0264208725
        0.0014503697   0.0057636077   0.0197273746  -0.0000189369   0.0000100641
        0.0000096314   0.0000147596  -0.0000002306  -0.0000131531   0.0000490655
       -0.0000150290  -0.0000040652  -0.0044571892  -0.0175389176   0.0017275751
        0.0040603405   0.0155243836   0.0030226540
       -0.0561318105  -0.0283240622  -0.0531114744  -0.0309783334  -0.0154307755
       -0.0282035285  -0.0002799756  -0.0026370678  -0.0017260940   0.0009029771
        0.0003639367   0.0000266942  -0.0001621664  -0.0002409211   0.0012318020
        0.0001308245   0.0004586952  -0.0000189369   0.0787003153   0.0392899386
        0.0692760527   0.0039649874   0.0035125619   0.0071542881   0.0038236817
        0.0030869521   0.0053038281  -0.0002386526  -0.0000216767   0.0000346298
        0.0002681527  -0.0000575812   0.0000327388
       -0.0300897358  -0.0928709662  -0.0923695846  -0.0072043558  -0.0010193951
       -0.0011241238   0.0018205707   0.0023955030   0.0008979761  -0.0012558451
       -0.0001804502  -0.0006269434   0.0000516132  -0.0000234807  -0.0002355957
       -0.0000809167  -0.0001601435   0.0000100641   0.0392899386   0.1008068910
        0.1056208145  -0.0063495261  -0.0157664907  -0.0256760188   0.0037194503
        0.0068421584   0.0135127030   0.0000823062  -0.0000014860  -0.0000368671
        0.0000165006  -0.0000221401   0.0000275755
       -0.0577520861  -0.0914653273  -0.2103223908  -0.0072848417   0.0004805934
        0.0018428221   0.0000169101  -0.0024405444   0.0008255355   0.0009744825
        0.0009619404  -0.0004802941   0.0001325163  -0.0000774485   0.0000123351
        0.0000244325   0.0001006182   0.0000096314   0.0692760527   0.1056208145
        0.2377496135   0.0000446722  -0.0024225123  -0.0023027341  -0.0055312678
       -0.0107508739  -0.0273518688   0.0000184165  -0.0000045918   0.0000205360
        0.0000807128  -0.0000026683  -0.0000031858
       -0.0604678438   0.0701760378   0.0030162407  -0.0220447638   0.0314303559
        0.0013501286  -0.0078166137  -0.0001573282   0.0001825809   0.0011986849
       -0.0009755481  -0.0000278397  -0.0009868397   0.0010760038  -0.0000163360
        0.0002656966   0.0004912213   0.0000147596   0.0039649874  -0.0063495261
        0.0000446722   0.0824875399  -0.0896228132  -0.0039241611   0.0038465440
       -0.0059337182  -0.0006394400  -0.0002112033  -0.0000645874  -0.0000540965
       -0.0002361884  -0.0000700976   0.0000534913
        0.0782170035  -0.2686754291  -0.0098984845   0.0031809015   0.0013608796
        0.0000592866   0.0000198145  -0.0018931737  -0.0000903778   0.0008159298
        0.0014941853   0.0000282881  -0.0002808968   0.0001515381  -0.0000010261
        0.0001020491   0.0001188336  -0.0000002306   0.0035125619  -0.0157664907
       -0.0024225123  -0.0896228132   0.3011462229   0.0112916504   0.0041228257
       -0.0179148805   0.0010335988  -0.0000324290  -0.0000097093   0.0000079850
       -0.0000349471  -0.0000119763  -0.0000081776
        0.0033352664  -0.0098608536  -0.0426396140   0.0003352659  -0.0002067403
        0.0004268178   0.0000347783  -0.0000208484   0.0004894083  -0.0000196764
        0.0000618917   0.0000471165   0.0000091007   0.0000188222   0.0002060809
       -0.0000062451  -0.0000240103  -0.0000131531   0.0071542881  -0.0256760188
       -0.0023027341  -0.0039241611   0.0112916504   0.0437060870  -0.0069261328
        0.0244213140   0.0000519872  -0.0000604824  -0.0000183493   0.0000107017
        0.0000679984   0.0000131425   0.0000173016
       -0.0545324807  -0.0310205753   0.0482085052  -0.0304105995  -0.0177784764
        0.0273750570  -0.0002214334  -0.0026466750   0.0015869104   0.0008771613
        0.0003569719  -0.0000785795  -0.0001487085  -0.0002173495  -0.0012051564
        0.0001372406   0.0004735352   0.0000490655   0.0038236817   0.0037194503
       -0.0055312678   0.0038465440   0.0041228257  -0.0069261328   0.0765854677
        0.0430592525  -0.0633983792   0.0002648202  -0.0000548914  -0.0000399146
       -0.0002216934  -0.0000140680  -0.0000401079
       -0.0331683345  -0.1087358927   0.1013012824  -0.0078056228  -0.0013123315
        0.0011625021   0.0018243301   0.0023831607  -0.0008490201  -0.0011403962
       -0.0001856289   0.0006123046   0.0000448094  -0.0000904659   0.0002400302
       -0.0000614925  -0.0001083401  -0.0000150290   0.0030869521   0.0068421584
       -0.0107508739  -0.0059337182  -0.0179148805   0.0244213140   0.0430592525
        0.1191434042  -0.1161291580   0.0000155915  -0.0000193732  -0.0000211777
        0.0000786285  -0.0000018104   0.0000278254
        0.0527531275   0.1004077231  -0.1960987076   0.0071792261  -0.0003645339
        0.0013309568   0.0001244917   0.0026240431   0.0009262428  -0.0010620940
       -0.0010555491  -0.0005348591  -0.0001408513   0.0000483904   0.0000531269
       -0.0000200563  -0.0000859397  -0.0000040652   0.0053038281   0.0135127030
       -0.0273518688  -0.0006394400   0.0010335988   0.0000519872  -0.0633983792
       -0.1161291580   0.2216062301  -0.0000836363   0.0000102357   0.0000006897
       -0.0000162163  -0.0000015135   0.0000202671
       -0.0010451071   0.0007932808  -0.0011545337  -0.0040936300  -0.0003521284
       -0.0003173298  -0.0158521730   0.0090344482   0.0247612573   0.0007692410
        0.0006156812  -0.0022101612  -0.0712577647   0.0366309995   0.0817218363
        0.0028524677  -0.0048478795  -0.0044571892  -0.0002386526   0.0000823062
        0.0000184165  -0.0002112033  -0.0000324290  -0.0000604824   0.0002648202
        0.0000155915  -0.0000836363   0.0830545861  -0.0386645532  -0.0886213380
        0.0057574156  -0.0032753174  -0.0095968397
        0.0001861499   0.0000037803   0.0000641739  -0.0002610483   0.0000680461
        0.0002248547   0.0042989044   0.0032457565   0.0001604450  -0.0009913966
       -0.0012843878  -0.0002157737   0.0361858138  -0.0684025273  -0.0803521695
        0.0031405147  -0.0231351378  -0.0175389176  -0.0000216767  -0.0000014860
       -0.0000045918  -0.0000645874  -0.0000097093  -0.0000183493  -0.0000548914
       -0.0000193732   0.0000102357  -0.0386645532   0.0838059673   0.0883991901
       -0.0037532291   0.0057290712   0.0092709025
       -0.0001902039   0.0000843846  -0.0000606486  -0.0008687113   0.0007142398
       -0.0001668448   0.0044929570  -0.0006169564  -0.0011666100  -0.0007689270
        0.0000438666   0.0005770266   0.0786402861  -0.0775138665  -0.2097851517
       -0.0012892588  -0.0041605720   0.0017275751   0.0000346298  -0.0000368671
        0.0000205360  -0.0000540965   0.0000079850   0.0000107017  -0.0000399146
       -0.0000211777   0.0000006897  -0.0886213380   0.0883991901   0.2339867319
        0.0086645771  -0.0069002265  -0.0251440059
       -0.0010385210   0.0007922765   0.0011826994  -0.0042558378  -0.0004025456
        0.0003190804  -0.0164123567   0.0108353779  -0.0236635543   0.0009741753
        0.0005674458   0.0021885184  -0.0748042283   0.0442662640  -0.0813983885
        0.0029588595  -0.0050789123   0.0040603405   0.0002681527   0.0000165006
        0.0000807128  -0.0002361884  -0.0000349471   0.0000679984  -0.0002216934
        0.0000786285  -0.0000162163   0.0057574156  -0.0037532291   0.0086645771
        0.0870102224  -0.0472868592   0.0885142321
        0.0001725344   0.0000104823  -0.0000585507  -0.0003391957   0.0001403937
       -0.0001735187   0.0046529839   0.0031794598  -0.0000024782  -0.0010645933
       -0.0012620167   0.0001051114   0.0438495429  -0.0810608988   0.0890788944
        0.0034326512  -0.0244312657   0.0155243836  -0.0000575812  -0.0000221401
       -0.0000026683  -0.0000700976  -0.0000119763   0.0000131425  -0.0000140680
       -0.0000018104  -0.0000015135  -0.0032753174   0.0057290712  -0.0069002265
       -0.0472868592   0.0977307010  -0.0975825761
        0.0002303041  -0.0000975974  -0.0000855612   0.0009061979  -0.0006513802
       -0.0002060973  -0.0037096253   0.0007611485  -0.0005546285   0.0007064129
       -0.0002438047   0.0004899505  -0.0786098335   0.0861973458  -0.1941295622
        0.0015130291   0.0022987384   0.0030226540   0.0000327388   0.0000275755
       -0.0000031858   0.0000534913  -0.0000081776   0.0000173016  -0.0000401079
        0.0000278254   0.0000202671  -0.0095968397   0.0092709025  -0.0251440059
        0.0885142321  -0.0975825761   0.2165728677
