$hessian                                                                        
        0.5008292866  -0.0334912885  -0.0110090219  -0.0884201160  -0.0631855530
       -0.0202698623   0.0060924993   0.0102834853   0.0013662774  -0.0218548431
       -0.0227584436  -0.0027872964  -0.0045969782   0.0034038906   0.0021251703
       -0.2337089660   0.0011891042   0.1018822539  -0.0483637466   0.0009311416
       -0.0338357862  -0.1085543511   0.1031434370  -0.0332321111  -0.0031238125
       -0.0061289949  -0.0031139497   0.0014787491   0.0006349714   0.0000198467
       -0.0006557939   0.0032649037  -0.0005304382   0.0003947347   0.0003697856
        0.0003029350   0.0004833378   0.0023435607  -0.0009180175
       -0.0334912885   0.4698071823  -0.0188566226  -0.0494378083  -0.1428865405
       -0.0304951078  -0.0101284124  -0.0306456884  -0.0045443886  -0.0133967778
       -0.0045794401   0.0015853728   0.0028235677  -0.0009831709   0.0014576238
        0.0017341940  -0.0407256852   0.0010450743   0.0005973468  -0.0429363974
       -0.0005476277   0.1031014155  -0.2016663311   0.0532374520  -0.0028706499
       -0.0034213141  -0.0027199739  -0.0011656648   0.0012025132  -0.0001240418
        0.0022163881  -0.0050910448   0.0012444986  -0.0006232548   0.0009358758
       -0.0007995817   0.0006409444   0.0009900411  -0.0004826773
       -0.0110090219  -0.0188566226   0.5172601030  -0.0145117920  -0.0244369506
       -0.0763961516   0.0013453036   0.0045332929   0.0019702630  -0.0014069745
        0.0097384894   0.0027227069   0.0058325825  -0.0020473637   0.0015552745
        0.1024568249   0.0007923837  -0.0971420007  -0.0345317152  -0.0007382076
       -0.2802770363  -0.0333128733   0.0526220566  -0.0621144919  -0.0156641624
       -0.0233437320  -0.0098625452  -0.0002350536  -0.0001545500   0.0000511232
       -0.0004109785   0.0014709766   0.0003985368   0.0005127902   0.0009729499
        0.0009872298   0.0009350702  -0.0005527226   0.0008469885
       -0.0884201160  -0.0494378083  -0.0145117920   0.4581635342  -0.0001907891
        0.0167584440  -0.0889390847   0.0497727858  -0.0146173602  -0.1362473715
       -0.0001592369   0.0558179732  -0.0630689575  -0.0000640706   0.0040610536
       -0.0183660293  -0.0244209767  -0.0064217829  -0.0037171827  -0.0050852220
       -0.0044427077   0.0067679934   0.0093626964   0.0033592383  -0.0501763389
        0.0000248712  -0.0358585738  -0.0184907151   0.0243525245  -0.0064100395
        0.0067582645  -0.0092316659   0.0033274746  -0.0037490045   0.0050826276
       -0.0044588040  -0.0005149918  -0.0000057360   0.0033968763
       -0.0631855530  -0.1428865405  -0.0244369506  -0.0001907891   0.4198770825
       -0.0000862257   0.0634284253  -0.1425192257   0.0243903663  -0.0000526349
       -0.0596590088   0.0001094758  -0.0000509243   0.0208866426  -0.0000158814
       -0.0062890229  -0.0056251236  -0.0013986933  -0.0021704200  -0.0029090788
       -0.0043184240  -0.0121593623  -0.0239608818  -0.0058969474   0.0000186065
       -0.0413507553   0.0000135863   0.0062191063  -0.0054721038   0.0013622473
        0.0122985913  -0.0239561376   0.0058969926   0.0021758222  -0.0028959979
        0.0043085801  -0.0000418452   0.0104711286   0.0000718741
       -0.0202698623  -0.0304951078  -0.0763961516   0.0167584440  -0.0000862257
        0.5514613153  -0.0203290310   0.0303675009  -0.0764246816   0.0674357592
        0.0001426564  -0.1111451079  -0.0187803281  -0.0000087895   0.0142607769
        0.0072847515   0.0108015135   0.0036493206  -0.0161119701  -0.0250608785
       -0.0121357703   0.0036911974   0.0060182335   0.0020748950  -0.0374374878
        0.0000104078  -0.2654417011   0.0073437740  -0.0107880708   0.0036433442
        0.0037237947  -0.0060146344   0.0020752471  -0.0162241783   0.0250057266
       -0.0121298112   0.0229151368   0.0001076682  -0.0234916753
        0.0060924993  -0.0101284124   0.0013453036  -0.0889390847   0.0634284253
       -0.0203290310   0.5006010160   0.0335728759  -0.0110830824  -0.0219959118
        0.0227061415  -0.0027660061  -0.0046146041  -0.0034008626   0.0021248791
        0.0014757470  -0.0006336894   0.0000184622   0.0003943980  -0.0003725892
        0.0002992837  -0.0006329853  -0.0032458639  -0.0005279831  -0.0031644190
        0.0061240281  -0.0031180860  -0.2336807682  -0.0020700366   0.1018916577
       -0.1076639234  -0.1027173799  -0.0330468617  -0.0483641032  -0.0009319581
       -0.0338657083   0.0004921393  -0.0023306788  -0.0009428277
        0.0102834853  -0.0306456884   0.0045332929   0.0497727858  -0.1425192257
        0.0303675009   0.0335728759   0.4701878490   0.0187580938   0.0132509993
       -0.0044358356  -0.0015814444  -0.0028119605  -0.0009937806  -0.0014442009
        0.0011664966   0.0012034412   0.0001246547   0.0006204097   0.0009375234
        0.0008006870  -0.0021969640  -0.0051122274  -0.0012504230   0.0028774477
       -0.0033903231   0.0027036251  -0.0026086167  -0.0407528839  -0.0005787425
       -0.1026801052  -0.2025093120  -0.0534437986  -0.0006008827  -0.0429442768
        0.0005277675  -0.0006459712   0.0009747400   0.0004829876
        0.0013662774  -0.0045443886   0.0019702630  -0.0146173602   0.0243903663
       -0.0764246816  -0.0110830824   0.0187580938   0.5173185303  -0.0013395519
       -0.0097408447   0.0027099659   0.0058383633   0.0020520609   0.0015593513
       -0.0002355182   0.0001539556   0.0000508444   0.0005169811  -0.0009707111
        0.0009874382  -0.0004058416  -0.0014753832   0.0003969336  -0.0157556279
        0.0232766151  -0.0098457165   0.1024608941  -0.0003174661  -0.0971570715
       -0.0331307525  -0.0528323201  -0.0621612742  -0.0345578920   0.0007130618
       -0.2802646932   0.0009431106   0.0005369602   0.0008601104
       -0.0218548431  -0.0133967778  -0.0014069745  -0.1362473715  -0.0000526349
        0.0674357592  -0.0219959118   0.0132509993  -0.0013395519   0.8023777357
       -0.0001219677   0.1694396724  -0.5805527296   0.0003399618  -0.2479898847
       -0.0001094055   0.0002231520   0.0008388425  -0.0001976958  -0.0001147144
        0.0004678342   0.0004579804   0.0011954182   0.0000866053   0.0016575967
       -0.0000226144   0.0013036942  -0.0001258479  -0.0001914283   0.0008321631
        0.0004606950  -0.0011962234   0.0000875600  -0.0001979136   0.0001135060
        0.0004754289  -0.0436722888  -0.0000266763   0.0097688512
       -0.0227584436  -0.0045794401   0.0097384894  -0.0001592369  -0.0596590088
        0.0001426564   0.0227061415  -0.0044358356  -0.0097408447  -0.0001219677
        0.1769699039  -0.0007828693   0.0003400972  -0.0517673588   0.0002282886
       -0.0033368113  -0.0046208066  -0.0008898745   0.0000336183   0.0007223874
        0.0005848219  -0.0012146589  -0.0007677682   0.0005345498  -0.0000112160
        0.0013533848   0.0000176637   0.0033517822  -0.0046019553   0.0008882245
        0.0012162873  -0.0007549550  -0.0005316124  -0.0000335691   0.0007188750
       -0.0005877054  -0.0000120230  -0.0485774230   0.0003982121
       -0.0027872964   0.0015853728   0.0027227069   0.0558179732   0.0001094758
       -0.1111451079  -0.0027660061  -0.0015814444   0.0027099659   0.1694396724
       -0.0007828693   0.5444544477  -0.2441675785   0.0002325654  -0.1979166346
       -0.0016845731  -0.0016899492   0.0001612152  -0.0023528404  -0.0009890985
        0.0005714126   0.0001282298   0.0004764444   0.0004386085   0.0287411575
        0.0000652477  -0.0225346149  -0.0016863009   0.0016770370   0.0001640209
        0.0001265986  -0.0004705889   0.0004427313  -0.0023601867   0.0009770220
        0.0005752222   0.0035511507   0.0003907852  -0.2206439739
       -0.0045969782   0.0028235677   0.0058325825  -0.0630689575  -0.0000509243
       -0.0187803281  -0.0046146041  -0.0028119605   0.0058383633  -0.5805527296
        0.0003400972  -0.2441675785   0.6686255219  -0.0003697768   0.2880583181
       -0.0018988112  -0.0027877583  -0.0007429636   0.0003670991   0.0005538914
       -0.0000313967   0.0003840993  -0.0004579033   0.0002302693   0.0032780056
        0.0000143985  -0.0015239134  -0.0019133775   0.0027809939  -0.0007384161
        0.0003760526   0.0004587935   0.0002269509   0.0003750035  -0.0005534157
       -0.0000296427  -0.0167603238   0.0000599968  -0.0341722451
        0.0034038906  -0.0009831709  -0.0020473637  -0.0000640706   0.0208866426
       -0.0000087895  -0.0034008626  -0.0009937806   0.0020520609   0.0003399618
       -0.0517673588   0.0002325654  -0.0003697768   0.0163593428  -0.0003129638
        0.0006761609   0.0012356355   0.0003467496  -0.0000892205  -0.0001450172
       -0.0002269826   0.0004147622  -0.0001773860  -0.0000534982   0.0000004086
       -0.0012390699  -0.0000050666  -0.0006820940   0.0012324405  -0.0003477535
       -0.0004120697  -0.0001811960   0.0000535649   0.0000876008  -0.0001428220
        0.0002263972   0.0000953095   0.0159157400   0.0000910798
        0.0021251703   0.0014576238   0.0015552745   0.0040610536  -0.0000158814
        0.0142607769   0.0021248791  -0.0014442009   0.0015593513  -0.2479898847
        0.0002282886  -0.1979166346   0.2880583181  -0.0003129638   0.2100368632
       -0.0000215340  -0.0001439312  -0.0000631377   0.0006534652   0.0003837182
        0.0000080470  -0.0000812447  -0.0005121133  -0.0001488929  -0.0014208403
       -0.0000008050   0.0025023174  -0.0000229365   0.0001445966  -0.0000609703
       -0.0000836036   0.0005096796  -0.0001497348   0.0006595138  -0.0003820154
        0.0000095421  -0.0480623564   0.0000880042  -0.0315928021
       -0.2337089660   0.0017341940   0.1024568249  -0.0183660293  -0.0062890229
        0.0072847515   0.0014757470   0.0011664966  -0.0002355182  -0.0001094055
       -0.0033368113  -0.0016845731  -0.0018988112   0.0006761609  -0.0000215340
        0.2695645654   0.0009669210  -0.1175488753   0.0022258802   0.0004250675
        0.0006780943  -0.0195470631   0.0040320263   0.0090737733  -0.0000267536
        0.0003020347   0.0000539491   0.0004169976  -0.0004153212   0.0000305019
        0.0000388851   0.0003508418  -0.0000331161  -0.0001242118  -0.0000710728
        0.0000306705   0.0000591653   0.0004584855  -0.0000849487
        0.0011891042  -0.0407256852   0.0007923837  -0.0244209767  -0.0056251236
        0.0108015135  -0.0006336894   0.0012034412   0.0001539556   0.0002231520
       -0.0046208066  -0.0016899492  -0.0027877583   0.0012356355  -0.0001439312
        0.0009669210   0.0490726846   0.0008675636  -0.0001709943   0.0008881607
        0.0007140994   0.0249408482  -0.0019062761  -0.0118085509   0.0000814550
        0.0004600504   0.0003235520   0.0004220803  -0.0006967348  -0.0002022909
        0.0001534855   0.0002640266  -0.0000264400   0.0000269104  -0.0001078185
        0.0000417377   0.0000094620   0.0005584458   0.0001763567
        0.1018822539   0.0010450743  -0.0971420007  -0.0064217829  -0.0013986933
        0.0036493206   0.0000184622   0.0001246547   0.0000508444   0.0008388425
       -0.0008898745   0.0001612152  -0.0007429636   0.0003467496  -0.0000631377
       -0.1175488753   0.0008675636   0.1091635858   0.0294676769  -0.0007664604
       -0.0203564261  -0.0066890604   0.0003995982   0.0040513202  -0.0005528275
       -0.0000898618   0.0003929361   0.0000297785   0.0002009374   0.0003021240
       -0.0001365370  -0.0000256360  -0.0000745552   0.0001855257   0.0000068154
       -0.0003043030  -0.0003304931   0.0001791328   0.0001690763
       -0.0483637466   0.0005973468  -0.0345317152  -0.0037171827  -0.0021704200
       -0.0161119701   0.0003943980   0.0006204097   0.0005169811  -0.0001976958
        0.0000336183  -0.0023528404   0.0003670991  -0.0000892205   0.0006534652
        0.0022258802  -0.0001709943   0.0294676769   0.0539689510   0.0018592033
        0.0413567555  -0.0029730500   0.0023939722  -0.0185483310  -0.0014190224
       -0.0028726247  -0.0011464248  -0.0001245382  -0.0000274465   0.0001853704
       -0.0000898089   0.0001413690  -0.0000120870   0.0002779272   0.0000211198
        0.0000232546  -0.0003492109  -0.0003363330   0.0004998647
        0.0009311416  -0.0429363974  -0.0007382076  -0.0050852220  -0.0029090788
       -0.0250608785  -0.0003725892   0.0009375234  -0.0009707111  -0.0001147144
        0.0007223874  -0.0009890985   0.0005538914  -0.0001450172   0.0003837182
        0.0004250675   0.0008881607  -0.0007664604   0.0018592033   0.0496027377
        0.0023725795   0.0049646156  -0.0015808525   0.0269524002  -0.0030484302
       -0.0039137853  -0.0019461219   0.0000710620  -0.0001075423  -0.0000058013
        0.0000890496   0.0001971465   0.0001672075  -0.0000166986  -0.0005541619
        0.0003545316  -0.0002563763  -0.0002011204   0.0002468423
       -0.0338357862  -0.0005476277  -0.2802770363  -0.0044427077  -0.0043184240
       -0.0121357703   0.0002992837   0.0008006870   0.0009874382   0.0004678342
        0.0005848219   0.0005714126  -0.0000313967  -0.0002269826   0.0000080470
        0.0006780943   0.0007140994  -0.0203564261   0.0413567555   0.0023725795
        0.3235292338  -0.0029515286   0.0028926265  -0.0126471494  -0.0013825082
       -0.0021464439  -0.0002255913   0.0000309219  -0.0000412311  -0.0003040709
        0.0001062145   0.0002576427   0.0000778774   0.0000248706  -0.0003547956
        0.0004075161  -0.0003200475   0.0000130478   0.0003645192
       -0.1085543511   0.1031014155  -0.0333128733   0.0067679934  -0.0121593623
        0.0036911974  -0.0006329853  -0.0021969640  -0.0004058416   0.0004579804
       -0.0012146589   0.0001282298   0.0003840993   0.0004147622  -0.0000812447
       -0.0195470631   0.0249408482  -0.0066890604  -0.0029730500   0.0049646156
       -0.0029515286   0.1233553982  -0.1171394811   0.0392650734   0.0003482171
        0.0001193404   0.0002934379   0.0000407394  -0.0001550122  -0.0001368637
        0.0004526093  -0.0006482264   0.0001030665  -0.0000890911  -0.0000910032
        0.0001071639  -0.0000104966   0.0000637262  -0.0000107565
        0.1031434370  -0.2016663311   0.0526220566   0.0093626964  -0.0239608818
        0.0060182335  -0.0032458639  -0.0051122274  -0.0014753832   0.0011954182
       -0.0007677682   0.0004764444  -0.0004579033  -0.0001773860  -0.0005121133
        0.0040320263  -0.0019062761   0.0003995982   0.0023939722  -0.0015808525
        0.0028926265  -0.1171394811   0.2360085314  -0.0606462908   0.0004580563
        0.0003612079   0.0000677330  -0.0003517555   0.0002615737   0.0000252331
        0.0006571600  -0.0016084732   0.0003300301  -0.0001426713   0.0001964981
       -0.0002570707   0.0000949088  -0.0000476148   0.0000589026
       -0.0332321111   0.0532374520  -0.0621144919   0.0033592383  -0.0058969474
        0.0020748950  -0.0005279831  -0.0012504230   0.0003969336   0.0000866053
        0.0005345498   0.0004386085   0.0002302693  -0.0000534982  -0.0001488929
        0.0090737733  -0.0118085509   0.0040513202  -0.0185483310   0.0269524002
       -0.0126471494   0.0392650734  -0.0606462908   0.0676820348   0.0002828679
       -0.0005459202   0.0002189612  -0.0000338098   0.0000264542  -0.0000742895
        0.0001051587  -0.0003307983   0.0002753904  -0.0000116358  -0.0001671422
        0.0000780839  -0.0000491153  -0.0000512852  -0.0002314039
       -0.0031238125  -0.0028706499  -0.0156641624  -0.0501763389   0.0000186065
       -0.0374374878  -0.0031644190   0.0028774477  -0.0157556279   0.0016575967
       -0.0000112160   0.0287411575   0.0032780056   0.0000004086  -0.0014208403
       -0.0000267536   0.0000814550  -0.0005528275  -0.0014190224  -0.0030484302
       -0.0013825082   0.0003482171   0.0004580563   0.0002828679   0.0580864656
       -0.0000089126   0.0410869739  -0.0000263426  -0.0000817568  -0.0005522936
        0.0003497601  -0.0004580508   0.0002798202  -0.0014447372   0.0030598784
       -0.0013896288  -0.0043386188  -0.0000168361   0.0037645569
       -0.0061289949  -0.0034213141  -0.0233437320   0.0000248712  -0.0413507553
        0.0000104078   0.0061240281  -0.0033903231   0.0232766151  -0.0000226144
        0.0013533848   0.0000652477   0.0000143985  -0.0012390699  -0.0000008050
        0.0003020347   0.0004600504  -0.0000898618  -0.0028726247  -0.0039137853
       -0.0021464439   0.0001193404   0.0003612079  -0.0005459202  -0.0000089126
        0.0524347650  -0.0000149876  -0.0003036157   0.0004579784   0.0000880404
       -0.0001192276   0.0003588980   0.0005458662   0.0028834417  -0.0038909094
        0.0021390637  -0.0000121247   0.0017798726   0.0000165095
       -0.0031139497  -0.0027199739  -0.0098625452  -0.0358585738   0.0000135863
       -0.2654417011  -0.0031180860   0.0027036251  -0.0098457165   0.0013036942
        0.0000176637  -0.0225346149  -0.0015239134  -0.0000050666   0.0025023174
        0.0000539491   0.0003235520   0.0003929361  -0.0011464248  -0.0019461219
       -0.0002255913   0.0002934379   0.0000677330   0.0002189612   0.0410869739
       -0.0000149876   0.3066846724   0.0000551002  -0.0003228112   0.0003924059
        0.0002938853  -0.0000664661   0.0002185472  -0.0011527116   0.0019392002
       -0.0002241122   0.0028266188   0.0000100670  -0.0022755592
        0.0014787491  -0.0011656648  -0.0002350536  -0.0184907151   0.0062191063
        0.0073437740  -0.2336807682  -0.0026086167   0.1024608941  -0.0001258479
        0.0033517822  -0.0016863009  -0.0019133775  -0.0006820940  -0.0000229365
        0.0004169976   0.0004220803   0.0000297785  -0.0001245382   0.0000710620
        0.0000309219   0.0000407394  -0.0003517555  -0.0000338098  -0.0000263426
       -0.0003036157   0.0000551002   0.2695585215   0.0000368764  -0.1175550870
       -0.0194234328  -0.0041125586   0.0090219788   0.0022295271  -0.0004199935
        0.0006794484   0.0000604875  -0.0004566083  -0.0000887080
        0.0006349714   0.0012025132  -0.0001545500   0.0243525245  -0.0054721038
       -0.0107880708  -0.0020700366  -0.0407528839  -0.0003174661  -0.0001914283
       -0.0046019553   0.0016770370   0.0027809939   0.0012324405   0.0001445966
       -0.0004153212  -0.0006967348   0.0002009374  -0.0000274465  -0.0001075423
       -0.0000412311  -0.0001550122   0.0002615737   0.0000264542  -0.0000817568
        0.0004579784  -0.0003228112   0.0000368764   0.0490760933  -0.0013991131
       -0.0250149932  -0.0020384333   0.0118458673   0.0001608036   0.0008871656
       -0.0006995162  -0.0000101749   0.0005518886  -0.0001721340
        0.0000198467  -0.0001240418   0.0000511232  -0.0064100395   0.0013622473
        0.0036433442   0.1018916577  -0.0005787425  -0.0971570715   0.0008321631
        0.0008882245   0.0001640209  -0.0007384161  -0.0003477535  -0.0000609703
        0.0000305019  -0.0002022909   0.0003021240   0.0001853704  -0.0000058013
       -0.0003040709  -0.0001368637   0.0000252331  -0.0000742895  -0.0005522936
        0.0000880404   0.0003924059  -0.1175550870  -0.0013991131   0.1091770522
       -0.0066999688  -0.0004308228   0.0040575386   0.0294644313   0.0009033808
       -0.0203575841  -0.0003313024  -0.0001785602   0.0001663772
       -0.0006557939   0.0022163881  -0.0004109785   0.0067582645   0.0122985913
        0.0037237947  -0.1076639234  -0.1026801052  -0.0331307525   0.0004606950
        0.0012162873   0.0001265986   0.0003760526  -0.0004120697  -0.0000836036
        0.0000388851   0.0001534855  -0.0001365370  -0.0000898089   0.0000890496
        0.0001062145   0.0004526093   0.0006571600   0.0001051587   0.0003497601
       -0.0001192276   0.0002938853  -0.0194234328  -0.0250149932  -0.0066999688
        0.1223491911   0.1166321887   0.0390597893  -0.0029435970  -0.0049721090
       -0.0029433162  -0.0000089017  -0.0000646457  -0.0000102846
        0.0032649037  -0.0050910448   0.0014709766  -0.0092316659  -0.0239561376
       -0.0060146344  -0.1027173799  -0.2025093120  -0.0528323201  -0.0011962234
       -0.0007549550  -0.0004705889   0.0004587935  -0.0001811960   0.0005096796
        0.0003508418   0.0002640266  -0.0000256360   0.0001413690   0.0001971465
        0.0002576427  -0.0006482264  -0.0016084732  -0.0003307983  -0.0004580508
        0.0003588980  -0.0000664661  -0.0041125586  -0.0020384333  -0.0004308228
        0.1166321887   0.2369646286   0.0608933409  -0.0023906463  -0.0015979510
       -0.0028993960  -0.0000933453  -0.0000471969  -0.0000609772
       -0.0005304382   0.0012444986   0.0003985368   0.0033274746   0.0058969926
        0.0020752471  -0.0330468617  -0.0534437986  -0.0621612742   0.0000875600
       -0.0005316124   0.0004427313   0.0002269509   0.0000535649  -0.0001497348
       -0.0000331161  -0.0000264400  -0.0000745552  -0.0000120870   0.0001672075
        0.0000778774   0.0001030665   0.0003300301   0.0002753904   0.0002798202
        0.0005458662   0.0002185472   0.0090219788   0.0118458673   0.0040575386
        0.0390597893   0.0608933409   0.0677340085  -0.0184353130  -0.0270276084
       -0.0126616204  -0.0000488243   0.0000520914  -0.0002326925
        0.0003947347  -0.0006232548   0.0005127902  -0.0037490045   0.0021758222
       -0.0162241783  -0.0483641032  -0.0006008827  -0.0345578920  -0.0001979136
       -0.0000335691  -0.0023601867   0.0003750035   0.0000876008   0.0006595138
       -0.0001242118   0.0000269104   0.0001855257   0.0002779272  -0.0000166986
        0.0000248706  -0.0000890911  -0.0001426713  -0.0000116358  -0.0014447372
        0.0028834417  -0.0011527116   0.0022295271   0.0001608036   0.0294644313
       -0.0029435970  -0.0023906463  -0.0184353130   0.0539918134  -0.0018625575
        0.0413899106  -0.0003563477   0.0003357017   0.0005048753
        0.0003697856   0.0009358758   0.0009729499   0.0050826276  -0.0028959979
        0.0250057266  -0.0009319581  -0.0429442768   0.0007130618   0.0001135060
        0.0007188750   0.0009770220  -0.0005534157  -0.0001428220  -0.0003820154
       -0.0000710728  -0.0001078185   0.0000068154   0.0000211198  -0.0005541619
       -0.0003547956  -0.0000910032   0.0001964981  -0.0001671422   0.0030598784
       -0.0038909094   0.0019392002  -0.0004199935   0.0008871656   0.0009033808
       -0.0049721090  -0.0015979510  -0.0270276084  -0.0018625575   0.0495907999
       -0.0023388826   0.0002551924  -0.0001952769  -0.0002477126
        0.0003029350  -0.0007995817   0.0009872298  -0.0044588040   0.0043085801
       -0.0121298112  -0.0338657083   0.0005277675  -0.2802646932   0.0004754289
       -0.0005877054   0.0005752222  -0.0000296427   0.0002263972   0.0000095421
        0.0000306705   0.0000417377  -0.0003043030   0.0000232546   0.0003545316
        0.0004075161   0.0001071639  -0.0002570707   0.0000780839  -0.0013896288
        0.0021390637  -0.0002241122   0.0006794484  -0.0006995162  -0.0203575841
       -0.0029433162  -0.0028993960  -0.0126616204   0.0413899106  -0.0023388826
        0.3235197083  -0.0003217120  -0.0000159253   0.0003648217
        0.0004833378   0.0006409444   0.0009350702  -0.0005149918  -0.0000418452
        0.0229151368   0.0004921393  -0.0006459712   0.0009431106  -0.0436722888
       -0.0000120230   0.0035511507  -0.0167603238   0.0000953095  -0.0480623564
        0.0000591653   0.0000094620  -0.0003304931  -0.0003492109  -0.0002563763
       -0.0003200475  -0.0000104966   0.0000949088  -0.0000491153  -0.0043386188
       -0.0000121247   0.0028266188   0.0000604875  -0.0000101749  -0.0003313024
       -0.0000089017  -0.0000933453  -0.0000488243  -0.0003563477   0.0002551924
       -0.0003217120   0.0649160502  -0.0000239565   0.0182927637
        0.0023435607   0.0009900411  -0.0005527226  -0.0000057360   0.0104711286
        0.0001076682  -0.0023306788   0.0009747400   0.0005369602  -0.0000266763
       -0.0485774230   0.0003907852   0.0000599968   0.0159157400   0.0000880042
        0.0004584855   0.0005584458   0.0001791328  -0.0003363330  -0.0002011204
        0.0000130478   0.0000637262  -0.0000476148  -0.0000512852  -0.0000168361
        0.0017798726   0.0000100670  -0.0004566083   0.0005518886  -0.0001785602
       -0.0000646457  -0.0000471969   0.0000520914   0.0003357017  -0.0001952769
       -0.0000159253  -0.0000239565   0.0178267754  -0.0005792635
       -0.0009180175  -0.0004826773   0.0008469885   0.0033968763   0.0000718741
       -0.0234916753  -0.0009428277   0.0004829876   0.0008601104   0.0097688512
        0.0003982121  -0.2206439739  -0.0341722451   0.0000910798  -0.0315928021
       -0.0000849487   0.0001763567   0.0001690763   0.0004998647   0.0002468423
        0.0003645192  -0.0000107565   0.0000589026  -0.0002314039   0.0037645569
        0.0000165095  -0.0022755592  -0.0000887080  -0.0001721340   0.0001663772
       -0.0000102846  -0.0000609772  -0.0002326925   0.0005048753  -0.0002477126
        0.0003648217   0.0182927637  -0.0005792635   0.2756962135
