$hessian                                                                        
        0.6749337415   0.0358027435  -0.0000008059  -0.1414933927   0.1250170104
        0.0000011164  -0.0392276582   0.0258393035   0.0000003005   0.0050470607
        0.0027338075  -0.0000000432  -0.0291403787  -0.0295576437   0.0000000174
       -0.1622233669  -0.1576850349  -0.0000001583  -0.0060160635   0.0017862866
        0.0000001049  -0.0048157194   0.0005524221   0.0000000310   0.0010719816
       -0.0026285366   0.0000000764   0.0019248522   0.0022660577  -0.0000000523
       -0.3066322052  -0.0037340725  -0.0000005156   0.0066087281  -0.0116269451
       -0.0000001389  -0.0056827371   0.0002008489   0.0000001193   0.0067212436
        0.0125471756  -0.0000000512  -0.0008142690  -0.0015904037  -0.0000000036
       -0.0002618170   0.0000769808   0.0000000031
        0.0358027435   0.6603893688   0.0000025098   0.0502531000  -0.2441470264
       -0.0000018183   0.0790090107   0.0210470319  -0.0000004155  -0.0153241421
       -0.0405310283  -0.0000001765  -0.0768444143   0.0006609107   0.0000006184
       -0.0899104148  -0.3158191116  -0.0000002470   0.0128006111   0.0163956130
       -0.0000000495   0.0182598748  -0.0012124984  -0.0000005329  -0.0036216240
        0.0071258379   0.0000002372  -0.0051923403  -0.0092631501   0.0000001975
       -0.0041850892  -0.0429420038  -0.0000000335   0.0114957272  -0.0246393474
       -0.0000002587  -0.0000933759   0.0005111167  -0.0000000543  -0.0109082817
       -0.0269958930  -0.0000001325  -0.0035610774   0.0017823514   0.0000001239
        0.0020196923  -0.0023621714   0.0000000318
       -0.0000008059   0.0000025098   0.1186244664   0.0000007670  -0.0000018337
       -0.0495455771   0.0000004391  -0.0000000993   0.0015532796  -0.0000001351
       -0.0000000457  -0.0055009851  -0.0000000834   0.0000001398  -0.0018641891
       -0.0000000775  -0.0000003799  -0.0416067927   0.0000000452  -0.0000000159
        0.0032839844   0.0000001286   0.0000000481  -0.0003438787   0.0000000837
        0.0000000066  -0.0002665515  -0.0000001033  -0.0000000615   0.0004427674
       -0.0000003171  -0.0000000630  -0.0362599510   0.0000000719  -0.0000001372
        0.0003507221  -0.0000000539  -0.0000000025   0.0093055077  -0.0000000184
       -0.0000000646  -0.0000893590   0.0000000537   0.0000000021   0.0015660112
        0.0000000054  -0.0000000030   0.0003505455
       -0.1414933927   0.0502531000   0.0000007670   0.6903140219   0.0347702668
       -0.0000017596  -0.3836626797   0.0271835071   0.0000008473  -0.0527297550
       -0.0607695290  -0.0000000162  -0.0411456665   0.0105194983   0.0000004130
        0.0508297114   0.0269394849  -0.0000000209   0.0081467871   0.0085501404
       -0.0000000055   0.0222535054  -0.0030791129  -0.0000002913  -0.0037889653
        0.0067946584  -0.0000000793  -0.0063743113  -0.0093029679   0.0000002884
       -0.0169078362   0.0244745008   0.0000002444  -0.1066651718  -0.1141676880
       -0.0000004749  -0.0175087051   0.0013126619   0.0000001360  -0.0002193505
       -0.0036245482  -0.0000000383  -0.0020962697   0.0015745957   0.0000000201
        0.0010480782  -0.0014285684  -0.0000000301
        0.1250170104  -0.2441470264  -0.0000018337   0.0347702668   0.6463848836
        0.0000033703  -0.0425406006  -0.0901875684  -0.0000000305  -0.0166031216
        0.0144159021   0.0000000248   0.0243764302   0.0005610497  -0.0000002495
       -0.0198784852  -0.0658160881  -0.0000001971  -0.0058092231  -0.0074191775
        0.0000000385  -0.0146750363  -0.0056931944   0.0000001857   0.0040818300
       -0.0035280343  -0.0000000184   0.0006819005   0.0043479033   0.0000000154
        0.0014126966  -0.0003880424  -0.0000001092  -0.1136140606  -0.2452210864
       -0.0000010302   0.0247416030  -0.0000020508  -0.0000000803  -0.0027895020
       -0.0038393558  -0.0000000092   0.0014786115  -0.0006560179  -0.0000000348
       -0.0006503193   0.0011879038  -0.0000000418
        0.0000011164  -0.0000018183  -0.0495455771  -0.0000017596   0.0000033703
        0.1083781559   0.0000008655  -0.0000004491  -0.0432835947   0.0000000797
        0.0000005377   0.0009072503   0.0000001880  -0.0000001168  -0.0051749509
       -0.0000001828  -0.0000002542   0.0025289171  -0.0000000232  -0.0000000153
        0.0001198180   0.0000000724  -0.0000000532   0.0074477315   0.0000001192
       -0.0000000659  -0.0011275731  -0.0000001274  -0.0000000736  -0.0007949364
        0.0000000270  -0.0000000210   0.0023499945  -0.0000004655  -0.0000010578
       -0.0322448966   0.0000001371  -0.0000000246   0.0019367591   0.0000000012
        0.0000000384   0.0087769965  -0.0000000222  -0.0000000077   0.0000685410
       -0.0000000257   0.0000000111  -0.0003426350
       -0.0392276582   0.0790090107   0.0000004391  -0.3836626797  -0.0425406006
        0.0000008655   0.7208069891  -0.0296251749  -0.0000012146  -0.1022346322
       -0.0571825124  -0.0000002894   0.0464511199  -0.0049269433  -0.0000006268
       -0.0369292944  -0.0261115350   0.0000000746  -0.0098366727  -0.0048731334
        0.0000000875  -0.0573330075  -0.0247201658   0.0000002545  -0.0005326114
       -0.0148279393   0.0000002294  -0.0035990293   0.0057587511  -0.0000000194
       -0.0013522742   0.0033734467   0.0000000142  -0.0181617784  -0.0027859408
        0.0000001164  -0.1146991847   0.1188452420  -0.0000000165  -0.0004257266
       -0.0003342171   0.0000000789   0.0012676552  -0.0011613840  -0.0000000678
       -0.0005312150   0.0021030962   0.0000000745
        0.0258393035   0.0210470319  -0.0000000993   0.0271835071  -0.0901875684
       -0.0000004491  -0.0296251749   0.6143230970   0.0000009404  -0.0882062340
       -0.2458068137  -0.0000001059   0.0180630877  -0.0437397215  -0.0000003623
       -0.0200335296  -0.0109589489  -0.0000000031  -0.0015636646  -0.0075426888
       -0.0000000456  -0.0402802409   0.0017279873   0.0000005643   0.0066297722
       -0.0083969991   0.0000000274   0.0071546657   0.0088561820  -0.0000004835
        0.0032804508  -0.0041423266  -0.0000000536  -0.0261481899  -0.0019522083
        0.0000001711   0.1184895480  -0.2324233733  -0.0000000445  -0.0008297191
        0.0006122738   0.0000000352   0.0008421736  -0.0009508238  -0.0000000358
       -0.0007957557  -0.0004650996  -0.0000000556
        0.0000003005  -0.0000004155   0.0015532796   0.0000008473  -0.0000000305
       -0.0432835947  -0.0000012146   0.0000009404   0.1147764639  -0.0000011163
       -0.0000005643  -0.0447343640  -0.0000000314  -0.0000002811  -0.0017141840
        0.0000001682   0.0000000661  -0.0026822285   0.0000001204   0.0000002197
        0.0031782310   0.0000012395   0.0000000333  -0.0057070928  -0.0000004920
        0.0000001972   0.0013560920   0.0000001763   0.0000000259   0.0056982448
        0.0000000167  -0.0000000518   0.0059890379  -0.0000001448   0.0000000118
       -0.0006793189   0.0000002053  -0.0000001926  -0.0349228344   0.0000000047
        0.0000000165  -0.0001264548  -0.0000001265   0.0000000373   0.0001947500
        0.0000000469  -0.0000000124   0.0011039730
        0.0050470607  -0.0153241421  -0.0000001351  -0.0527297550  -0.0166031216
        0.0000000797  -0.1022346322  -0.0882062340  -0.0000011163   0.5627489549
        0.0017982613  -0.0000033810  -0.1280684673   0.0678020141   0.0000017361
       -0.0219100952   0.0215899679   0.0000001468   0.0244077726   0.0127791029
       -0.0000002701  -0.1732746329   0.0048302632   0.0000008593  -0.0511215735
        0.0475733647  -0.0000008099  -0.0541230382  -0.0457827984   0.0000022389
        0.0008069555  -0.0003383414   0.0000000164  -0.0054622205  -0.0002404707
        0.0000000518   0.0070387170   0.0115399187   0.0000002810  -0.0048343281
        0.0003006442   0.0000001182  -0.0075044910   0.0038722820   0.0000002757
        0.0012137731  -0.0055907108  -0.0000000916
        0.0027338075  -0.0405310283  -0.0000000457  -0.0607695290   0.0144159021
        0.0000005377  -0.0571825124  -0.2458068137  -0.0000005643   0.0017982613
        0.6625132579  -0.0000017509   0.0532162466  -0.2125676018  -0.0000006375
        0.0476200220   0.0188562168   0.0000001860   0.0113517628  -0.0531608735
       -0.0000003171   0.0062894306  -0.0773417797  -0.0000007791   0.0543244435
       -0.0279429000   0.0000019648  -0.0481294401  -0.0109658231   0.0000018079
        0.0000227914  -0.0005677924  -0.0000000721   0.0006266900   0.0011849146
       -0.0000001522  -0.0092629687  -0.0269397178  -0.0000002607  -0.0013270472
        0.0005157346  -0.0000001001   0.0029446825   0.0004541736  -0.0000000285
       -0.0042566409  -0.0021158690   0.0000002118
       -0.0000000432  -0.0000001765  -0.0055009851  -0.0000000162   0.0000000248
        0.0009072503  -0.0000002894  -0.0000001059  -0.0447343640  -0.0000033810
       -0.0000017509   0.1144771621   0.0000011399  -0.0000008223  -0.0503048805
        0.0000001504  -0.0000001953   0.0011138462  -0.0000001015   0.0000000328
        0.0018381621   0.0000014096  -0.0000002894  -0.0691171841  -0.0000021386
        0.0000016532   0.0155006932   0.0000030416   0.0000019528   0.0151932829
        0.0000000011   0.0000000261   0.0001590406  -0.0000000122  -0.0000000554
        0.0086126651  -0.0000001400  -0.0000001348   0.0022425015   0.0000001193
       -0.0000000165   0.0060237112   0.0000001862  -0.0000001106  -0.0011318131
        0.0000000741  -0.0000000319   0.0047209116
       -0.0291403787  -0.0768444143  -0.0000000834  -0.0411456665   0.0243764302
        0.0000001880   0.0464511199   0.0180630877  -0.0000000314  -0.1280684673
        0.0532162466   0.0000011399   0.6164806970   0.0462166537  -0.0000032029
       -0.2624286758   0.0385759967   0.0000008892  -0.1475291015  -0.1141102650
        0.0000013693  -0.0164220111   0.0291580062  -0.0000002815  -0.0091057783
        0.0036784590   0.0000003950   0.0004636569  -0.0035291859  -0.0000003809
       -0.0003419535  -0.0022264526   0.0000000740  -0.0004136625   0.0006707639
       -0.0000000400  -0.0012197201  -0.0038034701  -0.0000001773  -0.0183510781
        0.0030922351   0.0000001147  -0.0210450416  -0.0265769245   0.0000001517
        0.0118160614   0.0100428333  -0.0000001244
       -0.0295576437   0.0006609107   0.0000001398   0.0105194983   0.0005610497
       -0.0000001168  -0.0049269433  -0.0437397215  -0.0000002811   0.0678020141
       -0.2125676018  -0.0000008223   0.0462166537   0.7009322880   0.0000010310
       -0.0102005827  -0.0773437898  -0.0000002112  -0.1150186438  -0.3234820151
        0.0000001297   0.0578290776   0.0014762333  -0.0000010398  -0.0121851838
        0.0159621427  -0.0000001836  -0.0104568624  -0.0233369235   0.0000007165
       -0.0026040113  -0.0038934386   0.0000000755   0.0005011097   0.0006060593
        0.0000000002  -0.0021968167  -0.0031772756   0.0000000181   0.0257312425
       -0.0020225544   0.0000000362  -0.0186010453   0.0025838322   0.0000004291
       -0.0028518628  -0.0332191955   0.0000000786
        0.0000000174   0.0000006184  -0.0018641891   0.0000004130  -0.0000002495
       -0.0051749509  -0.0000006268  -0.0000003623  -0.0017141840   0.0000017361
       -0.0000006375  -0.0503048805  -0.0000032029   0.0000010310   0.1345047875
        0.0000012143  -0.0000002308  -0.0547437807   0.0000011013   0.0000000437
       -0.0291637654  -0.0000006398  -0.0000006041  -0.0044051047  -0.0000000947
        0.0000002310   0.0053264156   0.0000001314   0.0000001385  -0.0011161808
       -0.0000000025  -0.0000000673   0.0100602188   0.0000000143  -0.0000000042
        0.0003213089   0.0000001103   0.0000000546   0.0051899098   0.0000000482
       -0.0000000340   0.0010747332   0.0000001232   0.0000004268  -0.0035296505
       -0.0000003428  -0.0000003541  -0.0044606871
       -0.1622233669  -0.0899104148  -0.0000000775   0.0508297114  -0.0198784852
       -0.0000001828  -0.0369292944  -0.0200335296   0.0000001682  -0.0219100952
        0.0476200220   0.0000001504  -0.2624286758  -0.0102005827   0.0000012143
        0.6126878799   0.0291345463  -0.0000013496  -0.0463021349  -0.0370542537
        0.0000002439  -0.0102824410   0.0023765427   0.0000002847   0.0009025941
       -0.0032442919  -0.0000000782   0.0036191304   0.0073045163  -0.0000001450
       -0.0173607501  -0.0258005799  -0.0000000405  -0.0007196676   0.0031828172
        0.0000000625  -0.0003631185  -0.0000150901   0.0000000441  -0.1134357003
        0.1162443721  -0.0000002248   0.0048152590  -0.0041866203  -0.0000000791
       -0.0008993301   0.0044610315   0.0000000095
       -0.1576850349  -0.3158191116  -0.0000003799   0.0269394849  -0.0658160881
       -0.0000002542  -0.0261115350  -0.0109589489   0.0000000661   0.0215899679
        0.0188562168  -0.0000001953   0.0385759967  -0.0773437898  -0.0000002308
        0.0291345463   0.7179460222   0.0000001425  -0.0494085230  -0.0197111518
        0.0000003834   0.0014692814  -0.0051722697   0.0000001557   0.0022524182
       -0.0010202236  -0.0000001257  -0.0005059647   0.0020650624   0.0000000497
       -0.0024098591  -0.0019044789   0.0000000097   0.0029074225  -0.0041770126
       -0.0000000042  -0.0007133212   0.0006612803  -0.0000000369   0.1168280068
       -0.2348102031   0.0000004759   0.0007108272  -0.0054887267  -0.0000001028
       -0.0035737141   0.0026934231   0.0000000467
       -0.0000001583  -0.0000002470  -0.0416067927  -0.0000000209  -0.0000001971
        0.0025289171   0.0000000746  -0.0000000031  -0.0026822285   0.0000001468
        0.0000001860   0.0011138462   0.0000008892  -0.0000002112  -0.0547437807
       -0.0000013496   0.0000001425   0.1068822282   0.0000004380   0.0000003655
        0.0063857993   0.0000001834   0.0000001323   0.0082872076   0.0000001190
       -0.0000001649  -0.0021784056  -0.0000001230  -0.0000002918  -0.0008646477
        0.0000000045  -0.0000000194   0.0013608976   0.0000000344  -0.0000000620
        0.0054033802  -0.0000000074   0.0000000033  -0.0001856116  -0.0000001552
        0.0000003027  -0.0315791046  -0.0000000474   0.0000000728   0.0044372952
       -0.0000000282  -0.0000000086  -0.0025589999
       -0.0060160635   0.0128006111   0.0000000452   0.0081467871  -0.0058092231
       -0.0000000232  -0.0098366727  -0.0015636646   0.0000001204   0.0244077726
        0.0113517628  -0.0000001015  -0.1475291015  -0.1150186438   0.0000011013
       -0.0463021349  -0.0494085230   0.0000004380   0.7446041159  -0.0141147068
       -0.0000124019  -0.0194515643  -0.0065209136   0.0000007424   0.0037744295
       -0.0022507268  -0.0000002389  -0.0028140070   0.0222715633   0.0000000562
       -0.0011177217  -0.0015714159  -0.0000000617   0.0000644177  -0.0000540687
       -0.0000000004   0.0001202569   0.0009644407   0.0000000360   0.0010919312
       -0.0018708065  -0.0000000468  -0.3839471576  -0.0188770449   0.0000063342
       -0.1651952879   0.1696713598   0.0000040007
        0.0017862866   0.0163956130  -0.0000000159   0.0085501404  -0.0074191775
       -0.0000000153  -0.0048731334  -0.0075426888   0.0000002197   0.0127791029
       -0.0531608735   0.0000000328  -0.1141102650  -0.3234820151   0.0000000437
       -0.0370542537  -0.0197111518   0.0000003655  -0.0141147068   0.7294323434
        0.0000048134  -0.0309929863  -0.0004246081   0.0000007098   0.0065562351
       -0.0098221721  -0.0000002137   0.0152237845   0.0081708284  -0.0000006991
       -0.0001145391  -0.0002624743  -0.0000000667   0.0000402365   0.0000176749
        0.0000000238  -0.0009298901  -0.0011750466   0.0000000153   0.0014463674
        0.0013390432  -0.0000000945  -0.0116657187  -0.0476685463   0.0000001051
        0.1674733396  -0.2846867488  -0.0000052238
        0.0000001049  -0.0000000495   0.0032839844  -0.0000000055   0.0000000385
        0.0001198180   0.0000000875  -0.0000000456   0.0031782310  -0.0000002701
       -0.0000003171   0.0018381621   0.0000013693   0.0000001297  -0.0291637654
        0.0000002439   0.0000003834   0.0063857993  -0.0000124019   0.0000048134
        0.0261695328  -0.0000001223   0.0000002200  -0.0027986119   0.0000001193
       -0.0000002076   0.0015519505   0.0000001887  -0.0000002142   0.0025320888
        0.0000000184   0.0000000210  -0.0004264606  -0.0000000013   0.0000000042
       -0.0007021099   0.0000000013  -0.0000000137   0.0001857478   0.0000000192
        0.0000000183  -0.0012223857   0.0000067368   0.0000000955  -0.0069648324
        0.0000039119  -0.0000048763  -0.0039671489
       -0.0048157194   0.0182598748   0.0000001286   0.0222535054  -0.0146750363
        0.0000000724  -0.0573330075  -0.0402802409   0.0000012395  -0.1732746329
        0.0062894306   0.0000014096  -0.0164220111   0.0578290776  -0.0000006398
       -0.0102824410   0.0014692814   0.0000001834  -0.0194515643  -0.0309929863
       -0.0000001223   0.6071049119   0.0121178553  -0.0000041614  -0.1632304442
        0.1297837446  -0.0000080934  -0.1976697433  -0.1385218092   0.0000105720
        0.0006427600   0.0002604819  -0.0000000573   0.0004904943   0.0006514819
       -0.0000000149   0.0013887552   0.0022494536  -0.0000000026  -0.0002690835
       -0.0009477900  -0.0000000832   0.0144385795  -0.0077461258  -0.0000005225
       -0.0035703592   0.0042533070   0.0000000919
        0.0005524221  -0.0012124984   0.0000000481  -0.0030791129  -0.0056931944
       -0.0000000532  -0.0247201658   0.0017279873   0.0000000333   0.0048302632
       -0.0773417797  -0.0000002894   0.0291580062   0.0014762333  -0.0000006041
        0.0023765427  -0.0051722697   0.0000001323  -0.0065209136  -0.0004246081
        0.0000002200   0.0121178553   0.7958093082  -0.0000306064   0.1530448703
       -0.3697043054   0.0000159241  -0.1702014928  -0.3263105678   0.0000152820
        0.0000842735  -0.0001004024   0.0000000726  -0.0016783713  -0.0002194411
        0.0000000104  -0.0015407289  -0.0026454676   0.0000000285   0.0015393724
       -0.0002806407   0.0000000325   0.0045779339  -0.0099447298  -0.0000003357
       -0.0005407541   0.0000363763   0.0000001049
        0.0000000310  -0.0000005329  -0.0003438787  -0.0000002913   0.0000001857
        0.0074477315   0.0000002545   0.0000005643  -0.0057070928   0.0000008593
       -0.0000007791  -0.0691171841  -0.0000002815  -0.0000010398  -0.0044051047
        0.0000002847   0.0000001557   0.0082872076   0.0000007424   0.0000007098
       -0.0027986119  -0.0000041614  -0.0000306064   0.1963054098  -0.0000076588
        0.0000157325  -0.0636227622   0.0000105853   0.0000149670  -0.0630403642
       -0.0000000074   0.0000000203  -0.0021631652  -0.0000000118  -0.0000000105
        0.0014056982   0.0000000587   0.0000001301  -0.0026075140   0.0000000137
        0.0000000048  -0.0007292467  -0.0000004696   0.0000005077  -0.0003462832
        0.0000000523  -0.0000000093   0.0014351607
        0.0010719816  -0.0036216240   0.0000000837  -0.0037889653   0.0040818300
        0.0000001192  -0.0005326114   0.0066297722  -0.0000004920  -0.0511215735
        0.0543244435  -0.0000021386  -0.0091057783  -0.0121851838  -0.0000000947
        0.0009025941   0.0022524182   0.0000001190   0.0037744295   0.0065562351
        0.0000001193  -0.1632304442   0.1530448703  -0.0000076588   0.2058689083
       -0.1789035328   0.0000092302   0.0233387734  -0.0311948470   0.0000010723
       -0.0002454059   0.0000658577  -0.0000000081  -0.0000816588  -0.0000831962
       -0.0000000379  -0.0044304978  -0.0006421836  -0.0000003763  -0.0008101884
        0.0003218455   0.0000000391  -0.0026467712   0.0006401523   0.0000000276
        0.0010372079  -0.0012868575  -0.0000000041
       -0.0026285366   0.0071258379   0.0000000066   0.0067946584  -0.0035280343
       -0.0000000659  -0.0148279393  -0.0083969991   0.0000001972   0.0475733647
       -0.0279429000   0.0000016532   0.0036784590   0.0159621427   0.0000002310
       -0.0032442919  -0.0010202236  -0.0000001649  -0.0022507268  -0.0098221721
       -0.0000002076   0.1297837446  -0.3697043054   0.0000157325  -0.1789035328
        0.4889642903  -0.0000239323   0.0155612763  -0.0980767230   0.0000064774
        0.0000461232   0.0001598232  -0.0000000523   0.0002886434   0.0000678105
       -0.0000000544  -0.0008954700   0.0026410362  -0.0000000002   0.0002831248
       -0.0002484897  -0.0000000244   0.0000898763   0.0016704597   0.0000001408
       -0.0013487733   0.0021484467   0.0000000636
        0.0000000764   0.0000002372  -0.0002665515  -0.0000000793  -0.0000000184
       -0.0011275731   0.0000002294   0.0000000274   0.0013560920  -0.0000008099
        0.0000019648   0.0155006932   0.0000003950  -0.0000001836   0.0053264156
       -0.0000000782  -0.0000001257  -0.0021784056  -0.0000002389  -0.0000002137
        0.0015519505  -0.0000080934   0.0000159241  -0.0636227622   0.0000092302
       -0.0000239323   0.0231362963  -0.0000003287   0.0000066284   0.0202599058
       -0.0000000193  -0.0000000208   0.0005407749  -0.0000000016  -0.0000000070
        0.0000032339  -0.0000001399  -0.0000000972   0.0004053276  -0.0000000736
        0.0000000394   0.0002372021  -0.0000000657  -0.0000001480   0.0005179389
       -0.0000000025  -0.0000000748  -0.0016405383
        0.0019248522  -0.0051923403  -0.0000001033  -0.0063743113   0.0006819005
       -0.0000001274  -0.0035990293   0.0071546657   0.0000001763  -0.0541230382
       -0.0481294401   0.0000030416   0.0004636569  -0.0104568624   0.0000001314
        0.0036191304  -0.0005059647  -0.0000001230  -0.0028140070   0.0152237845
        0.0000001887  -0.1976697433  -0.1702014928   0.0000105853   0.0233387734
        0.0155612763  -0.0000003287   0.2463366844   0.1919807130  -0.0000148471
       -0.0001550826  -0.0000991483  -0.0000000534  -0.0011397244  -0.0002773964
        0.0000000350   0.0003269545   0.0004178438   0.0000001639   0.0000996113
        0.0001816999  -0.0000000970  -0.0085004103   0.0053981435   0.0000012774
       -0.0017343167  -0.0017373823   0.0000000803
        0.0022660577  -0.0092631501  -0.0000000615  -0.0093029679   0.0043479033
       -0.0000000736   0.0057587511   0.0088561820   0.0000000259  -0.0457827984
       -0.0109658231   0.0000019528  -0.0035291859  -0.0233369235   0.0000001385
        0.0073045163   0.0020650624  -0.0000002918   0.0222715633   0.0081708284
       -0.0000002142  -0.1385218092  -0.3263105678   0.0000149670  -0.0311948470
       -0.0980767230   0.0000066284   0.1919807130   0.4410277107  -0.0000231830
       -0.0000790405  -0.0000934835   0.0000000641  -0.0004754179  -0.0000883086
        0.0000000466   0.0009873478   0.0004317828   0.0000001402   0.0000277627
        0.0002093530   0.0000000079  -0.0056941105   0.0047523355   0.0000001135
        0.0039834654  -0.0017261785  -0.0000002608
       -0.0000000523   0.0000001975   0.0004427674   0.0000002884   0.0000000154
       -0.0007949364  -0.0000000194  -0.0000004835   0.0056982448   0.0000022389
        0.0000018079   0.0151932829  -0.0000003809   0.0000007165  -0.0011161808
       -0.0000001450   0.0000000497  -0.0008646477   0.0000000562  -0.0000006991
        0.0025320888   0.0000105720   0.0000152820  -0.0630403642   0.0000010723
        0.0000064774   0.0202599058  -0.0000148471  -0.0000231830   0.0242821697
        0.0000000078  -0.0000000305   0.0002450361   0.0000000959  -0.0000000083
       -0.0009516917   0.0000000197  -0.0000000191  -0.0001054207  -0.0000000215
       -0.0000000444   0.0000381177   0.0000010503  -0.0000001576  -0.0021063342
        0.0000000647   0.0000000791   0.0002879623
       -0.3066322052  -0.0041850892  -0.0000003171  -0.0169078362   0.0014126966
        0.0000000270  -0.0013522742   0.0032804508   0.0000000167   0.0008069555
        0.0000227914   0.0000000011  -0.0003419535  -0.0026040113  -0.0000000025
       -0.0173607501  -0.0024098591   0.0000000045  -0.0011177217  -0.0001145391
        0.0000000184   0.0006427600   0.0000842735  -0.0000000074  -0.0002454059
        0.0000461232  -0.0000000193  -0.0001550826  -0.0000790405   0.0000000078
        0.3419054478   0.0047682284   0.0000002751   0.0007105555  -0.0006589986
        0.0000000002  -0.0008185095  -0.0000697457   0.0000000093   0.0008155526
        0.0006107024   0.0000000017   0.0000970034  -0.0002056360  -0.0000000171
       -0.0000465357   0.0001016532   0.0000000016
       -0.0037340725  -0.0429420038  -0.0000000630   0.0244745008  -0.0003880424
       -0.0000000210   0.0033734467  -0.0041423266  -0.0000000518  -0.0003383414
       -0.0005677924   0.0000000261  -0.0022264526  -0.0038934386  -0.0000000673
       -0.0258005799  -0.0019044789  -0.0000000194  -0.0015714159  -0.0002624743
        0.0000000210   0.0002604819  -0.0001004024   0.0000000203   0.0000658577
        0.0001598232  -0.0000000208  -0.0000991483  -0.0000934835  -0.0000000305
        0.0047682284   0.0532062179   0.0000001515   0.0008852807   0.0005761878
        0.0000000221   0.0012397544  -0.0000885036  -0.0000000000  -0.0010536738
        0.0006041221   0.0000000044  -0.0001464453  -0.0003235894   0.0000000454
       -0.0000974209   0.0001601849  -0.0000000169
       -0.0000005156  -0.0000000335  -0.0362599510   0.0000002444  -0.0000001092
        0.0023499945   0.0000000142  -0.0000000536   0.0059890379   0.0000000164
       -0.0000000721   0.0001590406   0.0000000740   0.0000000755   0.0100602188
       -0.0000000405   0.0000000097   0.0013608976  -0.0000000617  -0.0000000667
       -0.0004264606  -0.0000000573   0.0000000726  -0.0021631652  -0.0000000081
       -0.0000000523   0.0005407749  -0.0000000534   0.0000000641   0.0002450361
        0.0000002751   0.0000001515   0.0239105859  -0.0000000005   0.0000000133
       -0.0016796657   0.0000000035   0.0000000053  -0.0005428061   0.0000000097
       -0.0000000059  -0.0031339486   0.0000000848  -0.0000000038  -0.0007301245
        0.0000000150   0.0000000050   0.0003205355
        0.0066087281   0.0114957272   0.0000000719  -0.1066651718  -0.1136140606
       -0.0000004655  -0.0181617784  -0.0261481899  -0.0000001448  -0.0054622205
        0.0006266900  -0.0000000122  -0.0004136625   0.0005011097   0.0000000143
       -0.0007196676   0.0029074225   0.0000000344   0.0000644177   0.0000402365
       -0.0000000013   0.0004904943  -0.0016783713  -0.0000000118  -0.0000816588
        0.0002886434  -0.0000000016  -0.0011397244  -0.0004754179   0.0000000959
        0.0007105555   0.0008852807  -0.0000000005   0.1237490476   0.1252288387
        0.0000004751   0.0006659461  -0.0007877427  -0.0000000158   0.0002421874
        0.0006940435   0.0000000029   0.0001080817   0.0000515298  -0.0000000437
        0.0000044258  -0.0000157396   0.0000000028
       -0.0116269451  -0.0246393474  -0.0000001372  -0.1141676880  -0.2452210864
       -0.0000010578  -0.0027859408  -0.0019522083   0.0000000118  -0.0002404707
        0.0011849146  -0.0000000554   0.0006707639   0.0006060593  -0.0000000042
        0.0031828172  -0.0041770126  -0.0000000620  -0.0000540687   0.0000176749
        0.0000000042   0.0006514819  -0.0002194411  -0.0000000105  -0.0000831962
        0.0000678105  -0.0000000070  -0.0002773964  -0.0000883086  -0.0000000083
       -0.0006589986   0.0005761878   0.0000000133   0.1252288387   0.2740571171
        0.0000012607   0.0007392252   0.0008868218   0.0000000304  -0.0006571373
       -0.0012775780  -0.0000000056   0.0000403659   0.0000513344   0.0000000300
        0.0000383489   0.0001270621  -0.0000000025
       -0.0000001389  -0.0000002587   0.0003507221  -0.0000004749  -0.0000010302
       -0.0322448966   0.0000001164   0.0000001711  -0.0006793189   0.0000000518
       -0.0000001522   0.0086126651  -0.0000000400   0.0000000002   0.0003213089
        0.0000000625  -0.0000000042   0.0054033802  -0.0000000004   0.0000000238
       -0.0007021099  -0.0000000149   0.0000000104   0.0014056982  -0.0000000379
       -0.0000000544   0.0000032339   0.0000000350   0.0000000466  -0.0009516917
        0.0000000002   0.0000000221  -0.0016796657   0.0000004751   0.0000012607
        0.0234672325   0.0000000047  -0.0000000026  -0.0031830482  -0.0000000015
       -0.0000000177   0.0002082798  -0.0000000378  -0.0000000145  -0.0001555805
        0.0000000006  -0.0000000002  -0.0001762091
       -0.0056827371  -0.0000933759  -0.0000000539  -0.0175087051   0.0247416030
        0.0000001371  -0.1146991847   0.1184895480   0.0000002053   0.0070387170
       -0.0092629687  -0.0000001400  -0.0012197201  -0.0021968167   0.0000001103
       -0.0003631185  -0.0007133212  -0.0000000074   0.0001202569  -0.0009298901
        0.0000000013   0.0013887552  -0.0015407289   0.0000000587  -0.0044304978
       -0.0008954700  -0.0000001399   0.0003269545   0.0009873478   0.0000000197
       -0.0008185095   0.0012397544   0.0000000035   0.0006659461   0.0007392252
        0.0000000047   0.1351116653  -0.1301925046  -0.0000001466  -0.0000167112
       -0.0000413555  -0.0000000045   0.0001292517  -0.0000757039  -0.0000000258
       -0.0000423628  -0.0002553430  -0.0000000224
        0.0002008489   0.0005111167  -0.0000000025   0.0013126619  -0.0000020508
       -0.0000000246   0.1188452420  -0.2324233733  -0.0000001926   0.0115399187
       -0.0269397178  -0.0000001348  -0.0038034701  -0.0031772756   0.0000000546
       -0.0000150901   0.0006612803   0.0000000033   0.0009644407  -0.0011750466
       -0.0000000137   0.0022494536  -0.0026454676   0.0000001301  -0.0006421836
        0.0026410362  -0.0000000972   0.0004178438   0.0004317828  -0.0000000191
       -0.0000697457  -0.0000885036   0.0000000053  -0.0007877427   0.0008868218
       -0.0000000026  -0.1301925046   0.2615291356   0.0000002710  -0.0000970293
        0.0000687322   0.0000000179   0.0001804255   0.0000248031  -0.0000000066
       -0.0001030692  -0.0003032735   0.0000000115
        0.0000001193  -0.0000000543   0.0093055077   0.0000001360  -0.0000000803
        0.0019367591  -0.0000000165  -0.0000000445  -0.0349228344   0.0000002810
       -0.0000002607   0.0022425015  -0.0000001773   0.0000000181   0.0051899098
        0.0000000441  -0.0000000369  -0.0001856116   0.0000000360   0.0000000153
        0.0001857478  -0.0000000026   0.0000000285  -0.0026075140  -0.0000003763
       -0.0000000002   0.0004053276   0.0000001639   0.0000001402  -0.0001054207
        0.0000000093  -0.0000000000  -0.0005428061  -0.0000000158   0.0000000304
       -0.0031830482  -0.0000001466   0.0000002710   0.0237014315   0.0000000069
        0.0000000109  -0.0016554036  -0.0000000864  -0.0000000177  -0.0000652175
        0.0000000250  -0.0000000199   0.0003006713
        0.0067212436  -0.0109082817  -0.0000000184  -0.0002193505  -0.0027895020
        0.0000000012  -0.0004257266  -0.0008297191   0.0000000047  -0.0048343281
       -0.0013270472   0.0000001193  -0.0183510781   0.0257312425   0.0000000482
       -0.1134357003   0.1168280068  -0.0000001552   0.0010919312   0.0014463674
        0.0000000192  -0.0002690835   0.0015393724   0.0000000137  -0.0008101884
        0.0002831248  -0.0000000736   0.0000996113   0.0000277627  -0.0000000215
        0.0008155526  -0.0010536738   0.0000000097   0.0002421874  -0.0006571373
       -0.0000000015  -0.0000167112  -0.0000970293   0.0000000069   0.1296023202
       -0.1268963841   0.0000000816   0.0006153596   0.0000013075   0.0000000094
       -0.0008260391  -0.0012984095  -0.0000000436
        0.0125471756  -0.0269958930  -0.0000000646  -0.0036245482  -0.0038393558
        0.0000000384  -0.0003342171   0.0006122738   0.0000000165   0.0003006442
        0.0005157346  -0.0000000165   0.0030922351  -0.0020225544  -0.0000000340
        0.1162443721  -0.2348102031   0.0000003027  -0.0018708065   0.0013390432
        0.0000000183  -0.0009477900  -0.0002806407   0.0000000048   0.0003218455
       -0.0002484897   0.0000000394   0.0001816999   0.0002093530  -0.0000000444
        0.0006107024   0.0006041221  -0.0000000059   0.0006940435  -0.0012775780
       -0.0000000177  -0.0000413555   0.0000687322   0.0000000109  -0.1268963841
        0.2661151430  -0.0000002481  -0.0004324361  -0.0001015365   0.0000000256
        0.0001548194   0.0001118492  -0.0000000255
       -0.0000000512  -0.0000001325  -0.0000893590  -0.0000000383  -0.0000000092
        0.0087769965   0.0000000789   0.0000000352  -0.0001264548   0.0000001182
       -0.0000001001   0.0060237112   0.0000001147   0.0000000362   0.0010747332
       -0.0000002248   0.0000004759  -0.0315791046  -0.0000000468  -0.0000000945
       -0.0012223857  -0.0000000832   0.0000000325  -0.0007292467   0.0000000391
       -0.0000000244   0.0002372021  -0.0000000970   0.0000000079   0.0000381177
        0.0000000017   0.0000000044  -0.0031339486   0.0000000029  -0.0000000056
        0.0002082798  -0.0000000045   0.0000000179  -0.0016554036   0.0000000816
       -0.0000002481   0.0224153764   0.0000001308   0.0000000027  -0.0000350085
       -0.0000000221   0.0000000016  -0.0002035054
       -0.0008142690  -0.0035610774   0.0000000537  -0.0020962697   0.0014786115
       -0.0000000222   0.0012676552   0.0008421736  -0.0000001265  -0.0075044910
        0.0029446825   0.0000001862  -0.0210450416  -0.0186010453   0.0000001232
        0.0048152590   0.0007108272  -0.0000000474  -0.3839471576  -0.0116657187
        0.0000067368   0.0144385795   0.0045779339  -0.0000004696  -0.0026467712
        0.0000898763  -0.0000000657  -0.0085004103  -0.0056941105   0.0000010503
        0.0000970034  -0.0001464453   0.0000000848   0.0001080817   0.0000403659
       -0.0000000378   0.0001292517   0.0001804255  -0.0000000864   0.0006153596
       -0.0004324361   0.0000001308   0.4147014498   0.0292824583  -0.0000076610
       -0.0096182294  -0.0000465214   0.0000001510
       -0.0015904037   0.0017823514   0.0000000021   0.0015745957  -0.0006560179
       -0.0000000077  -0.0011613840  -0.0009508238   0.0000000373   0.0038722820
        0.0004541736  -0.0000001106  -0.0265769245   0.0025838322   0.0000004268
       -0.0041866203  -0.0054887267   0.0000000728  -0.0188770449  -0.0476685463
        0.0000000955  -0.0077461258  -0.0099447298   0.0000005077   0.0006401523
        0.0016704597  -0.0000001480   0.0053981435   0.0047523355  -0.0000001576
       -0.0002056360  -0.0003235894  -0.0000000038   0.0000515298   0.0000513344
       -0.0000000145  -0.0000757039   0.0000248031  -0.0000000177   0.0000013075
       -0.0001015365   0.0000000027   0.0292824583   0.0516573899  -0.0000004558
        0.0195993741   0.0021572906  -0.0000002292
       -0.0000000036   0.0000001239   0.0015660112   0.0000000201  -0.0000000348
        0.0000685410  -0.0000000678  -0.0000000358   0.0001947500   0.0000002757
       -0.0000000285  -0.0011318131   0.0000001517   0.0000004291  -0.0035296505
       -0.0000000791  -0.0000001028   0.0044372952   0.0000063342   0.0000001051
       -0.0069648324  -0.0000005225  -0.0000003357  -0.0003462832   0.0000000276
        0.0000001408   0.0005179389   0.0000012774   0.0000001135  -0.0021063342
       -0.0000000171   0.0000000454  -0.0007301245  -0.0000000437   0.0000000300
       -0.0001555805  -0.0000000258  -0.0000000066  -0.0000652175   0.0000000094
        0.0000000256  -0.0000350085  -0.0000076610  -0.0000004558   0.0107211890
        0.0000003246  -0.0000000135  -0.0024408810
       -0.0002618170   0.0020196923   0.0000000054   0.0010480782  -0.0006503193
       -0.0000000257  -0.0005312150  -0.0007957557   0.0000000469   0.0012137731
       -0.0042566409   0.0000000741   0.0118160614  -0.0028518628  -0.0000003428
       -0.0008993301  -0.0035737141  -0.0000000282  -0.1651952879   0.1674733396
        0.0000039119  -0.0035703592  -0.0005407541   0.0000000523   0.0010372079
       -0.0013487733  -0.0000000025  -0.0017343167   0.0039834654   0.0000000647
       -0.0000465357  -0.0000974209   0.0000000150   0.0000044258   0.0000383489
        0.0000000006  -0.0000423628  -0.0001030692   0.0000000250  -0.0008260391
        0.0001548194  -0.0000000221  -0.0096182294   0.0195993741   0.0000003246
        0.1676059465  -0.1790507293  -0.0000040991
        0.0000769808  -0.0023621714  -0.0000000030  -0.0014285684   0.0011879038
        0.0000000111   0.0021030962  -0.0004650996  -0.0000000124  -0.0055907108
       -0.0021158690  -0.0000000319   0.0100428333  -0.0332191955  -0.0000003541
        0.0044610315   0.0026934231  -0.0000000086   0.1696713598  -0.2846867488
       -0.0000048763   0.0042533070   0.0000363763  -0.0000000093  -0.0012868575
        0.0021484467  -0.0000000748  -0.0017373823  -0.0017261785   0.0000000791
        0.0001016532   0.0001601849   0.0000000050  -0.0000157396   0.0001270621
       -0.0000000002  -0.0002553430  -0.0003032735  -0.0000000199  -0.0012984095
        0.0001118492   0.0000000016  -0.0000465214   0.0021572906  -0.0000000135
       -0.1790507293   0.3162559997   0.0000053071
        0.0000000031   0.0000000318   0.0003505455  -0.0000000301  -0.0000000418
       -0.0003426350   0.0000000745  -0.0000000556   0.0011039730  -0.0000000916
        0.0000002118   0.0047209116  -0.0000001244   0.0000000786  -0.0044606871
        0.0000000095   0.0000000467  -0.0025589999   0.0000040007  -0.0000052238
       -0.0039671489   0.0000000919   0.0000001049   0.0014351607  -0.0000000041
        0.0000000636  -0.0016405383   0.0000000803  -0.0000002608   0.0002879623
        0.0000000016  -0.0000000169   0.0003205355   0.0000000028  -0.0000000025
       -0.0001762091  -0.0000000224   0.0000000115   0.0003006713  -0.0000000436
       -0.0000000255  -0.0002035054   0.0000001510  -0.0000002292  -0.0024408810
       -0.0000040991   0.0000053071   0.0072708449
