           1           2  0.978229737529761     
           2           3  0.956426922733257     
           2           4  0.964074965070952     
           4           5  0.956479037154359     
           4           6  0.961829063124378     
           6           7  0.957541926129657     
           6           8  0.961013406515805     
           8           9  0.954836043896811     
           8          10  0.958319581651475     
          10          11  0.948890037403241     
           2          12  0.950605782601808     
          10          12  0.971379956444090     
          10          13  0.999839891495298     
           8          14   1.00091775864775     
           6          15   1.00303137846314     
           4          16   1.00781650831290     
           1          17   1.00563523144674     
           1          18  0.965564328577763     
           1          19  0.968205601134535     
          13          20  0.837668515077822     
          14          21  0.842597646581604     
          15          22  0.853752553737697     
          16          23  0.851532084229190     
          17          24  0.856678266386601     
