           1           2  0.977102124077261     
           2           3  0.957146277280404     
           2           4  0.969999703515120     
           4           5  0.954692460829689     
           4           6  0.955532058487104     
           6           7  0.957418683731559     
           6           8  0.974586319658324     
           8           9  0.958383564622819     
           8          10  0.945797540357899     
          10          11  0.949737247452862     
           2          12  0.959752382447119     
          10          12  0.954048350844281     
          10          13   1.02123821755762     
           8          14   1.00260650776104     
           6          15  0.997410044254566     
           4          16   1.00067130906859     
           1          17   1.01116801720177     
           1          18  0.969227722708711     
           1          19  0.967866357491900     
          13          20  0.834110962854177     
          14          21  0.844805591599943     
          15          22  0.842092827962872     
          16          23  0.845370133749142     
          17          24  0.855448815731480     
