           1           2  0.984722720631062     
           2           3  0.954817215730257     
           2           4  0.955318540533927     
           4           5  0.958320454531571     
           4           6  0.970586470863571     
           6           7  0.954545609881302     
           6           8  0.967654742197001     
           8           9  0.957921505586791     
           8          10  0.953982857381853     
          10          11  0.947275929293096     
           2          12  0.961621957423778     
          10          12  0.971135665484301     
          10          13  0.999031420143612     
           8          14   1.00175608020283     
           6          15   1.00414760795923     
           4          16   1.00757537635142     
           1          17   1.00306220184307     
           1          18  0.966001303582024     
           1          19  0.967728282974594     
          13          20  0.838592797838652     
          14          21  0.843432331837946     
          15          22  0.842134201610155     
          16          23  0.853132495360308     
          17          24  0.845154425057992     
