           1           2  0.971748712932993     
           2           3  0.957654349121737     
           2           4  0.969803114004688     
           4           5  0.953824391467043     
           4           6  0.969283603419631     
           6           7  0.956656595820957     
           6           8  0.971065353295390     
           8           9  0.956109405594059     
           8          10  0.943685758656408     
          10          11  0.947415923242471     
           2          12  0.958872207836520     
          10          12  0.964353738003956     
          10          13   1.01665532226753     
           8          14  0.999874483460654     
           6          15  0.998322599706298     
           4          16   1.00346883610738     
           1          17   1.01377838445412     
           1          18  0.969283337671703     
           1          19  0.966827802274498     
          13          20  0.828387070067881     
          14          21  0.845505684057636     
          15          22  0.845732482473085     
          16          23  0.842699649727446     
          17          24  0.859037259094862     
