$hessian                                                                        
        0.2638908811  -0.0000092223   0.0248533472  -0.0781312091  -0.0627180563
       -0.0362925685  -0.0781696833   0.0627324894  -0.0363198505  -0.0749687485
       -0.0000064107   0.0232906919  -0.0326212402   0.0000011999   0.0244683798
       -0.0000092223   0.3437462941   0.0000156602  -0.0676202966  -0.1470739294
       -0.0613244055   0.0676325517  -0.1470131249   0.0613199998  -0.0000053433
       -0.0200282989   0.0000017008   0.0000023104  -0.0296309409  -0.0000129552
        0.0248533472   0.0000156602   0.5041383326  -0.0500664388  -0.0823799995
       -0.0984926237  -0.0501005221   0.0823715302  -0.0985136936   0.0379666496
        0.0000038245  -0.0437075906   0.0373469641  -0.0000110155  -0.2634244247
       -0.0781312091  -0.0676202966  -0.0500664388   0.1038023431   0.0966557553
        0.0512346915   0.0122162451   0.0007728558   0.0072325286  -0.0385690921
       -0.0238208280  -0.0050771659   0.0006817130  -0.0059874866  -0.0033236154
       -0.0627180563  -0.1470739294  -0.0823799995   0.0966557553   0.2399841890
        0.0900769382  -0.0007457847  -0.0762276776  -0.0002905465  -0.0248586772
       -0.0048197584   0.0022587943  -0.0083332371  -0.0118628236  -0.0096651865
       -0.0362925685  -0.0613244055  -0.0984926237   0.0512346915   0.0900769382
        0.0913397314   0.0072325553   0.0003067924   0.0152080819  -0.0053134341
        0.0016453084   0.0085978674  -0.0168612441  -0.0307046334  -0.0166530569
       -0.0781696833   0.0676325517  -0.0501005221   0.0122162451  -0.0007457847
        0.0072325553   0.1038584143  -0.0966870829   0.0512752406  -0.0385828006
        0.0238096744  -0.0050797832   0.0006778245   0.0059906416  -0.0033274905
        0.0627324894  -0.1470131249   0.0823715302   0.0007728558  -0.0762276776
        0.0003067924  -0.0966870829   0.2398989169  -0.0900833055   0.0248474397
       -0.0048052023  -0.0022583509   0.0083342980  -0.0118529121   0.0096633339
       -0.0363198505   0.0613199998  -0.0985136936   0.0072325286  -0.0002905465
        0.0152080819   0.0512752406  -0.0900833055   0.0913655964  -0.0053163943
       -0.0016448355   0.0085983632  -0.0168715244   0.0306986878  -0.0166583478
       -0.0749687485  -0.0000053433   0.0379666496  -0.0385690921  -0.0248586772
       -0.0053134341  -0.0385828006   0.0248474397  -0.0053163943   0.1689855011
        0.0000188813  -0.0339988526  -0.0168648599  -0.0000023006   0.0066620315
       -0.0000064107  -0.0200282989   0.0000038245  -0.0238208280  -0.0048197584
        0.0016453084   0.0238096744  -0.0048052023  -0.0016448355   0.0000188813
        0.0266585614  -0.0000046353  -0.0000013170   0.0029946982   0.0000003379
        0.0232906919   0.0000017008  -0.0437075906  -0.0050771659   0.0022587943
        0.0085978674  -0.0050797832  -0.0022583509   0.0085983632  -0.0339988526
       -0.0000046353   0.0308123035   0.0208651098   0.0000024912  -0.0043009435
       -0.0326212402   0.0000023104   0.0373469641   0.0006817130  -0.0083332371
       -0.0168612441   0.0006778245   0.0083342980  -0.0168715244  -0.0168648599
       -0.0000013170   0.0208651098   0.0481265625  -0.0000020543  -0.0244793054
        0.0000011999  -0.0296309409  -0.0000110155  -0.0059874866  -0.0118628236
       -0.0307046334   0.0059906416  -0.0118529121   0.0306986878  -0.0000023006
        0.0029946982   0.0000024912  -0.0000020543   0.0503519785   0.0000144699
        0.0244683798  -0.0000129552  -0.2634244247  -0.0033236154  -0.0096651865
       -0.0166530569  -0.0033274905   0.0096633339  -0.0166583478   0.0066620315
        0.0000003379  -0.0043009435  -0.0244793054   0.0000144699   0.3010367728
