           1           2  0.995413428699356     
           2           3  0.983036981223674     
           2           4  0.996002516373544     
           2           5  0.984318464777385     
           5           6   1.40249477885622     
           6           7   1.46008559440243     
           7           8   1.36463774843304     
           6           9  0.105322919146079     
           8           9   1.37606638454074     
           5          10   1.41313166137987     
           7          10  0.107569154252087     
           9          10   1.44653151743286     
           8          11   1.06470069153645     
           1          12  0.986807124863500     
           1          13  0.984033065113577     
           1          14  0.982097361474460     
           3          15  0.986336662438012     
           3          16  0.986312548716194     
           3          17  0.983740319196122     
           4          18  0.982213281229290     
           4          19  0.984030074605743     
           4          20  0.986692303832288     
           6          21  0.964851541314733     
           7          22  0.969078466277258     
           9          23  0.966314353820134     
          10          24  0.965037396502985     
          11          25  0.844412450682064     
