           1           2   1.01791102249656     
           2           3   1.74969667128914     
           2           4   1.05879055290797     
           4           5  0.923149832604355     
           4           6  0.910583615140808     
           5           6   1.01255371882125     
           1           7  0.943262950286808     
           1           8  0.979788915082588     
           1           9  0.962807322072838     
           4          10  0.968496581156071     
           5          11  0.977239662350086     
           5          12  0.974736750943979     
           6          13  0.977501425903812     
           6          14  0.974160490109604     
