           1           2  0.979665003426612     
           2           3  0.956661228695483     
           2           4  0.960177639634946     
           4           5  0.955454153997365     
           4           6  0.965459371255934     
           6           7  0.956873781472879     
           6           8  0.965647946308031     
           8           9  0.959022708194793     
           8          10  0.950161417163256     
          10          11  0.941095476997433     
           2          12  0.958545360097240     
          10          12  0.960892783352681     
          10          13   1.01814306660591     
           8          14  0.999143670478309     
           6          15   1.00463600950310     
           4          16   1.00617631339722     
           1          17   1.01049729086232     
           1          18  0.969626883791399     
           1          19  0.965904723524645     
          13          20  0.826193505219344     
          14          21  0.840556981610443     
          15          22  0.848723659697775     
          16          23  0.850190514619070     
          17          24  0.857813686658704     
