$hessian                                                                        
        0.4313993950  -0.0254337258   0.0617783094  -0.1336838579  -0.0149645819
        0.0572791949  -0.0451795678   0.0119105026   0.0100484417   0.0011377807
       -0.0033163028   0.0007844798  -0.0009400787   0.0049089202  -0.0004936066
       -0.0011923940  -0.0004232831   0.0012483553   0.0001265800   0.0000589464
       -0.0000109792   0.0000904068  -0.0000139796   0.0000146423   0.0002485189
       -0.0000198775   0.0000893382   0.0005285028  -0.0000710684   0.0000223878
       -0.0481169479  -0.0124573087  -0.0419916745  -0.0539897766  -0.0571105855
       -0.0025430482  -0.1486935879   0.0967907583  -0.0855793641  -0.0002437144
       -0.0000077684  -0.0002782451  -0.0001151238  -0.0002638796  -0.0000636324
       -0.0004644921   0.0004917452  -0.0000912189  -0.0001684315  -0.0000060439
        0.0000890917  -0.0000592360  -0.0000494432  -0.0000694277  -0.0000757109
       -0.0000000495   0.0000134603  -0.0000452245   0.0000287290  -0.0000593676
       -0.0001710841   0.0000111622  -0.0000233854  -0.0001193819   0.0000363035
       -0.0000322026  -0.0003403011  -0.0001249937   0.0000425282   0.0000677269
        0.0000258241  -0.0001740772
       -0.0254337258   0.5151340898  -0.0106818180  -0.0237040599  -0.0671913550
        0.0270770335   0.0173254579   0.0028327739  -0.0112469663   0.0017514258
       -0.0001441515  -0.0043799714   0.0037842135   0.0007693194   0.0029919151
        0.0005204953   0.0002210664  -0.0001069563  -0.0000451305  -0.0000237656
        0.0000116985  -0.0000279881  -0.0000645107   0.0000019231  -0.0000520118
       -0.0000909460   0.0000255643   0.0006644782   0.0001894119  -0.0004717301
       -0.0143959864  -0.0679933245  -0.0712894835  -0.0531982927  -0.2612445882
       -0.0005172664   0.0928826099  -0.1223946448   0.0687930412  -0.0001537166
       -0.0001963023   0.0001125426  -0.0000024030  -0.0000520648  -0.0000418258
        0.0001236344  -0.0000788156  -0.0001246601   0.0000379561   0.0000510565
       -0.0000295396   0.0000537141   0.0000130070  -0.0000344914  -0.0000112666
        0.0000244268  -0.0000089868   0.0000055481   0.0000328989  -0.0000152274
       -0.0000536575   0.0000219531  -0.0000654340  -0.0000455292   0.0000111812
       -0.0000308316  -0.0001512191  -0.0000789300   0.0000567912   0.0001254540
        0.0002522139  -0.0000253206
        0.0617783094  -0.0106818180   0.4810425224   0.0664463400   0.0215181019
       -0.1109868770   0.0029201730  -0.0076229770   0.0065604744  -0.0047772799
       -0.0025212027   0.0013742728  -0.0007130096   0.0030952836   0.0020445996
       -0.0002659945  -0.0000498050   0.0003094939   0.0000107742  -0.0000828492
       -0.0000537558  -0.0000158897  -0.0000027049  -0.0000387564  -0.0001009628
        0.0000410445  -0.0001285037   0.0005048193   0.0005335398  -0.0006944848
       -0.0452743792  -0.0714681362  -0.2404861663  -0.0014425613   0.0009166440
       -0.0414228449  -0.0799284610   0.0666436672  -0.0984378956   0.0004295301
       -0.0002214045   0.0004265398   0.0001041953   0.0000184087   0.0000402219
       -0.0000961925   0.0000699921   0.0001394024   0.0000582455   0.0000212776
       -0.0000115997   0.0000338552   0.0000079334   0.0000559935   0.0000088738
       -0.0000194155   0.0000228014   0.0000077329  -0.0000204264   0.0000561983
       -0.0000969663   0.0000468148  -0.0000399074   0.0000264925  -0.0000552735
        0.0000418723   0.0002087986  -0.0002650331   0.0000308142   0.0001735570
        0.0000983383   0.0001555846
       -0.1336838579  -0.0237040599   0.0664463400   0.4184379387  -0.1022169603
       -0.0685008418  -0.1626854527   0.0733391145  -0.0238260024  -0.0083721273
        0.0458313417  -0.0315543067  -0.0468967316   0.0147126482   0.0061158788
       -0.0043999877  -0.0026429917   0.0044318023   0.0000190845  -0.0004271871
        0.0000820535   0.0003673177  -0.0000776562  -0.0001892408  -0.0002728040
       -0.0006133858   0.0002196561  -0.0011920914   0.0037319566   0.0010511303
       -0.0059981990   0.0015271696   0.0150534705  -0.0229606016  -0.0111441691
        0.0142939743  -0.0297715812  -0.0002865509   0.0145068732  -0.0009823707
        0.0015646132   0.0008635802   0.0005080533   0.0001388412  -0.0002278380
       -0.0019384062   0.0015297665   0.0009552407   0.0008605813  -0.0001779179
        0.0002644461  -0.0001469960   0.0002659119   0.0000651692  -0.0000622971
        0.0000594399  -0.0001940048  -0.0000848890  -0.0000557535   0.0003087393
        0.0001066544   0.0004601544  -0.0000161879  -0.0001475310  -0.0002196014
       -0.0002597955  -0.0000080017  -0.0007297460  -0.0000999793  -0.0006957039
       -0.0008649781   0.0002098427
       -0.0149645819  -0.0671913550   0.0215181019  -0.1022169603   0.2370546658
       -0.1217550726   0.0672417633  -0.1218161127   0.0365077787   0.0462182599
       -0.0549210040   0.0620139847   0.0090808413   0.0073422341  -0.0025667978
       -0.0001594813   0.0006390276  -0.0001009757   0.0002573725   0.0002021098
        0.0000701137  -0.0001947805   0.0001853378  -0.0000295416   0.0000231945
        0.0006495363   0.0000960929  -0.0004835437  -0.0029971801  -0.0009882193
        0.0090675103   0.0017108740  -0.0041621354  -0.0285087026  -0.0031241486
        0.0193703658   0.0164496804   0.0017847451  -0.0097156946  -0.0008790890
       -0.0006649863  -0.0002552589  -0.0002462298  -0.0001207409   0.0002410827
        0.0002422243  -0.0000140022  -0.0003093890  -0.0009490174   0.0000917076
       -0.0003052487   0.0000493916  -0.0001220018  -0.0000799194  -0.0000516767
       -0.0000227504   0.0000466328   0.0000702663   0.0000805387  -0.0001750226
        0.0000252731  -0.0005253806   0.0000884388   0.0001393819   0.0001258048
        0.0002739000  -0.0003647688   0.0009434830   0.0001128192   0.0001536727
        0.0007095978   0.0001039644
        0.0572791949   0.0270770335  -0.1109868770  -0.0685008418  -0.1217550726
        0.2351223153  -0.0150081369   0.0323537591  -0.0816688324  -0.0318406713
        0.0626114002  -0.0235225707   0.0168574790  -0.0089176301   0.0046677116
        0.0032992859   0.0004603291  -0.0010221272  -0.0002015246  -0.0000409409
        0.0000054684  -0.0000174144  -0.0001083944   0.0000538561  -0.0000805360
       -0.0001864261   0.0001013637   0.0013456226  -0.0001010244   0.0004784126
        0.0341172370   0.0030839875  -0.0251841913   0.0092719182   0.0070588059
       -0.0054746017  -0.0071411977  -0.0019748378   0.0069533071  -0.0000617358
       -0.0000086318   0.0012074901  -0.0001272043   0.0002332425  -0.0002840107
        0.0004723265  -0.0005236990  -0.0002228510   0.0004998765  -0.0000218346
        0.0000686967   0.0000125999   0.0000400490   0.0000726524   0.0000094972
        0.0000574643  -0.0000072448  -0.0000577562  -0.0000202914   0.0000553951
        0.0000617291   0.0001127107   0.0000888281   0.0000057268   0.0000271189
       -0.0000993354  -0.0000379253   0.0002896707  -0.0002858823  -0.0001575493
        0.0002532115  -0.0001169729
       -0.0451795678   0.0173254579   0.0029201730  -0.1626854527   0.0672417633
       -0.0150081369   0.4367694043  -0.0284316250  -0.0918467266  -0.0764070960
       -0.0386542413   0.0454749633  -0.1191765588  -0.0079378959   0.0482445495
       -0.0198823511   0.0040287010   0.0113169399  -0.0002956783   0.0000349839
        0.0003262752  -0.0013665134   0.0000189306   0.0000999691  -0.0002307322
        0.0007761945   0.0000925699  -0.0153470855  -0.0175912129   0.0050072119
        0.0007516587  -0.0002132485  -0.0016125806   0.0006771402   0.0017029957
       -0.0000621356  -0.0057584051   0.0004426595   0.0030916857   0.0072106032
       -0.0014663727  -0.0067437579   0.0003344818  -0.0006355865   0.0002198718
       -0.0012802909   0.0015975568  -0.0001274126  -0.0006041149   0.0008621374
       -0.0009473478   0.0007245971  -0.0003605187  -0.0001083754   0.0002906713
       -0.0000301152   0.0004219847   0.0001881231   0.0001220588  -0.0004319773
        0.0000195863  -0.0007990245  -0.0009909373   0.0005978711   0.0004607832
        0.0006136682   0.0008051070   0.0018774343   0.0002633448  -0.0001553975
       -0.0003718157  -0.0002138190
        0.0119105026   0.0028327739  -0.0076229770   0.0733391145  -0.1218161127
        0.0323537591  -0.0284316250   0.5231137264  -0.3259938560  -0.0233849641
       -0.3232597683   0.2834216406  -0.0220165976  -0.0629699688   0.0100668702
        0.0144405415   0.0025458544  -0.0120702899  -0.0010924442   0.0000765936
       -0.0002353142   0.0000481091  -0.0002546012   0.0001564365  -0.0001610052
       -0.0003021345   0.0000770836  -0.0203668292  -0.0112342221   0.0140433934
       -0.0005118613   0.0019666761   0.0013272456  -0.0035204783   0.0003355466
       -0.0007218550  -0.0010582210  -0.0008512705   0.0016335746  -0.0021236747
       -0.0000847985   0.0044447613   0.0013090479  -0.0007671779  -0.0017435108
        0.0036162600  -0.0036870236  -0.0004938762   0.0018556100  -0.0004508618
        0.0015111007  -0.0000325653   0.0000531578   0.0002475673   0.0002057162
       -0.0000063074   0.0000323639  -0.0000773208  -0.0002485204   0.0001530483
       -0.0001130894   0.0011432677  -0.0000736528  -0.0000729212  -0.0002305795
        0.0000293613  -0.0008416808  -0.0016072706   0.0005801966  -0.0029196239
       -0.0042969785  -0.0011230710
        0.0100484417  -0.0112469663   0.0065604744  -0.0238260024   0.0365077787
       -0.0816688324  -0.0918467266  -0.3259938560   0.5835812716   0.0313091978
        0.2907986178  -0.3830032349   0.0461695955  -0.0001360839  -0.1065266964
        0.0066372134  -0.0036226808  -0.0022498736   0.0008521409   0.0001583292
        0.0005023185   0.0004752052   0.0005069692  -0.0005607231  -0.0008295479
       -0.0007252040   0.0009236861  -0.0021297550   0.0078883520   0.0083827975
        0.0027709868  -0.0022553810  -0.0005308258   0.0019560557   0.0005560540
        0.0019835261   0.0030068782   0.0014259674  -0.0024982762   0.0201762790
        0.0093547570  -0.0238446399   0.0001715257   0.0005680060   0.0009455177
        0.0002425296   0.0004311969   0.0009023411  -0.0019567139   0.0007190314
       -0.0008778186  -0.0002732188  -0.0000780025  -0.0003494724  -0.0004628332
       -0.0000877455  -0.0002824041   0.0002320765  -0.0001227369  -0.0001909869
       -0.0004988633  -0.0009374270  -0.0011845425  -0.0004346935  -0.0000337783
       -0.0007922943   0.0000296739   0.0001991756   0.0008975460  -0.0018194454
       -0.0038743729  -0.0001188580
        0.0011377807   0.0017514258  -0.0047772799  -0.0083721273   0.0462182599
       -0.0318406713  -0.0764070960  -0.0233849641   0.0313091978   0.0886170432
       -0.0029159745  -0.0259691998   0.0028346850  -0.0169022820   0.0268210783
        0.0006678523  -0.0010356721  -0.0007367122  -0.0018995236   0.0005152026
       -0.0008114444   0.0001583801   0.0000872963   0.0002883145   0.0000445863
       -0.0000724697  -0.0000107766  -0.0011167606  -0.0002511448   0.0004595039
        0.0007077215  -0.0010691997  -0.0002747410   0.0007448706  -0.0003269624
        0.0002493969   0.0013241401   0.0004712110  -0.0007927539  -0.0040819546
       -0.0015672716   0.0046382360  -0.0000194899  -0.0001453938  -0.0002927809
        0.0000633745  -0.0001932619  -0.0000841184  -0.0024295161  -0.0002152146
        0.0011822064  -0.0006031555   0.0000212090   0.0004833539  -0.0000373696
        0.0000105321  -0.0000955584  -0.0001791512  -0.0002365991   0.0002077335
       -0.0005512171   0.0000723253   0.0002131777  -0.0000804597  -0.0001932341
        0.0000039632  -0.0000680625  -0.0001697446   0.0000105135  -0.0004545508
       -0.0004680730  -0.0001806389
       -0.0033163028  -0.0001441515  -0.0025212027   0.0458313417  -0.0549210040
        0.0626114002  -0.0386542413  -0.3232597683   0.2907986178  -0.0029159745
        0.3830089631  -0.3743569712  -0.0003691584  -0.0079604734   0.0241257487
        0.0016384516  -0.0001281268  -0.0014975114   0.0008992600   0.0005941583
       -0.0000446296  -0.0000039224   0.0003235621  -0.0000787511  -0.0000388007
        0.0001636842  -0.0001772924   0.0007982328   0.0024482306  -0.0004990574
       -0.0000042073  -0.0002501171  -0.0009863346   0.0007528920   0.0001512301
        0.0002844554  -0.0009077642   0.0006687513  -0.0004210215  -0.0028767748
       -0.0006709611   0.0031800352  -0.0002277414   0.0009420237   0.0009335468
       -0.0000933447   0.0004845687   0.0000584361  -0.0002065675  -0.0000963339
       -0.0011321939  -0.0001459041  -0.0000587692  -0.0000223522  -0.0000390360
       -0.0000857655  -0.0000529257   0.0000381385   0.0000014978   0.0000590007
       -0.0002552382  -0.0005592982  -0.0002877090   0.0001237812  -0.0000027958
       -0.0001513203   0.0002767671  -0.0001343428   0.0000998110  -0.0003038865
       -0.0005147625   0.0000782210
        0.0007844798  -0.0043799714   0.0013742728  -0.0315543067   0.0620139847
       -0.0235225707   0.0454749633   0.2834216406  -0.3830032349  -0.0259691998
       -0.3743569712   0.4306203795   0.0105536357   0.0331076516  -0.0209720210
       -0.0029713355   0.0009644969   0.0018310274  -0.0004621665   0.0000841047
        0.0000543945  -0.0000832379  -0.0001868350   0.0003059433  -0.0000512075
       -0.0004767758  -0.0003769709   0.0021755788  -0.0018189199  -0.0048872688
       -0.0006380855   0.0012273920   0.0001755655  -0.0011768313  -0.0011585583
       -0.0009420430   0.0002627736  -0.0009843643   0.0008791457   0.0029228121
        0.0008517634  -0.0034507839  -0.0003924401  -0.0005652351  -0.0002374866
       -0.0002999268  -0.0001272151   0.0000516655   0.0005652371  -0.0006077848
        0.0006700376   0.0000396909   0.0000759616  -0.0000333935   0.0002219143
        0.0000236237   0.0001360777  -0.0002009400   0.0000660359   0.0001019278
        0.0000202360   0.0004563331   0.0007585011  -0.0000456706  -0.0000310400
        0.0002277365  -0.0004201159  -0.0001138610  -0.0003532285   0.0012441421
        0.0025145437   0.0005923270
       -0.0009400787   0.0037842135  -0.0007130096  -0.0468967316   0.0090808413
        0.0168574790  -0.1191765588  -0.0220165976   0.0461695955   0.0028346850
       -0.0003691584   0.0105536357   0.4745155609  -0.0329630665   0.0207444128
       -0.1153333288   0.0607017982   0.0051197594  -0.0142104852   0.0126679102
       -0.0057349500   0.0017123178   0.0001128611   0.0013902407  -0.0092242736
       -0.0129434381  -0.0091649946  -0.0824032565  -0.0378151001  -0.0090067410
       -0.0007014564  -0.0000287269   0.0002941062   0.0002886148   0.0000594328
       -0.0000225636  -0.0009702244  -0.0001717920   0.0007764721  -0.0715440545
        0.0158692099  -0.0772640247   0.0074307249  -0.0070836557  -0.0003059089
       -0.0179273148   0.0171062101   0.0043948155   0.0003172753  -0.0003858826
        0.0004059326  -0.0015194762   0.0006817905  -0.0031772070   0.0001017559
        0.0000195675   0.0001485396  -0.0003000877  -0.0001179576   0.0001169344
        0.0005857067   0.0001690231   0.0006691070  -0.0015011204  -0.0000596116
       -0.0035373449   0.0070959603   0.0154806391   0.0049504292  -0.0122341539
       -0.0217785102  -0.0036647156
        0.0049089202   0.0007693194   0.0030952836   0.0147126482   0.0073422341
       -0.0089176301  -0.0079378959  -0.0629699688  -0.0001360839  -0.0169022820
       -0.0079604734   0.0331076516  -0.0329630665   0.4426599635  -0.0193185823
        0.0613924862  -0.1320752603  -0.0043322361   0.0075266301  -0.0041696379
        0.0056911628   0.0001868580  -0.0007686047  -0.0004404190  -0.0041578218
       -0.0000228114  -0.0064884674  -0.0442434227  -0.1429871967  -0.0209188266
       -0.0006827837   0.0000148180   0.0004900572   0.0005633624  -0.0002532432
       -0.0000933315   0.0010672532   0.0001491974  -0.0005925832   0.0146613203
       -0.0407623652   0.0290362195   0.0179064009  -0.0255589744  -0.0023057548
        0.0004492008   0.0012712791  -0.0000821143  -0.0002619764   0.0001829403
       -0.0001199871  -0.0000134025   0.0009320329   0.0007169353  -0.0000721994
        0.0000261440  -0.0000109451   0.0000245847  -0.0000284844   0.0000124645
        0.0002123309   0.0004274005   0.0003285028   0.0004086690   0.0012966880
        0.0002722830  -0.0082827547  -0.0244992292  -0.0068914661  -0.0085030592
       -0.0130157675  -0.0021021327
       -0.0004936066   0.0029919151   0.0020445996   0.0061158788  -0.0025667978
        0.0046677116   0.0482445495   0.0100668702  -0.1065266964   0.0268210783
        0.0241257487  -0.0209720210   0.0207444128  -0.0193185823   0.5020383887
        0.0021348915  -0.0007966715  -0.0672726668  -0.0176799992   0.0177834782
       -0.0002239562   0.0015142152  -0.0003628517   0.0019833993  -0.0138751223
       -0.0202624193  -0.0109669759  -0.0179020154  -0.0331865704  -0.0672897114
       -0.0004593245   0.0001117221   0.0000792297   0.0005555668  -0.0001245167
       -0.0002948337  -0.0001756194   0.0000891779   0.0001263845  -0.0765935103
        0.0300926801  -0.2312239740   0.0035978100  -0.0048322651   0.0001226711
        0.0164561641  -0.0166894027  -0.0029605831   0.0004473455   0.0002560936
        0.0008334831  -0.0037653808   0.0013180797  -0.0042181598   0.0003523578
        0.0000747306   0.0001907444  -0.0001255766  -0.0000015861  -0.0001035638
        0.0001121740  -0.0004701327   0.0009395379  -0.0032665586  -0.0000860450
       -0.0043095980  -0.0010700770  -0.0039300754  -0.0006430144   0.0083103463
        0.0157174208   0.0039796046
       -0.0011923940   0.0005204953  -0.0002659945  -0.0043999877  -0.0001594813
        0.0032992859  -0.0198823511   0.0144405415   0.0066372134   0.0006678523
        0.0016384516  -0.0029713355  -0.1153333288   0.0613924862   0.0021348915
        0.4897895391   0.0412282640  -0.0252141022  -0.0989159405   0.0058371439
       -0.0531396177  -0.0105010369  -0.0045529341  -0.0146102108  -0.0000293842
        0.0012776131   0.0001669840   0.0069498419  -0.0042316411   0.0005093024
       -0.0000189259  -0.0000074148  -0.0000582643  -0.0000338563   0.0000917879
        0.0000124792  -0.0002970548  -0.0000384741   0.0001969147  -0.0102109163
        0.0112288657  -0.0015863259  -0.0967675068  -0.0966374329  -0.0164529277
       -0.1344462347  -0.0285023958   0.1106020368   0.0086100403  -0.0018531817
        0.0138155442  -0.0139677762   0.0046991375  -0.0200458655  -0.0008078308
       -0.0028862783  -0.0011976865   0.0003109130   0.0003441731  -0.0007394611
        0.0000961420  -0.0001357838  -0.0000499334   0.0000190100   0.0000264706
        0.0000869941  -0.0001733513  -0.0031227782  -0.0008902635   0.0005345377
       -0.0005976342  -0.0002396577
       -0.0004232831   0.0002210664  -0.0000498050  -0.0026429917   0.0006390276
        0.0004603291   0.0040287010   0.0025458544  -0.0036226808  -0.0010356721
       -0.0001281268   0.0009644969   0.0607017982  -0.1320752603  -0.0007966715
        0.0412282640   0.4992870309  -0.0014859813   0.0042210886  -0.0660465300
        0.0084887709  -0.0142130837  -0.0006710622  -0.0214058825   0.0013824747
        0.0023556204   0.0013775084   0.0133251349  -0.0272476168  -0.0036258238
        0.0000373873   0.0000043130   0.0000252617   0.0000274316  -0.0000375563
       -0.0000132174  -0.0001490958  -0.0000189760   0.0000524456   0.0062111574
       -0.0051723840   0.0010033527  -0.0968974899  -0.2116382335  -0.0323305079
       -0.0280265928  -0.0510052055   0.0305215967   0.0035390011  -0.0002649263
        0.0074053433   0.0128628276  -0.0031424438   0.0182221826  -0.0032286820
       -0.0043996830  -0.0026611842   0.0002500970   0.0007105504  -0.0006408047
        0.0000036421  -0.0000832722  -0.0002508189   0.0000592261   0.0002611829
        0.0002366885  -0.0018937895  -0.0046660087  -0.0016945133   0.0006324490
        0.0005726395  -0.0001800851
        0.0012483553  -0.0001069563   0.0003094939   0.0044318023  -0.0001009757
       -0.0010221272   0.0113169399  -0.0120702899  -0.0022498736  -0.0007367122
       -0.0014975114   0.0018310274   0.0051197594  -0.0043322361  -0.0672726668
       -0.0252141022  -0.0014859813   0.4898195447  -0.0544884984   0.0109945819
       -0.1637852900  -0.0091396106  -0.0057839317  -0.0107038085   0.0002092359
        0.0012775672   0.0002726608   0.0039807931  -0.0069080859   0.0003090814
       -0.0001093359  -0.0000227157   0.0001095391   0.0000110969  -0.0000402123
        0.0000110641   0.0002437880   0.0000244530  -0.0001377232  -0.0176629821
        0.0194213599  -0.0016283629  -0.0166250735  -0.0325255190  -0.0489416059
        0.1099162964   0.0306542899  -0.1715553309  -0.0114522607   0.0035177275
       -0.0267735021  -0.0012118662   0.0008735989  -0.0005402192  -0.0005340228
       -0.0015281693   0.0003604662   0.0007536384   0.0006738295   0.0010559966
        0.0000617527  -0.0001204710  -0.0000849645   0.0001448624   0.0002574080
        0.0001911795  -0.0001829669  -0.0016894885   0.0001628737  -0.0000808892
        0.0005177286   0.0002625473
        0.0001265800  -0.0000451305   0.0000107742   0.0000190845   0.0002573725
       -0.0002015246  -0.0002956783  -0.0010924442   0.0008521409  -0.0018995236
        0.0008992600  -0.0004621665  -0.0142104852   0.0075266301  -0.0176799992
       -0.0989159405   0.0042210886  -0.0544884984   0.5116823994  -0.0223643799
       -0.0404734866  -0.0928121294  -0.0519661745  -0.0110086207   0.0075844392
        0.0153172226   0.0041870633   0.0009622073  -0.0020385182  -0.0002561166
       -0.0000398454   0.0000446787   0.0000113788  -0.0000284610   0.0000108359
       -0.0000280797  -0.0000231247   0.0000043504   0.0000273650  -0.0022495726
        0.0030571424  -0.0002895513  -0.0092886783  -0.0011084496  -0.0155606544
        0.0082733663  -0.0010322182   0.0142479104  -0.1340900862  -0.0358497056
        0.1072387605  -0.1544968543   0.1129883811   0.0212627191  -0.0081143297
       -0.0145473321  -0.0057582636  -0.0109825578  -0.0199208759  -0.0022592118
        0.0008493633   0.0010390838  -0.0001399993  -0.0020393924   0.0045945514
        0.0007111759   0.0000390070  -0.0001559841   0.0000692016  -0.0000497876
        0.0001606154  -0.0000123169
        0.0000589464  -0.0000237656  -0.0000828492  -0.0004271871   0.0002021098
       -0.0000409409   0.0000349839   0.0000765936   0.0001583292   0.0005152026
        0.0005941583   0.0000841047   0.0126679102  -0.0041696379   0.0177834782
        0.0058371439  -0.0660465300   0.0109945819  -0.0223643799   0.4971609649
       -0.0073728125  -0.0532135673  -0.1650928553  -0.0246612376  -0.0033350138
       -0.0297664259  -0.0069414899  -0.0017738125   0.0020783853  -0.0004403353
        0.0000085463   0.0000125075   0.0000116717   0.0000142183  -0.0000042354
       -0.0000185155  -0.0000088367   0.0000004645   0.0000146988   0.0036756907
       -0.0030814988   0.0007582247  -0.0140379622   0.0001938219  -0.0221042025
        0.0022834562  -0.0000906041   0.0064374811  -0.0365512074  -0.0604366718
        0.0450731432   0.1136599573  -0.1570450575  -0.0187450241  -0.0015237722
       -0.0006268999  -0.0013207239  -0.0076098001  -0.0114467918   0.0000514036
       -0.0009299436   0.0009836845   0.0004847216   0.0031630046  -0.0036211178
       -0.0003262597  -0.0001539573   0.0004110600  -0.0000192571   0.0000103796
       -0.0002616585   0.0002218096
       -0.0000109792   0.0000116985  -0.0000537558   0.0000820535   0.0000701137
        0.0000054684   0.0003262752  -0.0002353142   0.0005023185  -0.0008114444
       -0.0000446296   0.0000543945  -0.0057349500   0.0056911628  -0.0002239562
       -0.0531396177   0.0084887709  -0.1637852900  -0.0404734866  -0.0073728125
        0.4906656215  -0.0110955058  -0.0233841381  -0.0729935870   0.0001723534
       -0.0056081934  -0.0005614291  -0.0002834709  -0.0004458846  -0.0004167474
       -0.0000198410  -0.0000436171   0.0000256385   0.0000196048   0.0000191530
        0.0000180152   0.0000201945   0.0000123617  -0.0000094740   0.0004747812
       -0.0004489682   0.0010579795  -0.0060016958  -0.0010538036  -0.0081298660
       -0.0108613576   0.0034479120  -0.0274146123   0.1092813282   0.0447795684
       -0.1688357728   0.0207456000  -0.0179677585  -0.0461783479  -0.0137345155
       -0.0231787865  -0.0083931631   0.0104996104   0.0187115562   0.0036706178
       -0.0003374871  -0.0007827431   0.0002801529   0.0006298678  -0.0006757004
        0.0007004166   0.0001081302  -0.0000682554   0.0000422709   0.0001445526
        0.0000783081  -0.0000268924
        0.0000904068  -0.0000279881  -0.0000158897   0.0003673177  -0.0001947805
       -0.0000174144  -0.0013665134   0.0000481091   0.0004752052   0.0001583801
       -0.0000039224  -0.0000832379   0.0017123178   0.0001868580   0.0015142152
       -0.0105010369  -0.0142130837  -0.0091396106  -0.0928121294  -0.0532135673
       -0.0110955058   0.5010126084   0.0075998551   0.0022777999  -0.1310256652
        0.0653204433   0.0121886687  -0.0167005616   0.0138363024  -0.0056371499
       -0.0000156460   0.0000157409  -0.0000240059  -0.0000406870  -0.0000036772
       -0.0000152883  -0.0000083832  -0.0000084817  -0.0000003134   0.0003631039
       -0.0000478558   0.0001729230  -0.0015461382  -0.0002739230  -0.0031170568
        0.0007363287   0.0003465754   0.0008300904  -0.0112154135  -0.0192132897
       -0.0021635133   0.0076885943   0.0174168982   0.0044232698  -0.0999295631
        0.0109645002  -0.0972767796  -0.1351092420  -0.0365831408   0.1041250382
       -0.0187545685   0.0152152235   0.0054037303   0.0072678367  -0.0071657866
       -0.0009643476  -0.0014364930   0.0005981331  -0.0027872851   0.0010651466
       -0.0005991425   0.0009264579
       -0.0000139796  -0.0000645107  -0.0000027049  -0.0000776562   0.0001853378
       -0.0001083944   0.0000189306  -0.0002546012   0.0005069692   0.0000872963
        0.0003235621  -0.0001868350   0.0001128611  -0.0007686047  -0.0003628517
       -0.0045529341  -0.0006710622  -0.0057839317  -0.0519661745  -0.1650928553
       -0.0233841381   0.0075998551   0.4541703524  -0.0196309339   0.0641624910
       -0.1306537176  -0.0098958387   0.0084196225  -0.0050917388   0.0049280571
        0.0000033337   0.0000089823   0.0000252040   0.0000285818   0.0000180760
       -0.0000238475  -0.0000008716   0.0000186247   0.0000061433   0.0000101996
        0.0000842136  -0.0000167523   0.0005126265   0.0012174649   0.0006150997
        0.0005014324   0.0005627235   0.0005039728  -0.0080650060  -0.0114005153
       -0.0007114300  -0.0088046688  -0.0241133674  -0.0059205899   0.0109605308
       -0.0430860936   0.0212196354  -0.0364144578  -0.0560912267   0.0422539998
       -0.0018132731   0.0034943643  -0.0002873752   0.0188026052  -0.0238862689
       -0.0040236377   0.0003923719   0.0008512048   0.0007430677   0.0000962834
        0.0002396560  -0.0004628881
        0.0000146423   0.0000019231  -0.0000387564  -0.0001892408  -0.0000295416
        0.0000538561   0.0000999691   0.0001564365  -0.0005607231   0.0002883145
       -0.0000787511   0.0003059433   0.0013902407  -0.0004404190   0.0019833993
       -0.0146102108  -0.0214058825  -0.0107038085  -0.0110086207  -0.0246612376
       -0.0729935870   0.0022777999  -0.0196309339   0.5401534601   0.0116481047
       -0.0087322513  -0.0681346354  -0.0186800509   0.0177703803  -0.0010411063
       -0.0000172507   0.0000096588   0.0000285724   0.0000033155  -0.0000076168
        0.0000119369   0.0000015186  -0.0000036951   0.0000335071   0.0002156836
       -0.0000099787   0.0001310371  -0.0036809554  -0.0004681905  -0.0045564712
       -0.0006878130  -0.0007865568   0.0006401546   0.0102162537   0.0185555160
        0.0039478930  -0.0014942010  -0.0050412281  -0.0006023913  -0.0968505498
        0.0211367380  -0.2158939995   0.1037689549   0.0424335225  -0.1655024854
        0.0177396252  -0.0151461420  -0.0035174903   0.0047232774  -0.0056636663
       -0.0002461862  -0.0039623242   0.0015215225  -0.0042922830  -0.0012064829
        0.0005203937   0.0007941635
        0.0002485189  -0.0000520118  -0.0001009628  -0.0002728040   0.0000231945
       -0.0000805360  -0.0002307322  -0.0001610052  -0.0008295479   0.0000445863
       -0.0000388007  -0.0000512075  -0.0092242736  -0.0041578218  -0.0138751223
       -0.0000293842   0.0013824747   0.0002092359   0.0075844392  -0.0033350138
        0.0001723534  -0.1310256652   0.0641624910   0.0116481047   0.4874231479
        0.0386118204  -0.0243930715  -0.0961131711   0.0078352263  -0.0528947016
       -0.0000610692   0.0000042376  -0.0000181441  -0.0000753671  -0.0000175667
       -0.0000022946  -0.0000260630  -0.0000383863   0.0000205973  -0.0005834269
       -0.0022457634  -0.0009521795   0.0000162017   0.0000000178   0.0000752393
        0.0000124786  -0.0001019972  -0.0000063348   0.0008507799  -0.0009743585
       -0.0004641111   0.0001662307  -0.0032992705  -0.0007710345  -0.0133700890
        0.0130961560  -0.0003168680  -0.0180127163   0.0155771642   0.0057013108
       -0.1351586586  -0.0399136005   0.1042586844  -0.0872785242  -0.0892797628
       -0.0220656126  -0.0127808253   0.0051379990  -0.0201326319   0.0078963866
       -0.0022154223   0.0148688349
       -0.0000198775  -0.0000909460   0.0000410445  -0.0006133858   0.0006495363
       -0.0001864261   0.0007761945  -0.0003021345  -0.0007252040  -0.0000724697
        0.0001636842  -0.0004767758  -0.0129434381  -0.0000228114  -0.0202624193
        0.0012776131   0.0023556204   0.0012775672   0.0153172226  -0.0297664259
       -0.0056081934   0.0653204433  -0.1306537176  -0.0087322513   0.0386118204
        0.5127317908   0.0040026839   0.0062433557  -0.0668096649   0.0137659908
       -0.0000147615  -0.0000003657   0.0000162752   0.0000061703   0.0000186365
       -0.0000326578  -0.0000230742  -0.0000172273   0.0000202909  -0.0029740400
       -0.0039166642  -0.0025782362   0.0000413451   0.0003437056   0.0001801287
       -0.0000190405  -0.0001841716  -0.0002281410   0.0008492140   0.0006747869
       -0.0003737515  -0.0020278567  -0.0054209915  -0.0018362352   0.0057126459
       -0.0044327971   0.0006854050  -0.0019174386   0.0034718751  -0.0005305889
       -0.0395821014  -0.0606962527   0.0418229649  -0.0892602220  -0.2141126902
       -0.0468000504   0.0117176680  -0.0034413894   0.0182261174   0.0035940129
       -0.0005413860   0.0083324620
        0.0000893382   0.0000255643  -0.0001285037   0.0002196561   0.0000960929
        0.0001013637   0.0000925699   0.0000770836   0.0009236861  -0.0000107766
       -0.0001772924  -0.0003769709  -0.0091649946  -0.0064884674  -0.0109669759
        0.0001669840   0.0013775084   0.0002726608   0.0041870633  -0.0069414899
       -0.0005614291   0.0121886687  -0.0098958387  -0.0681346354  -0.0243930715
        0.0040026839   0.4918290539  -0.0525189123   0.0159858711  -0.1663988773
        0.0000317404  -0.0000311658   0.0000251354   0.0000034918   0.0000309968
        0.0000302818   0.0000133802   0.0000058140  -0.0000382809  -0.0008183806
       -0.0014370788   0.0001752163   0.0001147540   0.0002477525   0.0001835693
        0.0001297201  -0.0001067277  -0.0001268206  -0.0002155882   0.0009020563
        0.0004253317  -0.0003669346  -0.0015474898   0.0002609886  -0.0190383642
        0.0183735515   0.0007962521   0.0173934175  -0.0152220409  -0.0043379857
        0.1047416842   0.0427361018  -0.1610647882  -0.0222604799  -0.0472288342
       -0.0562718731  -0.0013681640   0.0009270970  -0.0003661681  -0.0092168019
        0.0042882512  -0.0262502309
        0.0005285028   0.0006644782   0.0005048193  -0.0011920914  -0.0004835437
        0.0013456226  -0.0153470855  -0.0203668292  -0.0021297550  -0.0011167606
        0.0007982328   0.0021755788  -0.0824032565  -0.0442434227  -0.0179020154
        0.0069498419   0.0133251349   0.0039807931   0.0009622073  -0.0017738125
       -0.0002834709  -0.0167005616   0.0084196225  -0.0186800509  -0.0961131711
        0.0062433557  -0.0525189123   0.5111414588  -0.0338357951  -0.0364509200
       -0.0002328671  -0.0000263679   0.0001111811   0.0000634425   0.0000387219
       -0.0000043780   0.0000158997  -0.0000220753  -0.0000071089  -0.0059028922
       -0.0120467299  -0.0063496422  -0.0018646370   0.0041145672   0.0004626462
        0.0005342040   0.0006927260  -0.0000345196  -0.0000161875   0.0002302168
        0.0000265064   0.0001015362  -0.0001557026   0.0001122917  -0.0030907539
        0.0039554336  -0.0003384168   0.0004751312   0.0000668488  -0.0012320833
        0.0084800872  -0.0019287025   0.0150255076  -0.0083721783  -0.0004708682
       -0.0143235782  -0.1569221135   0.1147429280   0.0183190184  -0.1399777554
       -0.0379384169   0.1081908864
       -0.0000710684   0.0001894119   0.0005335398   0.0037319566  -0.0029971801
       -0.0001010244  -0.0175912129  -0.0112342221   0.0078883520  -0.0002511448
        0.0024482306  -0.0018189199  -0.0378151001  -0.1429871967  -0.0331865704
       -0.0042316411  -0.0272476168  -0.0069080859  -0.0020385182   0.0020783853
       -0.0004458846   0.0138363024  -0.0050917388   0.0177703803   0.0078352263
       -0.0668096649   0.0159858711  -0.0338357951   0.4730572375  -0.0141908876
       -0.0000898787   0.0000357369  -0.0000859526   0.0001075034   0.0000125268
       -0.0000541736   0.0000579510   0.0000201546   0.0000115227  -0.0019682573
       -0.0014467012  -0.0020054803   0.0027920744  -0.0036370344  -0.0003310696
       -0.0006758744   0.0006608286   0.0003624402   0.0000900175  -0.0001953749
        0.0002520044  -0.0002144615   0.0003318247  -0.0001425230   0.0038560389
       -0.0030574131   0.0005542882  -0.0006581515   0.0005751858   0.0002813261
        0.0035571224  -0.0006763056   0.0085359952  -0.0135468854   0.0009241368
       -0.0221629216   0.1151872192  -0.1562684190  -0.0152612760  -0.0380634229
       -0.0586847917   0.0445190493
        0.0000223878  -0.0004717301  -0.0006944848   0.0010511303  -0.0009882193
        0.0004784126   0.0050072119   0.0140433934   0.0083827975   0.0004595039
       -0.0004990574  -0.0048872688  -0.0090067410  -0.0209188266  -0.0672897114
        0.0005093024  -0.0036258238   0.0003090814  -0.0002561166  -0.0004403353
       -0.0004167474  -0.0056371499   0.0049280571  -0.0010411063  -0.0528947016
        0.0137659908  -0.1663988773  -0.0364509200  -0.0141908876   0.4799684126
        0.0001073698  -0.0000049560  -0.0000516559  -0.0000750332   0.0000456802
        0.0000289247  -0.0000168842   0.0000048286  -0.0000158688  -0.0143952993
       -0.0234973538  -0.0106543667   0.0004650465  -0.0000168829   0.0005791913
       -0.0001554483  -0.0004114210   0.0001963475   0.0000951410   0.0001233331
        0.0000124466   0.0001705965  -0.0001251653   0.0000370788   0.0007577022
       -0.0002675257   0.0011059736   0.0009073824  -0.0006757282   0.0010381435
       -0.0107095528   0.0044030778  -0.0262788014  -0.0065816680  -0.0006339038
       -0.0099166755   0.0185100686  -0.0153917684  -0.0452526373   0.1081166716
        0.0448452240  -0.1592386086
       -0.0481169479  -0.0143959864  -0.0452743792  -0.0059981990   0.0090675103
        0.0341172370   0.0007516587  -0.0005118613   0.0027709868   0.0007077215
       -0.0000042073  -0.0006380855  -0.0007014564  -0.0006827837  -0.0004593245
       -0.0000189259   0.0000373873  -0.0001093359  -0.0000398454   0.0000085463
       -0.0000198410  -0.0000156460   0.0000033337  -0.0000172507  -0.0000610692
       -0.0000147615   0.0000317404  -0.0002328671  -0.0000898787   0.0001073698
        0.0584563775   0.0160825508   0.0374304570  -0.0004291895  -0.0032816309
       -0.0078321218  -0.0041855497  -0.0063286008  -0.0200019632   0.0000165164
        0.0000435639  -0.0002056137   0.0000034305  -0.0000149344   0.0000032289
        0.0000434559  -0.0000306664  -0.0000120902  -0.0000268430   0.0000128744
        0.0000251570   0.0000007347  -0.0000069936   0.0000040838  -0.0000177839
        0.0000066177   0.0000149313   0.0000143566  -0.0000039380  -0.0000051139
       -0.0001099086   0.0000378155  -0.0000095244  -0.0000094847   0.0000198218
        0.0000013840  -0.0000233819   0.0000808012   0.0001136841  -0.0000071536
       -0.0000345798  -0.0000356160
       -0.0124573087  -0.0679933245  -0.0714681362   0.0015271696   0.0017108740
        0.0030839875  -0.0002132485   0.0019666761  -0.0022553810  -0.0010691997
       -0.0002501171   0.0012273920  -0.0000287269   0.0000148180   0.0001117221
       -0.0000074148   0.0000043130  -0.0000227157   0.0000446787   0.0000125075
       -0.0000436171   0.0000157409   0.0000089823   0.0000096588   0.0000042376
       -0.0000003657  -0.0000311658  -0.0000263679   0.0000357369  -0.0000049560
        0.0160825508   0.0736633233   0.0826632601  -0.0080419318  -0.0144528423
       -0.0293598496   0.0042283761   0.0054092217   0.0159017127  -0.0000230136
       -0.0000371267   0.0000548017   0.0000061464  -0.0000206204  -0.0000353542
       -0.0000007636   0.0000135945   0.0000047986   0.0000353314  -0.0000419298
       -0.0000011374   0.0000077041  -0.0000056331  -0.0000060553   0.0000147141
       -0.0000075391   0.0000092987  -0.0000142183   0.0000036918   0.0000084172
        0.0000099118   0.0000263501   0.0000269139  -0.0000517234  -0.0000289173
        0.0000366869  -0.0000382562  -0.0000257357   0.0000732918  -0.0000043882
       -0.0000059375   0.0000164263
       -0.0419916745  -0.0712894835  -0.2404861663   0.0150534705  -0.0041621354
       -0.0251841913  -0.0016125806   0.0013272456  -0.0005308258  -0.0002747410
       -0.0009863346   0.0001755655   0.0002941062   0.0004900572   0.0000792297
       -0.0000582643   0.0000252617   0.0001095391   0.0000113788   0.0000116717
        0.0000256385  -0.0000240059   0.0000252040   0.0000285724  -0.0000181441
        0.0000162752   0.0000251354   0.0001111811  -0.0000859526  -0.0000516559
        0.0374304570   0.0826632601   0.2847359085  -0.0023928455  -0.0033879279
       -0.0025990787  -0.0065199233  -0.0045692093  -0.0163557460  -0.0000329045
       -0.0000721571   0.0001400958  -0.0000173638  -0.0000002217  -0.0000211759
       -0.0000132789   0.0000145364  -0.0000141753  -0.0000117828  -0.0000047660
       -0.0000041049   0.0000005643  -0.0000128863   0.0000161894  -0.0000180717
        0.0000032056   0.0000245702  -0.0000044452   0.0000014568  -0.0000010387
        0.0000542697  -0.0000300723   0.0000158701   0.0000006031   0.0000101279
        0.0000122877   0.0000483754  -0.0000339609  -0.0001379137  -0.0000143802
        0.0000468054  -0.0000025301
       -0.0539897766  -0.0531982927  -0.0014425613  -0.0229606016  -0.0285087026
        0.0092719182   0.0006771402  -0.0035204783   0.0019560557   0.0007448706
        0.0007528920  -0.0011768313   0.0002886148   0.0005633624   0.0005555668
       -0.0000338563   0.0000274316   0.0000110969  -0.0000284610   0.0000142183
        0.0000196048  -0.0000406870   0.0000285818   0.0000033155  -0.0000753671
        0.0000061703   0.0000034918   0.0000634425   0.0001075034  -0.0000750332
       -0.0004291895  -0.0080419318  -0.0023928455   0.0704188816   0.0722160449
       -0.0060196027   0.0053539553   0.0195241101  -0.0005350128   0.0000209987
       -0.0000773318  -0.0001288852  -0.0000550202  -0.0000022898   0.0000136309
        0.0000189201   0.0000047056  -0.0000337719  -0.0000546509  -0.0000127484
       -0.0000259176  -0.0000066603  -0.0000143574  -0.0000089506  -0.0000133795
       -0.0000086639   0.0000001719   0.0000097604  -0.0000005440  -0.0000051542
       -0.0000059744  -0.0000301673   0.0000087003   0.0000033817   0.0000046369
       -0.0000050854   0.0000665603   0.0000863304   0.0000184058   0.0000270981
        0.0000795202  -0.0000123068
       -0.0571105855  -0.2612445882   0.0009166440  -0.0111441691  -0.0031241486
        0.0070588059   0.0017029957   0.0003355466   0.0005560540  -0.0003269624
        0.0001512301  -0.0011585583   0.0000594328  -0.0002532432  -0.0001245167
        0.0000917879  -0.0000375563  -0.0000402123   0.0000108359  -0.0000042354
        0.0000191530  -0.0000036772   0.0000180760  -0.0000076168  -0.0000175667
        0.0000186365   0.0000309968   0.0000387219   0.0000125268   0.0000456802
       -0.0032816309  -0.0144528423  -0.0033879279   0.0722160449   0.2985448097
       -0.0042685325  -0.0023116176  -0.0199930325   0.0004460283   0.0000333595
       -0.0000501646  -0.0000563117   0.0000290125   0.0000382274  -0.0000097558
        0.0000124810  -0.0000083329   0.0000088071   0.0000265741  -0.0000040998
       -0.0000143748   0.0000174738   0.0000302304  -0.0000104762  -0.0000112196
        0.0000172509  -0.0000193488  -0.0000029410   0.0000123188   0.0000146041
       -0.0000060014  -0.0000458959   0.0000034998  -0.0000043511  -0.0000039680
       -0.0000075192   0.0000247401   0.0000445608  -0.0000081587  -0.0000427375
       -0.0000013064   0.0000130367
       -0.0025430482  -0.0005172664  -0.0414228449   0.0142939743   0.0193703658
       -0.0054746017  -0.0000621356  -0.0007218550   0.0019835261   0.0002493969
        0.0002844554  -0.0009420430  -0.0000225636  -0.0000933315  -0.0002948337
        0.0000124792  -0.0000132174   0.0000110641  -0.0000280797  -0.0000185155
        0.0000180152  -0.0000152883  -0.0000238475   0.0000119369  -0.0000022946
       -0.0000326578   0.0000302818  -0.0000043780  -0.0000541736   0.0000289247
       -0.0078321218  -0.0293598496  -0.0025990787  -0.0060196027  -0.0042685325
        0.0485983828   0.0019919444   0.0153868786   0.0001225274   0.0000057455
        0.0000918365   0.0000167065   0.0000377906   0.0000150465  -0.0000081886
        0.0000174511   0.0000187310  -0.0000087995  -0.0000249092   0.0000002374
       -0.0000301414   0.0000049805   0.0000070784  -0.0000102378  -0.0000274206
       -0.0000098439   0.0000141958   0.0000057291   0.0000129511   0.0000185298
       -0.0000005182  -0.0000364176  -0.0000251941  -0.0000023671   0.0000075696
        0.0000121283  -0.0000415903  -0.0000389569  -0.0000566320   0.0000068262
       -0.0000066852   0.0000063762
       -0.1486935879   0.0928826099  -0.0799284610  -0.0297715812   0.0164496804
       -0.0071411977  -0.0057584051  -0.0010582210   0.0030068782   0.0013241401
       -0.0009077642   0.0002627736  -0.0009702244   0.0010672532  -0.0001756194
       -0.0002970548  -0.0001490958   0.0002437880  -0.0000231247  -0.0000088367
        0.0000201945  -0.0000083832  -0.0000008716   0.0000015186  -0.0000260630
       -0.0000230742   0.0000133802   0.0000158997   0.0000579510  -0.0000168842
       -0.0041855497   0.0042283761  -0.0065199233   0.0053539553  -0.0023116176
        0.0019919444   0.1831970166  -0.1103784705   0.0883196006   0.0000317653
        0.0000369351  -0.0000931269   0.0000174661  -0.0000424688  -0.0000144342
       -0.0001094217   0.0000769170   0.0000188926   0.0000041304  -0.0000166097
        0.0000162342  -0.0000128633   0.0000052555   0.0000016887  -0.0000038756
        0.0000048822  -0.0000052816   0.0000001063   0.0000100027   0.0000061545
        0.0000125088   0.0000257436   0.0000271160  -0.0000302853   0.0000002911
        0.0000092125  -0.0000648716   0.0000394758  -0.0000363580  -0.0000016972
        0.0000116565  -0.0000080904
        0.0967907583  -0.1223946448   0.0666436672  -0.0002865509   0.0017847451
       -0.0019748378   0.0004426595  -0.0008512705   0.0014259674   0.0004712110
        0.0006687513  -0.0009843643  -0.0001717920   0.0001491974   0.0000891779
       -0.0000384741  -0.0000189760   0.0000244530   0.0000043504   0.0000004645
        0.0000123617  -0.0000084817   0.0000186247  -0.0000036951  -0.0000383863
       -0.0000172273   0.0000058140  -0.0000220753   0.0000201546   0.0000048286
       -0.0063286008   0.0054092217  -0.0045692093   0.0195241101  -0.0199930325
        0.0153868786  -0.1103784705   0.1351675452  -0.0759843166   0.0000243773
       -0.0000085921  -0.0000259666   0.0000186552  -0.0000155388   0.0000249066
        0.0000061014   0.0000206570  -0.0000006780   0.0000064023  -0.0000003087
       -0.0000155483   0.0000314842   0.0000133571  -0.0000077553   0.0000021675
        0.0000217331   0.0000008193   0.0000055494   0.0000293225  -0.0000099690
        0.0000063859  -0.0000191471  -0.0000139819  -0.0000239101   0.0000179191
       -0.0000091815  -0.0000170157  -0.0000082410  -0.0000060397  -0.0000204550
        0.0000052857  -0.0000133308
       -0.0855793641   0.0687930412  -0.0984378956   0.0145068732  -0.0097156946
        0.0069533071   0.0030916857   0.0016335746  -0.0024982762  -0.0007927539
       -0.0004210215   0.0008791457   0.0007764721  -0.0005925832   0.0001263845
        0.0001969147   0.0000524456  -0.0001377232   0.0000273650   0.0000146988
       -0.0000094740  -0.0000003134   0.0000061433   0.0000335071   0.0000205973
        0.0000202909  -0.0000382809  -0.0000071089   0.0000115227  -0.0000158688
       -0.0200019632   0.0159017127  -0.0163557460  -0.0005350128   0.0004460283
        0.0001225274   0.0883196006  -0.0759843166   0.1092738611  -0.0000108403
       -0.0000333198   0.0000700471  -0.0000006557   0.0000029613  -0.0000109493
        0.0000678895  -0.0000604992   0.0000083058  -0.0000038389  -0.0000066480
        0.0000021981  -0.0000116339  -0.0000031777   0.0000352479  -0.0000186622
        0.0000025158   0.0000181829  -0.0000170409  -0.0000088614   0.0000310879
        0.0000077186   0.0000138935  -0.0000189544  -0.0000293522  -0.0000098950
       -0.0000019044  -0.0000260806  -0.0000388113  -0.0000281269   0.0000195043
       -0.0000240004  -0.0000006028
       -0.0002437144  -0.0001537166   0.0004295301  -0.0009823707  -0.0008790890
       -0.0000617358   0.0072106032  -0.0021236747   0.0201762790  -0.0040819546
       -0.0028767748   0.0029228121  -0.0715440545   0.0146613203  -0.0765935103
       -0.0102109163   0.0062111574  -0.0176629821  -0.0022495726   0.0036756907
        0.0004747812   0.0003631039   0.0000101996   0.0002156836  -0.0005834269
       -0.0029740400  -0.0008183806  -0.0059028922  -0.0019682573  -0.0143952993
        0.0000165164  -0.0000230136  -0.0000329045   0.0000209987   0.0000333595
        0.0000057455   0.0000317653   0.0000243773  -0.0000108403   0.0899639291
       -0.0140054239   0.0877854230   0.0001955403  -0.0002112476   0.0000037784
       -0.0003633972   0.0000458258  -0.0006700745  -0.0001213067  -0.0000176246
        0.0001131075  -0.0008107733   0.0002252088  -0.0009817350   0.0000333856
       -0.0000122278   0.0000829334  -0.0000874202   0.0000047466  -0.0000130992
       -0.0000939782  -0.0000258295   0.0000959287  -0.0005311940  -0.0000110522
       -0.0007326094   0.0002376193   0.0002284533   0.0002505359  -0.0002664900
        0.0001616321  -0.0005833673
       -0.0000077684  -0.0001963023  -0.0002214045   0.0015646132  -0.0006649863
       -0.0000086318  -0.0014663727  -0.0000847985   0.0093547570  -0.0015672716
       -0.0006709611   0.0008517634   0.0158692099  -0.0407623652   0.0300926801
        0.0112288657  -0.0051723840   0.0194213599   0.0030571424  -0.0030814988
       -0.0004489682  -0.0000478558   0.0000842136  -0.0000099787  -0.0022457634
       -0.0039166642  -0.0014370788  -0.0120467299  -0.0014467012  -0.0234973538
        0.0000435639  -0.0000371267  -0.0000721571  -0.0000773318  -0.0000501646
        0.0000918365   0.0000369351  -0.0000085921  -0.0000333198  -0.0140054239
        0.0551952110  -0.0336276868  -0.0000985428  -0.0001225699   0.0003219693
       -0.0002746736   0.0006213014   0.0002840668  -0.0000604418  -0.0000251792
       -0.0001944200   0.0008293959  -0.0003275145   0.0010301813  -0.0000013255
       -0.0000270935  -0.0000057221  -0.0000039158  -0.0000964698  -0.0000162214
        0.0000811595  -0.0001206514   0.0001506119  -0.0008094468  -0.0001639324
       -0.0011645893   0.0000492230   0.0003233123  -0.0003946351  -0.0000472451
        0.0007519175  -0.0004670591
       -0.0002782451   0.0001125426   0.0004265398   0.0008635802  -0.0002552589
        0.0012074901  -0.0067437579   0.0044447613  -0.0238446399   0.0046382360
        0.0031800352  -0.0034507839  -0.0772640247   0.0290362195  -0.2312239740
       -0.0015863259   0.0010033527  -0.0016283629  -0.0002895513   0.0007582247
        0.0010579795   0.0001729230  -0.0000167523   0.0001310371  -0.0009521795
       -0.0025782362   0.0001752163  -0.0063496422  -0.0020054803  -0.0106543667
       -0.0002056137   0.0000548017   0.0001400958  -0.0001288852  -0.0000563117
        0.0000167065  -0.0000931269  -0.0000259666   0.0000700471   0.0877854230
       -0.0336276868   0.2666181595   0.0000873869   0.0002431053  -0.0000063359
        0.0003717537  -0.0004387000   0.0007587470   0.0001010683  -0.0001109746
        0.0001764720  -0.0001626184  -0.0000097933  -0.0002553419   0.0000641630
       -0.0000023324   0.0000629193  -0.0000278355  -0.0000175934  -0.0000339188
        0.0000762793  -0.0000071670   0.0002858136  -0.0004894080  -0.0000120134
       -0.0006071749   0.0001740240  -0.0001039301  -0.0001921389   0.0002363770
        0.0004351540   0.0007698142
       -0.0001151238  -0.0000024030   0.0001041953   0.0005080533  -0.0002462298
       -0.0001272043   0.0003344818   0.0013090479   0.0001715257  -0.0000194899
       -0.0002277414  -0.0003924401   0.0074307249   0.0179064009   0.0035978100
       -0.0967675068  -0.0968974899  -0.0166250735  -0.0092886783  -0.0140379622
       -0.0060016958  -0.0015461382   0.0005126265  -0.0036809554   0.0000162017
        0.0000413451   0.0001147540  -0.0018646370   0.0027920744   0.0004650465
        0.0000034305   0.0000061464  -0.0000173638  -0.0000550202   0.0000290125
        0.0000377906   0.0000174661   0.0000186552  -0.0000006557   0.0001955403
       -0.0000985428   0.0000873869   0.1138736470   0.1088694029   0.0229418898
       -0.0126257122  -0.0204466413  -0.0005889689   0.0005671531   0.0000907259
        0.0004194590  -0.0004166626  -0.0001265789   0.0000820651  -0.0005478248
       -0.0009179040  -0.0006198834   0.0001846492   0.0002957019  -0.0000355979
       -0.0000506726   0.0000308633  -0.0000284201  -0.0000146079   0.0000239355
       -0.0000022222   0.0002711941   0.0009589368   0.0001900363  -0.0000904681
        0.0001166181  -0.0000914781
       -0.0002638796  -0.0000520648   0.0000184087   0.0001388412  -0.0001207409
        0.0002332425  -0.0006355865  -0.0007671779   0.0005680060  -0.0001453938
        0.0009420237  -0.0005652351  -0.0070836557  -0.0255589744  -0.0048322651
       -0.0966374329  -0.2116382335  -0.0325255190  -0.0011084496   0.0001938219
       -0.0010538036  -0.0002739230   0.0012174649  -0.0004681905   0.0000000178
        0.0003437056   0.0002477525   0.0041145672  -0.0036370344  -0.0000168829
       -0.0000149344  -0.0000206204  -0.0000002217  -0.0000022898   0.0000382274
        0.0000150465  -0.0000424688  -0.0000155388   0.0000029613  -0.0002112476
       -0.0001225699   0.0002431053   0.1088694029   0.2481428510   0.0382459767
       -0.0068280278  -0.0080431438   0.0005534773   0.0002524553   0.0002552126
       -0.0001266507  -0.0000707997   0.0003321513   0.0001457064  -0.0000277881
       -0.0002171261  -0.0001094867   0.0001492754   0.0000202645   0.0000046298
        0.0000470995  -0.0000475019  -0.0000376833   0.0000479822   0.0000561549
        0.0000367759  -0.0004431260  -0.0015109804  -0.0005419203   0.0001693617
        0.0002098294  -0.0000372301
       -0.0000636324  -0.0000418258   0.0000402219  -0.0002278380   0.0002410827
       -0.0002840107   0.0002198718  -0.0017435108   0.0009455177  -0.0002927809
        0.0009335468  -0.0002374866  -0.0003059089  -0.0023057548   0.0001226711
       -0.0164529277  -0.0323305079  -0.0489416059  -0.0155606544  -0.0221042025
       -0.0081298660  -0.0031170568   0.0006150997  -0.0045564712   0.0000752393
        0.0001801287   0.0001835693   0.0004626462  -0.0003310696   0.0005791913
        0.0000032289  -0.0000353542  -0.0000211759   0.0000136309  -0.0000097558
       -0.0000081886  -0.0000144342   0.0000249066  -0.0000109493   0.0000037784
        0.0003219693  -0.0000063359   0.0229418898   0.0382459767   0.0579851682
        0.0133615976   0.0206325346   0.0024956823  -0.0000582491  -0.0007485295
        0.0002739574   0.0001300204  -0.0000876333   0.0003791905  -0.0008605610
       -0.0013440447  -0.0006352842  -0.0000269694   0.0001004119  -0.0001088635
       -0.0000333633  -0.0000124651  -0.0000658439   0.0000104860   0.0000332775
        0.0000169862  -0.0001489919  -0.0001350465   0.0000139125  -0.0000590216
       -0.0000992340  -0.0000299869
       -0.0004644921   0.0001236344  -0.0000961925  -0.0019384062   0.0002422243
        0.0004723265  -0.0012802909   0.0036162600   0.0002425296   0.0000633745
       -0.0000933447  -0.0002999268  -0.0179273148   0.0004492008   0.0164561641
       -0.1344462347  -0.0280265928   0.1099162964   0.0082733663   0.0022834562
       -0.0108613576   0.0007363287   0.0005014324  -0.0006878130   0.0000124786
       -0.0000190405   0.0001297201   0.0005342040  -0.0006758744  -0.0001554483
        0.0000434559  -0.0000007636  -0.0000132789   0.0000189201   0.0000124810
        0.0000174511  -0.0001094217   0.0000061014   0.0000678895  -0.0003633972
       -0.0002746736   0.0003717537  -0.0126257122  -0.0068280278   0.0133615976
        0.1592924494   0.0284335901  -0.1254181878  -0.0005042543   0.0000774968
       -0.0029681848   0.0007480692  -0.0000079266  -0.0003932252  -0.0000544102
        0.0000360909   0.0000302370  -0.0000773020  -0.0000452086   0.0001178920
       -0.0001481811   0.0000224845  -0.0000768160  -0.0000600130   0.0000264390
       -0.0000311873  -0.0000151439  -0.0001501708  -0.0001831377   0.0002919276
        0.0002907317   0.0000008981
        0.0004917452  -0.0000788156   0.0000699921   0.0015297665  -0.0000140022
       -0.0005236990   0.0015975568  -0.0036870236   0.0004311969  -0.0001932619
        0.0004845687  -0.0001272151   0.0171062101   0.0012712791  -0.0166894027
       -0.0285023958  -0.0510052055   0.0306542899  -0.0010322182  -0.0000906041
        0.0034479120   0.0003465754   0.0005627235  -0.0007865568  -0.0001019972
       -0.0001841716  -0.0001067277   0.0006927260   0.0006608286  -0.0004114210
       -0.0000306664   0.0000135945   0.0000145364   0.0000047056  -0.0000083329
        0.0000187310   0.0000769170   0.0000206570  -0.0000604992   0.0000458258
        0.0006213014  -0.0004387000  -0.0204466413  -0.0080431438   0.0206325346
        0.0284335901   0.0597366053  -0.0377932842   0.0004300821   0.0006753651
        0.0008937780  -0.0000743248  -0.0001736773   0.0005747267  -0.0000269236
       -0.0001585430   0.0000401618  -0.0002223304   0.0000604945  -0.0001274086
        0.0000167880  -0.0001028991   0.0001192534   0.0000557092  -0.0000422608
       -0.0000283360  -0.0001144131   0.0000245931   0.0001323551  -0.0000830251
       -0.0005433312   0.0000637824
       -0.0000912189  -0.0001246601   0.0001394024   0.0009552407  -0.0003093890
       -0.0002228510  -0.0001274126  -0.0004938762   0.0009023411  -0.0000841184
        0.0000584361   0.0000516655   0.0043948155  -0.0000821143  -0.0029605831
        0.1106020368   0.0305215967  -0.1715553309   0.0142479104   0.0064374811
       -0.0274146123   0.0008300904   0.0005039728   0.0006401546  -0.0000063348
       -0.0002281410  -0.0001268206  -0.0000345196   0.0003624402   0.0001963475
       -0.0000120902   0.0000047986  -0.0000141753  -0.0000337719   0.0000088071
       -0.0000087995   0.0000188926  -0.0000006780   0.0000083058  -0.0006700745
        0.0002840668   0.0007587470  -0.0005889689   0.0005534773   0.0024956823
       -0.1254181878  -0.0377932842   0.2020697667  -0.0035089740   0.0008451325
       -0.0060141266   0.0004127982   0.0000758429   0.0006216828   0.0000020355
        0.0001059863   0.0003188233  -0.0005800940  -0.0005257246  -0.0000017720
       -0.0001079734   0.0001277781   0.0000265592  -0.0000308141   0.0000109320
       -0.0000561382  -0.0001593889   0.0000392888   0.0000390577  -0.0000098779
       -0.0003821699   0.0001066736
       -0.0001684315   0.0000379561   0.0000582455   0.0008605813  -0.0009490174
        0.0004998765  -0.0006041149   0.0018556100  -0.0019567139  -0.0024295161
       -0.0002065675   0.0005652371   0.0003172753  -0.0002619764   0.0004473455
        0.0086100403   0.0035390011  -0.0114522607  -0.1340900862  -0.0365512074
        0.1092813282  -0.0112154135  -0.0080650060   0.0102162537   0.0008507799
        0.0008492140  -0.0002155882  -0.0000161875   0.0000900175   0.0000951410
       -0.0000268430   0.0000353314  -0.0000117828  -0.0000546509   0.0000265741
       -0.0000249092   0.0000041304   0.0000064023  -0.0000038389  -0.0001213067
       -0.0000604418   0.0001010683   0.0005671531   0.0002524553  -0.0000582491
       -0.0005042543   0.0004300821  -0.0035089740   0.1574011101   0.0447519401
       -0.1226232695  -0.0180839687  -0.0028678757   0.0193544199  -0.0002293242
        0.0001061557   0.0001388232  -0.0012159105  -0.0033235683  -0.0006886323
        0.0004387128   0.0000426390  -0.0000154570  -0.0001199420   0.0002738593
       -0.0000617468  -0.0000506764   0.0000157897  -0.0000541664  -0.0001191567
       -0.0000273672  -0.0000821503
       -0.0000060439   0.0000510565   0.0000212776  -0.0001779179   0.0000917076
       -0.0000218346   0.0008621374  -0.0004508618   0.0007190314  -0.0002152146
       -0.0000963339  -0.0006077848  -0.0003858826   0.0001829403   0.0002560936
       -0.0018531817  -0.0002649263   0.0035177275  -0.0358497056  -0.0604366718
        0.0447795684  -0.0192132897  -0.0114005153   0.0185555160  -0.0009743585
        0.0006747869   0.0009020563   0.0002302168  -0.0001953749   0.0001233331
        0.0000128744  -0.0000419298  -0.0000047660  -0.0000127484  -0.0000040998
        0.0000002374  -0.0000166097  -0.0000003087  -0.0000066480  -0.0000176246
       -0.0000251792  -0.0001109746   0.0000907259   0.0002552126  -0.0007485295
        0.0000774968   0.0006753651   0.0008451325   0.0447519401   0.0714684865
       -0.0508914578   0.0154968134   0.0045770816  -0.0162509933   0.0001802851
        0.0006278378   0.0003054719  -0.0034581078  -0.0052847281  -0.0006561611
        0.0004184350  -0.0006157713  -0.0004461021   0.0001006896   0.0002702693
       -0.0001003580  -0.0000248452  -0.0000588093  -0.0000062046  -0.0000160844
        0.0000007659  -0.0001736313
        0.0000890917  -0.0000295396  -0.0000115997   0.0002644461  -0.0003052487
        0.0000686967  -0.0009473478   0.0015111007  -0.0008778186   0.0011822064
       -0.0011321939   0.0006700376   0.0004059326  -0.0001199871   0.0008334831
        0.0138155442   0.0074053433  -0.0267735021   0.1072387605   0.0450731432
       -0.1688357728  -0.0021635133  -0.0007114300   0.0039478930  -0.0004641111
       -0.0003737515   0.0004253317   0.0000265064   0.0002520044   0.0000124466
        0.0000251570  -0.0000011374  -0.0000041049  -0.0000259176  -0.0000143748
       -0.0000301414   0.0000162342  -0.0000155483   0.0000021981   0.0001131075
       -0.0001944200   0.0001764720   0.0004194590  -0.0001266507   0.0002739574
       -0.0029681848   0.0008937780  -0.0060141266  -0.1226232695  -0.0508914578
        0.1995741359   0.0063514448   0.0001785027  -0.0045398931  -0.0002823906
       -0.0002271551   0.0005759024  -0.0002925879  -0.0010243807   0.0005461579
       -0.0000536807   0.0000897534   0.0001323787  -0.0000778448  -0.0000762301
       -0.0000166098  -0.0000252146  -0.0000215356  -0.0000527029  -0.0000238276
       -0.0001385844  -0.0000828193
       -0.0000592360   0.0000537141   0.0000338552  -0.0001469960   0.0000493916
        0.0000125999   0.0007245971  -0.0000325653  -0.0002732188  -0.0006031555
       -0.0001459041   0.0000396909  -0.0015194762  -0.0000134025  -0.0037653808
       -0.0139677762   0.0128628276  -0.0012118662  -0.1544968543   0.1136599573
        0.0207456000   0.0076885943  -0.0088046688  -0.0014942010   0.0001662307
       -0.0020278567  -0.0003669346   0.0001015362  -0.0002144615   0.0001705965
        0.0000007347   0.0000077041   0.0000005643  -0.0000066603   0.0000174738
        0.0000049805  -0.0000128633   0.0000314842  -0.0000116339  -0.0008107733
        0.0008293959  -0.0001626184  -0.0004166626  -0.0000707997   0.0001300204
        0.0007480692  -0.0000743248   0.0004127982  -0.0180839687   0.0154968134
        0.0063514448   0.1795464128  -0.1308969969  -0.0203102965   0.0003703759
       -0.0000130448   0.0002673881   0.0005086177  -0.0001057284  -0.0002065246
       -0.0000002002  -0.0001087440  -0.0001447007   0.0002990122  -0.0004004358
       -0.0001773591   0.0000115956  -0.0000650659   0.0000012934  -0.0000411537
       -0.0000347629  -0.0000460978
       -0.0000494432   0.0000130070   0.0000079334   0.0002659119  -0.0001220018
        0.0000400490  -0.0003605187   0.0000531578  -0.0000780025   0.0000212090
       -0.0000587692   0.0000759616   0.0006817905   0.0009320329   0.0013180797
        0.0046991375  -0.0031424438   0.0008735989   0.1129883811  -0.1570450575
       -0.0179677585   0.0174168982  -0.0241133674  -0.0050412281  -0.0032992705
       -0.0054209915  -0.0015474898  -0.0001557026   0.0003318247  -0.0001251653
       -0.0000069936  -0.0000056331  -0.0000128863  -0.0000143574   0.0000302304
        0.0000070784   0.0000052555   0.0000133571  -0.0000031777   0.0002252088
       -0.0003275145  -0.0000097933  -0.0001265789   0.0003321513  -0.0000876333
       -0.0000079266  -0.0001736773   0.0000758429  -0.0028678757   0.0045770816
        0.0001785027  -0.1308969969   0.1851538682   0.0223345275   0.0002477836
        0.0003948811  -0.0001841625   0.0004505021   0.0002318389   0.0003008451
       -0.0002653814   0.0000667435   0.0000725704   0.0010982680  -0.0017005604
       -0.0001986988  -0.0000422126   0.0000522047  -0.0000107037  -0.0000070880
       -0.0000723626  -0.0000182898
       -0.0000694277  -0.0000344914   0.0000559935   0.0000651692  -0.0000799194
        0.0000726524  -0.0001083754   0.0002475673  -0.0003494724   0.0004833539
       -0.0000223522  -0.0000333935  -0.0031772070   0.0007169353  -0.0042181598
       -0.0200458655   0.0182221826  -0.0005402192   0.0212627191  -0.0187450241
       -0.0461783479   0.0044232698  -0.0059205899  -0.0006023913  -0.0007710345
       -0.0018362352   0.0002609886   0.0001122917  -0.0001425230   0.0000370788
        0.0000040838  -0.0000060553   0.0000161894  -0.0000089506  -0.0000104762
       -0.0000102378   0.0000016887  -0.0000077553   0.0000352479  -0.0009817350
        0.0010301813  -0.0002553419   0.0000820651   0.0001457064   0.0003791905
       -0.0003932252   0.0005747267   0.0006216828   0.0193544199  -0.0162509933
       -0.0045398931  -0.0203102965   0.0223345275   0.0552906819   0.0002353761
       -0.0003280351  -0.0002245625  -0.0000772651   0.0005608961   0.0001794475
       -0.0002158842   0.0001158840   0.0000678938   0.0001833442  -0.0005552319
        0.0000021104  -0.0000057164  -0.0000266793  -0.0000121597  -0.0000427984
        0.0000177546  -0.0000549786
       -0.0000757109  -0.0000112666   0.0000088738  -0.0000622971  -0.0000516767
        0.0000094972   0.0002906713   0.0002057162  -0.0004628332  -0.0000373696
       -0.0000390360   0.0002219143   0.0001017559  -0.0000721994   0.0003523578
       -0.0008078308  -0.0032286820  -0.0005340228  -0.0081143297  -0.0015237722
       -0.0137345155  -0.0999295631   0.0109605308  -0.0968505498  -0.0133700890
        0.0057126459  -0.0190383642  -0.0030907539   0.0038560389   0.0007577022
       -0.0000177839   0.0000147141  -0.0000180717  -0.0000133795  -0.0000112196
       -0.0000274206  -0.0000038756   0.0000021675  -0.0000186622   0.0000333856
       -0.0000013255   0.0000641630  -0.0005478248  -0.0000277881  -0.0008605610
       -0.0000544102  -0.0000269236   0.0000020355  -0.0002293242   0.0001802851
       -0.0002823906   0.0003703759   0.0002477836   0.0002353761   0.1174027523
       -0.0136257017   0.1146597323   0.0086450820  -0.0023435116   0.0169325151
       -0.0001377326  -0.0002776113  -0.0003549964   0.0005165150  -0.0002684840
       -0.0000083624  -0.0008247425   0.0002993013  -0.0011852413  -0.0000435208
        0.0000300149   0.0001318241
       -0.0000000495   0.0000244268  -0.0000194155   0.0000594399  -0.0000227504
        0.0000574643  -0.0000301152  -0.0000063074  -0.0000877455   0.0000105321
       -0.0000857655   0.0000236237   0.0000195675   0.0000261440   0.0000747306
       -0.0028862783  -0.0043996830  -0.0015281693  -0.0145473321  -0.0006268999
       -0.0231787865   0.0109645002  -0.0430860936   0.0211367380   0.0130961560
       -0.0044327971   0.0183735515   0.0039554336  -0.0030574131  -0.0002675257
        0.0000066177  -0.0000075391   0.0000032056  -0.0000086639   0.0000172509
       -0.0000098439   0.0000048822   0.0000217331   0.0000025158  -0.0000122278
       -0.0000270935  -0.0000023324  -0.0009179040  -0.0002171261  -0.0013440447
        0.0000360909  -0.0001585430   0.0001059863   0.0001061557   0.0006278378
       -0.0002271551  -0.0000130448   0.0003948811  -0.0003280351  -0.0136257017
        0.0550626561  -0.0227479727   0.0032575562  -0.0001241726   0.0085893715
       -0.0003887165   0.0004499680   0.0000850343   0.0000023354   0.0000474812
        0.0005251630   0.0009225320  -0.0003809943   0.0010455442  -0.0000117656
       -0.0000392002  -0.0002819026
        0.0000134603  -0.0000089868   0.0000228014  -0.0001940048   0.0000466328
       -0.0000072448   0.0004219847   0.0000323639  -0.0002824041  -0.0000955584
       -0.0000529257   0.0001360777   0.0001485396  -0.0000109451   0.0001907444
       -0.0011976865  -0.0026611842   0.0003604662  -0.0057582636  -0.0013207239
       -0.0083931631  -0.0972767796   0.0212196354  -0.2158939995  -0.0003168680
        0.0006854050   0.0007962521  -0.0003384168   0.0005542882   0.0011059736
        0.0000149313   0.0000092987   0.0000245702   0.0000001719  -0.0000193488
        0.0000141958  -0.0000052816   0.0000008193   0.0000181829   0.0000829334
       -0.0000057221   0.0000629193  -0.0006198834  -0.0001094867  -0.0006352842
        0.0000302370   0.0000401618   0.0003188233   0.0001388232   0.0003054719
        0.0005759024   0.0002673881  -0.0001841625  -0.0002245625   0.1146597323
       -0.0227479727   0.2482755792  -0.0099887417   0.0043022369  -0.0271609541
        0.0000554496  -0.0002269509   0.0004691805   0.0001838366   0.0003714978
        0.0001063611  -0.0002449680  -0.0000356551  -0.0000972574   0.0000189646
       -0.0001837472   0.0002168393
       -0.0000452245   0.0000055481   0.0000077329  -0.0000848890   0.0000702663
       -0.0000577562   0.0001881231  -0.0000773208   0.0002320765  -0.0001791512
        0.0000381385  -0.0002009400  -0.0003000877   0.0000245847  -0.0001255766
        0.0003109130   0.0002500970   0.0007536384  -0.0109825578  -0.0076098001
        0.0104996104  -0.1351092420  -0.0364144578   0.1037689549  -0.0180127163
       -0.0019174386   0.0173934175   0.0004751312  -0.0006581515   0.0009073824
        0.0000143566  -0.0000142183  -0.0000044452   0.0000097604  -0.0000029410
        0.0000057291   0.0000001063   0.0000055494  -0.0000170409  -0.0000874202
       -0.0000039158  -0.0000278355   0.0001846492   0.0001492754  -0.0000269694
       -0.0000773020  -0.0002223304  -0.0005800940  -0.0012159105  -0.0034581078
       -0.0002925879   0.0005086177   0.0004505021  -0.0000772651   0.0086450820
        0.0032575562  -0.0099887417   0.1591190501   0.0422282704  -0.1227581678
       -0.0039520751   0.0037926337   0.0013412166   0.0005165574  -0.0003224350
       -0.0000298280   0.0003172120  -0.0000722280  -0.0000216313  -0.0002429828
        0.0005009235  -0.0007008792
        0.0000287290   0.0000328989  -0.0000204264  -0.0000557535   0.0000805387
       -0.0000202914   0.0001220588  -0.0002485204  -0.0001227369  -0.0002365991
        0.0000014978   0.0000660359  -0.0001179576  -0.0000284844  -0.0000015861
        0.0003441731   0.0007105504   0.0006738295  -0.0199208759  -0.0114467918
        0.0187115562  -0.0365831408  -0.0560912267   0.0424335225   0.0155771642
        0.0034718751  -0.0152220409   0.0000668488   0.0005751858  -0.0006757282
       -0.0000039380   0.0000036918   0.0000014568  -0.0000005440   0.0000123188
        0.0000129511   0.0000100027   0.0000293225  -0.0000088614   0.0000047466
       -0.0000964698  -0.0000175934   0.0002957019   0.0000202645   0.0001004119
       -0.0000452086   0.0000604945  -0.0005257246  -0.0033235683  -0.0052847281
       -0.0010243807  -0.0001057284   0.0002318389   0.0005608961  -0.0023435116
       -0.0001241726   0.0043022369   0.0422282704   0.0704416284  -0.0483144851
        0.0040335782  -0.0027098113  -0.0007509675   0.0001886848   0.0004467947
       -0.0004105678  -0.0001683100  -0.0000414261  -0.0000923616   0.0000051771
       -0.0000472695   0.0003448551
       -0.0000593676  -0.0000152274   0.0000561983   0.0003087393  -0.0001750226
        0.0000553951  -0.0004319773   0.0001530483  -0.0001909869   0.0002077335
        0.0000590007   0.0001019278   0.0001169344   0.0000124645  -0.0001035638
       -0.0007394611  -0.0006408047   0.0010559966  -0.0022592118   0.0000514036
        0.0036706178   0.1041250382   0.0422539998  -0.1655024854   0.0057013108
       -0.0005305889  -0.0043379857  -0.0012320833   0.0002813261   0.0010381435
       -0.0000051139   0.0000084172  -0.0000010387  -0.0000051542   0.0000146041
        0.0000185298   0.0000061545  -0.0000099690   0.0000310879  -0.0000130992
       -0.0000162214  -0.0000339188  -0.0000355979   0.0000046298  -0.0001088635
        0.0001178920  -0.0001274086  -0.0000017720  -0.0006886323  -0.0006561611
        0.0005461579  -0.0002065246   0.0003008451   0.0001794475   0.0169325151
        0.0085893715  -0.0271609541  -0.1227581678  -0.0483144851   0.1905342250
        0.0010982415  -0.0012378137   0.0002846270  -0.0000251511  -0.0001762004
       -0.0001952135  -0.0001657998   0.0000163083  -0.0001549351   0.0000107827
        0.0001544840   0.0002193630
       -0.0001710841  -0.0000536575  -0.0000969663   0.0001066544   0.0000252731
        0.0000617291   0.0000195863  -0.0001130894  -0.0004988633  -0.0005512171
       -0.0002552382   0.0000202360   0.0005857067   0.0002123309   0.0001121740
        0.0000961420   0.0000036421   0.0000617527   0.0008493633  -0.0009299436
       -0.0003374871  -0.0187545685  -0.0018132731   0.0177396252  -0.1351586586
       -0.0395821014   0.1047416842   0.0084800872   0.0035571224  -0.0107095528
       -0.0001099086   0.0000099118   0.0000542697  -0.0000059744  -0.0000060014
       -0.0000005182   0.0000125088   0.0000063859   0.0000077186  -0.0000939782
        0.0000811595   0.0000762793  -0.0000506726   0.0000470995  -0.0000333633
       -0.0001481811   0.0000167880  -0.0001079734   0.0004387128   0.0004184350
       -0.0000536807  -0.0000002002  -0.0002653814  -0.0002158842  -0.0001377326
       -0.0003887165   0.0000554496  -0.0039520751   0.0040335782   0.0010982415
        0.1603141887   0.0426809487  -0.1207275351  -0.0118618060  -0.0079767186
        0.0118387204   0.0005663863  -0.0000902651  -0.0001353563  -0.0004732795
        0.0003817108  -0.0029506998
        0.0000111622   0.0000219531   0.0000468148   0.0004601544  -0.0005253806
        0.0001127107  -0.0007990245   0.0011432677  -0.0009374270   0.0000723253
       -0.0005592982   0.0004563331   0.0001690231   0.0004274005  -0.0004701327
       -0.0001357838  -0.0000832722  -0.0001204710   0.0010390838   0.0009836845
       -0.0007827431   0.0152152235   0.0034943643  -0.0151461420  -0.0399136005
       -0.0606962527   0.0427361018  -0.0019287025  -0.0006763056   0.0044030778
        0.0000378155   0.0000263501  -0.0000300723  -0.0000301673  -0.0000458959
       -0.0000364176   0.0000257436  -0.0000191471   0.0000138935  -0.0000258295
       -0.0001206514  -0.0000071670   0.0000308633  -0.0000475019  -0.0000124651
        0.0000224845  -0.0001028991   0.0001277781   0.0000426390  -0.0006157713
        0.0000897534  -0.0001087440   0.0000667435   0.0001158840  -0.0002776113
        0.0004499680  -0.0002269509   0.0037926337  -0.0027098113  -0.0012378137
        0.0426809487   0.0699936474  -0.0502560312  -0.0209747963  -0.0108847927
        0.0199123903  -0.0001172412  -0.0001686031   0.0003569308   0.0007114003
        0.0006482037   0.0008921654
       -0.0000233854  -0.0000654340  -0.0000399074  -0.0000161879   0.0000884388
        0.0000888281  -0.0009909373  -0.0000736528  -0.0011845425   0.0002131777
       -0.0002877090   0.0007585011   0.0006691070   0.0003285028   0.0009395379
       -0.0000499334  -0.0002508189  -0.0000849645  -0.0001399993   0.0004847216
        0.0002801529   0.0054037303  -0.0002873752  -0.0035174903   0.1042586844
        0.0418229649  -0.1610647882   0.0150255076   0.0085359952  -0.0262788014
       -0.0000095244   0.0000269139   0.0000158701   0.0000087003   0.0000034998
       -0.0000251941   0.0000271160  -0.0000139819  -0.0000189544   0.0000959287
        0.0001506119   0.0002858136  -0.0000284201  -0.0000376833  -0.0000658439
       -0.0000768160   0.0001192534   0.0000265592  -0.0000154570  -0.0004461021
        0.0001323787  -0.0001447007   0.0000725704   0.0000678938  -0.0003549964
        0.0000850343   0.0004691805   0.0013412166  -0.0007509675   0.0002846270
       -0.1207275351  -0.0502560312   0.1905452734  -0.0021435407  -0.0004432893
        0.0040479534   0.0003302436   0.0000410015   0.0005286875  -0.0026519785
        0.0011535364  -0.0061907706
       -0.0001193819  -0.0000455292   0.0000264925  -0.0001475310   0.0001393819
        0.0000057268   0.0005978711  -0.0000729212  -0.0004346935  -0.0000804597
        0.0001237812  -0.0000456706  -0.0015011204   0.0004086690  -0.0032665586
        0.0000190100   0.0000592261   0.0001448624  -0.0020393924   0.0031630046
        0.0006298678   0.0072678367   0.0188026052   0.0047232774  -0.0872785242
       -0.0892602220  -0.0222604799  -0.0083721783  -0.0135468854  -0.0065816680
       -0.0000094847  -0.0000517234   0.0000006031   0.0000033817  -0.0000043511
       -0.0000023671  -0.0000302853  -0.0000239101  -0.0000293522  -0.0005311940
       -0.0008094468  -0.0004894080  -0.0000146079   0.0000479822   0.0000104860
       -0.0000600130   0.0000557092  -0.0000308141  -0.0001199420   0.0001006896
       -0.0000778448   0.0002990122   0.0010982680   0.0001833442   0.0005165150
        0.0000023354   0.0001838366   0.0005165574   0.0001886848  -0.0000251511
       -0.0118618060  -0.0209747963  -0.0021435407   0.1027402031   0.1007516316
        0.0289021493  -0.0003139108  -0.0002508704   0.0001114467   0.0005194445
        0.0000986869   0.0004654559
        0.0000363035   0.0000111812  -0.0000552735  -0.0002196014   0.0001258048
        0.0000271189   0.0004607832  -0.0002305795  -0.0000337783  -0.0001932341
       -0.0000027958  -0.0000310400  -0.0000596116   0.0012966880  -0.0000860450
        0.0000264706   0.0002611829   0.0002574080   0.0045945514  -0.0036211178
       -0.0006757004  -0.0071657866  -0.0238862689  -0.0056636663  -0.0892797628
       -0.2141126902  -0.0472288342  -0.0004708682   0.0009241368  -0.0006339038
        0.0000198218  -0.0000289173   0.0000101279   0.0000046369  -0.0000039680
        0.0000075696   0.0000002911   0.0000179191  -0.0000098950  -0.0000110522
       -0.0001639324  -0.0000120134   0.0000239355   0.0000561549   0.0000332775
        0.0000264390  -0.0000422608   0.0000109320   0.0002738593   0.0002702693
       -0.0000762301  -0.0004004358  -0.0017005604  -0.0005552319  -0.0002684840
        0.0000474812   0.0003714978  -0.0003224350   0.0004467947  -0.0001762004
       -0.0079767186  -0.0108847927  -0.0004432893   0.1007516316   0.2506448680
        0.0549395361  -0.0001020959   0.0004129746   0.0001569503   0.0002513624
        0.0001624280  -0.0001333166
       -0.0000322026  -0.0000308316   0.0000418723  -0.0002597955   0.0002739000
       -0.0000993354   0.0006136682   0.0000293613  -0.0007922943   0.0000039632
       -0.0001513203   0.0002277365  -0.0035373449   0.0002722830  -0.0043095980
        0.0000869941   0.0002366885   0.0001911795   0.0007111759  -0.0003262597
        0.0007004166  -0.0009643476  -0.0040236377  -0.0002461862  -0.0220656126
       -0.0468000504  -0.0562718731  -0.0143235782  -0.0221629216  -0.0099166755
        0.0000013840   0.0000366869   0.0000122877  -0.0000050854  -0.0000075192
        0.0000121283   0.0000092125  -0.0000091815  -0.0000019044  -0.0007326094
       -0.0011645893  -0.0006071749  -0.0000022222   0.0000367759   0.0000169862
       -0.0000311873  -0.0000283360  -0.0000561382  -0.0000617468  -0.0001003580
       -0.0000166098  -0.0001773591  -0.0001986988   0.0000021104  -0.0000083624
        0.0005251630   0.0001063611  -0.0000298280  -0.0004105678  -0.0001952135
        0.0118387204   0.0199123903   0.0040479534   0.0289021493   0.0549395361
        0.0665028031   0.0001008047  -0.0002003028   0.0004827067  -0.0000367901
       -0.0006482105   0.0001684616
       -0.0003403011  -0.0001512191   0.0002087986  -0.0000080017  -0.0003647688
       -0.0000379253   0.0008051070  -0.0008416808   0.0000296739  -0.0000680625
        0.0002767671  -0.0004201159   0.0070959603  -0.0082827547  -0.0010700770
       -0.0001733513  -0.0018937895  -0.0001829669   0.0000390070  -0.0001539573
        0.0001081302  -0.0014364930   0.0003923719  -0.0039623242  -0.0127808253
        0.0117176680  -0.0013681640  -0.1569221135   0.1151872192   0.0185100686
       -0.0000233819  -0.0000382562   0.0000483754   0.0000665603   0.0000247401
       -0.0000415903  -0.0000648716  -0.0000170157  -0.0000260806   0.0002376193
        0.0000492230   0.0001740240   0.0002711941  -0.0004431260  -0.0001489919
       -0.0000151439  -0.0001144131  -0.0001593889  -0.0000506764  -0.0000248452
       -0.0000252146   0.0000115956  -0.0000422126  -0.0000057164  -0.0008247425
        0.0009225320  -0.0002449680   0.0003172120  -0.0001683100  -0.0001657998
        0.0005663863  -0.0001172412   0.0003302436  -0.0003139108  -0.0001020959
        0.0001008047   0.1823107818  -0.1314805079  -0.0176381907  -0.0186995482
        0.0156656727   0.0059873956
       -0.0001249937  -0.0000789300  -0.0002650331  -0.0007297460   0.0009434830
        0.0002896707   0.0018774343  -0.0016072706   0.0001991756  -0.0001697446
       -0.0001343428  -0.0001138610   0.0154806391  -0.0244992292  -0.0039300754
       -0.0031227782  -0.0046660087  -0.0016894885  -0.0001559841   0.0004110600
       -0.0000682554   0.0005981331   0.0008512048   0.0015215225   0.0051379990
       -0.0034413894   0.0009270970   0.1147429280  -0.1562684190  -0.0153917684
        0.0000808012  -0.0000257357  -0.0000339609   0.0000863304   0.0000445608
       -0.0000389569   0.0000394758  -0.0000082410  -0.0000388113   0.0002284533
        0.0003233123  -0.0001039301   0.0009589368  -0.0015109804  -0.0001350465
       -0.0001501708   0.0000245931   0.0000392888   0.0000157897  -0.0000588093
       -0.0000215356  -0.0000650659   0.0000522047  -0.0000266793   0.0002993013
       -0.0003809943  -0.0000356551  -0.0000722280  -0.0000414261   0.0000163083
       -0.0000902651  -0.0001686031   0.0000410015  -0.0002508704   0.0004129746
       -0.0002003028  -0.1314805079   0.1849339655   0.0187244504  -0.0031338674
        0.0048930209   0.0003348457
        0.0000425282   0.0000567912   0.0000308142  -0.0000999793   0.0001128192
       -0.0002858823   0.0002633448   0.0005801966   0.0008975460   0.0000105135
        0.0000998110  -0.0003532285   0.0049504292  -0.0068914661  -0.0006430144
       -0.0008902635  -0.0016945133   0.0001628737   0.0000692016  -0.0000192571
        0.0000422709  -0.0027872851   0.0007430677  -0.0042922830  -0.0201326319
        0.0182261174  -0.0003661681   0.0183190184  -0.0152612760  -0.0452526373
        0.0001136841   0.0000732918  -0.0001379137   0.0000184058  -0.0000081587
       -0.0000566320  -0.0000363580  -0.0000060397  -0.0000281269   0.0002505359
       -0.0003946351  -0.0001921389   0.0001900363  -0.0005419203   0.0000139125
       -0.0001831377   0.0001323551   0.0000390577  -0.0000541664  -0.0000062046
       -0.0000527029   0.0000012934  -0.0000107037  -0.0000121597  -0.0011852413
        0.0010455442  -0.0000972574  -0.0000216313  -0.0000923616  -0.0001549351
       -0.0001353563   0.0003569308   0.0005286875   0.0001114467   0.0001569503
        0.0004827067  -0.0176381907   0.0187244504   0.0537089858   0.0188238033
       -0.0153817895  -0.0039817749
        0.0000677269   0.0001254540   0.0001735570  -0.0006957039   0.0001536727
       -0.0001575493  -0.0001553975  -0.0029196239  -0.0018194454  -0.0004545508
       -0.0003038865   0.0012441421  -0.0122341539  -0.0085030592   0.0083103463
        0.0005345377   0.0006324490  -0.0000808892  -0.0000497876   0.0000103796
        0.0001445526   0.0010651466   0.0000962834  -0.0012064829   0.0078963866
        0.0035940129  -0.0092168019  -0.1399777554  -0.0380634229   0.1081166716
       -0.0000071536  -0.0000043882  -0.0000143802   0.0000270981  -0.0000427375
        0.0000068262  -0.0000016972  -0.0000204550   0.0000195043  -0.0002664900
       -0.0000472451   0.0002363770  -0.0000904681   0.0001693617  -0.0000590216
        0.0002919276  -0.0000830251  -0.0000098779  -0.0001191567  -0.0000160844
       -0.0000238276  -0.0000411537  -0.0000070880  -0.0000427984  -0.0000435208
       -0.0000117656   0.0000189646  -0.0002429828   0.0000051771   0.0000107827
       -0.0004732795   0.0007114003  -0.0026519785   0.0005194445   0.0002513624
       -0.0000367901  -0.0186995482  -0.0031338674   0.0188238033   0.1631505316
        0.0474070957  -0.1217856847
        0.0000258241   0.0002522139   0.0000983383  -0.0008649781   0.0007095978
        0.0002532115  -0.0003718157  -0.0042969785  -0.0038743729  -0.0004680730
       -0.0005147625   0.0025145437  -0.0217785102  -0.0130157675   0.0157174208
       -0.0005976342   0.0005726395   0.0005177286   0.0001606154  -0.0002616585
        0.0000783081  -0.0005991425   0.0002396560   0.0005203937  -0.0022154223
       -0.0005413860   0.0042882512  -0.0379384169  -0.0586847917   0.0448452240
       -0.0000345798  -0.0000059375   0.0000468054   0.0000795202  -0.0000013064
       -0.0000066852   0.0000116565   0.0000052857  -0.0000240004   0.0001616321
        0.0007519175   0.0004351540   0.0001166181   0.0002098294  -0.0000992340
        0.0002907317  -0.0005433312  -0.0003821699  -0.0000273672   0.0000007659
       -0.0001385844  -0.0000347629  -0.0000723626   0.0000177546   0.0000300149
       -0.0000392002  -0.0001837472   0.0005009235  -0.0000472695   0.0001544840
        0.0003817108   0.0006482037   0.0011535364   0.0000986869   0.0001624280
       -0.0006482105   0.0156656727   0.0048930209  -0.0153817895   0.0474070957
        0.0695791939  -0.0499023602
       -0.0001740772  -0.0000253206   0.0001555846   0.0002098427   0.0001039644
       -0.0001169729  -0.0002138190  -0.0011230710  -0.0001188580  -0.0001806389
        0.0000782210   0.0005923270  -0.0036647156  -0.0021021327   0.0039796046
       -0.0002396577  -0.0001800851   0.0002625473  -0.0000123169   0.0002218096
       -0.0000268924   0.0009264579  -0.0004628881   0.0007941635   0.0148688349
        0.0083324620  -0.0262502309   0.1081908864   0.0445190493  -0.1592386086
       -0.0000356160   0.0000164263  -0.0000025301  -0.0000123068   0.0000130367
        0.0000063762  -0.0000080904  -0.0000133308  -0.0000006028  -0.0005833673
       -0.0004670591   0.0007698142  -0.0000914781  -0.0000372301  -0.0000299869
        0.0000008981   0.0000637824   0.0001066736  -0.0000821503  -0.0001736313
       -0.0000828193  -0.0000460978  -0.0000182898  -0.0000549786   0.0001318241
       -0.0002819026   0.0002168393  -0.0007008792   0.0003448551   0.0002193630
       -0.0029506998   0.0008921654  -0.0061907706   0.0004654559  -0.0001333166
        0.0001684616   0.0059873956   0.0003348457  -0.0039817749  -0.1217856847
       -0.0499023602   0.1888232712
