           1           2   1.02023627086526     
           2           3  0.992680150941574     
           3           4  0.962275059883304     
           3           5   1.00394182959287     
           3           6  0.975823559147862     
           1           7  0.986298427317466     
           1           8  0.985296207538854     
           1           9  0.987058160156528     
           2          10  0.976662294032046     
           2          11  0.975856730738310     
           5          12  0.981932998205910     
           5          13  0.984406939244036     
           5          14  0.985558437619724     
           6          15  0.861927518131396     
