           1           2  0.977802684908786     
           2           3  0.956415635810496     
           2           4  0.968794307090200     
           4           5  0.956509686364274     
           4           6  0.967810736638017     
           6           7  0.955622596159233     
           6           8  0.962436175760399     
           8           9  0.957113405764142     
           8          10  0.946080491710303     
          10          11  0.946954993800027     
           2          12  0.959911741160755     
          10          12  0.952077358143166     
          10          13   1.02919269964473     
           8          14   1.00358510515530     
           6          15  0.997983377626325     
           4          16   1.00421623376362     
           1          17   1.01096284669410     
           1          18  0.966458806957598     
           1          19  0.967129378457932     
          13          20  0.831621506355344     
          14          21  0.853806104788990     
          15          22  0.843921330960366     
          16          23  0.841331304923564     
          17          24  0.853660303960273     
