$hessian                                                                        
        0.4802075936   0.0028517520  -0.0360202241  -0.1324688769   0.0014600389
       -0.0690191385  -0.0278201622   0.0098379026  -0.0102125799   0.0004714873
        0.0025145214  -0.0007995851  -0.0000586960  -0.0000311712  -0.0002475629
       -0.0736463039  -0.0283452884   0.0758410057  -0.1541349503   0.1046839172
        0.0586421146  -0.0851202244  -0.0898681777  -0.0113217432  -0.0133289699
       -0.0016715696  -0.0116256999   0.0052639280  -0.0003755320   0.0027513426
        0.0007686831  -0.0008847628   0.0001963622  -0.0002113313  -0.0003255987
        0.0019246701   0.0000152312   0.0000721535  -0.0001563236   0.0000461711
        0.0000386020  -0.0000495175   0.0000164207   0.0000432126   0.0000968795
        0.0028517520   0.5201232908   0.0041902591   0.0049974419  -0.0661399805
        0.0082160416   0.0171377950  -0.0033432762   0.0104894564   0.0003997522
       -0.0023494581   0.0001372483   0.0001496559  -0.0001060773   0.0004116136
       -0.0286124137  -0.0712376113   0.0683554263   0.1048356239  -0.1428962945
       -0.0532683840  -0.0899400294  -0.2362704060  -0.0277623173  -0.0205177716
        0.0001366492  -0.0176992036   0.0072817789   0.0000621885   0.0085030462
        0.0009417738   0.0009516157   0.0002264310   0.0002486110   0.0003608021
       -0.0018085673   0.0001581703   0.0002191812  -0.0000530379   0.0000804693
        0.0001915402  -0.0000893676  -0.0000126096   0.0002978362   0.0001513552
       -0.0360202241   0.0041902591   0.4890406723  -0.0631410611   0.0043157959
       -0.1219592013   0.0014111301   0.0018622143   0.0069352752   0.0014406995
       -0.0009420193  -0.0006357546   0.0001540970  -0.0000437967  -0.0000914644
        0.0761978708   0.0684427356  -0.2253444060   0.0585861445  -0.0530180648
       -0.0715604649  -0.0116457587  -0.0277102679  -0.0478398144  -0.0065495709
       -0.0011759762  -0.0042286816  -0.0213460344   0.0038629261  -0.0241831592
        0.0006516772  -0.0001187086   0.0004764210   0.0001741988   0.0000951263
       -0.0007875921  -0.0000378320   0.0000454057   0.0000871463   0.0000152290
        0.0001073090   0.0000056566   0.0001094344   0.0000870613   0.0000853671
       -0.1324688769   0.0049974419  -0.0631410611   0.4635171651   0.0321331092
       -0.0234227209  -0.1269668214   0.0644059517   0.0346455739  -0.0279358435
        0.0184350326   0.0118275124   0.0011505773   0.0000519958  -0.0010945545
        0.0061259607   0.0002314489   0.0028040831  -0.0199508650   0.0037325929
       -0.0148666616  -0.0133857009  -0.0024179693  -0.0113646697  -0.0803681570
       -0.0869453614  -0.0103037897  -0.0692494318  -0.0292368945   0.0733267550
        0.0046345932  -0.0047128122  -0.0020935531  -0.0029681784  -0.0010438780
        0.0031448456  -0.0017090626   0.0001662529   0.0004173083  -0.0001631262
        0.0002409215  -0.0000076240  -0.0002622326  -0.0000378321   0.0001285561
        0.0014600389  -0.0661399805   0.0043157959   0.0321331092   0.5267961346
        0.0022873876   0.0639180349  -0.1382488737  -0.0349972767   0.0051662394
        0.0045204663  -0.0006186849   0.0007600847  -0.0007404451   0.0005446138
        0.0077599074  -0.0006694456   0.0081769084   0.0162190280  -0.0021490706
        0.0124876681  -0.0207997422   0.0001316575  -0.0182004564  -0.0864920125
       -0.2334818820  -0.0267459821  -0.0315091740  -0.0685986294   0.0638623768
        0.0165678059  -0.0236986237  -0.0104841750  -0.0026689887   0.0020709078
       -0.0014813197  -0.0020772729   0.0001406762   0.0007266672  -0.0003200704
       -0.0000685725   0.0000516228  -0.0001169877   0.0001356808   0.0000748543
       -0.0690191385   0.0082160416  -0.1219592013  -0.0234227209   0.0022873876
        0.4732375089   0.0366967703  -0.0365309717  -0.0764606760   0.0085737434
       -0.0037645654  -0.0029479748  -0.0007907297   0.0005804031  -0.0029787356
       -0.0205014213   0.0035741337  -0.0223858993   0.0042820282  -0.0003075762
        0.0049440181  -0.0060796872  -0.0020950033  -0.0044197251  -0.0107250704
       -0.0268365794  -0.0483097575   0.0753643610   0.0616788877  -0.2092488425
        0.0025154461  -0.0044414642  -0.0007310110   0.0034091943  -0.0020955057
        0.0115298607  -0.0002125922   0.0001039653  -0.0001935950   0.0001855512
        0.0000867446   0.0000808651  -0.0002757342  -0.0004558978  -0.0001568348
       -0.0278201622   0.0171377950   0.0014111301  -0.1269668214   0.0639180349
        0.0366967703   0.7955200963   0.0824624698  -0.1490029413  -0.5150623670
       -0.0760533967   0.1065229980  -0.0199522463  -0.0130262636   0.0023347853
        0.0010660941  -0.0001067020   0.0008467578  -0.0042691596   0.0013908394
       -0.0030909821   0.0003038954   0.0005623204   0.0005928028   0.0083253794
       -0.0051926594  -0.0034808293  -0.0152411207   0.0097104279   0.0102903057
       -0.0724262718  -0.0821366393  -0.0094297948  -0.0254064341   0.0003854102
        0.0065490833   0.0004921218   0.0014667706   0.0002367129   0.0006314853
       -0.0000220829  -0.0012388875   0.0008055109  -0.0004963245   0.0007620888
        0.0098379026  -0.0033432762   0.0018622143   0.0644059517  -0.1382488737
       -0.0365309717   0.0824624698   0.5159861874   0.0678298866  -0.0825271273
       -0.0905523733   0.0077505957  -0.0274717537  -0.0076082409   0.0048804811
       -0.0000132552   0.0000799795  -0.0002283370  -0.0001453423   0.0005717628
        0.0001390374  -0.0015930133   0.0009459051  -0.0002477294   0.0173003346
       -0.0247658949  -0.0101863016  -0.0023778979   0.0053795933   0.0012502639
       -0.0793136154  -0.2534266874  -0.0308841718   0.0239428397   0.0002447854
       -0.0057709559   0.0000372462   0.0012311839   0.0002639102  -0.0024048482
       -0.0036317016   0.0001089719  -0.0021398912  -0.0028623494  -0.0002368938
       -0.0102125799   0.0104894564   0.0069352752   0.0346455739  -0.0349972767
       -0.0764606760  -0.1490029413   0.0678298866   0.1796574582   0.1049284001
        0.0056692638  -0.0550819424  -0.0011639821   0.0016290981   0.0009168264
       -0.0007084663   0.0005236455   0.0006334686  -0.0041751694   0.0011244280
       -0.0020333018   0.0001529115   0.0006464945   0.0004881380   0.0022452921
       -0.0045678572  -0.0009394899   0.0215826164  -0.0173225050  -0.0109577059
       -0.0082332361  -0.0299741604  -0.0382803409   0.0115146034   0.0002593695
       -0.0040037943  -0.0000413278  -0.0001121676  -0.0001622721   0.0002147037
        0.0004864599  -0.0000112288  -0.0017463982  -0.0016841352  -0.0007004141
        0.0004714873   0.0003997522   0.0014406995  -0.0279358435   0.0051662394
        0.0085737434  -0.5150623670  -0.0825271273   0.1049284001   0.7986871127
        0.0657699733  -0.1567223056  -0.1020927412  -0.0645637154  -0.0036009377
       -0.0000217657   0.0001715129  -0.0000929356  -0.0000211826   0.0000189515
       -0.0005540513   0.0000970362   0.0001308297   0.0001681672   0.0007904079
       -0.0014281453  -0.0006809838   0.0000349265   0.0009401866  -0.0005198012
       -0.0176318662  -0.0063868805   0.0030065022  -0.1172521267   0.1060096635
        0.0446817797   0.0102171651   0.0146693861   0.0007334875  -0.0117140311
       -0.0153453620   0.0027784189  -0.0185662117  -0.0230252646  -0.0041401833
        0.0025145214  -0.0023494581  -0.0009420193   0.0184350326   0.0045204663
       -0.0037645654  -0.0760533967  -0.0905523733   0.0056692638   0.0657699733
        0.5126071707   0.0712942744  -0.0646370460  -0.1885899092  -0.0124091326
       -0.0001153424   0.0001701081  -0.0000774164   0.0010958708  -0.0001757449
        0.0006126829   0.0000195022  -0.0001494060  -0.0000176420   0.0000758114
        0.0005153828   0.0000321196   0.0028113299  -0.0018806365  -0.0018101072
       -0.0299887240  -0.0104423522   0.0055886929   0.1033340377  -0.1874148825
       -0.0608226322  -0.0079661414  -0.0257519844  -0.0039159015  -0.0096220056
       -0.0098178792   0.0024349161  -0.0056734233  -0.0006885014  -0.0018725331
       -0.0007995851   0.0001372483  -0.0006357546   0.0118275124  -0.0006186849
       -0.0029479748   0.1065229980   0.0077505957  -0.0550819424  -0.1567223056
        0.0712942744   0.1805053138  -0.0040123206  -0.0131101872  -0.0613703234
        0.0000166632  -0.0000147970   0.0000097875  -0.0000086099   0.0000958671
        0.0002412340  -0.0000620938  -0.0000890684  -0.0000922744  -0.0002748451
        0.0005098975   0.0000542047   0.0017815406  -0.0014282396  -0.0012520817
       -0.0026798657  -0.0004890424  -0.0006693402   0.0442849224  -0.0613951402
       -0.0593957048  -0.0036260589  -0.0085905853  -0.0006605302   0.0146919518
        0.0232928219   0.0017615461  -0.0109399037  -0.0173449599  -0.0004661596
       -0.0000586960   0.0001496559   0.0001540970   0.0011505773   0.0007600847
       -0.0007907297  -0.0199522463  -0.0274717537  -0.0011639821  -0.1020927412
       -0.0646370460  -0.0040123206   0.4985142006  -0.0295930167  -0.0104778523
       -0.0000245142  -0.0000980825   0.0000823713  -0.0001466641   0.0000082132
       -0.0000299908  -0.0000385651   0.0000402662  -0.0000995508  -0.0021757951
       -0.0011049493   0.0001501542  -0.0002450006  -0.0003285731  -0.0001023429
       -0.0031613982  -0.0020023815   0.0036348942   0.0060642966   0.0120628147
        0.0018423717  -0.1309182793   0.1105100621   0.0406343863  -0.0789938999
       -0.0178437382   0.0860256801  -0.1679212745   0.0195484441  -0.1158471856
       -0.0000311712  -0.0001060773  -0.0000437967   0.0000519958  -0.0007404451
        0.0005804031  -0.0130262636  -0.0076082409   0.0016290981  -0.0645637154
       -0.1885899092  -0.0131101872  -0.0295930167   0.4935100829   0.0082228356
       -0.0000554472   0.0000340494   0.0000001913  -0.0000616580   0.0000725778
       -0.0000343449   0.0001235313   0.0000668351   0.0000338980   0.0012523524
        0.0007409365  -0.0000876246  -0.0000074603   0.0002395990   0.0000240194
       -0.0007557797   0.0022402076  -0.0021644315  -0.0097123658  -0.0250886056
       -0.0036463032   0.1100848945  -0.1797598062  -0.0503783132  -0.0164742483
       -0.0518924239   0.0427159633   0.0227683521  -0.0431187802   0.0162585925
       -0.0002475629   0.0004116136  -0.0000914644  -0.0010945545   0.0005446138
       -0.0029787356   0.0023347853   0.0048804811   0.0009168264  -0.0036009377
       -0.0124091326  -0.0613703234  -0.0104778523   0.0082228356   0.4892790424
        0.0000453177   0.0000107484   0.0001893814  -0.0000835320  -0.0000496190
       -0.0000229814   0.0000652019  -0.0000341422   0.0001200678   0.0007408674
        0.0005457863  -0.0003375110   0.0002399243  -0.0000834653  -0.0000077270
        0.0038662259  -0.0019218787   0.0112401499  -0.0032646883  -0.0088303738
        0.0002363582   0.0406096308  -0.0506606280  -0.0630856110   0.0877046233
        0.0452180803  -0.2278823427  -0.1168374488   0.0141550806  -0.1462051295
       -0.0736463039  -0.0286124137   0.0761978708   0.0061259607   0.0077599074
       -0.0205014213   0.0010660941  -0.0000132552  -0.0007084663  -0.0000217657
       -0.0001153424   0.0000166632  -0.0000245142  -0.0000554472   0.0000453177
        0.0848618814   0.0328244893  -0.0852344633  -0.0104092762  -0.0061065324
        0.0217616625  -0.0059287053  -0.0067354422   0.0127916441   0.0007464953
        0.0003642615  -0.0000086380  -0.0028402968   0.0008869307  -0.0043746242
       -0.0000317765  -0.0000846542   0.0000140020   0.0001001249  -0.0000426169
        0.0000189383   0.0000063671  -0.0000436103  -0.0001001138  -0.0000760728
       -0.0000142974   0.0000422346   0.0000717878  -0.0000119770   0.0000393937
       -0.0283452884  -0.0712376113   0.0684427356   0.0002314489  -0.0006694456
        0.0035741337  -0.0001067020   0.0000799795   0.0005236455   0.0001715129
        0.0001701081  -0.0000147970  -0.0000980825   0.0000340494   0.0000107484
        0.0328244893   0.0786075630  -0.0807837588   0.0088147353   0.0061023971
       -0.0184158807  -0.0139381638  -0.0138671619   0.0269549719  -0.0000062349
        0.0003091096  -0.0007716951   0.0006687481   0.0008061107   0.0005614973
       -0.0001730058  -0.0001986886   0.0000205192  -0.0000244987  -0.0000621407
       -0.0000532101  -0.0000122347  -0.0000164232  -0.0000264231   0.0000149684
        0.0000060104  -0.0000069450  -0.0000216923  -0.0000638564  -0.0000155417
        0.0758410057   0.0683554263  -0.2253444060   0.0028040831   0.0081769084
       -0.0223858993   0.0008467578  -0.0002283370   0.0006334686  -0.0000929356
       -0.0000774164   0.0000097875   0.0000823713   0.0000001913   0.0001893814
       -0.0852344633  -0.0807837588   0.2631400836   0.0084815733   0.0031333404
       -0.0138064033   0.0008284626   0.0010549149   0.0014507316   0.0006375840
       -0.0000684383   0.0003160905  -0.0042509749   0.0005491908  -0.0038399389
        0.0000697243   0.0000040523  -0.0000732855   0.0000526451   0.0000428114
       -0.0001396054  -0.0000906434  -0.0000927843  -0.0001813824  -0.0000629732
       -0.0000243038   0.0000570815   0.0000877832  -0.0000417972  -0.0000257038
       -0.1541349503   0.1048356239   0.0585861445  -0.0199508650   0.0162190280
        0.0042820282  -0.0042691596  -0.0001453423  -0.0041751694  -0.0000211826
        0.0010958708  -0.0000086099  -0.0001466641  -0.0000616580  -0.0000835320
       -0.0104092762   0.0088147353   0.0084815733   0.1800194182  -0.1231181166
       -0.0649376265   0.0083022954  -0.0073131358  -0.0037266892   0.0000462813
        0.0000881136   0.0004532101   0.0007817097  -0.0000664159   0.0004262662
        0.0000060628  -0.0001330219   0.0000260488  -0.0001562063  -0.0001148396
        0.0007217663  -0.0000616959   0.0000415985  -0.0000133853   0.0000155717
       -0.0000760661   0.0000282025  -0.0000213390  -0.0000663737  -0.0000602274
        0.1046839172  -0.1428962945  -0.0530180648   0.0037325929  -0.0021490706
       -0.0003075762   0.0013908394   0.0005717628   0.0011244280   0.0000189515
       -0.0001757449   0.0000958671   0.0000082132   0.0000725778  -0.0000496190
       -0.0061065324   0.0061023971   0.0031333404  -0.1231181166   0.1628757428
        0.0619366020   0.0199498573  -0.0249461145  -0.0127639475  -0.0004564611
        0.0004762978  -0.0000676780   0.0000048259  -0.0002053748   0.0000354584
       -0.0001944237   0.0002165104   0.0000257426   0.0000241633  -0.0000081177
       -0.0001545092   0.0000299988   0.0000135743   0.0000040162   0.0000185435
        0.0000412563  -0.0000210454   0.0000136309   0.0000105977   0.0000269851
        0.0586421146  -0.0532683840  -0.0715604649  -0.0148666616   0.0124876681
        0.0049440181  -0.0030909821   0.0001390374  -0.0020333018  -0.0005540513
        0.0006126829   0.0002412340  -0.0000299908  -0.0000343449  -0.0000229814
        0.0217616625  -0.0184158807  -0.0138064033  -0.0649376265   0.0619366020
        0.0823269245   0.0032252479  -0.0040749618  -0.0014725075   0.0002344834
        0.0002775384   0.0003624145  -0.0002596807   0.0002964675   0.0006119206
        0.0000069729   0.0000797751  -0.0000061846  -0.0001418098  -0.0000503212
        0.0004394728   0.0000191642   0.0000257806  -0.0000271153  -0.0000236719
       -0.0000162042  -0.0000062894   0.0000148292   0.0000045449   0.0000092637
       -0.0851202244  -0.0899400294  -0.0116457587  -0.0133857009  -0.0207997422
       -0.0060796872   0.0003038954  -0.0015930133   0.0001529115   0.0000970362
        0.0000195022  -0.0000620938  -0.0000385651   0.0001235313   0.0000652019
       -0.0059287053  -0.0139381638   0.0008284626   0.0083022954   0.0199498573
        0.0032252479   0.0991082224   0.1053387513   0.0171040153  -0.0038849181
       -0.0000956932  -0.0040929710   0.0007351916   0.0000224063   0.0006061680
       -0.0003310344   0.0006675909  -0.0000615450   0.0000279252   0.0000372354
       -0.0000444184   0.0000700641   0.0001071998  -0.0000077470   0.0000272180
        0.0000365174   0.0000033041   0.0000172998   0.0000640502   0.0000089100
       -0.0898681777  -0.2362704060  -0.0277102679  -0.0024179693   0.0001316575
       -0.0020950033   0.0005623204   0.0009459051   0.0006464945   0.0001308297
       -0.0001494060  -0.0000890684   0.0000402662   0.0000668351  -0.0000341422
       -0.0067354422  -0.0138671619   0.0010549149  -0.0073131358  -0.0249461145
       -0.0040749618   0.1053387513   0.2725718697   0.0327794868   0.0000001145
        0.0009006552  -0.0005656427   0.0003410258   0.0003875059  -0.0000921056
       -0.0000984893   0.0001652859   0.0001381565  -0.0000168216   0.0000683475
        0.0000224774   0.0000530104   0.0000112628   0.0000256506   0.0000140491
       -0.0000240116   0.0000303167  -0.0000303314   0.0000077754  -0.0000363055
       -0.0113217432  -0.0277623173  -0.0478398144  -0.0113646697  -0.0182004564
       -0.0044197251   0.0005928028  -0.0002477294   0.0004881380   0.0001681672
       -0.0000176420  -0.0000922744  -0.0000995508   0.0000338980   0.0001200678
        0.0127916441   0.0269549719   0.0014507316  -0.0037266892  -0.0127639475
       -0.0014725075   0.0171040153   0.0327794868   0.0542659464  -0.0040709286
       -0.0002733777  -0.0027231851  -0.0000296585  -0.0007724738   0.0002791594
       -0.0001200682   0.0001850534   0.0000917126   0.0000448769   0.0000048388
       -0.0000876198   0.0000355545   0.0000435956  -0.0000707988  -0.0000034368
        0.0000239788   0.0000028124  -0.0000003161   0.0000121208   0.0000073569
       -0.0133289699  -0.0205177716  -0.0065495709  -0.0803681570  -0.0864920125
       -0.0107250704   0.0083253794   0.0173003346   0.0022452921   0.0007904079
        0.0000758114  -0.0002748451  -0.0021757951   0.0012523524   0.0007408674
        0.0007464953  -0.0000062349   0.0006375840   0.0000462813  -0.0004564611
        0.0002344834  -0.0038849181   0.0000001145  -0.0040709286   0.0998085475
        0.1009907737   0.0148464473  -0.0057133824  -0.0136274928   0.0007799913
       -0.0021994587   0.0033950699   0.0016758996   0.0001258090  -0.0002923473
       -0.0001007095  -0.0024786524  -0.0012990170   0.0007635633   0.0002409696
       -0.0001961840  -0.0000048140   0.0000654437  -0.0001269357  -0.0001981898
       -0.0016715696   0.0001366492  -0.0011759762  -0.0869453614  -0.2334818820
       -0.0268365794  -0.0051926594  -0.0247658949  -0.0045678572  -0.0014281453
        0.0005153828   0.0005098975  -0.0011049493   0.0007409365   0.0005457863
        0.0003642615   0.0003091096  -0.0000684383   0.0000881136   0.0004762978
        0.0002775384  -0.0000956932   0.0009006552  -0.0002733777   0.1009907737
        0.2710839433   0.0320118929  -0.0077528179  -0.0138336181   0.0014512721
        0.0030736703  -0.0034215797  -0.0020685503  -0.0003475515   0.0000724068
        0.0000763257  -0.0000567939   0.0011941902   0.0000299719  -0.0000347164
        0.0000432093   0.0001217731   0.0001134387   0.0000301940  -0.0000336788
       -0.0116256999  -0.0176992036  -0.0042286816  -0.0103037897  -0.0267459821
       -0.0483097575  -0.0034808293  -0.0101863016  -0.0009394899  -0.0006809838
        0.0000321196   0.0000542047   0.0001501542  -0.0000876246  -0.0003375110
       -0.0000086380  -0.0007716951   0.0003160905   0.0004532101  -0.0000676780
        0.0003624145  -0.0040929710  -0.0005656427  -0.0027231851   0.0148464473
        0.0320118929   0.0538615138   0.0126743772   0.0256451886   0.0009662320
        0.0013087695  -0.0022234672   0.0004101071  -0.0000915307   0.0000777026
        0.0000508087   0.0010231660   0.0004375884   0.0006664303   0.0001194604
        0.0000461778  -0.0001301762  -0.0002911425   0.0000969248  -0.0000190002
        0.0052639280   0.0072817789  -0.0213460344  -0.0692494318  -0.0315091740
        0.0753643610  -0.0152411207  -0.0023778979   0.0215826164   0.0000349265
        0.0028113299   0.0017815406  -0.0002450006  -0.0000074603   0.0002399243
       -0.0028402968   0.0006687481  -0.0042509749   0.0007817097   0.0000048259
       -0.0002596807   0.0007351916   0.0003410258  -0.0000296585  -0.0057133824
       -0.0077528179   0.0126743772   0.0870386895   0.0304918275  -0.0839167407
        0.0004253627  -0.0004012195  -0.0003687700  -0.0012411581   0.0004842737
       -0.0015139785   0.0002660539   0.0000094109   0.0001337019  -0.0000230155
        0.0000628468  -0.0000253626   0.0000075439  -0.0001074978  -0.0000653212
       -0.0003755320   0.0000621885   0.0038629261  -0.0292368945  -0.0685986294
        0.0616788877   0.0097104279   0.0053795933  -0.0173225050   0.0009401866
       -0.0018806365  -0.0014282396  -0.0003285731   0.0002395990  -0.0000834653
        0.0008869307   0.0008061107   0.0005491908  -0.0000664159  -0.0002053748
        0.0002964675   0.0000224063   0.0003875059  -0.0007724738  -0.0136274928
       -0.0138336181   0.0256451886   0.0304918275   0.0773277536  -0.0736827299
        0.0003044548   0.0004243616  -0.0001754700   0.0010220339  -0.0004395233
        0.0013518971   0.0002653048   0.0000939147   0.0000366165  -0.0001028311
        0.0001529647   0.0000090911   0.0000941668   0.0000837901   0.0000346180
        0.0027513426   0.0085030462  -0.0241831592   0.0733267550   0.0638623768
       -0.2092488425   0.0102903057   0.0012502639  -0.0109577059  -0.0005198012
       -0.0018101072  -0.0012520817  -0.0001023429   0.0000240194  -0.0000077270
       -0.0043746242   0.0005614973  -0.0038399389   0.0004262662   0.0000354584
        0.0006119206   0.0006061680  -0.0000921056   0.0002791594   0.0007799913
        0.0014512721   0.0009662320  -0.0839167407  -0.0736827299   0.2465560804
       -0.0000417303   0.0000077357   0.0003115407   0.0007486641  -0.0003303765
        0.0008637136   0.0000441131   0.0000542261  -0.0001596459  -0.0000626194
        0.0000837215  -0.0000227071   0.0000442527   0.0000817016   0.0000831614
        0.0007686831   0.0009417738   0.0006516772   0.0046345932   0.0165678059
        0.0025154461  -0.0724262718  -0.0793136154  -0.0082332361  -0.0176318662
       -0.0299887240  -0.0026798657  -0.0031613982  -0.0007557797   0.0038662259
       -0.0000317765  -0.0001730058   0.0000697243   0.0000060628  -0.0001944237
        0.0000069729  -0.0003310344  -0.0000984893  -0.0001200682  -0.0021994587
        0.0030736703   0.0013087695   0.0004253627   0.0003044548  -0.0000417303
        0.0911145582   0.0917562632   0.0041819213  -0.0000684889  -0.0009380349
       -0.0016610647  -0.0000353475   0.0003481256   0.0000975382  -0.0009052770
       -0.0013443057  -0.0000384660  -0.0001583408  -0.0001857152   0.0000761555
       -0.0008847628   0.0009516157  -0.0001187086  -0.0047128122  -0.0236986237
       -0.0044414642  -0.0821366393  -0.2534266874  -0.0299741604  -0.0063868805
       -0.0104423522  -0.0004890424  -0.0020023815   0.0022402076  -0.0019218787
       -0.0000846542  -0.0001986886   0.0000040523  -0.0001330219   0.0002165104
        0.0000797751   0.0006675909   0.0001652859   0.0001850534   0.0033950699
       -0.0034215797  -0.0022234672  -0.0004012195   0.0004243616   0.0000077357
        0.0917562632   0.2864949929   0.0377843069   0.0012252192   0.0011957833
        0.0012689370   0.0002746556   0.0003099766  -0.0000214908   0.0000237881
        0.0000789075  -0.0000034080  -0.0006002150  -0.0008897099  -0.0001362401
        0.0001963622   0.0002264310   0.0004764210  -0.0020935531  -0.0104841750
       -0.0007310110  -0.0094297948  -0.0308841718  -0.0382803409   0.0030065022
        0.0055886929  -0.0006693402   0.0036348942  -0.0021644315   0.0112401499
        0.0000140020   0.0000205192  -0.0000732855   0.0000260488   0.0000257426
       -0.0000061846  -0.0000615450   0.0001381565   0.0000917126   0.0016758996
       -0.0020685503   0.0004101071  -0.0003687700  -0.0001754700   0.0003115407
        0.0041819213   0.0377843069   0.0317543143  -0.0011573537   0.0017946823
       -0.0049664865   0.0000048262  -0.0000897291   0.0000247666  -0.0011870194
       -0.0020286049   0.0000616157   0.0015575796   0.0023166012   0.0003560209
       -0.0002113313   0.0002486110   0.0001741988  -0.0029681784  -0.0026689887
        0.0034091943  -0.0254064341   0.0239428397   0.0115146034  -0.1172521267
        0.1033340377   0.0442849224   0.0060642966  -0.0097123658  -0.0032646883
        0.0001001249  -0.0000244987   0.0000526451  -0.0001562063   0.0000241633
       -0.0001418098   0.0000279252  -0.0000168216   0.0000448769   0.0001258090
       -0.0003475515  -0.0000915307  -0.0012411581   0.0010220339   0.0007486641
       -0.0000684889   0.0012252192  -0.0011573537   0.1407775185  -0.1137612397
       -0.0553249159  -0.0005336344  -0.0028001392  -0.0001082022   0.0003565037
       -0.0002807619  -0.0002020636   0.0003853803  -0.0001845376   0.0000614591
       -0.0003255987   0.0003608021   0.0000951263  -0.0010438780   0.0020709078
       -0.0020955057   0.0003854102   0.0002447854   0.0002593695   0.1060096635
       -0.1874148825  -0.0613951402   0.0120628147  -0.0250886056  -0.0088303738
       -0.0000426169  -0.0000621407   0.0000428114  -0.0001148396  -0.0000081177
       -0.0000503212   0.0000372354   0.0000683475   0.0000048388  -0.0002923473
        0.0000724068   0.0000777026   0.0004842737  -0.0004395233  -0.0003303765
       -0.0009380349   0.0011957833   0.0017946823  -0.1137612397   0.2139994449
        0.0715222331  -0.0032876535  -0.0056472950  -0.0009111114   0.0005243092
        0.0003788201  -0.0000116866   0.0003025021   0.0002692668  -0.0001722487
        0.0019246701  -0.0018085673  -0.0007875921   0.0031448456  -0.0014813197
        0.0115298607   0.0065490833  -0.0057709559  -0.0040037943   0.0446817797
       -0.0608226322  -0.0593957048   0.0018423717  -0.0036463032   0.0002363582
        0.0000189383  -0.0000532101  -0.0001396054   0.0007217663  -0.0001545092
        0.0004394728  -0.0000444184   0.0000224774  -0.0000876198  -0.0001007095
        0.0000763257   0.0000508087  -0.0015139785   0.0013518971   0.0008637136
       -0.0016610647   0.0012689370  -0.0049664865  -0.0553249159   0.0715222331
        0.0541412985  -0.0002880340  -0.0008234263   0.0014578538  -0.0001528924
        0.0001205098   0.0004419141   0.0002025586   0.0001985440   0.0002195227
        0.0000152312   0.0001581703  -0.0000378320  -0.0017090626  -0.0020772729
       -0.0002125922   0.0004921218   0.0000372462  -0.0000413278   0.0102171651
       -0.0079661414  -0.0036260589  -0.1309182793   0.1100848945   0.0406096308
        0.0000063671  -0.0000122347  -0.0000906434  -0.0000616959   0.0000299988
        0.0000191642   0.0000700641   0.0000530104   0.0000355545  -0.0024786524
       -0.0000567939   0.0010231660   0.0002660539   0.0002653048   0.0000441131
       -0.0000353475   0.0002746556   0.0000048262  -0.0005336344  -0.0032876535
       -0.0002880340   0.1531159894  -0.1277200415  -0.0487444006  -0.0099749810
        0.0106635406   0.0062291035  -0.0184713394   0.0195533167   0.0050753307
        0.0000721535   0.0002191812   0.0000454057   0.0001662529   0.0001406762
        0.0001039653   0.0014667706   0.0012311839  -0.0001121676   0.0146693861
       -0.0257519844  -0.0085905853   0.1105100621  -0.1797598062  -0.0506606280
       -0.0000436103  -0.0000164232  -0.0000927843   0.0000415985   0.0000135743
        0.0000257806   0.0001071998   0.0000112628   0.0000435956  -0.0012990170
        0.0011941902   0.0004375884   0.0000094109   0.0000939147   0.0000542261
        0.0003481256   0.0003099766  -0.0000897291  -0.0028001392  -0.0056472950
       -0.0008234263  -0.1277200415   0.2087147142   0.0600209842  -0.0016052023
        0.0036267947   0.0002416007   0.0060770501  -0.0043799598  -0.0006038261
       -0.0001563236  -0.0000530379   0.0000871463   0.0004173083   0.0007266672
       -0.0001935950   0.0002367129   0.0002639102  -0.0001622721   0.0007334875
       -0.0039159015  -0.0006605302   0.0406343863  -0.0503783132  -0.0630856110
       -0.0001001138  -0.0000264231  -0.0001813824  -0.0000133853   0.0000040162
       -0.0000271153  -0.0000077470   0.0000256506  -0.0000707988   0.0007635633
        0.0000299719   0.0006664303   0.0001337019   0.0000366165  -0.0001596459
        0.0000975382  -0.0000214908   0.0000247666  -0.0001082022  -0.0009111114
        0.0014578538  -0.0487444006   0.0600209842   0.0683377849   0.0206104966
       -0.0215116199  -0.0112184421  -0.0144970225   0.0157100809   0.0051854109
        0.0000461711   0.0000804693   0.0000152290  -0.0001631262  -0.0003200704
        0.0001855512   0.0006314853  -0.0024048482   0.0002147037  -0.0117140311
       -0.0096220056   0.0146919518  -0.0789938999  -0.0164742483   0.0877046233
       -0.0000760728   0.0000149684  -0.0000629732   0.0000155717   0.0000185435
       -0.0000236719   0.0000272180   0.0000140491  -0.0000034368   0.0002409696
       -0.0000347164   0.0001194604  -0.0000230155  -0.0001028311  -0.0000626194
       -0.0009052770   0.0000237881  -0.0011870194   0.0003565037   0.0005243092
       -0.0001528924  -0.0099749810  -0.0016052023   0.0206104966   0.0924200414
        0.0248927245  -0.1002177369   0.0081124428   0.0049950701  -0.0218316661
        0.0000386020   0.0001915402   0.0001073090   0.0002409215  -0.0000685725
        0.0000867446  -0.0000220829  -0.0036317016   0.0004864599  -0.0153453620
       -0.0098178792   0.0232928219  -0.0178437382  -0.0518924239   0.0452180803
       -0.0000142974   0.0000060104  -0.0000243038  -0.0000760661   0.0000412563
       -0.0000162042   0.0000365174  -0.0000240116   0.0000239788  -0.0001961840
        0.0000432093   0.0000461778   0.0000628468   0.0001529647   0.0000837215
       -0.0013443057   0.0000789075  -0.0020286049  -0.0002807619   0.0003788201
        0.0001205098   0.0106635406   0.0036267947  -0.0215116199   0.0248927245
        0.0606819362  -0.0513325289  -0.0008123546   0.0002331494   0.0054474581
       -0.0000495175  -0.0000893676   0.0000056566  -0.0000076240   0.0000516228
        0.0000808651  -0.0012388875   0.0001089719  -0.0000112288   0.0027784189
        0.0024349161   0.0017615461   0.0860256801   0.0427159633  -0.2278823427
        0.0000422346  -0.0000069450   0.0000570815   0.0000282025  -0.0000210454
       -0.0000062894   0.0000033041   0.0000303167   0.0000028124  -0.0000048140
        0.0001217731  -0.0001301762  -0.0000253626   0.0000090911  -0.0000227071
       -0.0000384660  -0.0000034080   0.0000616157  -0.0002020636  -0.0000116866
        0.0004419141   0.0062291035   0.0002416007  -0.0112184421  -0.1002177369
       -0.0513325289   0.2639038938   0.0066775283   0.0057507258  -0.0270441989
        0.0000164207  -0.0000126096   0.0001094344  -0.0002622326  -0.0001169877
       -0.0002757342   0.0008055109  -0.0021398912  -0.0017463982  -0.0185662117
       -0.0056734233  -0.0109399037  -0.1679212745   0.0227683521  -0.1168374488
        0.0000717878  -0.0000216923   0.0000877832  -0.0000213390   0.0000136309
        0.0000148292   0.0000172998  -0.0000303314  -0.0000003161   0.0000654437
        0.0001134387  -0.0002911425   0.0000075439   0.0000941668   0.0000442527
       -0.0001583408  -0.0006002150   0.0015575796   0.0003853803   0.0003025021
        0.0002025586  -0.0184713394   0.0060770501  -0.0144970225   0.0081124428
       -0.0008123546   0.0066775283   0.1959189079  -0.0199616357   0.1358940000
        0.0000432126   0.0002978362   0.0000870613  -0.0000378321   0.0001356808
       -0.0004558978  -0.0004963245  -0.0028623494  -0.0016841352  -0.0230252646
       -0.0006885014  -0.0173449599   0.0195484441  -0.0431187802   0.0141550806
       -0.0000119770  -0.0000638564  -0.0000417972  -0.0000663737   0.0000105977
        0.0000045449   0.0000640502   0.0000077754   0.0000121208  -0.0001269357
        0.0000301940   0.0000969248  -0.0001074978   0.0000837901   0.0000817016
       -0.0001857152  -0.0008897099   0.0023166012  -0.0001845376   0.0002692668
        0.0001985440   0.0195533167  -0.0043799598   0.0157100809   0.0049950701
        0.0002331494   0.0057507258  -0.0199616357   0.0509348667  -0.0188865956
        0.0000968795   0.0001513552   0.0000853671   0.0001285561   0.0000748543
       -0.0001568348   0.0007620888  -0.0002368938  -0.0007004141  -0.0041401833
       -0.0018725331  -0.0004661596  -0.1158471856   0.0162585925  -0.1462051295
        0.0000393937  -0.0000155417  -0.0000257038  -0.0000602274   0.0000269851
        0.0000092637   0.0000089100  -0.0000363055   0.0000073569  -0.0001981898
       -0.0000336788  -0.0000190002  -0.0000653212   0.0000346180   0.0000831614
        0.0000761555  -0.0001362401   0.0003560209   0.0000614591  -0.0001722487
        0.0002195227   0.0050753307  -0.0006038261   0.0051854109  -0.0218316661
        0.0054474581  -0.0270441989   0.1358940000  -0.0188865956   0.1686713375
