           1           2   1.02064612757869     
           2           3   1.00228223261843     
           3           4  0.985533907234063     
           4           5  0.999525094936975     
           4           6  0.999654473040482     
           4           7  0.996602736704084     
           1           8  0.987517853463010     
           1           9  0.987265346093747     
           1          10  0.988167768582243     
           2          11  0.981952357193049     
           2          12  0.971874867827368     
           3          13  0.979123627983252     
           3          14  0.975283615452987     
           5          15  0.982625761624678     
           5          16  0.985588584807758     
           5          17  0.985985340347896     
           6          18  0.985864331290742     
           6          19  0.982353608735691     
           6          20  0.985625846553207     
           7          21  0.985975140809202     
           7          22  0.986026986539249     
           7          23  0.985568303482300     
