           1           2   1.03178062371846     
           2           3   1.43113419114964     
           3           4   1.42955534473086     
           2           5  0.111088590050484     
           4           5   1.43528210556109     
           5           6   1.42678471649245     
           2           7   1.34745610166394     
           4           7  0.107391841611581     
           6           7   1.41715510579968     
           7           8   1.02912406690219     
           1           9  0.966822432360733     
           1          10  0.966844621413379     
           1          11  0.984335944466063     
           3          12  0.967262088913869     
           4          13  0.970073434906696     
           5          14  0.964240114936675     
           8          15  0.983441331368274     
           8          16  0.964679521224245     
           8          17  0.964740164832888     
