           1           2   1.00823813438707     
           2           3  0.997754524145347     
           3           4   1.00730610277847     
           4           5  0.999156368638617     
           5           6  0.999161711866846     
           2           7  0.997760168298800     
           6           7   1.00732075379928     
           5           8   1.00157356781401     
           1           9  0.986444124331985     
           1          10  0.986419006006207     
           1          11  0.986750026662136     
           2          12  0.968243074228918     
           3          13  0.976652880920832     
           3          14  0.976381691588078     
           4          15  0.976517661576984     
           4          16  0.976751065046139     
           5          17  0.971067636179750     
           6          18  0.976525367841824     
           6          19  0.976732932519255     
           7          20  0.976642693139402     
           7          21  0.976379317293971     
           8          22  0.990495509594602     
           8          23  0.987011806579909     
           8          24  0.986998574766659     
