$hessian                                                                        
        0.5073993070   0.0275400246   0.0023453677  -0.0860823496   0.0511967642
        0.0046318806  -0.0174321273   0.0262559999   0.0022614145  -0.0001117091
       -0.0001915619  -0.0000123058   0.0005718439   0.0008963072   0.0000953397
       -0.0000788797   0.0002285287   0.0000206362  -0.0009597146   0.0011893036
        0.0001061756  -0.0053186164  -0.0012671205  -0.0002129615   0.0007125299
       -0.0000493454  -0.0000023214  -0.0593399977  -0.0271956955  -0.0536054744
       -0.2798595760  -0.0285343935  -0.0063213321  -0.0625742411  -0.0403193633
        0.0515386540   0.0029614888  -0.0052493363  -0.0002489413   0.0032218169
       -0.0059111254  -0.0006902084  -0.0021136209   0.0008451367   0.0000404266
        0.0000365104   0.0000192294   0.0000023565  -0.0001352461   0.0001124027
        0.0000096636  -0.0004975615   0.0001216886   0.0000083201  -0.0003998570
        0.0003125561   0.0000333099
        0.0275400246   0.4745221805  -0.0045619355   0.0488102559  -0.1799534398
       -0.0101245966   0.0061240186  -0.0000674982   0.0000233048  -0.0008506709
       -0.0005048993   0.0000075036   0.0001864121   0.0001755086   0.0000019363
       -0.0000811763  -0.0000589265  -0.0000155350   0.0001010636  -0.0000490418
       -0.0000188954  -0.0014062008  -0.0015626340  -0.0002369442   0.0008595946
        0.0014941412   0.0001231104  -0.0272222478  -0.0859545869  -0.0880287404
       -0.0276078649  -0.0444857990  -0.0003804352  -0.0404484116  -0.1236494044
        0.1065572913   0.0066950402  -0.0176458308  -0.0050428637   0.0082317516
       -0.0229551998   0.0016230396  -0.0008891203   0.0005606710  -0.0000087172
       -0.0000120603   0.0000475649   0.0000037468  -0.0000778501   0.0001088131
        0.0000145232  -0.0000363606   0.0001302828   0.0000227114   0.0000838024
       -0.0001519018   0.0000414957
        0.0023453677  -0.0045619355   0.5259446918   0.0044065172  -0.0100938979
       -0.0680371096   0.0003324668   0.0003163338   0.0006695031  -0.0000679370
        0.0000182761  -0.0007961250   0.0000218640   0.0000110579   0.0001711897
       -0.0000093635  -0.0000095388   0.0000889388  -0.0000033015  -0.0000058206
        0.0001618176  -0.0002195947  -0.0002324904   0.0007128758   0.0000845681
        0.0000982640   0.0003603655  -0.0539857205  -0.0872972851  -0.2259914588
       -0.0062339427  -0.0003916618  -0.0450001216   0.0519081312   0.1058330601
       -0.1850347992   0.0093418540  -0.0259280316  -0.0040643874  -0.0077791794
        0.0221304567   0.0009863384  -0.0001329261   0.0000184188   0.0005299893
        0.0000000338   0.0000078837  -0.0000159359  -0.0000095797   0.0000168896
       -0.0000461423  -0.0000092941   0.0000261158  -0.0000957051   0.0000100366
        0.0000439051  -0.0005439247
       -0.0860823496   0.0488102559   0.0044065172   0.4614544111  -0.0007402786
       -0.0006240916  -0.1961195887  -0.0036710019  -0.0022904106  -0.0213624308
       -0.0070165547  -0.0010132246  -0.0002999544  -0.0017094937  -0.0002828493
       -0.0010875669  -0.0012713042  -0.0001428837   0.0024064691   0.0027925115
        0.0002167366  -0.0250279189   0.0106775044   0.0006823221  -0.0003934094
       -0.0018046066  -0.0001366732   0.0033683999  -0.0051861332   0.0004902977
       -0.0171070349   0.0290738953   0.0025383383   0.0037001389  -0.0056844965
       -0.0014127406  -0.0598629704  -0.0258978319  -0.0573717430  -0.0631641182
       -0.0391251858   0.0548328990   0.0002369916   0.0013454391   0.0001686233
       -0.0006780372   0.0000586202  -0.0000006591   0.0001132844   0.0000077622
        0.0000282513  -0.0007180877  -0.0000735497  -0.0000128267   0.0006237721
       -0.0005855520  -0.0000758831
        0.0511967642  -0.1799534398  -0.0100938979  -0.0007402786   0.4774703456
       -0.0022440949  -0.0000969428  -0.0650853737  -0.0004833464  -0.0234471170
       -0.0005311494  -0.0004691282  -0.0017906505  -0.0035230418  -0.0011272730
       -0.0004596195  -0.0007131835  -0.0000574114   0.0029266917  -0.0035548644
       -0.0009623685   0.0224270896  -0.0049836754  -0.0002421049   0.0059633791
        0.0016957374   0.0004844667   0.0058276808  -0.0165984161  -0.0050338277
        0.0021266406  -0.0013238048  -0.0001360339   0.0076737354  -0.0217775558
        0.0017509839  -0.0285206476  -0.0748451680  -0.0756683573  -0.0424015821
       -0.1075164659   0.0938450119  -0.0000322933   0.0004486308   0.0003015671
       -0.0011998413  -0.0001112642  -0.0000418203   0.0001150923   0.0000686141
        0.0001738329   0.0015753735  -0.0003128314   0.0000132300  -0.0011434746
        0.0011469063  -0.0000094281
        0.0046318806  -0.0101245966  -0.0680371096  -0.0006240916  -0.0022440949
        0.5014503099  -0.0019883775  -0.0005388849  -0.0603479654  -0.0026501114
       -0.0002444799   0.0008593002  -0.0002775107  -0.0011261986   0.0075699690
       -0.0000464247  -0.0000659787  -0.0002071473   0.0002124068  -0.0009677767
        0.0065454679   0.0018650856  -0.0003628427   0.0006527604   0.0005819312
        0.0003494544  -0.0024014461   0.0108568840  -0.0252108831  -0.0036965143
       -0.0000585646   0.0002738253   0.0004250533  -0.0094143239   0.0215576206
        0.0011680604  -0.0608390731  -0.0746655161  -0.2084043875   0.0577698506
        0.0929164515  -0.1723589208   0.0000386908   0.0003251353  -0.0026153903
       -0.0001304485  -0.0000245113   0.0001307564   0.0000344395   0.0001730903
       -0.0016539664   0.0001495817  -0.0000107832  -0.0002135788  -0.0001118249
       -0.0000090307   0.0011347488
       -0.0174321273   0.0061240186   0.0003324668  -0.1961195887  -0.0000969428
       -0.0019883775   0.6111898280   0.0307097628   0.0097181750  -0.1618385811
       -0.1412199272  -0.0155742334  -0.0372878465  -0.0238590510  -0.0028763366
        0.0050062289  -0.0013647864  -0.0000087678  -0.0306338616   0.0236413869
        0.0019043083  -0.1365975843   0.1291091110   0.0115360404   0.0040566688
       -0.0227018144  -0.0022622120   0.0007716255  -0.0004554433  -0.0003717530
       -0.0007476688   0.0020997586   0.0001773140   0.0007788272  -0.0005298140
        0.0003047388  -0.0188135553  -0.0050197694  -0.0050265176  -0.0196354934
       -0.0058923096   0.0034412599   0.0075770947   0.0107170216   0.0011623047
       -0.0056370819   0.0000531324  -0.0001820218   0.0010004676  -0.0002092238
       -0.0000111814  -0.0057015623   0.0003910465  -0.0001401762   0.0000642104
       -0.0014961565  -0.0001350305
        0.0262559999  -0.0000674982   0.0003163338  -0.0036710019  -0.0650853737
       -0.0005388849   0.0307097628   0.6402811846   0.0495892445  -0.0663198680
       -0.2548147585  -0.0216623369  -0.0805632660   0.0292546475   0.0017596154
       -0.0001723491  -0.0637096527  -0.0058816659   0.0755378457   0.0223573772
        0.0033343342   0.0514292243  -0.2234936460  -0.0160424885   0.0040868988
       -0.0536542171  -0.0057149156  -0.0001579520   0.0005968980   0.0001412093
        0.0033528113  -0.0049670014  -0.0004855127  -0.0000739823   0.0005999248
       -0.0000554586  -0.0130900249  -0.0005035528  -0.0012256036  -0.0177549942
       -0.0011448846   0.0005993838  -0.0117469545  -0.0271355260  -0.0028849896
        0.0004095217   0.0010934213  -0.0006009572  -0.0001505538  -0.0006924046
       -0.0000862219  -0.0006439413   0.0009324983  -0.0006449881   0.0025628236
        0.0001525639   0.0000839025
        0.0022614145   0.0000233048   0.0006695031  -0.0022904106  -0.0004833464
       -0.0603479654   0.0097181750   0.0495892445   0.1460827514  -0.0081911273
       -0.0227095551  -0.0469921983  -0.0084716197   0.0025575523   0.0000200741
        0.0001071471  -0.0059070687  -0.0045894774   0.0070198456   0.0026051407
       -0.0002965765   0.0038815448  -0.0149375464  -0.0543992636   0.0003881263
       -0.0061013351   0.0043293387   0.0003930182   0.0000350123   0.0001512770
        0.0003014630  -0.0004998014   0.0005249133  -0.0004021079   0.0000363079
        0.0001352789  -0.0259324628  -0.0025611611  -0.0006508245   0.0224105955
        0.0022188415   0.0008175680  -0.0010582976  -0.0025763895   0.0002789570
       -0.0001409966  -0.0006074426   0.0071971771  -0.0000019451  -0.0000832673
        0.0001133941  -0.0002451928  -0.0006311660   0.0073136300   0.0002528305
        0.0000326758  -0.0003575570
       -0.0001117091  -0.0008506709  -0.0000679370  -0.0213624308  -0.0234471170
       -0.0026501114  -0.1618385811  -0.0663198680  -0.0081911273   0.6641027279
       -0.0085989253   0.0069206549  -0.3318917384  -0.0322845044  -0.0071982275
       -0.0339631766   0.0864338312   0.0080182420  -0.0489446542  -0.0290036326
       -0.0034931696   0.0581440823  -0.0361392988  -0.0027041135  -0.0010207124
        0.0064954688   0.0005122954  -0.0005348338  -0.0001835848  -0.0002178033
        0.0000858958  -0.0005208939  -0.0000575534  -0.0005238617  -0.0002541578
        0.0001537690  -0.0029291955  -0.0004710598   0.0000554737  -0.0029343216
       -0.0004472011  -0.0002195176  -0.0961781375   0.1050990742   0.0094657798
       -0.0184267142  -0.0017806446  -0.0004322408  -0.0004072094   0.0027769687
        0.0001579543  -0.0002415044  -0.0004856034  -0.0000491062  -0.0010239253
       -0.0000181804  -0.0000032613
       -0.0001915619  -0.0005048993   0.0000182761  -0.0070165547  -0.0005311494
       -0.0002444799  -0.1412199272  -0.2548147585  -0.0227095551  -0.0085989253
        0.6582781979   0.0534805280   0.0463705806  -0.0926549666  -0.0039197951
        0.0263583988   0.0224131700   0.0024228604  -0.0248922044  -0.0113564706
       -0.0010847308   0.0205302337  -0.0650722237  -0.0058997684   0.0032575262
       -0.0027696430  -0.0009152623   0.0004411397   0.0002700790  -0.0005421120
        0.0002576900  -0.0005036036  -0.0000717761   0.0004592236   0.0002112939
        0.0005586511   0.0014670333   0.0005101841   0.0005427407   0.0012585286
        0.0005818128  -0.0003294331   0.1055143023  -0.2491546503  -0.0197712818
       -0.0259139472  -0.0014827871  -0.0005016228   0.0035117494  -0.0042039450
       -0.0011146211  -0.0006787756   0.0006309262   0.0000731385  -0.0009145101
        0.0001534333   0.0000082436
       -0.0000123058   0.0000075036  -0.0007961250  -0.0010132246  -0.0004691282
        0.0008593002  -0.0155742334  -0.0216623369  -0.0469921983   0.0069206549
        0.0534805280   0.1197932764   0.0005446166  -0.0050279435  -0.0467129248
        0.0020969123   0.0032692899   0.0019601940  -0.0030889997  -0.0011415688
       -0.0040967020   0.0028669029  -0.0067073642  -0.0028496769   0.0002184913
       -0.0008485430   0.0068529619   0.0002463984   0.0002486362   0.0002134597
        0.0000219038  -0.0000856537   0.0002811482  -0.0001820850  -0.0002521062
        0.0002780143  -0.0010478198   0.0000151183  -0.0003203557   0.0012424914
        0.0001458152  -0.0003648867   0.0095107812  -0.0197728022  -0.0352443629
       -0.0028104607  -0.0001599626  -0.0001724177   0.0002352632  -0.0011273984
        0.0075091556  -0.0000675652   0.0000752868  -0.0002004121  -0.0001077220
        0.0000126298   0.0000025520
        0.0005718439   0.0001864121   0.0000218640  -0.0002999544  -0.0017906505
       -0.0002775107  -0.0372878465  -0.0805632660  -0.0084716197  -0.3318917384
        0.0463705806   0.0005446166   0.6569468997   0.0055917606   0.0082061898
       -0.1488094660   0.0627071805   0.0047706250   0.0574447402   0.0245301611
        0.0031951327  -0.0467606088   0.0330992264   0.0026714946   0.0002341816
       -0.0019972420  -0.0001818692  -0.0001911702   0.0000512980  -0.0000542633
        0.0001612851  -0.0000639832  -0.0000002809  -0.0001992970   0.0000639943
        0.0000574236  -0.0010355524  -0.0002318874   0.0001041936  -0.0009869697
       -0.0001965395  -0.0001763972  -0.0170056770   0.0030347832   0.0000532558
       -0.1131094264  -0.1132075063  -0.0123053625  -0.0177116534   0.0262640255
        0.0023384607  -0.0007122653  -0.0036745443  -0.0004805070   0.0006426749
       -0.0001738032  -0.0000154458
        0.0008963072   0.0001755086   0.0000110579  -0.0017094937  -0.0035230418
       -0.0011261986  -0.0238590510   0.0292546475   0.0025575523  -0.0322845044
       -0.0926549666  -0.0050279435   0.0055917606   0.6683039504   0.0549489025
        0.1413869834  -0.2799484742  -0.0210533744  -0.0337780940  -0.0678847240
       -0.0073373579   0.0326659439  -0.0157645686  -0.0005480034  -0.0013953180
       -0.0007253675  -0.0000822598  -0.0000492721  -0.0000725001   0.0002484147
        0.0002218240   0.0001331078   0.0000157886  -0.0000685493  -0.0000073893
       -0.0002453730  -0.0004219832  -0.0001529309   0.0001082156  -0.0000894308
       -0.0000811447  -0.0001651167   0.0271040112  -0.0033892289  -0.0000385787
       -0.1131597582  -0.2287689699  -0.0209650431   0.0019689067  -0.0015881545
       -0.0001713433  -0.0030009800  -0.0035476376  -0.0011580868  -0.0000193025
        0.0002418844   0.0000287476
        0.0000953397   0.0000019363   0.0001711897  -0.0002828493  -0.0011272730
        0.0075699690  -0.0028763366   0.0017596154   0.0000200741  -0.0071982275
       -0.0039197951  -0.0467129248   0.0082061898   0.0549489025   0.1175406958
        0.0125191996  -0.0221501336  -0.0485940793  -0.0025498968  -0.0065259240
        0.0011486781   0.0026464169  -0.0005354327  -0.0055456843  -0.0001338083
       -0.0000926739  -0.0001447290  -0.0001466446  -0.0000159966  -0.0000313003
        0.0000236816   0.0000094399   0.0000240786   0.0001318456   0.0000209032
       -0.0000715982   0.0015872993   0.0001935116   0.0001763106  -0.0016722921
       -0.0002448898   0.0000554513   0.0024171082  -0.0003744453   0.0008197203
       -0.0122977406  -0.0209645910  -0.0345604246  -0.0000603443   0.0001620908
        0.0005023795  -0.0004146768  -0.0011707842   0.0076759679   0.0000057364
        0.0000255393  -0.0000437743
       -0.0000788797  -0.0000811763  -0.0000093635  -0.0010875669  -0.0004596195
       -0.0000464247   0.0050062289  -0.0001723491   0.0001071471  -0.0339631766
        0.0263583988   0.0020969123  -0.1488094660   0.1413869834   0.0125191996
        0.6787385003  -0.0016665492   0.0076938023  -0.1643241354  -0.1504339278
       -0.0165148811  -0.0366288597  -0.0248111491  -0.0029240167  -0.0049185248
        0.0026991159   0.0001341381   0.0000492446  -0.0000266987  -0.0001307609
        0.0000711009  -0.0001087129  -0.0000079844   0.0000448464  -0.0000280550
        0.0001252429   0.0000382130   0.0001628155   0.0001233805   0.0000387244
        0.0001843341  -0.0000922845  -0.0058768578   0.0006780327  -0.0001246381
        0.0064824799  -0.0138146250  -0.0012719267  -0.3002346805   0.0103083086
       -0.0026963824   0.0067801745   0.0113165788   0.0012107465  -0.0013273654
       -0.0014917053  -0.0001919063
        0.0002285287  -0.0000589265  -0.0000095388  -0.0012713042  -0.0007131835
       -0.0000659787  -0.0013647864  -0.0637096527  -0.0059070687   0.0864338312
        0.0224131700   0.0032692899   0.0627071805  -0.2799484742  -0.0221501336
       -0.0016665492   0.6534923215   0.0531769317  -0.0738388859  -0.2706103998
       -0.0234824821  -0.0821101659   0.0313585518   0.0021891903   0.0034131154
        0.0015239902  -0.0003430087  -0.0000553697   0.0001435303   0.0002141272
       -0.0000110390   0.0000684333   0.0000073667  -0.0000522683   0.0001802439
       -0.0001850150  -0.0005717616   0.0001192760  -0.0000295912  -0.0005787882
        0.0001166817   0.0000369663   0.0001031460   0.0013710235  -0.0006025150
        0.0107642716  -0.0259639442  -0.0023987601   0.0100436432  -0.0443314459
       -0.0009151591  -0.0126268994  -0.0250559934  -0.0026343260   0.0004541012
       -0.0003952018  -0.0001702951
        0.0000206362  -0.0000155350   0.0000889388  -0.0001428837  -0.0000574114
       -0.0002071473  -0.0000087678  -0.0058816659  -0.0045894774   0.0080182420
        0.0024228604   0.0019601940   0.0047706250  -0.0210533744  -0.0485940793
        0.0076938023   0.0531769317   0.1193660037  -0.0089740930  -0.0245569100
       -0.0453180372  -0.0085677179   0.0029800133  -0.0024744337   0.0002018267
       -0.0003366704   0.0056040642  -0.0000271780   0.0000183140   0.0000041014
        0.0000004434   0.0000076360  -0.0000240122   0.0000187672   0.0000156789
       -0.0000319511  -0.0000710690   0.0000202944   0.0000040483  -0.0000428047
        0.0000086096   0.0000065212  -0.0001796897  -0.0005996460   0.0074843491
        0.0011514535  -0.0027427935  -0.0003649799  -0.0027198827  -0.0009035463
       -0.0339043948  -0.0011496138  -0.0023006729  -0.0003562950   0.0000079041
       -0.0002021127   0.0013465871
       -0.0009597146   0.0001010636  -0.0000033015   0.0024064691   0.0029266917
        0.0002124068  -0.0306338616   0.0755378457   0.0070198456  -0.0489446542
       -0.0248922044  -0.0030889997   0.0574447402  -0.0337780940  -0.0025498968
       -0.1643241354  -0.0738388859  -0.0089740930   0.6503716309   0.0133451490
        0.0088489364  -0.3119354208  -0.0208984697  -0.0056650269  -0.0353361960
       -0.0172565233  -0.0022917217   0.0000222648  -0.0001033088  -0.0002045245
        0.0000207293   0.0000937035   0.0000103022   0.0000148060  -0.0001657539
        0.0001855882   0.0005474174  -0.0003246379   0.0001996119   0.0005859502
       -0.0002859490  -0.0002390675  -0.0002444546  -0.0006302346  -0.0000641815
       -0.0003061343   0.0031259025   0.0001993630  -0.0197724649  -0.0254852662
       -0.0027900832  -0.0972237360   0.1045669770   0.0094218009  -0.0017332352
       -0.0020380051  -0.0002269587
        0.0011893036  -0.0000490418  -0.0000058206   0.0027925115  -0.0035548644
       -0.0009677767   0.0236413869   0.0223573772   0.0026051407  -0.0290036326
       -0.0113564706  -0.0011415688   0.0245301611  -0.0678847240  -0.0065259240
       -0.1504339278  -0.2706103998  -0.0245569100   0.0133451490   0.6857748688
        0.0570503441   0.0569813956  -0.0906385462  -0.0032197418  -0.0441529893
       -0.0077301773  -0.0018036925   0.0000083347   0.0000397358   0.0000323784
        0.0001886170  -0.0003489850  -0.0000267552  -0.0000010813   0.0000430333
       -0.0000229258  -0.0002446109  -0.0002501210  -0.0001154910  -0.0000231226
       -0.0003007781   0.0000585536  -0.0006538039   0.0005953188   0.0000598612
        0.0026470312  -0.0043837098  -0.0011164967  -0.0012728126  -0.0002894652
       -0.0000624425   0.1036082337  -0.2474802700  -0.0197104511  -0.0031461433
       -0.0039327808  -0.0005302811
        0.0001061756  -0.0000188954   0.0001618176   0.0002167366  -0.0009623685
        0.0065454679   0.0019043083   0.0033343342  -0.0002965765  -0.0034931696
       -0.0010847308  -0.0040967020   0.0031951327  -0.0073373579   0.0011486781
       -0.0165148811  -0.0234824821  -0.0453180372   0.0088489364   0.0570503441
        0.1142810134   0.0019743061  -0.0043099838  -0.0501985384  -0.0048967355
       -0.0014335611   0.0041049882  -0.0000482515   0.0000474779   0.0000110348
        0.0000194899  -0.0000300162  -0.0000444955   0.0000497183  -0.0000447365
        0.0000033720   0.0011047470  -0.0002063345  -0.0000058802  -0.0011245819
        0.0001421614   0.0000077505  -0.0000652310   0.0000614651  -0.0001117725
        0.0001542510  -0.0011126119   0.0072192597  -0.0004058769  -0.0004097008
        0.0001887066   0.0093168668  -0.0196942480  -0.0345487527  -0.0003419410
       -0.0005087551   0.0009486663
       -0.0053186164  -0.0014062008  -0.0002195947  -0.0250279189   0.0224270896
        0.0018650856  -0.1365975843   0.0514292243   0.0038815448   0.0581440823
        0.0205302337   0.0028669029  -0.0467606088   0.0326659439   0.0026464169
       -0.0366288597  -0.0821101659  -0.0085677179  -0.3119354208   0.0569813956
        0.0019743061   0.6570549948  -0.0176094366   0.0055724967  -0.1092507588
       -0.0533175623  -0.0061906973   0.0000872901  -0.0001497862   0.0000243245
       -0.0011694342   0.0016465933   0.0001387266   0.0000880460  -0.0001564091
       -0.0000592475  -0.0014020218   0.0015634165  -0.0007433881  -0.0014403993
        0.0013983887   0.0009774329  -0.0010701158  -0.0031177796  -0.0004459306
       -0.0000882605   0.0010139882   0.0000972472   0.0002902097  -0.0021663290
       -0.0003247314  -0.0165779135   0.0037637138   0.0001000508  -0.0223967099
       -0.0333863181  -0.0035932277
       -0.0012671205  -0.0015626340  -0.0002324904   0.0106775044  -0.0049836754
       -0.0003628427   0.1291091110  -0.2234936460  -0.0149375464  -0.0361392988
       -0.0650722237  -0.0067073642   0.0330992264  -0.0157645686  -0.0005354327
       -0.0248111491   0.0313585518   0.0029800133  -0.0208984697  -0.0906385462
       -0.0043099838  -0.0176094366   0.6056163618   0.0467407718  -0.0834385095
       -0.2295906087  -0.0203993738   0.0004277067  -0.0000897577  -0.0001199649
       -0.0007511500   0.0002342121   0.0000015855   0.0004149306  -0.0001066447
        0.0001108020  -0.0021602917   0.0001710455  -0.0017828840  -0.0022701120
       -0.0001346069   0.0015927205  -0.0020645139  -0.0019743376  -0.0010555217
        0.0012086435   0.0011698991   0.0000835345  -0.0022963274  -0.0033513433
       -0.0011830676   0.0297238279  -0.0047197018  -0.0002448439  -0.0109545713
        0.0029322244   0.0003618884
       -0.0002129615  -0.0002369442   0.0007128758   0.0006823221  -0.0002421049
        0.0006527604   0.0115360404  -0.0160424885  -0.0543992636  -0.0027041135
       -0.0058997684  -0.0028496769   0.0026714946  -0.0005480034  -0.0055456843
       -0.0029240167   0.0021891903  -0.0024744337  -0.0056650269  -0.0032197418
       -0.0501985384   0.0055724967   0.0467407718   0.1332751450  -0.0092352600
       -0.0200678604  -0.0368153038  -0.0000212321   0.0000018939  -0.0000949175
       -0.0000932506   0.0000356127   0.0001015150   0.0001087890  -0.0000144889
       -0.0000716508  -0.0005369382   0.0000401549   0.0004302293   0.0000395516
       -0.0001138977   0.0007782151  -0.0003351038  -0.0010543272   0.0081335455
        0.0001074891   0.0000688300   0.0005826534  -0.0003387856  -0.0011818798
        0.0082028153   0.0026662700  -0.0006024496   0.0019043126  -0.0013177645
        0.0001475012  -0.0023245984
        0.0007125299   0.0008595946   0.0000845681  -0.0003934094   0.0059633791
        0.0005819312   0.0040566688   0.0040868988   0.0003881263  -0.0010207124
        0.0032575262   0.0002184913   0.0002341816  -0.0013953180  -0.0001338083
       -0.0049185248   0.0034131154   0.0002018267  -0.0353361960  -0.0441529893
       -0.0048967355  -0.1092507588  -0.0834385095  -0.0092352600   0.5504230910
        0.0344320836   0.0094093029  -0.0002109724  -0.0000186373   0.0000444256
        0.0002319532  -0.0001453342  -0.0000104238  -0.0002087200  -0.0000010526
       -0.0000464831   0.0007756914  -0.0000978781   0.0010889190   0.0008097457
        0.0000989919  -0.0010690747  -0.0000720602   0.0000851456   0.0000226560
       -0.0002757247  -0.0002610049  -0.0000109206  -0.0018042141  -0.0015044328
       -0.0001711360   0.0019900621   0.0002349071   0.0000778452  -0.4057426309
        0.0785835146   0.0034557498
       -0.0000493454   0.0014941412   0.0000982640  -0.0018046066   0.0016957374
        0.0003494544  -0.0227018144  -0.0536542171  -0.0061013351   0.0064954688
       -0.0027696430  -0.0008485430  -0.0019972420  -0.0007253675  -0.0000926739
        0.0026991159   0.0015239902  -0.0003366704  -0.0172565233  -0.0077301773
       -0.0014335611  -0.0533175623  -0.2295906087  -0.0200678604   0.0344320836
        0.3401543301   0.0321149741  -0.0003583610  -0.0001991834   0.0000994633
        0.0004384561   0.0000656843   0.0000170919  -0.0003542187  -0.0001372497
       -0.0001399117   0.0012057541  -0.0003642431   0.0010831287   0.0012471513
       -0.0001121255  -0.0010954790  -0.0013881740  -0.0029953547  -0.0002624957
       -0.0003837263  -0.0005578321   0.0000723171  -0.0008780344  -0.0003115703
       -0.0000457478  -0.0000360285   0.0010587074   0.0004079236   0.0540076072
       -0.0468450181  -0.0038183390
       -0.0000023214   0.0001231104   0.0003603655  -0.0001366732   0.0004844667
       -0.0024014461  -0.0022622120  -0.0057149156   0.0043293387   0.0005122954
       -0.0009152623   0.0068529619  -0.0001818692  -0.0000822598  -0.0001447290
        0.0001341381  -0.0003430087   0.0056040642  -0.0022917217  -0.0018036925
        0.0041049882  -0.0061906973  -0.0203993738  -0.0368153038   0.0094093029
        0.0321149741   0.0256800491  -0.0000266338   0.0001019491   0.0000907919
        0.0000469169   0.0000083087  -0.0000327459  -0.0000537269  -0.0001440132
        0.0000384640   0.0001848723   0.0001446540   0.0001818388   0.0000904198
       -0.0002007329  -0.0000977033  -0.0001322000  -0.0002519876  -0.0003970376
       -0.0000176964   0.0000882047  -0.0014253308  -0.0001073429  -0.0000541196
        0.0000583059   0.0000666913   0.0004060222  -0.0031576579   0.0009584580
       -0.0035623240  -0.0028292138
       -0.0593399977  -0.0272222478  -0.0539857205   0.0033683999   0.0058276808
        0.0108568840   0.0007716255  -0.0001579520   0.0003930182  -0.0005348338
        0.0004411397   0.0002463984  -0.0001911702  -0.0000492721  -0.0001466446
        0.0000492446  -0.0000553697  -0.0000271780   0.0000222648   0.0000083347
       -0.0000482515   0.0000872901   0.0004277067  -0.0000212321  -0.0002109724
       -0.0003583610  -0.0000266338   0.0681985855   0.0306971334   0.0624530285
       -0.0129270340  -0.0145516526  -0.0299206111   0.0025827479   0.0032059075
        0.0085307251  -0.0003568951   0.0027702796   0.0007396199   0.0001494725
       -0.0005537123  -0.0000211649  -0.0018061562  -0.0003166409   0.0009413556
        0.0000260760  -0.0000045113   0.0000080041   0.0000545798  -0.0000403068
        0.0000260661   0.0000313633  -0.0000425773   0.0000048310   0.0000254097
       -0.0000255788  -0.0000024944
       -0.0271956955  -0.0859545869  -0.0872972851  -0.0051861332  -0.0165984161
       -0.0252108831  -0.0004554433   0.0005968980   0.0000350123  -0.0001835848
        0.0002700790   0.0002486362   0.0000512980  -0.0000725001  -0.0000159966
       -0.0000266987   0.0001435303   0.0000183140  -0.0001033088   0.0000397358
        0.0000474779  -0.0001497862  -0.0000897577   0.0000018939  -0.0000186373
       -0.0001991834   0.0001019491   0.0306971334   0.1016265127   0.1038470655
       -0.0035929364  -0.0017767043  -0.0055112836   0.0043167073   0.0073781964
        0.0158416301   0.0025901905  -0.0064278435  -0.0015148198  -0.0004304032
        0.0004380237  -0.0005089294  -0.0002346759   0.0004895881   0.0000812931
       -0.0000572073   0.0000062297   0.0000026889   0.0000045312  -0.0000080254
       -0.0000037940  -0.0000460623  -0.0000028419  -0.0000209253   0.0000207125
        0.0001410656  -0.0001420442
       -0.0536054744  -0.0880287404  -0.2259914588   0.0004902977  -0.0050338277
       -0.0036965143  -0.0003717530   0.0001412093   0.0001512770  -0.0002178033
       -0.0005421120   0.0002134597  -0.0000542633   0.0002484147  -0.0000313003
       -0.0001307609   0.0002141272   0.0000041014  -0.0002045245   0.0000323784
        0.0000110348   0.0000243245  -0.0001199649  -0.0000949175   0.0000444256
        0.0000994633   0.0000907919   0.0624530285   0.1038470655   0.2589505066
       -0.0031253832  -0.0017250012  -0.0032708386  -0.0068699659  -0.0088885972
       -0.0277827321   0.0004582634  -0.0013887455   0.0009198410  -0.0000777393
        0.0004646995   0.0007209019   0.0012802911   0.0005276466  -0.0001236796
       -0.0000116948   0.0000298380   0.0000044681  -0.0000244094   0.0000444705
        0.0000082236  -0.0000129181   0.0000058052  -0.0000049826  -0.0000439406
        0.0000718707  -0.0000781823
       -0.2798595760  -0.0276078649  -0.0062339427  -0.0171070349   0.0021266406
       -0.0000585646  -0.0007476688   0.0033528113   0.0003014630   0.0000858958
        0.0002576900   0.0000219038   0.0001612851   0.0002218240   0.0000236816
        0.0000711009  -0.0000110390   0.0000004434   0.0000207293   0.0001886170
        0.0000194899  -0.0011694342  -0.0007511500  -0.0000932506   0.0002319532
        0.0004384561   0.0000469169  -0.0129270340  -0.0035929364  -0.0031253832
        0.3247084690   0.0300732106   0.0071056097  -0.0138575732  -0.0042561400
        0.0020254971   0.0003146880  -0.0003770735   0.0002850178   0.0003376196
       -0.0003201240  -0.0003421516  -0.0000762325   0.0002652027   0.0000280209
       -0.0000049140  -0.0000251689  -0.0000032436  -0.0000566518   0.0000135941
        0.0000006949  -0.0001050901   0.0000592367   0.0000038445  -0.0000205314
       -0.0000557863  -0.0000060473
       -0.0285343935  -0.0444857990  -0.0003916618   0.0290738953  -0.0013238048
        0.0002738253   0.0020997586  -0.0049670014  -0.0004998014  -0.0005208939
       -0.0005036036  -0.0000856537  -0.0000639832   0.0001331078   0.0000094399
       -0.0001087129   0.0000684333   0.0000076360   0.0000937035  -0.0003489850
       -0.0000300162   0.0016465933   0.0002342121   0.0000356127  -0.0001453342
        0.0000656843   0.0000083087  -0.0145516526  -0.0017767043  -0.0017250012
        0.0300732106   0.0544431330   0.0010964428  -0.0200081626  -0.0031132700
        0.0011260930   0.0003551346   0.0006506784   0.0001373100   0.0004706841
        0.0006262577  -0.0000095055  -0.0000807537   0.0002877580   0.0000481241
        0.0000094179   0.0000075888  -0.0000008924  -0.0000180115   0.0000210705
        0.0000022335   0.0001225425  -0.0000170564   0.0000016803   0.0000869577
       -0.0000016994  -0.0000041740
       -0.0063213321  -0.0003804352  -0.0450001216   0.0025383383  -0.0001360339
        0.0004250533   0.0001773140  -0.0004855127   0.0005249133  -0.0000575534
       -0.0000717761   0.0002811482  -0.0000002809   0.0000157886   0.0000240786
       -0.0000079844   0.0000073667  -0.0000240122   0.0000103022  -0.0000267552
       -0.0000444955   0.0001387266   0.0000015855   0.0001015150  -0.0000104238
        0.0000170919  -0.0000327459  -0.0299206111  -0.0055112836  -0.0032708386
        0.0071056097   0.0010964428   0.0480752260   0.0262448741   0.0053235440
       -0.0009917553   0.0006657015  -0.0001374510   0.0000476798  -0.0005737079
        0.0002373855   0.0000435688  -0.0000031707   0.0000528294  -0.0002174954
        0.0000000200  -0.0000022181   0.0000170041  -0.0000033420   0.0000028250
       -0.0000013196   0.0000114974   0.0000019293  -0.0000103179   0.0000060227
       -0.0000053228   0.0000529150
       -0.0625742411  -0.0404484116   0.0519081312   0.0037001389   0.0076737354
       -0.0094143239   0.0007788272  -0.0000739823  -0.0004021079  -0.0005238617
        0.0004592236  -0.0001820850  -0.0001992970  -0.0000685493   0.0001318456
        0.0000448464  -0.0000522683   0.0000187672   0.0000148060  -0.0000010813
        0.0000497183   0.0000880460   0.0004149306   0.0001087890  -0.0002087200
       -0.0003542187  -0.0000537269   0.0025827479   0.0043167073  -0.0068699659
       -0.0138575732  -0.0200081626   0.0262448741   0.0719280325   0.0460374988
       -0.0601166532   0.0001479213  -0.0005287301  -0.0000995572  -0.0003379339
        0.0028445458  -0.0002442972  -0.0017182828  -0.0001092687  -0.0010286342
        0.0000260438  -0.0000023950  -0.0000079345   0.0000543050  -0.0000335602
       -0.0000315486   0.0000306952  -0.0000416987  -0.0000107262   0.0000234996
       -0.0000243147  -0.0000005649
       -0.0403193633  -0.1236494044   0.1058330601  -0.0056844965  -0.0217775558
        0.0215576206  -0.0005298140   0.0005999248   0.0000363079  -0.0002541578
        0.0002112939  -0.0002521062   0.0000639943  -0.0000073893   0.0000209032
       -0.0000280550   0.0001802439   0.0000156789  -0.0001657539   0.0000430333
       -0.0000447365  -0.0001564091  -0.0001066447  -0.0000144889  -0.0000010526
       -0.0001372497  -0.0001440132   0.0032059075   0.0073781964  -0.0088885972
       -0.0042561400  -0.0031132700   0.0053235440   0.0460374988   0.1459754299
       -0.1242514514  -0.0004484692   0.0004350585   0.0004465781   0.0026072930
       -0.0067307939   0.0001056030   0.0000270227   0.0005727630   0.0000604556
       -0.0000601192   0.0000064941  -0.0000025150  -0.0000031702   0.0000026866
        0.0000021283  -0.0000437031  -0.0000054752   0.0000202132   0.0000089877
        0.0001226587   0.0001758154
        0.0515386540   0.1065572913  -0.1850347992  -0.0014127406   0.0017509839
        0.0011680604   0.0003047388  -0.0000554586   0.0001352789   0.0001537690
        0.0005586511   0.0002780143   0.0000574236  -0.0002453730  -0.0000715982
        0.0001252429  -0.0001850150  -0.0000319511   0.0001855882  -0.0000229258
        0.0000033720  -0.0000592475   0.0001108020  -0.0000716508  -0.0000464831
       -0.0001399117   0.0000384640   0.0085307251   0.0158416301  -0.0277827321
        0.0020254971   0.0011260930  -0.0009917553  -0.0601166532  -0.1242514514
        0.2108080957  -0.0000206632  -0.0005316714   0.0007150550   0.0000019502
       -0.0000040027   0.0011887339  -0.0013440365  -0.0003920176  -0.0002916578
       -0.0000002071  -0.0000309394  -0.0000017698   0.0000258645  -0.0000472256
       -0.0000006607   0.0000049456  -0.0000057513  -0.0000032681   0.0000456323
       -0.0000337079  -0.0000532311
        0.0029614888   0.0066950402   0.0093418540  -0.0598629704  -0.0285206476
       -0.0608390731  -0.0188135553  -0.0130900249  -0.0259324628  -0.0029291955
        0.0014670333  -0.0010478198  -0.0010355524  -0.0004219832   0.0015872993
        0.0000382130  -0.0005717616  -0.0000710690   0.0005474174  -0.0002446109
        0.0011047470  -0.0014020218  -0.0021602917  -0.0005369382   0.0007756914
        0.0012057541   0.0001848723  -0.0003568951   0.0025901905   0.0004582634
        0.0003146880   0.0003551346   0.0006657015   0.0001479213  -0.0004484692
       -0.0000206632   0.0755367999   0.0285249136   0.0683490663   0.0038023128
        0.0029556916   0.0081706999   0.0000709603   0.0002774603  -0.0004130402
       -0.0002846259  -0.0000575588   0.0000860270  -0.0000000720   0.0000477021
       -0.0003001039   0.0000679584   0.0000162775  -0.0000663279   0.0004214371
        0.0013801501  -0.0007210326
       -0.0052493363  -0.0176458308  -0.0259280316  -0.0258978319  -0.0748451680
       -0.0746655161  -0.0050197694  -0.0005035528  -0.0025611611  -0.0004710598
        0.0005101841   0.0000151183  -0.0002318874  -0.0001529309   0.0001935116
        0.0001628155   0.0001192760   0.0000202944  -0.0003246379  -0.0002501210
       -0.0002063345   0.0015634165   0.0001710455   0.0000401549  -0.0000978781
       -0.0003642431   0.0001446540   0.0027702796  -0.0064278435  -0.0013887455
       -0.0003770735   0.0006506784  -0.0001374510  -0.0005287301   0.0004350585
       -0.0005316714   0.0285249136   0.0932117033   0.0894733195   0.0040333722
        0.0066986504   0.0151589333   0.0001266578  -0.0000932066  -0.0001411100
       -0.0000457153  -0.0000558649  -0.0000108461  -0.0000353963  -0.0000439606
        0.0000060331  -0.0000060254   0.0000068947   0.0000070461   0.0011038862
       -0.0014207688   0.0005118021
       -0.0002489413  -0.0050428637  -0.0040643874  -0.0573717430  -0.0756683573
       -0.2084043875  -0.0050265176  -0.0012256036  -0.0006508245   0.0000554737
        0.0005427407  -0.0003203557   0.0001041936   0.0001082156   0.0001763106
        0.0001233805  -0.0000295912   0.0000040483   0.0001996119  -0.0001154910
       -0.0000058802  -0.0007433881  -0.0017828840   0.0004302293   0.0010889190
        0.0010831287   0.0001818388   0.0007396199  -0.0015148198   0.0009198410
        0.0002850178   0.0001373100   0.0000476798  -0.0000995572   0.0004465781
        0.0007150550   0.0683490663   0.0894733195   0.2399273545  -0.0065585525
       -0.0082212117  -0.0285714341   0.0000436669   0.0001115254  -0.0000466048
       -0.0000333258  -0.0000307288   0.0000228628  -0.0000349006   0.0000189999
       -0.0000116484   0.0000144528   0.0000417402  -0.0000174632  -0.0008864764
        0.0016679929  -0.0003322343
        0.0032218169   0.0082317516  -0.0077791794  -0.0631641182  -0.0424015821
        0.0577698506  -0.0196354934  -0.0177549942   0.0224105955  -0.0029343216
        0.0012585286   0.0012424914  -0.0009869697  -0.0000894308  -0.0016722921
        0.0000387244  -0.0005787882  -0.0000428047   0.0005859502  -0.0000231226
       -0.0011245819  -0.0014403993  -0.0022701120   0.0000395516   0.0008097457
        0.0012471513   0.0000904198   0.0001494725  -0.0004304032  -0.0000777393
        0.0003376196   0.0004706841  -0.0005737079  -0.0003379339   0.0026072930
        0.0000019502   0.0038023128   0.0040333722  -0.0065585525   0.0793530760
        0.0443225101  -0.0654575742   0.0000580576   0.0001932017   0.0004661720
       -0.0002816951  -0.0000384815  -0.0001015791  -0.0000094457  -0.0000099318
        0.0003044403   0.0000669993   0.0000063506   0.0000672466   0.0003666021
        0.0012260030   0.0009952932
       -0.0059111254  -0.0229551998   0.0221304567  -0.0391251858  -0.1075164659
        0.0929164515  -0.0058923096  -0.0011448846   0.0022188415  -0.0004472011
        0.0005818128   0.0001458152  -0.0001965395  -0.0000811447  -0.0002448898
        0.0001843341   0.0001166817   0.0000086096  -0.0002859490  -0.0003007781
        0.0001421614   0.0013983887  -0.0001346069  -0.0001138977   0.0000989919
       -0.0001121255  -0.0002007329  -0.0005537123   0.0004380237   0.0004646995
       -0.0003201240   0.0006262577   0.0002373855   0.0028445458  -0.0067307939
       -0.0000040027   0.0029556916   0.0066986504  -0.0082212117   0.0443225101
        0.1316852074  -0.1089892811   0.0001261429  -0.0000996223   0.0001353378
       -0.0000512394  -0.0000593407  -0.0000048233  -0.0000415738  -0.0000357388
       -0.0000113613  -0.0000015754   0.0000161528  -0.0000000182   0.0008959302
       -0.0009920852  -0.0006095400
       -0.0006902084   0.0016230396   0.0009863384   0.0548328990   0.0938450119
       -0.1723589208   0.0034412599   0.0005993838   0.0008175680  -0.0002195176
       -0.0003294331  -0.0003648867  -0.0001763972  -0.0001651167   0.0000554513
       -0.0000922845   0.0000369663   0.0000065212  -0.0002390675   0.0000585536
        0.0000077505   0.0009774329   0.0015927205   0.0007782151  -0.0010690747
       -0.0010954790  -0.0000977033  -0.0000211649  -0.0005089294   0.0007209019
       -0.0003421516  -0.0000095055   0.0000435688  -0.0002442972   0.0001056030
        0.0011887339   0.0081706999   0.0151589333  -0.0285714341  -0.0654575742
       -0.1089892811   0.1975518023  -0.0000157758  -0.0001156918  -0.0000295774
        0.0000153539   0.0000123684   0.0000257794   0.0000276992  -0.0000246333
       -0.0000091534  -0.0000115933  -0.0000334971  -0.0000239692   0.0011137622
       -0.0017610136  -0.0007269860
       -0.0021136209  -0.0008891203  -0.0001329261   0.0002369916  -0.0000322933
        0.0000386908   0.0075770947  -0.0117469545  -0.0010582976  -0.0961781375
        0.1055143023   0.0095107812  -0.0170056770   0.0271040112   0.0024171082
       -0.0058768578   0.0001031460  -0.0001796897  -0.0002444546  -0.0006538039
       -0.0000652310  -0.0010701158  -0.0020645139  -0.0003351038  -0.0000720602
       -0.0013881740  -0.0001322000  -0.0018061562  -0.0002346759   0.0012802911
       -0.0000762325  -0.0000807537  -0.0000031707  -0.0017182828   0.0000270227
       -0.0013440365   0.0000709603   0.0001266578   0.0000436669   0.0000580576
        0.0001261429  -0.0000157758   0.1185863984  -0.1179539617  -0.0102800933
        0.0005869420   0.0007760543   0.0001210252  -0.0010385405   0.0013567621
        0.0001202642  -0.0000106023  -0.0000525198   0.0000188439   0.0000942935
       -0.0000373284  -0.0000041469
        0.0008451367   0.0005606710   0.0000184188   0.0013454391   0.0004486308
        0.0003251353   0.0107170216  -0.0271355260  -0.0025763895   0.1050990742
       -0.2491546503  -0.0197728022   0.0030347832  -0.0033892289  -0.0003744453
        0.0006780327   0.0013710235  -0.0005996460  -0.0006302346   0.0005953188
        0.0000614651  -0.0031177796  -0.0019743376  -0.0010543272   0.0000851456
       -0.0029953547  -0.0002519876  -0.0003166409   0.0004895881   0.0005276466
        0.0002652027   0.0002877580   0.0000528294  -0.0001092687   0.0005727630
       -0.0003920176   0.0002774603  -0.0000932066   0.0001115254   0.0001932017
       -0.0000996223  -0.0001156918  -0.1179539617   0.2796124648   0.0235559239
       -0.0008013753   0.0009771736   0.0003422180   0.0002060606  -0.0002646879
       -0.0000250085  -0.0000085700   0.0000034780   0.0001578704   0.0001912725
        0.0001877448   0.0000092827
        0.0000404266  -0.0000087172   0.0005299893   0.0001686233   0.0003015671
       -0.0026153903   0.0011623047  -0.0028849896   0.0002789570   0.0094657798
       -0.0197712818  -0.0352443629   0.0000532558  -0.0000385787   0.0008197203
       -0.0001246381  -0.0006025150   0.0074843491  -0.0000641815   0.0000598612
       -0.0001117725  -0.0004459306  -0.0010555217   0.0081335455   0.0000226560
       -0.0002624957  -0.0003970376   0.0009413556   0.0000812931  -0.0001236796
        0.0000280209   0.0000481241  -0.0002174954  -0.0010286342   0.0000604556
       -0.0002916578  -0.0004130402  -0.0001411100  -0.0000466048   0.0004661720
        0.0001353378  -0.0000295774  -0.0102800933   0.0235559239   0.0258684908
       -0.0000346057   0.0003649383  -0.0025532221   0.0000068431  -0.0000071420
        0.0000022859   0.0000201546   0.0001573083  -0.0015879506   0.0000155310
        0.0000075421   0.0001014130
        0.0000365104  -0.0000120603   0.0000000338  -0.0006780372  -0.0011998413
       -0.0001304485  -0.0056370819   0.0004095217  -0.0001409966  -0.0184267142
       -0.0259139472  -0.0028104607  -0.1131094264  -0.1131597582  -0.0122977406
        0.0064824799   0.0107642716   0.0011514535  -0.0003061343   0.0026470312
        0.0001542510  -0.0000882605   0.0012086435   0.0001074891  -0.0002757247
       -0.0003837263  -0.0000176964   0.0000260760  -0.0000572073  -0.0000116948
       -0.0000049140   0.0000094179   0.0000000200   0.0000260438  -0.0000601192
       -0.0000002071  -0.0002846259  -0.0000457153  -0.0000333258  -0.0002816951
       -0.0000512394   0.0000153539   0.0005869420  -0.0008013753  -0.0000346057
        0.1306470515   0.1253016664   0.0138657525   0.0008665284   0.0007254234
        0.0001171762   0.0002300393   0.0005690261   0.0000557629   0.0001909429
        0.0000499881   0.0000098835
        0.0000192294   0.0000475649   0.0000078837   0.0000586202  -0.0001112642
       -0.0000245113   0.0000531324   0.0010934213  -0.0006074426  -0.0017806446
       -0.0014827871  -0.0001599626  -0.1132075063  -0.2287689699  -0.0209645910
       -0.0138146250  -0.0259639442  -0.0027427935   0.0031259025  -0.0043837098
       -0.0011126119   0.0010139882   0.0011698991   0.0000688300  -0.0002610049
       -0.0005578321   0.0000882047  -0.0000045113   0.0000062297   0.0000298380
       -0.0000251689   0.0000075888  -0.0000022181  -0.0000023950   0.0000064941
       -0.0000309394  -0.0000575588  -0.0000558649  -0.0000307288  -0.0000384815
       -0.0000593407   0.0000123684   0.0007760543   0.0009771736   0.0003649383
        0.1253016664   0.2587711401   0.0249551033  -0.0004848144   0.0006588717
        0.0003003819  -0.0007063564  -0.0014968940  -0.0001830907   0.0000344737
        0.0001422238   0.0000313416
        0.0000023565   0.0000037468  -0.0000159359  -0.0000006591  -0.0000418203
        0.0001307564  -0.0001820218  -0.0006009572   0.0071971771  -0.0004322408
       -0.0005016228  -0.0001724177  -0.0123053625  -0.0209650431  -0.0345604246
       -0.0012719267  -0.0023987601  -0.0003649799   0.0001993630  -0.0011164967
        0.0072192597   0.0000972472   0.0000835345   0.0005826534  -0.0000109206
        0.0000723171  -0.0014253308   0.0000080041   0.0000026889   0.0000044681
       -0.0000032436  -0.0000008924   0.0000170041  -0.0000079345  -0.0000025150
       -0.0000017698   0.0000860270  -0.0000108461   0.0000228628  -0.0001015791
       -0.0000048233   0.0000257794   0.0001210252   0.0003422180  -0.0025532221
        0.0138657525   0.0249551033   0.0262653666   0.0000007563   0.0003192993
       -0.0024423043  -0.0000706757  -0.0001661624   0.0002286588   0.0000060325
        0.0000310314  -0.0001576014
       -0.0001352461  -0.0000778501  -0.0000095797   0.0001132844   0.0001150923
        0.0000344395   0.0010004676  -0.0001505538  -0.0000019451  -0.0004072094
        0.0035117494   0.0002352632  -0.0177116534   0.0019689067  -0.0000603443
       -0.3002346805   0.0100436432  -0.0027198827  -0.0197724649  -0.0012728126
       -0.0004058769   0.0002902097  -0.0022963274  -0.0003387856  -0.0018042141
       -0.0008780344  -0.0001073429   0.0000545798   0.0000045312  -0.0000244094
       -0.0000566518  -0.0000180115  -0.0000033420   0.0000543050  -0.0000031702
        0.0000258645  -0.0000000720  -0.0000353963  -0.0000349006  -0.0000094457
       -0.0000415738   0.0000276992  -0.0010385405   0.0002060606   0.0000068431
        0.0008665284  -0.0004848144   0.0000007563   0.3378598709  -0.0110282351
        0.0032824476   0.0009293451   0.0005399414   0.0001025479   0.0000015876
       -0.0001031452  -0.0000094521
        0.0001124027   0.0001088131   0.0000168896   0.0000077622   0.0000686141
        0.0001730903  -0.0002092238  -0.0006924046  -0.0000832673   0.0027769687
       -0.0042039450  -0.0011273984   0.0262640255  -0.0015881545   0.0001620908
        0.0103083086  -0.0443314459  -0.0009035463  -0.0254852662  -0.0002894652
       -0.0004097008  -0.0021663290  -0.0033513433  -0.0011818798  -0.0015044328
       -0.0003115703  -0.0000541196  -0.0000403068  -0.0000080254   0.0000444705
        0.0000135941   0.0000210705   0.0000028250  -0.0000335602   0.0000026866
       -0.0000472256   0.0000477021  -0.0000439606   0.0000189999  -0.0000099318
       -0.0000357388  -0.0000246333   0.0013567621  -0.0002646879  -0.0000071420
        0.0007254234   0.0006588717   0.0003192993  -0.0110282351   0.0537024845
        0.0027793010  -0.0007739641   0.0007856357   0.0003372710  -0.0003616998
       -0.0002274348  -0.0000153241
        0.0000096636   0.0000145232  -0.0000461423   0.0000282513   0.0001738329
       -0.0016539664  -0.0000111814  -0.0000862219   0.0001133941   0.0001579543
       -0.0011146211   0.0075091556   0.0023384607  -0.0001713433   0.0005023795
       -0.0026963824  -0.0009151591  -0.0339043948  -0.0027900832  -0.0000624425
        0.0001887066  -0.0003247314  -0.0011830676   0.0082028153  -0.0001711360
       -0.0000457478   0.0000583059   0.0000260661  -0.0000037940   0.0000082236
        0.0000006949   0.0000022335  -0.0000013196  -0.0000315486   0.0000021283
       -0.0000006607  -0.0003001039   0.0000060331  -0.0000116484   0.0003044403
       -0.0000113613  -0.0000091534   0.0001202642  -0.0000250085   0.0000022859
        0.0001171762   0.0003003819  -0.0024423043   0.0032824476   0.0027793010
        0.0243336887  -0.0000245496   0.0003528477  -0.0027174027  -0.0000357025
       -0.0000125142  -0.0001319625
       -0.0004975615  -0.0000363606  -0.0000092941  -0.0007180877   0.0015753735
        0.0001495817  -0.0057015623  -0.0006439413  -0.0002451928  -0.0002415044
       -0.0006787756  -0.0000675652  -0.0007122653  -0.0030009800  -0.0004146768
        0.0067801745  -0.0126268994  -0.0011496138  -0.0972237360   0.1036082337
        0.0093168668  -0.0165779135   0.0297238279   0.0026662700   0.0019900621
       -0.0000360285   0.0000666913   0.0000313633  -0.0000460623  -0.0000129181
       -0.0001050901   0.0001225425   0.0000114974   0.0000306952  -0.0000437031
        0.0000049456   0.0000679584  -0.0000060254   0.0000144528   0.0000669993
       -0.0000015754  -0.0000115933  -0.0000106023  -0.0000085700   0.0000201546
        0.0002300393  -0.0007063564  -0.0000706757   0.0009293451  -0.0007739641
       -0.0000245496   0.1106924007  -0.1164417225  -0.0102567292   0.0009692851
        0.0000209872   0.0000123485
        0.0001216886   0.0001302828   0.0000261158  -0.0000735497  -0.0003128314
       -0.0000107832   0.0003910465   0.0009324983  -0.0006311660  -0.0004856034
        0.0006309262   0.0000752868  -0.0036745443  -0.0035476376  -0.0011707842
        0.0113165788  -0.0250559934  -0.0023006729   0.1045669770  -0.2474802700
       -0.0196942480   0.0037637138  -0.0047197018  -0.0006024496   0.0002349071
        0.0010587074   0.0004060222  -0.0000425773  -0.0000028419   0.0000058052
        0.0000592367  -0.0000170564   0.0000019293  -0.0000416987  -0.0000054752
       -0.0000057513   0.0000162775   0.0000068947   0.0000417402   0.0000063506
        0.0000161528  -0.0000334971  -0.0000525198   0.0000034780   0.0001573083
        0.0005690261  -0.0014968940  -0.0001661624   0.0005399414   0.0007856357
        0.0003528477  -0.1164417225   0.2790461555   0.0235567829  -0.0007735282
        0.0000279704  -0.0000083237
        0.0000083201   0.0000227114  -0.0000957051  -0.0000128267   0.0000132300
       -0.0002135788  -0.0001401762  -0.0006449881   0.0073136300  -0.0000491062
        0.0000731385  -0.0002004121  -0.0004805070  -0.0011580868   0.0076759679
        0.0012107465  -0.0026343260  -0.0003562950   0.0094218009  -0.0197104511
       -0.0345487527   0.0001000508  -0.0002448439   0.0019043126   0.0000778452
        0.0004079236  -0.0031576579   0.0000048310  -0.0000209253  -0.0000049826
        0.0000038445   0.0000016803  -0.0000103179  -0.0000107262   0.0000202132
       -0.0000032681  -0.0000663279   0.0000070461  -0.0000174632   0.0000672466
       -0.0000000182  -0.0000239692   0.0000188439   0.0001578704  -0.0015879506
        0.0000557629  -0.0001830907   0.0002286588   0.0001025479   0.0003372710
       -0.0027174027  -0.0102567292   0.0235567829   0.0257863889  -0.0000554410
       -0.0000011371   0.0000287979
       -0.0003998570   0.0000838024   0.0000100366   0.0006237721  -0.0011434746
       -0.0001118249   0.0000642104   0.0025628236   0.0002528305  -0.0010239253
       -0.0009145101  -0.0001077220   0.0006426749  -0.0000193025   0.0000057364
       -0.0013273654   0.0004541012   0.0000079041  -0.0017332352  -0.0031461433
       -0.0003419410  -0.0223967099  -0.0109545713  -0.0013177645  -0.4057426309
        0.0540076072   0.0009584580   0.0000254097   0.0000207125  -0.0000439406
       -0.0000205314   0.0000869577   0.0000060227   0.0000234996   0.0000089877
        0.0000456323   0.0004214371   0.0011038862  -0.0008864764   0.0003666021
        0.0008959302   0.0011137622   0.0000942935   0.0001912725   0.0000155310
        0.0001909429   0.0000344737   0.0000060325   0.0000015876  -0.0003616998
       -0.0000357025   0.0009692851  -0.0007735282  -0.0000554410   0.4292205400
       -0.0421373251   0.0004788667
        0.0003125561  -0.0001519018   0.0000439051  -0.0005855520   0.0011469063
       -0.0000090307  -0.0014961565   0.0001525639   0.0000326758  -0.0000181804
        0.0001534333   0.0000126298  -0.0001738032   0.0002418844   0.0000255393
       -0.0014917053  -0.0003952018  -0.0002021127  -0.0020380051  -0.0039327808
       -0.0005087551  -0.0333863181   0.0029322244   0.0001475012   0.0785835146
       -0.0468450181  -0.0035623240  -0.0000255788   0.0001410656   0.0000718707
       -0.0000557863  -0.0000016994  -0.0000053228  -0.0000243147   0.0001226587
       -0.0000337079   0.0013801501  -0.0014207688   0.0016679929   0.0012260030
       -0.0009920852  -0.0017610136  -0.0000373284   0.0001877448   0.0000075421
        0.0000499881   0.0001422238   0.0000310314  -0.0001031452  -0.0002274348
       -0.0000125142   0.0000209872   0.0000279704  -0.0000011371  -0.0421373251
        0.0487182152   0.0040552297
        0.0000333099   0.0000414957  -0.0005439247  -0.0000758831  -0.0000094281
        0.0011347488  -0.0001350305   0.0000839025  -0.0003575570  -0.0000032613
        0.0000082436   0.0000025520  -0.0000154458   0.0000287476  -0.0000437743
       -0.0001919063  -0.0001702951   0.0013465871  -0.0002269587  -0.0005302811
        0.0009486663  -0.0035932277   0.0003618884  -0.0023245984   0.0034557498
       -0.0038183390  -0.0028292138  -0.0000024944  -0.0001420442  -0.0000781823
       -0.0000060473  -0.0000041740   0.0000529150  -0.0000005649   0.0001758154
       -0.0000532311  -0.0007210326   0.0005118021  -0.0003322343   0.0009952932
       -0.0006095400  -0.0007269860  -0.0000041469   0.0000092827   0.0001014130
        0.0000098835   0.0000313416  -0.0001576014  -0.0000094521  -0.0000153241
       -0.0001319625   0.0000123485  -0.0000083237   0.0000287979   0.0004788667
        0.0040552297   0.0039635859
