           1           2  0.969025845364601     
           2           3  0.954355534845871     
           2           4  0.980612814966393     
           4           5  0.955611419435780     
           4           6  0.964170541345100     
           6           7  0.955630404027239     
           6           8  0.968498089253806     
           8           9  0.955185230206869     
           8          10  0.957415005000044     
          10          11  0.945537555964504     
           2          12  0.955328255636504     
          10          12  0.958408276755570     
          10          13   1.01204825357190     
           8          14   1.00119961533449     
           6          15  0.999860575895858     
           4          16  0.996193053655588     
           1          17   1.01010190059305     
           1          18  0.967654434440735     
           1          19  0.967658838651650     
          13          20  0.827014336086229     
          14          21  0.845255680901428     
          15          22  0.845788777600093     
          16          23  0.844113457690083     
          17          24  0.852209969996111     
