           1           2  0.974308792842578     
           2           3  0.954877329194241     
           2           4  0.956523418170612     
           4           5  0.955751780157113     
           4           6  0.970993706797305     
           6           7  0.954642595077439     
           6           8  0.967783216884674     
           8           9  0.958330387560813     
           8          10  0.952682796681799     
          10          11  0.947911833079939     
           2          12  0.960805247628266     
          10          12  0.967157452817634     
          10          13   1.00122049974722     
           8          14   1.00192550927394     
           6          15   1.00367136305481     
           4          16   1.00610259660908     
           1          17   1.00589435714482     
           1          18  0.969025269906855     
           1          19  0.966507675956822     
          13          20  0.837465175657863     
          14          21  0.843079684877384     
          15          22  0.842986899383366     
          16          23  0.853977568734747     
          17          24  0.861456598561228     
