           1           2  0.981093446172004     
           2           3  0.956660122036537     
           2           4  0.966570310277741     
           4           5  0.956543945572955     
           4           6  0.970026184138854     
           6           7  0.956436721320646     
           6           8  0.970908631171539     
           8           9  0.955151377958564     
           8          10  0.958976340177081     
          10          11  0.948773457559497     
           2          12  0.957844062866093     
          10          12  0.967873538489708     
          10          13   1.00250264263886     
           8          14   1.00197157447258     
           6          15  0.999611353782792     
           4          16   1.00067679080691     
           1          17  0.999811648515037     
           1          18  0.969708907170052     
           1          19  0.967165668243139     
          13          20  0.836005387150628     
          14          21  0.842881754265644     
          15          22  0.843078794208205     
          16          23  0.840922349729971     
          17          24  0.840279603025671     
