$hessian                                                                        
        0.2945671949   0.0486096997  -0.0206967044  -0.0351639591  -0.0029562381
       -0.0033956604  -0.1060899111  -0.0441829667   0.0303944250   0.0001665129
       -0.0019223888   0.0011338849  -0.0026314478  -0.0043252915   0.0056408932
       -0.0456978034  -0.0082716369   0.0046594429  -0.0414634416  -0.0042318519
        0.0000749268  -0.0636871448   0.0172806742  -0.0178112080
        0.0486096997   0.3791495428   0.0205302899  -0.0026114973  -0.0373103523
        0.0245960154  -0.0507467048  -0.0686337513   0.0240931333  -0.0212593103
       -0.0337914576   0.0003773068  -0.0055657467  -0.0014712529   0.0047349128
        0.0126491063   0.0027016170   0.0003657803   0.0131537197  -0.2207848937
       -0.0800034751   0.0057707333  -0.0198594520   0.0053060364
       -0.0206967044   0.0205302899   0.4855473097  -0.0094867781   0.0319844954
       -0.2701035357   0.0275213049   0.0203384388  -0.0644612165  -0.0076630051
       -0.0136331789   0.0038016271   0.0276735224   0.0233799395  -0.0378150469
       -0.0047527851  -0.0013784344   0.0050345406   0.0092613322  -0.0926873314
       -0.0908086817  -0.0218568869   0.0114657812  -0.0311949966
       -0.0351639591  -0.0026114973  -0.0094867781   0.0436428517  -0.0008821995
        0.0037475419   0.0010822891  -0.0028858587   0.0192954858   0.0000553980
        0.0005976446  -0.0005582125  -0.0037215494  -0.0033176681   0.0045795932
        0.0008419762   0.0002007727  -0.0006644095   0.0034420233   0.0010070015
        0.0018507387  -0.0101790298   0.0078918048  -0.0187639596
       -0.0029562381  -0.0373103523   0.0319844954  -0.0008821995   0.0518564348
       -0.0195293663  -0.0005781862  -0.0003592151   0.0143990964   0.0005606396
        0.0006342652  -0.0005391412  -0.0029476725  -0.0021646733   0.0030932809
        0.0005983798   0.0000062974  -0.0005200455   0.0012198153  -0.0114406875
       -0.0367671009   0.0049854616  -0.0012220692   0.0078787812
       -0.0033956604   0.0245960154  -0.2701035357   0.0037475419  -0.0195293663
        0.3045919216   0.0038484981   0.0042769316  -0.0124847098  -0.0007501929
       -0.0012056805   0.0003399603   0.0010599391   0.0008217334  -0.0003191850
       -0.0014430686  -0.0002911714   0.0003764813   0.0011451505  -0.0116799099
       -0.0182812814  -0.0042122078   0.0030114478  -0.0041196513
       -0.1060899111  -0.0507467048   0.0275213049   0.0010822891  -0.0005781862
        0.0038484981   0.4196112242   0.0301410380  -0.0177651261  -0.0491327894
       -0.0240355764  -0.0059327312  -0.0496733394  -0.0078547203   0.0271286916
       -0.1963935284   0.0552060648  -0.0349073688   0.0001221627  -0.0006390481
       -0.0006604160  -0.0195261079  -0.0014928671   0.0007671475
       -0.0441829667  -0.0686337513   0.0203384388  -0.0028858587  -0.0003592151
        0.0042769316   0.0301410380   0.4303778005  -0.0086817795  -0.0059765725
       -0.2101940322  -0.0647900039  -0.0050581772  -0.0525102402   0.0390477018
        0.0387679749  -0.0625275378   0.0111542888  -0.0194272101  -0.0375461922
       -0.0004306551   0.0086217724   0.0013931683  -0.0009149225
        0.0303944250   0.0240931333  -0.0644612165   0.0192954858   0.0143990964
       -0.0124847098  -0.0177651261  -0.0086817795   0.4210734338   0.0017820820
       -0.0548339242  -0.0674702608   0.0081710081   0.0275640605  -0.2294870517
       -0.0266322562   0.0127221123  -0.0507088093  -0.0092177104  -0.0135080654
        0.0027252048  -0.0060279082  -0.0017546334   0.0008134095
        0.0001665129  -0.0212593103  -0.0076630051   0.0000553980   0.0005606396
       -0.0007501929  -0.0491327894  -0.0059765725   0.0017820820   0.0585670491
       -0.0118772009  -0.0033823082   0.0071889471   0.0020777174   0.0001399152
       -0.0139691821   0.0446627812   0.0085671068  -0.0041380559  -0.0068792505
        0.0010369236   0.0012621203  -0.0013088039   0.0002694785
       -0.0019223888  -0.0337914576  -0.0136331789   0.0005976446   0.0006342652
       -0.0012056805  -0.0240355764  -0.2101940322  -0.0548339242  -0.0118772009
        0.3055296891   0.1111416736   0.0023651715  -0.0052899131  -0.0380456875
        0.0411262757  -0.0463473426  -0.0048666291  -0.0073496535  -0.0116005799
        0.0011171664   0.0010957277   0.0010593711   0.0003262602
        0.0011338849   0.0003773068   0.0038016271  -0.0005582125  -0.0005391412
        0.0003399603  -0.0059327312  -0.0647900039  -0.0674702608  -0.0033823082
        0.1111416736   0.1080790124   0.0009469952  -0.0422138448  -0.0534202316
        0.0073490371  -0.0040016832   0.0079886439   0.0006671197  -0.0002505185
        0.0005263457  -0.0002237850   0.0002762111   0.0001549030
       -0.0026314478  -0.0055657467   0.0276735224  -0.0037215494  -0.0029476725
        0.0010599391  -0.0496733394  -0.0050581772   0.0081710081   0.0071889471
        0.0023651715   0.0009469952   0.0583315679  -0.0026037588   0.0045418558
       -0.0124163354   0.0140353919  -0.0422799300   0.0009858819   0.0005113331
       -0.0010675676   0.0019362751  -0.0007365414   0.0009541771
       -0.0043252915  -0.0014712529   0.0233799395  -0.0033176681  -0.0021646733
        0.0008217334  -0.0078547203  -0.0525102402   0.0275640605   0.0020777174
       -0.0052899131  -0.0422138448  -0.0026037588   0.0605763574  -0.0310696687
        0.0138879298  -0.0015491473   0.0224112518   0.0009910865   0.0022152712
       -0.0005937749   0.0011447049   0.0001935982  -0.0002996968
        0.0056408932   0.0047349128  -0.0378150469   0.0045795932   0.0030932809
       -0.0003191850   0.0271286916   0.0390477018  -0.2294870517   0.0001399152
       -0.0380456875  -0.0534202316   0.0045418558  -0.0310696687   0.3562572728
       -0.0384691857   0.0206146732  -0.0399577152  -0.0015019559   0.0018081356
        0.0036260242  -0.0020598074  -0.0001833481   0.0011159334
       -0.0456978034   0.0126491063  -0.0047527851   0.0008419762   0.0005983798
       -0.0014430686  -0.1963935284   0.0387679749  -0.0266322562  -0.0139691821
        0.0411262757   0.0073490371  -0.0124163354   0.0138879298  -0.0384691857
        0.2724081408  -0.1042747326   0.0636400624   0.0033424462  -0.0012676675
       -0.0009693921  -0.0081157138  -0.0014872664   0.0012775882
       -0.0082716369   0.0027016170  -0.0013784344   0.0002007727   0.0000062974
       -0.0002911714   0.0552060648  -0.0625275378   0.0127221123   0.0446627812
       -0.0463473426  -0.0040016832   0.0140353919  -0.0015491473   0.0206146732
       -0.1042747326   0.1050113859  -0.0286941705  -0.0002301231   0.0031448536
        0.0008217723  -0.0013285179  -0.0004401261   0.0002069017
        0.0046594429   0.0003657803   0.0050345406  -0.0006644095  -0.0005200455
        0.0003764813  -0.0349073688   0.0111542888  -0.0507088093   0.0085671068
       -0.0048666291   0.0079886439  -0.0422799300   0.0224112518  -0.0399577152
        0.0636400624  -0.0286941705   0.0769845341   0.0003525715  -0.0003080492
        0.0000096957   0.0006325248   0.0004575733   0.0002726290
       -0.0414634416   0.0131537197   0.0092613322   0.0034420233   0.0012198153
        0.0011451505   0.0001221627  -0.0194272101  -0.0092177104  -0.0041380559
       -0.0073496535   0.0006671197   0.0009858819   0.0009910865  -0.0015019559
        0.0033424462  -0.0002301231   0.0003525715   0.0454290608  -0.0108991530
       -0.0057504569  -0.0077200774   0.0225415181   0.0050439493
       -0.0042318519  -0.2207848937  -0.0926873314   0.0010070015  -0.0114406875
       -0.0116799099  -0.0006390481  -0.0375461922  -0.0135080654  -0.0068792505
       -0.0116005799  -0.0002505185   0.0005113331   0.0022152712   0.0018081356
       -0.0012676675   0.0031448536  -0.0003080492  -0.0108991530   0.2982640982
        0.1161140862   0.0223986363  -0.0222518696   0.0005116526
        0.0000749268  -0.0800034751  -0.0908086817   0.0018507387  -0.0367671009
       -0.0182812814  -0.0006604160  -0.0004306551   0.0027252048   0.0010369236
        0.0011171664   0.0005263457  -0.0010675676  -0.0005937749   0.0036260242
       -0.0009693921   0.0008217723   0.0000096957  -0.0057504569   0.1161140862
        0.0955357059   0.0054852434  -0.0002580189   0.0066669868
       -0.0636871448   0.0057707333  -0.0218568869  -0.0101790298   0.0049854616
       -0.0042122078  -0.0195261079   0.0086217724  -0.0060279082   0.0012621203
        0.0010957277  -0.0002237850   0.0019362751   0.0011447049  -0.0020598074
       -0.0081157138  -0.0013285179   0.0006325248  -0.0077200774   0.0223986363
        0.0054852434   0.1060296782  -0.0426885184   0.0282628270
        0.0172806742  -0.0198594520   0.0114657812   0.0078918048  -0.0012220692
        0.0030114478  -0.0014928671   0.0013931683  -0.0017546334  -0.0013088039
        0.0010593711   0.0002762111  -0.0007365414   0.0001935982  -0.0001833481
       -0.0014872664  -0.0004401261   0.0004575733   0.0225415181  -0.0222518696
       -0.0002580189  -0.0426885184   0.0411273792  -0.0130150130
       -0.0178112080   0.0053060364  -0.0311949966  -0.0187639596   0.0078787812
       -0.0041196513   0.0007671475  -0.0009149225   0.0008134095   0.0002694785
        0.0003262602   0.0001549030   0.0009541771  -0.0002996968   0.0011159334
        0.0012775882   0.0002069017   0.0002726290   0.0050439493   0.0005116526
        0.0066669868   0.0282628270  -0.0130150130   0.0262907862
