           1           2  0.982431596015707     
           2           3  0.958054213102185     
           2           4  0.962370909698881     
           4           5  0.958246341042153     
           4           6  0.967708773568018     
           6           7  0.956577555996642     
           6           8  0.976940361485327     
           8           9  0.957771238182596     
           8          10  0.950780972829959     
          10          11  0.942335033441501     
           2          12  0.958414425579820     
          10          12  0.958424635318713     
          10          13   1.02091604378654     
           8          14   1.00373833419931     
           6          15   1.00148149434876     
           4          16   1.00141452424267     
           1          17   1.00383054181389     
           1          18  0.968575179677523     
           1          19  0.967866374693176     
          13          20  0.823702012102240     
          14          21  0.845495417043529     
          15          22  0.844691046207461     
          16          23  0.845868250850163     
          17          24  0.841100722296218     
