           1           2  0.969181515546651     
           2           3  0.954083081839656     
           2           4  0.971052784872761     
           4           5  0.958219057781123     
           4           6  0.961587741022209     
           6           7  0.957153030286595     
           6           8  0.970246282239000     
           8           9  0.958014538587055     
           8          10  0.950988967243849     
          10          11  0.950593129330978     
           2          12  0.955873013027340     
          10          12  0.973416945013667     
          10          13  0.991697704662447     
           8          14   1.00868690144889     
           6          15   1.00357037449136     
           4          16  0.989978645301080     
           1          17   1.00550772303527     
           1          18  0.969180579267154     
           1          19  0.966164544840393     
          13          20  0.833903548440113     
          14          21  0.839147746314825     
          15          22  0.843427290948990     
          16          23  0.842597175005217     
          17          24  0.853206588934706     
