           1           2  0.977804824651144     
           2           3  0.956416434710240     
           2           4  0.968791332766697     
           4           5  0.956495951948765     
           4           6  0.967817845961894     
           6           7  0.955613001108588     
           6           8  0.962432167820487     
           8           9  0.957115037870751     
           8          10  0.946052164126119     
          10          11  0.946942701570508     
           2          12  0.959872981469090     
          10          12  0.952188201087420     
          10          13   1.02912280238523     
           8          14   1.00358543012531     
           6          15  0.998000829189392     
           4          16   1.00424216631872     
           1          17   1.01095127218856     
           1          18  0.966469784528346     
           1          19  0.967103229514241     
          13          20  0.831608166828070     
          14          21  0.853798100824840     
          15          22  0.843908358218267     
          16          23  0.841306537824368     
          17          24  0.853678706712397     
