$hessian                                                                        
        0.4974369119  -0.0676853452  -0.0176217718  -0.0631110701  -0.0178872613
        0.0079707461  -0.0056420377   0.0212215394  -0.0092399158  -0.0242411956
        0.0088986146  -0.0116590737  -0.1472018308  -0.0295988043  -0.0513100050
       -0.0011022787   0.0019422464  -0.0005886304  -0.1860334901   0.1085551012
        0.0453762374  -0.0503915974   0.0021821464   0.0389823302  -0.0006492829
       -0.0101608768   0.0041557149  -0.0016564911  -0.0176967936   0.0044866888
       -0.0048789899   0.0020851366  -0.0008371960   0.0002018041   0.0002014520
       -0.0004316135  -0.0019983707   0.0019316553  -0.0006986163   0.0025343600
        0.0011352082  -0.0005534768  -0.0136170029  -0.0050862764  -0.0080578291
        0.0003505619  -0.0000377426   0.0000264109
       -0.0676853452   0.4676423961  -0.0022527871  -0.0163807934  -0.1778172480
        0.0378966230   0.0126289300  -0.0240601712   0.0083328737   0.0122818899
        0.0018593968   0.0100482290  -0.0286931053  -0.0711645191  -0.0188731303
        0.0014803283  -0.0007866252  -0.0005835826   0.1087137159  -0.1200270145
       -0.0330812908   0.0023203940  -0.0422917153   0.0048338266  -0.0007546676
       -0.0048743547   0.0044240359  -0.0026110330  -0.0166618559   0.0042543815
        0.0030276877  -0.0020556048  -0.0003722863   0.0002459396   0.0002350845
        0.0003682080   0.0018909073  -0.0028828806   0.0007969828  -0.0074067261
       -0.0016297878  -0.0054061113  -0.0187674890  -0.0054611418  -0.0102805395
       -0.0002906332  -0.0000239584  -0.0001054326
       -0.0176217718  -0.0022527871   0.5248478100   0.0077548407   0.0376853820
       -0.0805796881  -0.0028404190   0.0008834921   0.0013713534  -0.0070877404
        0.0046909335   0.0001706195  -0.0508181751  -0.0199569681  -0.1009980278
        0.0008945892  -0.0003194784  -0.0006509022   0.0439591777  -0.0318653373
       -0.0571704759   0.0390711066   0.0047070144  -0.2673245062   0.0039576970
        0.0285854698  -0.0124979530  -0.0017720209  -0.0163055566   0.0045932100
       -0.0001895368  -0.0002806484   0.0005914275   0.0003100033  -0.0003138861
        0.0003935408  -0.0006766712   0.0006570020   0.0004281632  -0.0245443184
       -0.0088468520  -0.0189478765   0.0096286757   0.0029308920   0.0059148565
       -0.0000254365   0.0000013280  -0.0001415510
       -0.0631110701  -0.0163807934   0.0077548407   0.5013893111   0.0551338669
        0.0019076343  -0.1725734795   0.0460309265   0.0038210928  -0.0280302703
       -0.0059197487  -0.0019137123  -0.0130696082  -0.0200639677   0.0026835546
       -0.0031966608  -0.0023517132  -0.0012306994   0.0035013548   0.0217210866
       -0.0053892637  -0.0010815418  -0.0065869445   0.0034584834  -0.0732002318
       -0.0030715365   0.0771208391  -0.1279867869  -0.0733025779  -0.0886929320
       -0.0051515184   0.0029334636  -0.0001428382  -0.0127309044   0.0043447041
        0.0031103079  -0.0008218696  -0.0011540217  -0.0004035883   0.0001337361
       -0.0000694336   0.0001995616  -0.0041304575  -0.0013108777  -0.0021364864
        0.0000599974   0.0000475672  -0.0001467941
       -0.0178872613  -0.1778172480   0.0376853820   0.0551338669   0.4551859702
        0.0303423166   0.0454242740  -0.0794941069  -0.0021840968  -0.0102183444
        0.0043917582   0.0011997120  -0.0167774715  -0.0198315964  -0.0008035531
       -0.0042839198  -0.0028918245   0.0007942027  -0.0019368004  -0.0191262295
        0.0051428087  -0.0022049533  -0.0048940836   0.0040338122  -0.0030665870
       -0.0418027008   0.0003814758  -0.0729735456  -0.1004253555  -0.0748903041
        0.0223928083  -0.0086228746   0.0011132896   0.0090693438  -0.0025093334
       -0.0010166737  -0.0003492765  -0.0006099305  -0.0002759533  -0.0001832833
        0.0002760443   0.0001892743  -0.0021992949  -0.0016568608  -0.0017326841
        0.0000604451  -0.0001716284   0.0000209911
        0.0079707461   0.0378966230  -0.0805796881   0.0019076343   0.0303423166
        0.5353574349   0.0041027572  -0.0015417671  -0.0673224952  -0.0097884521
       -0.0002046834   0.0013966323  -0.0048572445  -0.0109592113   0.0049174037
       -0.0015008238  -0.0002787156   0.0000543686  -0.0008741859  -0.0053119670
        0.0017426501   0.0064209103   0.0294914260  -0.0119608736   0.0768154790
        0.0003607577  -0.2460385040  -0.0871388914  -0.0738097013  -0.1345243584
       -0.0165096916   0.0069307413  -0.0001167832   0.0266405949  -0.0106005108
       -0.0020643740  -0.0005075509  -0.0009168068  -0.0004205716  -0.0004428730
       -0.0003924868   0.0002923459  -0.0025411475  -0.0010527356  -0.0005632564
        0.0003027390   0.0000467212  -0.0001699311
       -0.0056420377   0.0126289300  -0.0028404190  -0.1725734795   0.0454242740
        0.0041027572   0.4271117782  -0.0361844763  -0.0227249011  -0.0868260703
       -0.0387112062  -0.0175467273   0.0052172389   0.0010068360   0.0021109950
       -0.0332174736  -0.0261255184   0.0037102666   0.0000180317   0.0004318625
       -0.0009874969   0.0003734803  -0.0001789018  -0.0000418566  -0.0146021287
        0.0072918417   0.0030093216  -0.0198305536   0.0079813263  -0.0011912665
       -0.0417684789   0.0178728397  -0.0131573710  -0.0524532537   0.0159952934
        0.0518247938  -0.0051241154  -0.0095701918  -0.0051938076  -0.0006032141
        0.0005377472   0.0000710400  -0.0010277944   0.0004232029  -0.0004274485
        0.0009480708   0.0011761409  -0.0007178798
        0.0212215394  -0.0240601712   0.0008834921   0.0460309265  -0.0794941069
       -0.0015417671  -0.0361844763   0.5124481881  -0.0278292837  -0.0424158414
       -0.1212532052  -0.0242018017  -0.0032243737  -0.0300212296  -0.0048902457
       -0.0100817584  -0.0019885090   0.0019426996  -0.0005669620  -0.0058996235
        0.0013935721   0.0003387461   0.0003922797  -0.0003270250   0.0033593613
       -0.0009896440  -0.0013353471  -0.0121574857   0.0058073261  -0.0007607640
        0.0174275312  -0.1854564874   0.1175637584   0.0154585336  -0.0630296493
       -0.0601069403  -0.0021238765  -0.0015249142  -0.0004985329   0.0007775428
       -0.0022932263  -0.0001126211   0.0018241164  -0.0035364633  -0.0004109243
        0.0003164769   0.0008994360   0.0002317305
       -0.0092399158   0.0083328737   0.0013713534   0.0038210928  -0.0021840968
       -0.0673224952  -0.0227249011  -0.0278292837   0.5270950481  -0.0211161216
       -0.0257438306  -0.0779932056  -0.0003730025  -0.0007591945   0.0035090218
        0.0174029677   0.0124786414   0.0032661379  -0.0003186645   0.0023461559
       -0.0000355277  -0.0003679216   0.0003553549   0.0005417577   0.0261664424
       -0.0111898451  -0.0019721779  -0.0157402250   0.0064595775  -0.0003844576
       -0.0131205604   0.1159060393  -0.1370980293   0.0514172484  -0.0607943054
       -0.2428131274  -0.0161945366  -0.0199518465  -0.0093626681   0.0000349501
        0.0006059897   0.0002338512  -0.0000958238   0.0002350787  -0.0003738009
        0.0004489714   0.0017326915   0.0013383195
       -0.0242411956   0.0122818899  -0.0070877404  -0.0280302703  -0.0102183444
       -0.0097884521  -0.0868260703  -0.0424158414  -0.0211161216   0.4640122897
       -0.0066937167   0.0464022928  -0.0857575148   0.0427409652  -0.0072438681
       -0.1780173734  -0.0067622455   0.0730373541  -0.0030711575  -0.0011052681
       -0.0024187192   0.0000016642   0.0000876040   0.0000231385   0.0000211566
       -0.0001766032  -0.0001038951  -0.0040273465   0.0015525664   0.0004237296
        0.0019814874   0.0009445857  -0.0005215505   0.0018924242   0.0019301331
        0.0000353055  -0.0672639971   0.0099619769  -0.0766049464  -0.0043212654
        0.0078939134   0.0001790414   0.0066645664  -0.0096477875   0.0016729548
        0.0069826025  -0.0003738275   0.0031114766
        0.0088986146   0.0018593968   0.0046909335  -0.0059197487   0.0043917582
       -0.0002046834  -0.0387112062  -0.1212532052  -0.0257438306  -0.0066937167
        0.3963241923  -0.0155315790   0.0409490549  -0.1318201739   0.0073508261
       -0.0023491417  -0.0447793822   0.0077517355  -0.0008033211  -0.0007664603
        0.0004851748   0.0000458209   0.0002423315  -0.0000097474   0.0003953614
        0.0000651006  -0.0000529022   0.0008758369  -0.0010859299   0.0008375886
       -0.0145411814  -0.0182249729  -0.0058788764  -0.0074735060  -0.0080187667
       -0.0058724150   0.0097805677  -0.0434006299   0.0260112786   0.0074459321
       -0.0090619865   0.0004950044   0.0125085696  -0.0206090686   0.0031668076
       -0.0044079364  -0.0038622032   0.0025046850
       -0.0116590737   0.0100482290   0.0001706195  -0.0019137123   0.0011997120
        0.0013966323  -0.0175467273  -0.0242018017  -0.0779932056   0.0464022928
       -0.0155315790   0.5225725672  -0.0072750014   0.0115668605  -0.0674597277
        0.0432228989   0.0078283114  -0.1093382224  -0.0025082981  -0.0006850677
       -0.0009962493  -0.0003661442  -0.0000042388  -0.0003275957   0.0003777486
       -0.0001086017   0.0000142095  -0.0006833758   0.0002791841   0.0005598279
        0.0087563536   0.0122063403   0.0036308965  -0.0157392785  -0.0224735291
       -0.0120639704  -0.0791431478   0.0260732790  -0.2329675354   0.0138388232
       -0.0198719839  -0.0006097691  -0.0065710100   0.0121465871  -0.0012603566
        0.0308076521   0.0015282985  -0.0253281207
       -0.1472018308  -0.0286931053  -0.0508181751  -0.0130696082  -0.0167774715
       -0.0048572445   0.0052172389  -0.0032243737  -0.0003730025  -0.0857575148
        0.0409490549  -0.0072750014   0.4536426835   0.0541330881  -0.0443486920
       -0.0298622825   0.0245263832   0.0099764231  -0.0218124170  -0.0070189496
       -0.0115908220   0.0015853544  -0.0005645255  -0.0009989615   0.0002402455
        0.0000682305  -0.0001988326  -0.0009965961  -0.0022065422   0.0007736014
       -0.0011061282  -0.0006356008  -0.0002357924  -0.0006157895  -0.0008746100
       -0.0002857175  -0.0060376752   0.0121743854  -0.0027687907  -0.0553480208
        0.0152456457   0.0563413016  -0.0998928339  -0.0860660856   0.0573072601
        0.0010151748  -0.0010355236  -0.0006475541
       -0.0295988043  -0.0711645191  -0.0199569681  -0.0200639677  -0.0198315964
       -0.0109592113   0.0010068360  -0.0300212296  -0.0007591945   0.0427409652
       -0.1318201739   0.0115668605   0.0541330881   0.4958646187   0.0042732616
        0.0071933690  -0.0000723824  -0.0046667971   0.0135053613   0.0052089021
        0.0069623297  -0.0018357196  -0.0003898190  -0.0023416288  -0.0001299889
        0.0004035583  -0.0003702964  -0.0008901151  -0.0057651557   0.0011930111
       -0.0019627127  -0.0035890209  -0.0018029108  -0.0003019735  -0.0015805147
       -0.0002479705   0.0064181531  -0.0065918801   0.0006225256   0.0163120495
       -0.0636896690  -0.0655790824  -0.0866405855  -0.1683031843   0.0819835616
        0.0001140454   0.0013420661   0.0000825099
       -0.0513100050  -0.0188731303  -0.1009980278   0.0026835546  -0.0008035531
        0.0049174037   0.0021109950  -0.0048902457   0.0035090218  -0.0072438681
        0.0073508261  -0.0674597277  -0.0443486920   0.0042732616   0.5165315727
        0.0199943144  -0.0146089822  -0.0002043884   0.0031846848   0.0011011053
        0.0021418549  -0.0251446855  -0.0101448577  -0.0183410575   0.0003007414
        0.0003646499   0.0006371532   0.0001319896   0.0014960162   0.0006635248
       -0.0004477142  -0.0005103235   0.0001391883  -0.0003808916   0.0000791157
       -0.0003936482  -0.0129596558   0.0208490942  -0.0040829504   0.0563006989
       -0.0651787177  -0.2429447662   0.0569266442   0.0806761696  -0.0945134641
        0.0002018893  -0.0011804284   0.0003983110
       -0.0011022787   0.0014803283   0.0008945892  -0.0031966608  -0.0042839198
       -0.0015008238  -0.0332174736  -0.0100817584   0.0174029677  -0.1780173734
       -0.0023491417   0.0432228989  -0.0298622825   0.0071933690   0.0199943144
        0.3245772228  -0.0072579469   0.0102580340  -0.0013132428  -0.0001206522
       -0.0006004420   0.0001266063  -0.0000016757  -0.0001831449  -0.0002538620
        0.0001894346   0.0002414406  -0.0018332855   0.0003739511  -0.0003901266
       -0.0023558006  -0.0025130191   0.0003004451   0.0015619619   0.0020738550
        0.0008313648   0.0027409251  -0.0008322224   0.0051236195  -0.0041357101
        0.0042293552   0.0007439005   0.0016153028  -0.0020952891  -0.0001325114
       -0.0753340491   0.0139953321  -0.0962065260
        0.0019422464  -0.0007866252  -0.0003194784  -0.0023517132  -0.0028918245
       -0.0002787156  -0.0261255184  -0.0019885090   0.0124786414  -0.0067622455
       -0.0447793822   0.0078283114   0.0245263832  -0.0000723824  -0.0146089822
       -0.0072579469   0.0594855028  -0.0604625499   0.0004981143   0.0001524856
        0.0002999546  -0.0001774374  -0.0002206167  -0.0000577127  -0.0003056517
        0.0000526281   0.0000681855  -0.0006973793   0.0004285073  -0.0000663625
       -0.0008010770  -0.0012638761  -0.0004321468   0.0011569107   0.0015235646
        0.0018235037  -0.0038205065   0.0007138840   0.0039711321   0.0029609322
       -0.0031790255  -0.0006535306  -0.0007790121   0.0025917019  -0.0012737059
        0.0179939012  -0.0097660326   0.0516834559
       -0.0005886304  -0.0005835826  -0.0006509022  -0.0012306994   0.0007942027
        0.0000543686   0.0037102666   0.0019426996   0.0032661379   0.0730373541
        0.0077517355  -0.1093382224   0.0099764231  -0.0046667971  -0.0002043884
        0.0102580340  -0.0604625499   0.5190479697   0.0005181917   0.0001718916
        0.0001300640   0.0000965255  -0.0000656887  -0.0000362198  -0.0000615367
        0.0000399776  -0.0000992716   0.0003706399  -0.0000302409   0.0000993474
        0.0002423673   0.0003901897   0.0001497083  -0.0015990797  -0.0008190095
        0.0019731365   0.0303077568   0.0038810460  -0.0323073696   0.0011593356
       -0.0014999620   0.0002904911  -0.0010492536   0.0003390943   0.0008512616
       -0.1251476950   0.0528169936  -0.3832261112
       -0.1860334901   0.1087137159   0.0439591777   0.0035013548  -0.0019368004
       -0.0008741859   0.0000180317  -0.0005669620  -0.0003186645  -0.0030711575
       -0.0008033211  -0.0025082981  -0.0218124170   0.0135053613   0.0031846848
       -0.0013132428   0.0004981143   0.0005181917   0.2154564938  -0.1256056723
       -0.0481793642  -0.0067150381   0.0055707464   0.0051526778   0.0004243803
       -0.0000632466  -0.0003867860  -0.0001662570   0.0000904985   0.0000364667
        0.0000307240  -0.0000687517  -0.0000043082  -0.0000291683  -0.0001506069
       -0.0000617377  -0.0005028765   0.0006974400  -0.0003361509   0.0010822212
        0.0004928223   0.0002115494  -0.0011214971  -0.0003487695  -0.0003152369
        0.0002519385  -0.0000245680  -0.0000780157
        0.1085551012  -0.1200270145  -0.0318653373   0.0217210866  -0.0191262295
       -0.0053119670   0.0004318625  -0.0058996235   0.0023461559  -0.0011052681
       -0.0007664603  -0.0006850677  -0.0070189496   0.0052089021   0.0011011053
       -0.0001206522   0.0001524856   0.0001718916  -0.1256056723   0.1406118382
        0.0358699888   0.0019707538   0.0000555587  -0.0018088346   0.0003797467
        0.0010084366  -0.0002156625  -0.0001148706  -0.0007666874  -0.0001036446
        0.0014321465  -0.0007279948   0.0002137576  -0.0000867950   0.0000294144
        0.0000383283  -0.0001221811   0.0001080566  -0.0000582621  -0.0000248493
        0.0005393247   0.0003346521  -0.0001742829  -0.0003704578  -0.0000814250
       -0.0001171763  -0.0000295489   0.0000543212
        0.0453762374  -0.0330812908  -0.0571704759  -0.0053892637   0.0051428087
        0.0017426501  -0.0009874969   0.0013935721  -0.0000355277  -0.0024187192
        0.0004851748  -0.0009962493  -0.0115908220   0.0069623297   0.0021418549
       -0.0006004420   0.0002999546   0.0001300640  -0.0481793642   0.0358699888
        0.0656021991   0.0266657744  -0.0189419120  -0.0123510514  -0.0006240555
        0.0006573701   0.0004856022  -0.0000576467  -0.0000432797  -0.0001514810
       -0.0002672869   0.0001543087   0.0000892692  -0.0002391032   0.0001852908
        0.0000641622  -0.0002401352   0.0003313492  -0.0001523354  -0.0010615370
        0.0006157619   0.0006817069  -0.0002992655  -0.0000260709  -0.0001856976
       -0.0000868738  -0.0000053560   0.0001053096
       -0.0503915974   0.0023203940   0.0390711066  -0.0010815418  -0.0022049533
        0.0064209103   0.0003734803   0.0003387461  -0.0003679216   0.0000016642
        0.0000458209  -0.0003661442   0.0015853544  -0.0018357196  -0.0251446855
        0.0001266063  -0.0001774374   0.0000965255  -0.0067150381   0.0019707538
        0.0266657744   0.0586330851   0.0022089897  -0.0434239200   0.0004250670
       -0.0018353797   0.0007251243  -0.0000479024  -0.0001196578   0.0003794556
       -0.0001001429  -0.0000614280   0.0000238332   0.0000358127   0.0001768248
        0.0000396064  -0.0000823504   0.0000666669   0.0001688569  -0.0035348273
       -0.0011741603  -0.0037260986   0.0011755451   0.0001207997  -0.0005318038
       -0.0004032149   0.0001597403  -0.0000306195
        0.0021821464  -0.0422917153   0.0047070144  -0.0065869445  -0.0048940836
        0.0294914260  -0.0001789018   0.0003922797   0.0003553549   0.0000876040
        0.0002423315  -0.0000042388  -0.0005645255  -0.0003898190  -0.0101448577
       -0.0000016757  -0.0002206167  -0.0000656887   0.0055707464   0.0000555587
       -0.0189419120   0.0022089897   0.0517285794  -0.0063941744  -0.0006085159
       -0.0058048317   0.0032363979  -0.0001707753   0.0010330077   0.0005503960
       -0.0000679075   0.0000117330  -0.0002681182   0.0001332229  -0.0002987988
       -0.0001623262  -0.0001073998  -0.0000407935  -0.0000071358  -0.0021882714
        0.0000132283  -0.0016587895   0.0001361754   0.0002183165  -0.0006519019
        0.0001560327   0.0002456240  -0.0000414460
        0.0389823302   0.0048338266  -0.2673245062   0.0034584834   0.0040338122
       -0.0119608736  -0.0000418566  -0.0003270250   0.0005417577   0.0000231385
       -0.0000097474  -0.0003275957  -0.0009989615  -0.0023416288  -0.0183410575
       -0.0001831449  -0.0000577127  -0.0000362198   0.0051526778  -0.0018088346
       -0.0123510514  -0.0434239200  -0.0063941744   0.3098066304   0.0003316881
        0.0029359058  -0.0005723354   0.0000135135  -0.0003693404   0.0008892612
        0.0000135140  -0.0000906199   0.0001767216  -0.0001903939   0.0002973476
        0.0001004094   0.0001540719   0.0000407497   0.0000487850  -0.0035902191
       -0.0008145129  -0.0021024201   0.0004999349   0.0000599341   0.0010145000
       -0.0002008565   0.0000120201   0.0004379943
       -0.0006492829  -0.0007546676   0.0039576970  -0.0732002318  -0.0030665870
        0.0768154790  -0.0146021287   0.0033593613   0.0261664424   0.0000211566
        0.0003953614   0.0003777486   0.0002402455  -0.0001299889   0.0003007414
       -0.0002538620  -0.0003056517  -0.0000615367   0.0004243803   0.0003797467
       -0.0006240555   0.0004250670  -0.0006085159   0.0003316881   0.0863749796
       -0.0000400381  -0.0907272526   0.0062302964  -0.0009023031  -0.0175084612
        0.0010788166  -0.0002159100   0.0005068123  -0.0058062646   0.0019453558
        0.0009991634  -0.0002387434   0.0001366831  -0.0000567572  -0.0000464274
       -0.0003407962  -0.0001311776   0.0000271380   0.0000911803  -0.0001576789
       -0.0000251392   0.0000567699  -0.0001888526
       -0.0101608768  -0.0048743547   0.0285854698  -0.0030715365  -0.0418027008
        0.0003607577   0.0072918417  -0.0009896440  -0.0111898451  -0.0001766032
        0.0000651006  -0.0001086017   0.0000682305   0.0004035583   0.0003646499
        0.0001894346   0.0000526281   0.0000399776  -0.0000632466   0.0010084366
        0.0006573701  -0.0018353797  -0.0058048317   0.0029359058  -0.0000400381
        0.0523294004  -0.0034559442   0.0042412823   0.0002186415  -0.0166085273
        0.0001768866   0.0001794469  -0.0007465570   0.0032806376  -0.0004128482
       -0.0003980285  -0.0000218894  -0.0000664043  -0.0000435908  -0.0000521336
       -0.0002874034  -0.0001789585   0.0002010889  -0.0000181011  -0.0001874409
       -0.0000276983  -0.0000009243  -0.0000266367
        0.0041557149   0.0044240359  -0.0124979530   0.0771208391   0.0003814758
       -0.2460385040   0.0030093216  -0.0013353471  -0.0019721779  -0.0001038951
       -0.0000529022   0.0000142095  -0.0001988326  -0.0003702964   0.0006371532
        0.0002414406   0.0000681855  -0.0000992716  -0.0003867860  -0.0002156625
        0.0004856022   0.0007251243   0.0032363979  -0.0005723354  -0.0907272526
       -0.0034559442   0.2828885661   0.0056354365  -0.0024363955  -0.0251357938
       -0.0004438405  -0.0000418130   0.0010787721   0.0010229642  -0.0002085427
        0.0007722815   0.0000820850  -0.0000169561   0.0000546526   0.0001046461
        0.0001321429   0.0001719621  -0.0001397340  -0.0000414097   0.0000839999
       -0.0000972316  -0.0000669685   0.0001288365
       -0.0016564911  -0.0026110330  -0.0017720209  -0.1279867869  -0.0729735456
       -0.0871388914  -0.0198305536  -0.0121574857  -0.0157402250  -0.0040273465
        0.0008758369  -0.0006833758  -0.0009965961  -0.0008901151   0.0001319896
       -0.0018332855  -0.0006973793   0.0003706399  -0.0001662570  -0.0001148706
       -0.0000576467  -0.0000479024  -0.0001707753   0.0000135135   0.0062302964
        0.0042412823   0.0056354365   0.1512432616   0.0853448301   0.1003703792
       -0.0010155339   0.0004044880  -0.0003054733   0.0005426455  -0.0007336587
       -0.0002630140  -0.0003015264  -0.0004431317  -0.0003207048  -0.0000735697
        0.0000559405   0.0000106003  -0.0002353986  -0.0001352566  -0.0001873683
        0.0001550441   0.0000048738  -0.0000638387
       -0.0176967936  -0.0166618559  -0.0163055566  -0.0733025779  -0.1004253555
       -0.0738097013   0.0079813263   0.0058073261   0.0064595775   0.0015525664
       -0.0010859299   0.0002791841  -0.0022065422  -0.0057651557   0.0014960162
        0.0003739511   0.0004285073  -0.0000302409   0.0000904985  -0.0007666874
       -0.0000432797  -0.0001196578   0.0010330077  -0.0003693404  -0.0009023031
        0.0002186415  -0.0024363955   0.0853448301   0.1176480758   0.0848756581
        0.0002308702  -0.0004254878   0.0000497803  -0.0001976512   0.0005872610
        0.0003020659   0.0001311817   0.0000260175   0.0001317134   0.0000652703
        0.0000022511   0.0000517192  -0.0013379380  -0.0005676016  -0.0006085873
       -0.0000070307  -0.0000530141  -0.0000426130
        0.0044866888   0.0042543815   0.0045932100  -0.0886929320  -0.0748903041
       -0.1345243584  -0.0011912665  -0.0007607640  -0.0003844576   0.0004237296
        0.0008375886   0.0005598279   0.0007736014   0.0011930111   0.0006635248
       -0.0003901266  -0.0000663625   0.0000993474   0.0000364667  -0.0001036446
       -0.0001514810   0.0003794556   0.0005503960   0.0008892612  -0.0175084612
       -0.0166085273  -0.0251357938   0.1003703792   0.0848756581   0.1520741745
       -0.0002522902   0.0001799437  -0.0002055540   0.0009668393   0.0001668088
        0.0011186794   0.0001981764   0.0000461403   0.0000147803   0.0001411743
        0.0002100443   0.0001787570   0.0001486606   0.0001324638   0.0001804929
        0.0001099045  -0.0000168336   0.0000295893
       -0.0048789899   0.0030276877  -0.0001895368  -0.0051515184   0.0223928083
       -0.0165096916  -0.0417684789   0.0174275312  -0.0131205604   0.0019814874
       -0.0145411814   0.0087563536  -0.0011061282  -0.0019627127  -0.0004477142
       -0.0023558006  -0.0008010770   0.0002423673   0.0000307240   0.0014321465
       -0.0002672869  -0.0001001429  -0.0000679075   0.0000135140   0.0010788166
        0.0001768866  -0.0004438405  -0.0010155339   0.0002308702  -0.0002522902
        0.0507637525  -0.0209207212   0.0161734755   0.0019085249  -0.0053619197
        0.0055837818   0.0005599091  -0.0003366768   0.0005198908  -0.0000094181
       -0.0001216775  -0.0000314965   0.0001122853  -0.0004195285   0.0000216744
       -0.0000494889  -0.0001545282  -0.0000486404
        0.0020851366  -0.0020556048  -0.0002806484   0.0029334636  -0.0086228746
        0.0069307413   0.0178728397  -0.1854564874   0.1159060393   0.0009445857
       -0.0182249729   0.0122063403  -0.0006356008  -0.0035890209  -0.0005103235
       -0.0025130191  -0.0012638761   0.0003901897  -0.0000687517  -0.0007279948
        0.0001543087  -0.0000614280   0.0000117330  -0.0000906199  -0.0002159100
        0.0001794469  -0.0000418130   0.0004044880  -0.0004254878   0.0001799437
       -0.0209207212   0.2154300415  -0.1320448713  -0.0005856723   0.0054713487
       -0.0028512498   0.0002500709   0.0004656649   0.0005396443   0.0001525912
       -0.0004405819  -0.0001006762   0.0003767800  -0.0006159806  -0.0000146414
       -0.0000188524  -0.0001353531  -0.0003723638
       -0.0008371960  -0.0003722863   0.0005914275  -0.0001428382   0.0011132896
       -0.0001167832  -0.0131573710   0.1175637584  -0.1370980293  -0.0005215505
       -0.0058788764   0.0036308965  -0.0002357924  -0.0018029108   0.0001391883
        0.0003004451  -0.0004321468   0.0001497083  -0.0000043082   0.0002137576
        0.0000892692   0.0000238332  -0.0002681182   0.0001767216   0.0005068123
       -0.0007465570   0.0010787721  -0.0003054733   0.0000497803  -0.0002055540
        0.0161734755  -0.1320448713   0.1560132842  -0.0015565351   0.0241513395
       -0.0258918998  -0.0001335310  -0.0011354054   0.0011764241   0.0000060474
       -0.0000843275   0.0000244346   0.0000666022  -0.0003265834   0.0000036209
       -0.0001826202   0.0000001579   0.0002385191
        0.0002018041   0.0002459396   0.0003100033  -0.0127309044   0.0090693438
        0.0266405949  -0.0524532537   0.0154585336   0.0514172484   0.0018924242
       -0.0074735060  -0.0157392785  -0.0006157895  -0.0003019735  -0.0003808916
        0.0015619619   0.0011569107  -0.0015990797  -0.0000291683  -0.0000867950
       -0.0002391032   0.0000358127   0.0001332229  -0.0001903939  -0.0058062646
        0.0032806376   0.0010229642   0.0005426455  -0.0001976512   0.0009668393
        0.0019085249  -0.0005856723  -0.0015565351   0.0675054783  -0.0170972372
       -0.0601111803  -0.0019070255  -0.0024215963  -0.0009734240  -0.0000829188
       -0.0000817096  -0.0000131389   0.0000301691  -0.0000652316  -0.0000665889
       -0.0000534958  -0.0010332154   0.0005119639
        0.0002014520   0.0002350845  -0.0003138861   0.0043447041  -0.0025093334
       -0.0106005108   0.0159952934  -0.0630296493  -0.0607943054   0.0019301331
       -0.0080187667  -0.0224735291  -0.0008746100  -0.0015805147   0.0000791157
        0.0020738550   0.0015235646  -0.0008190095  -0.0001506069   0.0000294144
        0.0001852908   0.0001768248  -0.0002987988   0.0002973476   0.0019453558
       -0.0004128482  -0.0002085427  -0.0007336587   0.0005872610   0.0001668088
       -0.0053619197   0.0054713487   0.0241513395  -0.0170972372   0.0714743585
        0.0707834031  -0.0019335634  -0.0026237474  -0.0011495398   0.0000263671
       -0.0000356291   0.0001528752   0.0001109765  -0.0003012470  -0.0000899702
       -0.0006533659  -0.0005104972   0.0006331127
       -0.0004316135   0.0003682080   0.0003935408   0.0031103079  -0.0010166737
       -0.0020643740   0.0518247938  -0.0601069403  -0.2428131274   0.0000353055
       -0.0058724150  -0.0120639704  -0.0002857175  -0.0002479705  -0.0003936482
        0.0008313648   0.0018235037   0.0019731365  -0.0000617377   0.0000383283
        0.0000641622   0.0000396064  -0.0001623262   0.0001004094   0.0009991634
       -0.0003980285   0.0007722815  -0.0002630140   0.0003020659   0.0011186794
        0.0055837818  -0.0028512498  -0.0258918998  -0.0601111803   0.0707834031
        0.2791216195  -0.0010099767  -0.0022765489  -0.0006245979  -0.0000382569
        0.0000552991   0.0000908625  -0.0000174426  -0.0000292498  -0.0000639000
       -0.0002053843  -0.0004094056   0.0002808258
       -0.0019983707   0.0018909073  -0.0006766712  -0.0008218696  -0.0003492765
       -0.0005075509  -0.0051241154  -0.0021238765  -0.0161945366  -0.0672639971
        0.0097805677  -0.0791431478  -0.0060376752   0.0064181531  -0.0129596558
        0.0027409251  -0.0038205065   0.0303077568  -0.0005028765  -0.0001221811
       -0.0002401352  -0.0000823504  -0.0001073998   0.0001540719  -0.0002387434
       -0.0000218894   0.0000820850  -0.0003015264   0.0001311817   0.0001981764
        0.0005599091   0.0002500709  -0.0001335310  -0.0019070255  -0.0019335634
       -0.0010099767   0.0850159644  -0.0111145933   0.0768294000  -0.0000737760
        0.0006441707  -0.0006035870  -0.0010476658   0.0009285358  -0.0004935670
       -0.0029168066  -0.0004503007   0.0043908689
        0.0019316553  -0.0028828806   0.0006570020  -0.0011540217  -0.0006099305
       -0.0009168068  -0.0095701918  -0.0015249142  -0.0199518465   0.0099619769
       -0.0434006299   0.0260732790   0.0121743854  -0.0065918801   0.0208490942
       -0.0008322224   0.0007138840   0.0038810460   0.0006974400   0.0001080566
        0.0003313492   0.0000666669  -0.0000407935   0.0000407497   0.0001366831
       -0.0000664043  -0.0000169561  -0.0004431317   0.0000260175   0.0000461403
       -0.0003366768   0.0004656649  -0.0011354054  -0.0024215963  -0.0026237474
       -0.0022765489  -0.0111145933   0.0564032795  -0.0293853501   0.0004388133
        0.0006011424   0.0008676673   0.0010173885  -0.0019796453   0.0006282246
       -0.0005525755   0.0014027811   0.0003083615
       -0.0006986163   0.0007969828   0.0004281632  -0.0004035883  -0.0002759533
       -0.0004205716  -0.0051938076  -0.0004985329  -0.0093626681  -0.0766049464
        0.0260112786  -0.2329675354  -0.0027687907   0.0006225256  -0.0040829504
        0.0051236195   0.0039711321  -0.0323073696  -0.0003361509  -0.0000582621
       -0.0001523354   0.0001688569  -0.0000071358   0.0000487850  -0.0000567572
       -0.0000435908   0.0000546526  -0.0003207048   0.0001317134   0.0000147803
        0.0005198908   0.0005396443   0.0011764241  -0.0009734240  -0.0011495398
       -0.0006245979   0.0768294000  -0.0293853501   0.2792549738   0.0008778261
       -0.0011599196   0.0015571594  -0.0002314635   0.0002018215  -0.0001564725
        0.0040686564   0.0003031862  -0.0024604375
        0.0025343600  -0.0074067261  -0.0245443184   0.0001337361  -0.0001832833
       -0.0004428730  -0.0006032141   0.0007775428   0.0000349501  -0.0043212654
        0.0074459321   0.0138388232  -0.0553480208   0.0163120495   0.0563006989
       -0.0041357101   0.0029609322   0.0011593356   0.0010822212  -0.0000248493
       -0.0010615370  -0.0035348273  -0.0021882714  -0.0035902191  -0.0000464274
       -0.0000521336   0.0001046461  -0.0000735697   0.0000652703   0.0001411743
       -0.0000094181   0.0001525912   0.0000060474  -0.0000829188   0.0000263671
       -0.0000382569  -0.0000737760   0.0004388133   0.0008778261   0.0689554916
       -0.0214085905  -0.0601329701  -0.0044979590   0.0029558034   0.0175558069
        0.0000212977   0.0001285522  -0.0002091342
        0.0011352082  -0.0016297878  -0.0088468520  -0.0000694336   0.0002760443
       -0.0003924868   0.0005377472  -0.0022932263   0.0006059897   0.0078939134
       -0.0090619865  -0.0198719839   0.0152456457  -0.0636896690  -0.0651787177
        0.0042293552  -0.0031790255  -0.0014999620   0.0004928223   0.0005393247
        0.0006157619  -0.0011741603   0.0000132283  -0.0008145129  -0.0003407962
       -0.0002874034   0.0001321429   0.0000559405   0.0000022511   0.0002100443
       -0.0001216775  -0.0004405819  -0.0000843275  -0.0000817096  -0.0000356291
        0.0000552991   0.0006441707   0.0006011424  -0.0011599196  -0.0214085905
        0.0734247395   0.0742906468  -0.0070962290   0.0059336677   0.0218145109
        0.0000577934  -0.0001730884   0.0001243670
       -0.0005534768  -0.0054061113  -0.0189478765   0.0001995616   0.0001892743
        0.0002923459   0.0000710400  -0.0001126211   0.0002338512   0.0001790414
        0.0004950044  -0.0006097691   0.0563413016  -0.0655790824  -0.2429447662
        0.0007439005  -0.0006535306   0.0002904911   0.0002115494   0.0003346521
        0.0006817069  -0.0037260986  -0.0016587895  -0.0021024201  -0.0001311776
       -0.0001789585   0.0001719621   0.0000106003   0.0000517192   0.0001787570
       -0.0000314965  -0.0001006762   0.0000244346  -0.0000131389   0.0001528752
        0.0000908625  -0.0006035870   0.0008676673   0.0015571594  -0.0601329701
        0.0742906468   0.2800791528   0.0075343904  -0.0027212729  -0.0194924244
       -0.0000994398   0.0000292032   0.0004965327
       -0.0136170029  -0.0187674890   0.0096286757  -0.0041304575  -0.0021992949
       -0.0025411475  -0.0010277944   0.0018241164  -0.0000958238   0.0066645664
        0.0125085696  -0.0065710100  -0.0998928339  -0.0866405855   0.0569266442
        0.0016153028  -0.0007790121  -0.0010492536  -0.0011214971  -0.0001742829
       -0.0002992655   0.0011755451   0.0001361754   0.0004999349   0.0000271380
        0.0002010889  -0.0001397340  -0.0002353986  -0.0013379380   0.0001486606
        0.0001122853   0.0003767800   0.0000666022   0.0000301691   0.0001109765
       -0.0000174426  -0.0010476658   0.0010173885  -0.0002314635  -0.0044979590
       -0.0070962290   0.0075343904   0.1157743976   0.1003548062  -0.0641753295
        0.0001712049   0.0004649300   0.0003155621
       -0.0050862764  -0.0054611418   0.0029308920  -0.0013108777  -0.0016568608
       -0.0010527356   0.0004232029  -0.0035364633   0.0002350787  -0.0096477875
       -0.0206090686   0.0121465871  -0.0860660856  -0.1683031843   0.0806761696
       -0.0020952891   0.0025917019   0.0003390943  -0.0003487695  -0.0003704578
       -0.0000260709   0.0001207997   0.0002183165   0.0000599341   0.0000911803
       -0.0000181011  -0.0000414097  -0.0001352566  -0.0005676016   0.0001324638
       -0.0004195285  -0.0006159806  -0.0003265834  -0.0000652316  -0.0003012470
       -0.0000292498   0.0009285358  -0.0019796453   0.0002018215   0.0029558034
        0.0059336677  -0.0027212729   0.1003548062   0.1953541857  -0.0919414902
        0.0003007744  -0.0006781196  -0.0005832286
       -0.0080578291  -0.0102805395   0.0059148565  -0.0021364864  -0.0017326841
       -0.0005632564  -0.0004274485  -0.0004109243  -0.0003738009   0.0016729548
        0.0031668076  -0.0012603566   0.0573072601   0.0819835616  -0.0945134641
       -0.0001325114  -0.0012737059   0.0008512616  -0.0003152369  -0.0000814250
       -0.0001856976  -0.0005318038  -0.0006519019   0.0010145000  -0.0001576789
       -0.0001874409   0.0000839999  -0.0001873683  -0.0006085873   0.0001804929
        0.0000216744  -0.0000146414   0.0000036209  -0.0000665889  -0.0000899702
       -0.0000639000  -0.0004935670   0.0006282246  -0.0001564725   0.0175558069
        0.0218145109  -0.0194924244  -0.0641753295  -0.0919414902   0.1085395028
        0.0001241524  -0.0003197939   0.0000211378
        0.0003505619  -0.0002906332  -0.0000254365   0.0000599974   0.0000604451
        0.0003027390   0.0009480708   0.0003164769   0.0004489714   0.0069826025
       -0.0044079364   0.0308076521   0.0010151748   0.0001140454   0.0002018893
       -0.0753340491   0.0179939012  -0.1251476950   0.0002519385  -0.0001171763
       -0.0000868738  -0.0004032149   0.0001560327  -0.0002008565  -0.0000251392
       -0.0000276983  -0.0000972316   0.0001550441  -0.0000070307   0.0001099045
       -0.0000494889  -0.0000188524  -0.0001826202  -0.0000534958  -0.0006533659
       -0.0002053843  -0.0029168066  -0.0005525755   0.0040686564   0.0000212977
        0.0000577934  -0.0000994398   0.0001712049   0.0003007744   0.0001241524
        0.0688263021  -0.0129242004   0.0899815726
       -0.0000377426  -0.0000239584   0.0000013280   0.0000475672  -0.0001716284
        0.0000467212   0.0011761409   0.0008994360   0.0017326915  -0.0003738275
       -0.0038622032   0.0015282985  -0.0010355236   0.0013420661  -0.0011804284
        0.0139953321  -0.0097660326   0.0528169936  -0.0000245680  -0.0000295489
       -0.0000053560   0.0001597403   0.0002456240   0.0000120201   0.0000567699
       -0.0000009243  -0.0000669685   0.0000048738  -0.0000530141  -0.0000168336
       -0.0001545282  -0.0001353531   0.0000001579  -0.0010332154  -0.0005104972
       -0.0004094056  -0.0004503007   0.0014027811   0.0003031862   0.0001285522
       -0.0001730884   0.0000292032   0.0004649300  -0.0006781196  -0.0003197939
       -0.0129242004   0.0115144610  -0.0544718142
        0.0000264109  -0.0001054326  -0.0001415510  -0.0001467941   0.0000209911
       -0.0001699311  -0.0007178798   0.0002317305   0.0013383195   0.0031114766
        0.0025046850  -0.0253281207  -0.0006475541   0.0000825099   0.0003983110
       -0.0962065260   0.0516834559  -0.3832261112  -0.0000780157   0.0000543212
        0.0001053096  -0.0000306195  -0.0000414460   0.0004379943  -0.0001888526
       -0.0000266367   0.0001288365  -0.0000638387  -0.0000426130   0.0000295893
       -0.0000486404  -0.0003723638   0.0002385191   0.0005119639   0.0006331127
        0.0002808258   0.0043908689   0.0003083615  -0.0024604375  -0.0002091342
        0.0001243670   0.0004965327   0.0003155621  -0.0005832286   0.0000211378
        0.0899815726  -0.0544718142   0.4078507759
