           1           2   1.35983270826102     
           2           3   1.51117548174961     
           3           4   1.33086557160549     
           4           5   1.28566542058969     
           1           6   1.51719412964547     
           3           6  0.111844603744230     
           5           6   1.31604234683531     
           5           7   1.20562286445961     
           7           8   1.64999825827761     
           8           9   1.20562113624942     
           4          10   1.16155831836704     
           9          10   1.28567621938338     
          10          11   1.33085315151437     
          11          12   1.51118241103622     
          12          13   1.35983142982359     
           9          14   1.31603527408344     
          11          14  0.111848459769446     
          13          14   1.51719752153956     
           1          15  0.970511324711745     
           2          16  0.970748849445505     
           3          17  0.962380392380399     
           6          18  0.968044847829624     
           7          19  0.967086735712078     
           8          20  0.967087452790824     
          11          21  0.962380022519062     
          12          22  0.970748826893168     
          13          23  0.970510675043259     
          14          24  0.968045935522531     
