           1           2  0.985045700161952     
           2           3  0.955258845919049     
           2           4  0.955095970171334     
           4           5  0.955968494979212     
           4           6  0.962466457314887     
           6           7  0.957439241282551     
           6           8  0.967165266438120     
           8           9  0.955676817934331     
           8          10  0.942875753137532     
          10          11  0.950153827176185     
           2          12  0.960600466051284     
          10          12  0.964884184539203     
          10          13   1.01147604300712     
           8          14   1.00116784610491     
           6          15   1.00750447349571     
           4          16   1.00502082024796     
           1          17  0.990515610555384     
           1          18  0.970127121837830     
           1          19  0.967946121017535     
          13          20  0.811458375524480     
          14          21  0.847845504728145     
          15          22  0.854107662035695     
          16          23  0.855155792565890     
          17          24  0.837566062305749     
