$hessian                                                                        
        0.4669383785   0.0238562206   0.0025641484  -0.1806385470   0.0513390213
        0.0054717714  -0.0294342230   0.0011047841   0.0003259415  -0.0018176829
       -0.0028862729  -0.0002472988  -0.0466250621   0.0147750640   0.0275568727
       -0.0474968823   0.0213422149  -0.0268603060  -0.1443034944  -0.1210203259
       -0.0099570192  -0.0086700514   0.0046382516   0.0028038669  -0.0090519627
        0.0051992383  -0.0018092968   0.0009833520   0.0005818945  -0.0000038020
        0.0009745217   0.0005795718   0.0001016654  -0.0008583464   0.0004903377
        0.0000534565
        0.0238562206   0.5148087837  -0.0008276592   0.0481015991  -0.0842135008
       -0.0018773636  -0.0158707929   0.0053186366   0.0005539783  -0.0047263215
       -0.0018880702  -0.0001566461   0.0149953498  -0.1003363038  -0.0998061577
        0.0215361092  -0.1387543105   0.1146814870  -0.1205486705  -0.1825792946
       -0.0113416386   0.0155379995  -0.0060711357  -0.0026125064   0.0196972838
       -0.0082988749   0.0012687958  -0.0008821401   0.0008480873  -0.0004052585
       -0.0007673305   0.0007170232   0.0004796896  -0.0009293064   0.0004489597
        0.0000432794
        0.0025641484  -0.0008276592   0.5218780687   0.0051764226  -0.0019037169
       -0.0675534568  -0.0012046337   0.0004282085   0.0005279321  -0.0004146329
       -0.0001637818   0.0001637734   0.0274031875  -0.0995621750  -0.2237401641
       -0.0266633372   0.1144375701  -0.1844586581  -0.0099198257  -0.0113390936
       -0.0452305071   0.0245957447  -0.0109116667  -0.0025700592  -0.0213037056
        0.0097591738   0.0000438273   0.0005352713  -0.0002403251   0.0003675356
       -0.0006922984   0.0002930698   0.0005051015  -0.0000763409   0.0000303958
        0.0000666067
       -0.1806385470   0.0481015991   0.0051764226   0.4534074280  -0.0146532909
       -0.0007118562  -0.1107268824  -0.0707903072  -0.0060831827  -0.0271194842
       -0.0117312101  -0.0008549730  -0.0080513517   0.0048153347   0.0035694366
       -0.0084672707   0.0055285089  -0.0025302200  -0.0240397943   0.0060964473
        0.0007363650  -0.0447219654   0.0146337711   0.0254756931  -0.0454703907
        0.0206697462  -0.0245495718   0.0004349696  -0.0016808490   0.0014481161
        0.0001677299  -0.0016921067  -0.0017786166  -0.0047744411   0.0007023565
        0.0001023870
        0.0513390213  -0.0842135008  -0.0019037169  -0.0146532909   0.4938234127
       -0.0035781463  -0.0678663750  -0.1429554763  -0.0062072561   0.0039936864
        0.0076037417   0.0005184037   0.0151531118  -0.0069537528  -0.0029219223
        0.0193699540  -0.0092386249   0.0014271497  -0.0201996217   0.0069481664
        0.0007486921   0.0146741601  -0.0979600299  -0.0941322357   0.0207366107
       -0.1346700441   0.1085614200  -0.0139317395  -0.0180778662   0.0018493601
       -0.0111234058  -0.0139773302  -0.0043205290   0.0025078884  -0.0003286958
       -0.0000412194
        0.0054717714  -0.0018773636  -0.0675534568  -0.0007118562  -0.0035781463
        0.5343435195  -0.0058134491  -0.0061717731  -0.0691990665   0.0005831100
        0.0006330567   0.0016295175   0.0250358215  -0.0111461332  -0.0026665937
       -0.0218498847   0.0098397928   0.0000330912  -0.0016084034   0.0005363268
        0.0004456232   0.0255547883  -0.0931279490  -0.2157863258  -0.0246256684
        0.1075612390  -0.1783262036   0.0146308837   0.0181405373   0.0004948306
       -0.0169243484  -0.0207797329  -0.0033557273   0.0002572354  -0.0000298546
       -0.0000592080
       -0.0294342230  -0.0158707929  -0.0012046337  -0.1107268824  -0.0678663750
       -0.0058134491   0.3214543435   0.0335370754   0.0044700852  -0.0979695874
        0.0324443212   0.0034798539   0.0006173593  -0.0007403933  -0.0003684943
        0.0006069918  -0.0007942574   0.0002274804  -0.0053273087   0.0012997201
        0.0001545547  -0.0002478187  -0.0009709177  -0.0015111634   0.0000173109
       -0.0009099773   0.0013142404  -0.0349605778   0.0104706353  -0.0155501123
       -0.0344134797   0.0061119491   0.0144327720  -0.0096161276   0.0032890125
        0.0003688661
        0.0011047841   0.0053186366   0.0004282085  -0.0707903072  -0.1429554763
       -0.0061717731   0.0335370754   0.4516202773  -0.0054200138   0.0507939558
       -0.0588907058  -0.0036845605   0.0008743242   0.0007615773   0.0003712046
        0.0010155033   0.0009031828  -0.0002930332   0.0026133551   0.0004122672
       -0.0000376935  -0.0124515518  -0.0153876395  -0.0046352744  -0.0153929331
       -0.0197693022   0.0019816805   0.0141393040  -0.1336537312   0.1135469798
        0.0087659615  -0.0947871399  -0.0968524444  -0.0142094712   0.0064280536
        0.0007667197
        0.0003259415   0.0005539783   0.0005279321  -0.0060831827  -0.0062072561
       -0.0691990665   0.0044700852  -0.0054200138   0.5088943891   0.0051906386
       -0.0035630604  -0.0232309159   0.0008947684   0.0005386549   0.0003731259
       -0.0007270102  -0.0004306491   0.0002313967   0.0002829044  -0.0000233984
        0.0005647333  -0.0178395667  -0.0222173854  -0.0039182870   0.0152989697
        0.0193661467   0.0001947863  -0.0209606983   0.1161905623  -0.1870842766
        0.0204036451  -0.0994458650  -0.2265654321  -0.0012564951   0.0006582859
       -0.0007883851
       -0.0018176829  -0.0047263215  -0.0004146329  -0.0271194842   0.0039936864
        0.0005831100  -0.0979695874   0.0507939558   0.0051906386   0.2144480393
        0.0220383260   0.0007665717   0.0003947166  -0.0000786134  -0.0001357419
        0.0003977116  -0.0001041743   0.0001019142  -0.0013838619   0.0001696398
        0.0000242485   0.0008561575  -0.0003609693  -0.0010348889   0.0008931986
       -0.0005394624   0.0009523170  -0.0166147250   0.0099079726  -0.0024956703
       -0.0163214784   0.0091445925   0.0044911142  -0.0557630039  -0.0902386324
       -0.0080289802
       -0.0028862729  -0.0018880702  -0.0001637818  -0.0117312101   0.0076037417
        0.0006330567   0.0324443212  -0.0588907058  -0.0035630604   0.0220383260
        0.2562829970   0.0219123302   0.0000523710  -0.0001952298  -0.0000401183
        0.0000356558  -0.0001894659  -0.0000018417  -0.0011524429   0.0002868047
        0.0000290993  -0.0007766077   0.0002781121  -0.0001632395  -0.0008259004
        0.0002489847   0.0002581589   0.0185819243  -0.0086074237   0.0007803112
        0.0157986504  -0.0069275975  -0.0027443387  -0.0715788147  -0.1880021473
       -0.0169365761
       -0.0002472988  -0.0001566461   0.0001637734  -0.0008549730   0.0005184037
        0.0016295175   0.0034798539  -0.0036845605  -0.0232309159   0.0007665717
        0.0219123302   0.0210069078  -0.0000728628   0.0000161277   0.0000540576
        0.0000758707  -0.0000568396   0.0000476660  -0.0000952649   0.0000153711
        0.0000988146  -0.0003399585   0.0000601857  -0.0002118519   0.0001852066
        0.0000307603  -0.0001754917  -0.0134750755   0.0064481110   0.0024857739
        0.0168684959  -0.0082948871   0.0005280775  -0.0062905653  -0.0168083564
       -0.0023963287
       -0.0466250621   0.0149953498   0.0274031875  -0.0080513517   0.0151531118
        0.0250358215   0.0006173593   0.0008743242   0.0008947684   0.0003947166
        0.0000523710  -0.0000728628   0.0558896504  -0.0198855557  -0.0329775267
        0.0012505852  -0.0019740614  -0.0031341184   0.0020904617  -0.0114427652
       -0.0182133319  -0.0059514351   0.0028903855   0.0011222899   0.0008191086
       -0.0002756524   0.0003843955  -0.0000043298  -0.0000340801  -0.0000641842
       -0.0004502103  -0.0002431751  -0.0003346435   0.0000205073  -0.0001102524
       -0.0000437953
        0.0147750640  -0.1003363038  -0.0995621750   0.0048153347  -0.0069537528
       -0.0111461332  -0.0007403933   0.0007615773   0.0005386549  -0.0000786134
       -0.0001952298   0.0000161277  -0.0198855557   0.1140770280   0.1174357250
       -0.0022277901   0.0088923992   0.0177106584   0.0004060222  -0.0155093270
       -0.0242646377   0.0030965756  -0.0007562996  -0.0003934236  -0.0001694251
       -0.0001597293  -0.0004008104   0.0000169047  -0.0001014963   0.0000650995
        0.0000546686   0.0002121955  -0.0000235362  -0.0000627923   0.0000689387
        0.0000244505
        0.0275568727  -0.0998061577  -0.2237401641   0.0035694366  -0.0029219223
       -0.0026665937  -0.0003684943   0.0003712046   0.0003731259  -0.0001357419
       -0.0000401183   0.0000540576  -0.0329775267   0.1174357250   0.2569236769
        0.0022871163  -0.0110176364  -0.0282363000  -0.0008156422  -0.0038771657
       -0.0043709428   0.0009301323  -0.0005995728   0.0009896447  -0.0003617977
        0.0002658855   0.0007114479  -0.0000277130  -0.0000143933  -0.0003131734
        0.0003562525   0.0001216224   0.0002539003  -0.0000128945   0.0000825291
        0.0000213205
       -0.0474968823   0.0215361092  -0.0266633372  -0.0084672707   0.0193699540
       -0.0218498847   0.0006069918   0.0010155033  -0.0007270102   0.0003977116
        0.0000356558   0.0000758707   0.0012505852  -0.0022277901   0.0022871163
        0.0569198151  -0.0276694713   0.0315778833   0.0023719853  -0.0144301797
        0.0158446742   0.0008218338  -0.0002084996  -0.0004304834  -0.0059724988
        0.0030403580  -0.0004858012  -0.0004503168  -0.0002999683   0.0002955252
       -0.0000027638  -0.0000446643   0.0000529738   0.0000208098  -0.0001170072
        0.0000224733
        0.0213422149  -0.1387543105   0.1144375701   0.0055285089  -0.0092386249
        0.0098397928  -0.0007942574   0.0009031828  -0.0004306491  -0.0001041743
       -0.0001894659  -0.0000568396  -0.0019740614   0.0088923992  -0.0110176364
       -0.0276694713   0.1592639427  -0.1344701991   0.0006194481  -0.0200715272
        0.0214644010  -0.0002240433  -0.0001591079   0.0002455396   0.0032087201
       -0.0008656241   0.0000096060   0.0001143710   0.0002268950   0.0000124153
        0.0000133032  -0.0000965402  -0.0000244605  -0.0000605586   0.0000887809
       -0.0000095402
       -0.0268603060   0.1146814870  -0.1844586581  -0.0025302200   0.0014271497
        0.0000330912   0.0002274804  -0.0002930332   0.0002313967   0.0001019142
       -0.0000018417   0.0000476660  -0.0031341184   0.0177106584  -0.0282363000
        0.0315778833  -0.1344701991   0.2107120181   0.0008387856   0.0012928664
       -0.0000889487   0.0003291479  -0.0004191902   0.0007119673  -0.0002535702
        0.0002077442   0.0011227315  -0.0003308047  -0.0001225624   0.0002306418
        0.0000297489   0.0000532099  -0.0003094903   0.0000040589  -0.0000662889
        0.0000038845
       -0.1443034944  -0.1205486705  -0.0099198257  -0.0240397943  -0.0201996217
       -0.0016084034  -0.0053273087   0.0026133551   0.0002829044  -0.0013838619
       -0.0011524429  -0.0000952649   0.0020904617   0.0004060222  -0.0008156422
        0.0023719853   0.0006194481   0.0008387856   0.1700413962   0.1384943026
        0.0113402898   0.0004510604  -0.0004695203   0.0001017842   0.0004450328
       -0.0004534867  -0.0001886076   0.0000545735   0.0002313509  -0.0000991411
        0.0000567197   0.0002112041   0.0001375785  -0.0004567704   0.0002480590
        0.0000255422
       -0.1210203259  -0.1825792946  -0.0113390936   0.0060964473   0.0069481664
        0.0005363268   0.0012997201   0.0004122672  -0.0000233984   0.0001696398
        0.0002868047   0.0000153711  -0.0114427652  -0.0155093270  -0.0038771657
       -0.0144301797  -0.0200715272   0.0012928664   0.1384943026   0.2094331638
        0.0133167237   0.0001041072   0.0003981737   0.0002676866   0.0001763599
        0.0004877230  -0.0001991735   0.0002043089   0.0001074915  -0.0001519035
        0.0001888770   0.0000687369   0.0001615723   0.0001595078   0.0000176215
        0.0000001877
       -0.0099570192  -0.0113416386  -0.0452305071   0.0007363650   0.0007486921
        0.0004456232   0.0001545547  -0.0000376935   0.0005647333   0.0000242485
        0.0000290993   0.0000988146  -0.0182133319  -0.0242646377  -0.0043709428
        0.0158446742   0.0214644010  -0.0000889487   0.0113402898   0.0133167237
        0.0484547314   0.0004372048   0.0002816170   0.0000624838  -0.0004196621
       -0.0002017414  -0.0000034138  -0.0000914226  -0.0000549443   0.0000044285
        0.0001282317   0.0000645332   0.0000431266   0.0000158669  -0.0000044109
        0.0000198712
       -0.0086700514   0.0155379995   0.0245957447  -0.0447219654   0.0146741601
        0.0255547883  -0.0002478187  -0.0124515518  -0.0178395667   0.0008561575
       -0.0007766077  -0.0003399585  -0.0059514351   0.0030965756   0.0009301323
        0.0008218338  -0.0002240433   0.0003291479   0.0004510604   0.0001041072
        0.0004372048   0.0576400552  -0.0155227696  -0.0293362158   0.0017543863
       -0.0015453756  -0.0035657797   0.0004527896   0.0005331738  -0.0002290317
       -0.0024845559  -0.0038282728  -0.0006242424   0.0000995439   0.0004026046
        0.0000877767
        0.0046382516  -0.0060711357  -0.0109116667   0.0146337711  -0.0979600299
       -0.0931279490  -0.0009709177  -0.0153876395  -0.0222173854  -0.0003609693
        0.0002781121   0.0000601857   0.0028903855  -0.0007562996  -0.0005995728
       -0.0002084996  -0.0001591079  -0.0004191902  -0.0004695203   0.0003981737
        0.0002816170  -0.0155227696   0.1149280686   0.1116619699  -0.0019191709
        0.0084682908   0.0168786727   0.0005988646   0.0002067458  -0.0007277153
       -0.0035475535  -0.0041849267  -0.0010280548   0.0002381280   0.0002397484
        0.0001490891
        0.0028038669  -0.0026125064  -0.0025700592   0.0254756931  -0.0941322357
       -0.2157863258  -0.0015111634  -0.0046352744  -0.0039182870  -0.0010348889
       -0.0001632395  -0.0002118519   0.0011222899  -0.0003934236   0.0009896447
       -0.0004304834   0.0002455396   0.0007119673   0.0001017842   0.0002676866
        0.0000624838  -0.0293362158   0.1116619699   0.2476247183   0.0027967193
       -0.0100820119  -0.0287167331   0.0003507677   0.0005030154   0.0007438092
       -0.0005464964  -0.0011469413   0.0009192534   0.0002081267   0.0004874213
        0.0001513802
       -0.0090519627   0.0196972838  -0.0213037056  -0.0454703907   0.0207366107
       -0.0246256684   0.0000173109  -0.0153929331   0.0152989697   0.0008931986
       -0.0008259004   0.0001852066   0.0008191086  -0.0001694251  -0.0003617977
       -0.0059724988   0.0032087201  -0.0002535702   0.0004450328   0.0001763599
       -0.0004196621   0.0017543863  -0.0019191709   0.0027967193   0.0584927950
       -0.0225234917   0.0283952315  -0.0024757904  -0.0038691100  -0.0000206928
        0.0004539623   0.0004749882   0.0003259070   0.0000948481   0.0004060686
       -0.0000169373
        0.0051992383  -0.0082988749   0.0097591738   0.0206697462  -0.1346700441
        0.1075612390  -0.0009099773  -0.0197693022   0.0193661467  -0.0005394624
        0.0002489847   0.0000307603  -0.0002756524  -0.0001597293   0.0002658855
        0.0030403580  -0.0008656241   0.0002077442  -0.0004534867   0.0004877230
       -0.0002017414  -0.0015453756   0.0084682908  -0.0100820119  -0.0225234917
        0.1584494493  -0.1275228311  -0.0035863656  -0.0044214472   0.0001124725
        0.0006602602   0.0001869794   0.0006196609   0.0002642091   0.0003435945
       -0.0001164985
       -0.0018092968   0.0012687958   0.0000438273  -0.0245495718   0.1085614200
       -0.1783262036   0.0013142404   0.0019816805   0.0001947863   0.0009523170
        0.0002581589  -0.0001754917   0.0003843955  -0.0004008104   0.0007114479
       -0.0004858012   0.0000096060   0.0011227315  -0.0001886076  -0.0001991735
       -0.0000034138  -0.0035657797   0.0168786727  -0.0287167331   0.0283952315
       -0.1275228311   0.2032040430  -0.0000472957   0.0002319889   0.0011432386
       -0.0002311672  -0.0006035988   0.0007640702  -0.0001686644  -0.0004639091
        0.0000376973
        0.0009833520  -0.0008821401   0.0005352713   0.0004349696  -0.0139317395
        0.0146308837  -0.0349605778   0.0141393040  -0.0209606983  -0.0166147250
        0.0185819243  -0.0134750755  -0.0000043298   0.0000169047  -0.0000277130
       -0.0004503168   0.0001143710  -0.0003308047   0.0000545735   0.0002043089
       -0.0000914226   0.0004527896   0.0005988646   0.0003507677  -0.0024757904
       -0.0035863656  -0.0000472957   0.0501034633  -0.0132109542   0.0185259170
        0.0022734538  -0.0018083965   0.0009247893   0.0002031380  -0.0002360815
       -0.0000346193
        0.0005818945   0.0008480873  -0.0002403251  -0.0016808490  -0.0180778662
        0.0181405373   0.0104706353  -0.1336537312   0.1161905623   0.0099079726
       -0.0086074237   0.0064481110  -0.0000340801  -0.0001014963  -0.0000143933
       -0.0002999683   0.0002268950  -0.0001225624   0.0002313509   0.0001074915
       -0.0000549443   0.0005331738   0.0002067458   0.0005030154  -0.0038691100
       -0.0044214472   0.0002319889  -0.0132109542   0.1544708653  -0.1308502221
       -0.0017666150   0.0083106730  -0.0095430222  -0.0008634505   0.0006912067
       -0.0006887455
       -0.0000038020  -0.0004052585   0.0003675356   0.0014481161   0.0018493601
        0.0004948306  -0.0155501123   0.1135469798  -0.1870842766  -0.0024956703
        0.0007803112   0.0024857739  -0.0000641842   0.0000650995  -0.0003131734
        0.0002955252   0.0000124153   0.0002306418  -0.0000991411  -0.0001519035
        0.0000044285  -0.0002290317  -0.0007277153   0.0007438092  -0.0000206928
        0.0001124725   0.0011432386   0.0185259170  -0.1308502221   0.2086925602
       -0.0017025810   0.0160272992  -0.0270301394  -0.0001043429  -0.0002588381
        0.0002647711
        0.0009745217  -0.0007673305  -0.0006922984   0.0001677299  -0.0111234058
       -0.0169243484  -0.0344134797   0.0087659615   0.0204036451  -0.0163214784
        0.0157986504   0.0168684959  -0.0004502103   0.0000546686   0.0003562525
       -0.0000027638   0.0000133032   0.0000297489   0.0000567197   0.0001888770
        0.0001282317  -0.0024845559  -0.0035475535  -0.0005464964   0.0004539623
        0.0006602602  -0.0002311672   0.0022734538  -0.0017666150  -0.0017025810
        0.0495292406  -0.0080501389  -0.0176799287   0.0002168601  -0.0002266774
       -0.0000095538
        0.0005795718   0.0007170232   0.0002930698  -0.0016921067  -0.0139773302
       -0.0207797329   0.0061119491  -0.0947871399  -0.0994458650   0.0091445925
       -0.0069275975  -0.0082948871  -0.0002431751   0.0002121955   0.0001216224
       -0.0000446643  -0.0000965402   0.0000532099   0.0002112041   0.0000687369
        0.0000645332  -0.0038282728  -0.0041849267  -0.0011469413   0.0004749882
        0.0001869794  -0.0006035988  -0.0018083965   0.0083106730   0.0160272992
       -0.0080501389   0.1099643240   0.1129665598  -0.0008555515   0.0005136025
        0.0007447305
        0.0001016654   0.0004796896   0.0005051015  -0.0017786166  -0.0043205290
       -0.0033557273   0.0144327720  -0.0968524444  -0.2265654321   0.0044911142
       -0.0027443387   0.0005280775  -0.0003346435  -0.0000235362   0.0002539003
        0.0000529738  -0.0000244605  -0.0003094903   0.0001375785   0.0001615723
        0.0000431266  -0.0006242424  -0.0010280548   0.0009192534   0.0003259070
        0.0006196609   0.0007640702   0.0009247893  -0.0095430222  -0.0270301394
       -0.0176799287   0.1129665598   0.2537875554  -0.0000493690   0.0003089032
        0.0004597040
       -0.0008583464  -0.0009293064  -0.0000763409  -0.0047744411   0.0025078884
        0.0002572354  -0.0096161276  -0.0142094712  -0.0012564951  -0.0557630039
       -0.0715788147  -0.0062905653   0.0000205073  -0.0000627923  -0.0000128945
        0.0000208098  -0.0000605586   0.0000040589  -0.0004567704   0.0001595078
        0.0000158669   0.0000995439   0.0002381280   0.0002081267   0.0000948481
        0.0002642091  -0.0001686644   0.0002031380  -0.0008634505  -0.0001043429
        0.0002168601  -0.0008555515  -0.0000493690   0.0708129823   0.0853902119
        0.0074733841
        0.0004903377   0.0004489597   0.0000303958   0.0007023565  -0.0003286958
       -0.0000298546   0.0032890125   0.0064280536   0.0006582859  -0.0902386324
       -0.1880021473  -0.0168083564  -0.0001102524   0.0000689387   0.0000825291
       -0.0001170072   0.0000887809  -0.0000662889   0.0002480590   0.0000176215
       -0.0000044109   0.0004026046   0.0002397484   0.0004874213   0.0004060686
        0.0003435945  -0.0004639091  -0.0002360815   0.0006912067  -0.0002588381
       -0.0002266774   0.0005136025   0.0003089032   0.0853902119   0.1794903367
        0.0160641228
        0.0000534565   0.0000432794   0.0000666067   0.0001023870  -0.0000412194
       -0.0000592080   0.0003688661   0.0007667197  -0.0007883851  -0.0080289802
       -0.0169365761  -0.0023963287  -0.0000437953   0.0000244505   0.0000213205
        0.0000224733  -0.0000095402   0.0000038845   0.0000255422   0.0000001877
        0.0000198712   0.0000877767   0.0001490891   0.0001513802  -0.0000169373
       -0.0001164985   0.0000376973  -0.0000346193  -0.0006887455   0.0002647711
       -0.0000095538   0.0007447305   0.0004597040   0.0074733841   0.0160641228
        0.0022186864
