$hessian                                                                        
        0.5058810110  -0.0063233424  -0.0347211586  -0.0897299138  -0.0061340987
       -0.0612215499  -0.0218128004  -0.0082078722  -0.0215705425  -0.0008484279
       -0.0003992412   0.0024845682  -0.0008934023  -0.0010875936   0.0003245152
        0.0004492334   0.0000032631   0.0014767875  -0.1085342196   0.0806369285
        0.0723058340  -0.2418772627  -0.0843263665   0.0490133348  -0.0470739191
        0.0233849258  -0.0107504040  -0.0022974993   0.0004300342  -0.0070810939
        0.0068459947   0.0019888787   0.0096733606   0.0001876018   0.0000412322
       -0.0000118746  -0.0002579946   0.0000199038   0.0000464604  -0.0000384010
       -0.0000266517   0.0000317629
       -0.0063233424   0.5208083409  -0.0098761155  -0.0077111042  -0.0651121606
       -0.0207675626  -0.0090621574  -0.0038552862  -0.0094065989  -0.0010519540
       -0.0002385934   0.0020036724   0.0003781200   0.0001770851  -0.0005231152
       -0.0000629941  -0.0001232428   0.0005615056   0.0809726244  -0.1450374903
       -0.0870506885  -0.0842947563  -0.0797646175   0.0205335589   0.0232423879
       -0.2266675305   0.1011865700   0.0124112237   0.0031653796   0.0211821994
       -0.0085495274  -0.0034244845  -0.0178347595   0.0001141861   0.0000118082
       -0.0000546581  -0.0000306274   0.0000794331   0.0000043183  -0.0000320787
       -0.0000186412   0.0000416737
       -0.0347211586  -0.0098761155   0.4637247291  -0.0477928787  -0.0147287083
       -0.1588018867  -0.0128699588  -0.0060527903   0.0051355547   0.0013259564
        0.0042558358  -0.0005494663   0.0029168645  -0.0022562197  -0.0012368736
       -0.0002688640  -0.0000522818  -0.0001138213   0.0729420559  -0.0880569791
       -0.1202353577   0.0487441371   0.0205217212  -0.0515804285  -0.0112218846
        0.1019940913  -0.0993468616  -0.0102074508   0.0001968016  -0.0173521430
       -0.0089066208  -0.0060494045  -0.0196877264   0.0001104349   0.0000673146
        0.0000360300  -0.0000412307   0.0000292854  -0.0000133628  -0.0000094018
        0.0000074493   0.0000216142
       -0.0897299138  -0.0077111042  -0.0477928787   0.4594602522  -0.0437461393
       -0.0370837817  -0.1505524847  -0.0452630497   0.0219100984  -0.0088252509
       -0.0165230910   0.0060263995  -0.0463497467   0.0039972270   0.0148380259
        0.0000137530   0.0031186739   0.0014640869   0.0066236510   0.0012084777
        0.0100892555  -0.0176226096  -0.0062137530  -0.0257479998  -0.0032127726
        0.0009204613  -0.0065997529  -0.0452320932   0.0307112287  -0.0100264633
       -0.1031393667   0.0800673193   0.0724703658   0.0001115484  -0.0000272336
        0.0000831884  -0.0004856037  -0.0000405730   0.0000557731  -0.0010593628
       -0.0004984443   0.0003136830
       -0.0061340987  -0.0651121606  -0.0147287083  -0.0437461393   0.5463909202
       -0.0025928011  -0.0344838944  -0.0779481595   0.0105422889  -0.0426805762
       -0.0360946212   0.0063898381   0.0174598493   0.0090106365  -0.0044849935
        0.0035839098  -0.0024887816  -0.0011916844  -0.0090283319  -0.0040732299
       -0.0183441723  -0.0073350842  -0.0018206706  -0.0104710677   0.0124033207
        0.0036649318   0.0217540819   0.0304960985  -0.2254152452   0.0977858278
        0.0784803062  -0.1461116469  -0.0843692129  -0.0000407254  -0.0001432292
       -0.0000137686  -0.0000207936  -0.0002009700   0.0000363235   0.0010461593
        0.0003422262  -0.0003119515
       -0.0612215499  -0.0207675626  -0.1588018867  -0.0370837817  -0.0025928011
        0.4596554213   0.0348070520   0.0172553582  -0.0764846009   0.0047017132
       -0.0015160323   0.0154097628   0.0134483831   0.0024880174   0.0020798924
        0.0034479809  -0.0014375698   0.0047814172  -0.0086436636  -0.0059329719
       -0.0200367585  -0.0017529670  -0.0009098633   0.0002624100  -0.0099429076
        0.0001478688  -0.0172467548  -0.0103195089   0.0992110127  -0.0922925944
        0.0720432944  -0.0859753790  -0.1173525868   0.0009458397  -0.0000299536
       -0.0003947556  -0.0009337972  -0.0000646812   0.0004067439   0.0005039128
        0.0001245577   0.0000142900
       -0.0218128004  -0.0090621574  -0.0128699588  -0.1505524847  -0.0344838944
        0.0348070520   0.4920307301   0.1123289449  -0.0746924144  -0.1099314684
       -0.1500225535   0.0023584077  -0.1475920106   0.0644526669   0.0320027701
       -0.0428574270   0.0200383246   0.0136942064   0.0009578351   0.0006764261
        0.0008899148  -0.0000120377  -0.0000765419  -0.0006368291  -0.0001166206
       -0.0001710453  -0.0001064268   0.0037432325  -0.0020332477  -0.0027810177
       -0.0180134266  -0.0027349889   0.0048169263   0.0000464918   0.0013184550
        0.0009573120   0.0006925517   0.0011656821  -0.0005228342  -0.0065825651
       -0.0013960704   0.0020828916
       -0.0082078722  -0.0038552862  -0.0060527903  -0.0452630497  -0.0779481595
        0.0172553582   0.1123289449   0.8417257270   0.0139822040  -0.1314977720
       -0.5999745052   0.0025214924   0.0745007387  -0.1624652459  -0.0291562018
        0.0107078342   0.0098271473  -0.0028794361  -0.0007693927  -0.0005940268
       -0.0009707484   0.0001758277   0.0005416771   0.0003689460   0.0015679716
        0.0002429989   0.0011999896  -0.0220202292  -0.0150259127   0.0074577457
        0.0164406305   0.0064560902  -0.0060549683  -0.0035958774   0.0018026416
       -0.0015889168  -0.0022434575   0.0015921803   0.0034576088  -0.0021242970
       -0.0023253261   0.0004597169
       -0.0215705425  -0.0094065989   0.0051355547   0.0219100984   0.0105422889
       -0.0764846009  -0.0746924144   0.0139822040   0.2186936474   0.0036165461
        0.0054637426  -0.0652608702   0.0306143340  -0.0254798066  -0.0670286373
        0.0138632517  -0.0050998292  -0.0041847341  -0.0009007117  -0.0010489546
        0.0000470589  -0.0041312230  -0.0014357291  -0.0055038204  -0.0011955640
        0.0000789553   0.0002715062   0.0131615371   0.0076492803  -0.0027981435
        0.0172407496   0.0052635655  -0.0043561337  -0.0014504865   0.0001127821
        0.0008435212   0.0014931550  -0.0008501901   0.0007000300   0.0020412702
        0.0002282899  -0.0000743784
       -0.0008484279  -0.0010519540   0.0013259564  -0.0088252509  -0.0426805762
        0.0047017132  -0.1099314684  -0.1314977720   0.0036165461   0.1123706177
        0.1379959698  -0.0153500760   0.0066881616   0.0366955722   0.0080362740
        0.0021616710   0.0050756727  -0.0014075793  -0.0000346338  -0.0001656115
       -0.0000013651  -0.0004932694  -0.0000264330  -0.0007275208   0.0003722321
        0.0004593854   0.0003992814  -0.0067572291  -0.0041179911   0.0018512872
        0.0023298144   0.0000259596  -0.0011817328   0.0011193437  -0.0009780547
        0.0002759867   0.0005927740  -0.0005891575  -0.0012033891   0.0012556651
        0.0008549902  -0.0003353818
       -0.0003992412  -0.0002385934   0.0042558358  -0.0165230910  -0.0360946212
       -0.0015160323  -0.1500225535  -0.5999745052   0.0054637426   0.1379959698
        0.7476034642   0.0098817830   0.0350291706  -0.1156187131  -0.0197826910
       -0.0020441398   0.0042706466   0.0013916848   0.0002358125  -0.0002236728
        0.0001268323  -0.0010683284  -0.0003177243  -0.0017946296  -0.0002125950
        0.0005575284  -0.0004279470  -0.0054014760  -0.0020721995   0.0019021761
        0.0019303871   0.0008571633   0.0005376845   0.0010730989  -0.0001255519
        0.0010354383   0.0002504270  -0.0000913649  -0.0014158799  -0.0008434412
        0.0014681438   0.0003420024
        0.0024845682   0.0020036724  -0.0005494663   0.0060263995   0.0063898381
        0.0154097628   0.0023584077   0.0025214924  -0.0652608702  -0.0153500760
        0.0098817830   0.0304584345   0.0082834518  -0.0205959597   0.0223218444
       -0.0019821108  -0.0011080934  -0.0031161739   0.0000694450   0.0001243054
       -0.0001090040   0.0005356235   0.0001211050   0.0011125035   0.0004532681
        0.0000635281  -0.0002138836   0.0001062003   0.0004230222   0.0003074656
       -0.0017520721  -0.0002107456   0.0001924826  -0.0003355698  -0.0002266955
       -0.0005537593  -0.0004718100   0.0007766687  -0.0001512369  -0.0004257253
       -0.0001639212   0.0001519009
       -0.0008934023   0.0003781200   0.0029168645  -0.0463497467   0.0174598493
        0.0134483831  -0.1475920106   0.0745007387   0.0306143340   0.0066881616
        0.0350291706   0.0082834518   0.4232036611  -0.0373693235  -0.1059751139
       -0.1563187639  -0.0585959485   0.0275762719   0.0003542625  -0.0003966945
       -0.0002676145  -0.0007821988  -0.0002727856  -0.0008820595   0.0000239705
        0.0004755324  -0.0000851207  -0.0000114458   0.0007392856   0.0009323712
       -0.0070815952  -0.0023082903   0.0026629694  -0.0323383054  -0.0148885235
        0.0012033972  -0.0125095862  -0.0112423389   0.0116043377  -0.0263930008
       -0.0035087917   0.0079675278
       -0.0010875936   0.0001770851  -0.0022562197   0.0039972270   0.0090106365
        0.0024880174   0.0644526669  -0.1624652459  -0.0254798066   0.0366955722
       -0.1156187131  -0.0205959597  -0.0373693235   0.3715935583   0.0298851525
       -0.0451721163  -0.0945549271   0.0108822502   0.0000709737   0.0001980484
        0.0004100108   0.0003585043  -0.0000371765   0.0005246037  -0.0000088687
       -0.0002088026   0.0000124276  -0.0001755502   0.0003791926  -0.0010709052
       -0.0020253741   0.0002222346   0.0000018596  -0.0205156818  -0.0077235436
        0.0040805459  -0.0229711541  -0.0090205330   0.0078489849   0.0237507181
        0.0080481861  -0.0067309615
        0.0003245152  -0.0005231152  -0.0012368736   0.0148380259  -0.0044849935
        0.0020798924   0.0320027701  -0.0291562018  -0.0670286373   0.0080362740
       -0.0197826910   0.0223218444  -0.1059751139   0.0298851525   0.1065069194
        0.0278551326   0.0151980249  -0.0614947592   0.0001264095   0.0006267374
        0.0004139506   0.0001526964   0.0002526975   0.0007339716   0.0001095302
       -0.0001993082   0.0000915886  -0.0011861961  -0.0005403182  -0.0000982457
        0.0021816223   0.0003694649  -0.0002016976  -0.0183935554  -0.0042440937
        0.0094374825   0.0301058202   0.0109709415  -0.0091014627   0.0098220689
        0.0016277029  -0.0024239735
        0.0004492334  -0.0000629941  -0.0002688640   0.0000137530   0.0035839098
        0.0034479809  -0.0428574270   0.0107078342   0.0138632517   0.0021616710
       -0.0020441398  -0.0019821108  -0.1563187639  -0.0451721163   0.0278551326
        0.4102453128  -0.0449700742   0.0233907888  -0.0002656226  -0.0000182276
        0.0000260442   0.0001590863   0.0000782161  -0.0001769212  -0.0001591118
       -0.0001715608   0.0000986847  -0.0001306857   0.0004099875  -0.0002675075
       -0.0015561707  -0.0008165017  -0.0000148868  -0.0747819179  -0.0434148944
       -0.0743606973  -0.0408542076   0.0136916030  -0.0157913441  -0.0961051492
        0.1081989583   0.0241804489
        0.0000032631  -0.0001232428  -0.0000522818   0.0031186739  -0.0024887816
       -0.0014375698   0.0200383246   0.0098271473  -0.0050998292   0.0050756727
        0.0042706466  -0.0011080934  -0.0585959485  -0.0945549271   0.0151980249
       -0.0449700742   0.5281666483   0.0155864196  -0.0001318783   0.0001478275
        0.0001216551   0.0000222200   0.0000909578   0.0000314929  -0.0000135341
       -0.0000877868  -0.0000095628  -0.0001999782   0.0002092026  -0.0001300651
        0.0010576976   0.0002741430  -0.0004112421  -0.0421001358  -0.0979929380
       -0.0896958846   0.0155812946  -0.1264353755   0.1105919689   0.1011144027
       -0.2213035213  -0.0435850324
        0.0014767875   0.0005615056  -0.0001138213   0.0014640869  -0.0011916844
        0.0047814172   0.0136942064  -0.0028794361  -0.0041847341  -0.0014075793
        0.0013916848  -0.0031161739   0.0275762719   0.0108822502  -0.0614947592
        0.0233907888   0.0155864196   0.4903090641  -0.0000212933  -0.0001949530
       -0.0001817736   0.0002427354   0.0000750191   0.0003477045  -0.0000745135
        0.0001403245  -0.0001204740  -0.0000975227  -0.0003816016   0.0001584259
        0.0001380676  -0.0000414476   0.0003338834  -0.0703661179  -0.0893126239
       -0.1841849397  -0.0196848482   0.1111187877  -0.1898355949   0.0236689304
       -0.0457542448  -0.0526982242
       -0.1085342196   0.0809726244   0.0729420559   0.0066236510  -0.0090283319
       -0.0086436636   0.0009578351  -0.0007693927  -0.0009007117  -0.0000346338
        0.0002358125   0.0000694450   0.0003542625   0.0000709737   0.0001264095
       -0.0002656226  -0.0001318783  -0.0000212933   0.1227425064  -0.0929134224
       -0.0812208692  -0.0194136725   0.0186695797   0.0180821944  -0.0022195352
        0.0041012112   0.0022417619   0.0004424353  -0.0002207543   0.0002317696
       -0.0006835765  -0.0010257368  -0.0029256646   0.0000661353   0.0000459370
        0.0000345383  -0.0000118728  -0.0000476736   0.0000026107  -0.0000236925
        0.0000410513  -0.0000185827
        0.0806369285  -0.1450374903  -0.0880569791   0.0012084777  -0.0040732299
       -0.0059329719   0.0006764261  -0.0005940268  -0.0010489546  -0.0001656115
       -0.0002236728   0.0001243054  -0.0003966945   0.0001980484   0.0006267374
       -0.0000182276   0.0001478275  -0.0001949530  -0.0929134224   0.1643801951
        0.1037998483  -0.0054651985   0.0071279206   0.0060322486   0.0172775722
       -0.0232310077  -0.0147996033  -0.0000994267   0.0006847782   0.0007486425
       -0.0007846020   0.0006719579  -0.0013274218   0.0000374419  -0.0000025710
        0.0000373652  -0.0000361197  -0.0000674355  -0.0000020486   0.0000424566
        0.0000187063  -0.0000062152
        0.0723058340  -0.0870506885  -0.1202353577   0.0100892555  -0.0183441723
       -0.0200367585   0.0008899148  -0.0009707484   0.0000470589  -0.0000013651
        0.0001268323  -0.0001090040  -0.0002676145   0.0004100108   0.0004139506
        0.0000260442   0.0001216551  -0.0001817736  -0.0812208692   0.1037998483
        0.1415299690   0.0074214029  -0.0054278411  -0.0047829543  -0.0069261976
        0.0090076272   0.0083045293   0.0006346436  -0.0003096989   0.0003284236
       -0.0031409711  -0.0014535666  -0.0052426308   0.0000542090   0.0000253955
        0.0000025161   0.0001131429   0.0000468200  -0.0000367298   0.0000225707
        0.0000185266  -0.0000012389
       -0.2418772627  -0.0842947563   0.0487441371  -0.0176226096  -0.0073350842
       -0.0017529670  -0.0000120377   0.0001758277  -0.0041312230  -0.0004932694
       -0.0010683284   0.0005356235  -0.0007821988   0.0003585043   0.0001526964
        0.0001590863   0.0000222200   0.0002427354  -0.0194136725  -0.0054651985
        0.0074214029   0.2781680009   0.0985139024  -0.0531159398   0.0010882297
       -0.0010701781   0.0011312694   0.0000994487   0.0001493706   0.0003862803
        0.0006270652   0.0000208818   0.0003980910   0.0000417267  -0.0000184337
       -0.0000322637   0.0000037688   0.0000169861   0.0000069664   0.0000137244
       -0.0000057136   0.0000131911
       -0.0843263665  -0.0797646175   0.0205217212  -0.0062137530  -0.0018206706
       -0.0009098633  -0.0000765419   0.0005416771  -0.0014357291  -0.0000264330
       -0.0003177243   0.0001211050  -0.0002727856  -0.0000371765   0.0002526975
        0.0000782161   0.0000909578   0.0000750191   0.0186695797   0.0071279206
       -0.0054278411   0.0985139024   0.0884377471  -0.0227889794  -0.0266210747
       -0.0145251794   0.0093335854   0.0006317266   0.0004045476   0.0001551308
       -0.0003810639  -0.0001364943   0.0001001659   0.0000337744   0.0000006661
       -0.0000010724   0.0000076799  -0.0000155318   0.0000003116  -0.0000168606
        0.0000138782   0.0000037488
        0.0490133348   0.0205335589  -0.0515804285  -0.0257479998  -0.0104710677
        0.0002624100  -0.0006368291   0.0003689460  -0.0055038204  -0.0007275208
       -0.0017946296   0.0011125035  -0.0008820595   0.0005246037   0.0007339716
       -0.0001769212   0.0000314929   0.0003477045   0.0180821944   0.0060322486
       -0.0047829543  -0.0531159398  -0.0227889794   0.0619534565   0.0145718886
        0.0078224271  -0.0038742401  -0.0000578937  -0.0002045700   0.0006390019
       -0.0003130576  -0.0000277062   0.0006631245   0.0000757789   0.0000028991
        0.0000014894  -0.0000723536  -0.0000322238   0.0000217667  -0.0000126217
        0.0000030002   0.0000060146
       -0.0470739191   0.0232423879  -0.0112218846  -0.0032127726   0.0124033207
       -0.0099429076  -0.0001166206   0.0015679716  -0.0011955640   0.0003722321
       -0.0002125950   0.0004532681   0.0000239705  -0.0000088687   0.0001095302
       -0.0001591118  -0.0000135341  -0.0000745135  -0.0022195352   0.0172775722
       -0.0069261976   0.0010882297  -0.0266210747   0.0145718886   0.0520842480
       -0.0272029851   0.0168290972  -0.0011692694  -0.0003031759  -0.0032974699
        0.0003811369  -0.0001041258   0.0006554701   0.0000100880   0.0000080891
        0.0000121067  -0.0000484538  -0.0000075044   0.0000258339   0.0000397774
       -0.0000254777   0.0000013422
        0.0233849258  -0.2266675305   0.1019940913   0.0009204613   0.0036649318
        0.0001478688  -0.0001710453   0.0002429989   0.0000789553   0.0004593854
        0.0005575284   0.0000635281   0.0004755324  -0.0002088026  -0.0001993082
       -0.0001715608  -0.0000877868   0.0001403245   0.0041012112  -0.0232310077
        0.0090076272  -0.0010701781  -0.0145251794   0.0078224271  -0.0272029851
        0.2585456289  -0.1182975151  -0.0005208203   0.0010349897  -0.0004808471
       -0.0002041239   0.0006298892  -0.0002616029  -0.0000000935   0.0000077046
        0.0000032985   0.0000156838   0.0000391040  -0.0000211630  -0.0000163929
       -0.0000024685   0.0000023156
       -0.0107504040   0.1011865700  -0.0993468616  -0.0065997529   0.0217540819
       -0.0172467548  -0.0001064268   0.0011999896   0.0002715062   0.0003992814
       -0.0004279470  -0.0002138836  -0.0000851207   0.0000124276   0.0000915886
        0.0000986847  -0.0000095628  -0.0001204740   0.0022417619  -0.0147996033
        0.0083045293   0.0011312694   0.0093335854  -0.0038742401   0.0168290972
       -0.1182975151   0.1169791998  -0.0034370588  -0.0006041296  -0.0051508181
        0.0002219043   0.0006450508   0.0003165210  -0.0000064602   0.0000140631
       -0.0000237618   0.0000394042  -0.0000018311   0.0000296204   0.0000238204
       -0.0000051795  -0.0000161715
       -0.0022974993   0.0124112237  -0.0102074508  -0.0452320932   0.0304960985
       -0.0103195089   0.0037432325  -0.0220202292   0.0131615371  -0.0067572291
       -0.0054014760   0.0001062003  -0.0000114458  -0.0001755502  -0.0011861961
       -0.0001306857  -0.0001999782  -0.0000975227   0.0004424353  -0.0000994267
        0.0006346436   0.0000994487   0.0006317266  -0.0000578937  -0.0011692694
       -0.0005208203  -0.0034370588   0.0531203598  -0.0307083761   0.0178616031
       -0.0020132999   0.0154965277  -0.0063666803   0.0000343139   0.0000045201
        0.0000236416   0.0000791192   0.0000351403  -0.0000982810   0.0000926132
        0.0000506199  -0.0000170334
        0.0004300342   0.0031653796   0.0001968016   0.0307112287  -0.2254152452
        0.0992110127  -0.0020332477  -0.0150259127   0.0076492803  -0.0041179911
       -0.0020721995   0.0004230222   0.0007392856   0.0003791926  -0.0005403182
        0.0004099875   0.0002092026  -0.0003816016  -0.0002207543   0.0006847782
       -0.0003096989   0.0001493706   0.0004045476  -0.0002045700  -0.0003031759
        0.0010349897  -0.0006041296  -0.0307083761   0.2574345035  -0.1134493041
        0.0046087925  -0.0208771677   0.0081469914   0.0000451991  -0.0000205837
        0.0000183459   0.0001790387   0.0000340485  -0.0001214100   0.0001106081
        0.0000644664  -0.0000344215
       -0.0070810939   0.0211821994  -0.0173521430  -0.0100264633   0.0977858278
       -0.0922925944  -0.0027810177   0.0074577457  -0.0027981435   0.0018512872
        0.0019021761   0.0003074656   0.0009323712  -0.0010709052  -0.0000982457
       -0.0002675075  -0.0001300651   0.0001584259   0.0002317696   0.0007486425
        0.0003284236   0.0003862803   0.0001551308   0.0006390019  -0.0032974699
       -0.0004808471  -0.0051508181   0.0178616031  -0.1134493041   0.1086835779
        0.0024386814  -0.0140168318   0.0075119083  -0.0001064044  -0.0000478040
        0.0000083760  -0.0000968286  -0.0000155354   0.0000287487  -0.0000452076
       -0.0000204294   0.0000260169
        0.0068459947  -0.0085495274  -0.0089066208  -0.1031393667   0.0784803062
        0.0720432944  -0.0180134266   0.0164406305   0.0172407496   0.0023298144
        0.0019303871  -0.0017520721  -0.0070815952  -0.0020253741   0.0021816223
       -0.0015561707   0.0010576976   0.0001380676  -0.0006835765  -0.0007846020
       -0.0031409711   0.0006270652  -0.0003810639  -0.0003130576   0.0003811369
       -0.0002041239   0.0002219043  -0.0020132999   0.0046087925   0.0024386814
        0.1225924585  -0.0905355601  -0.0801674178  -0.0000447425   0.0000471237
        0.0000354682   0.0001285740   0.0000650879  -0.0000821141  -0.0003728655
       -0.0001497740   0.0000624658
        0.0019888787  -0.0034244845  -0.0060494045   0.0800673193  -0.1461116469
       -0.0859753790  -0.0027349889   0.0064560902   0.0052635655   0.0000259596
        0.0008571633  -0.0002107456  -0.0023082903   0.0002222346   0.0003694649
       -0.0008165017   0.0002741430  -0.0000414476  -0.0010257368   0.0006719579
       -0.0014535666   0.0000208818  -0.0001364943  -0.0000277062  -0.0001041258
        0.0006298892   0.0006450508   0.0154965277  -0.0208771677  -0.0140168318
       -0.0905355601   0.1613891198   0.1014722948   0.0000195621   0.0000236312
        0.0000318432   0.0000570000   0.0000290788  -0.0000437645  -0.0001509256
       -0.0000035145   0.0000366265
        0.0096733606  -0.0178347595  -0.0196877264   0.0724703658  -0.0843692129
       -0.1173525868   0.0048169263  -0.0060549683  -0.0043561337  -0.0011817328
        0.0005376845   0.0001924826   0.0026629694   0.0000018596  -0.0002016976
       -0.0000148868  -0.0004112421   0.0003338834  -0.0029256646  -0.0013274218
       -0.0052426308   0.0003980910   0.0001001659   0.0006631245   0.0006554701
       -0.0002616029   0.0003165210  -0.0063666803   0.0081469914   0.0075119083
       -0.0801674178   0.1014722948   0.1378149071   0.0000156662  -0.0000135929
        0.0000261668  -0.0000968094  -0.0000430821   0.0000036077   0.0000603424
        0.0000568862  -0.0000218263
        0.0001876018   0.0001141861   0.0001104349   0.0001115484  -0.0000407254
        0.0009458397   0.0000464918  -0.0035958774  -0.0014504865   0.0011193437
        0.0010730989  -0.0003355698  -0.0323383054  -0.0205156818  -0.0183935554
       -0.0747819179  -0.0421001358  -0.0703661179   0.0000661353   0.0000374419
        0.0000542090   0.0000417267   0.0000337744   0.0000757789   0.0000100880
       -0.0000000935  -0.0000064602   0.0000343139   0.0000451991  -0.0001064044
       -0.0000447425   0.0000195621   0.0000156662   0.0990594196   0.0591899702
        0.0848420388  -0.0001425401  -0.0011217019  -0.0059046886   0.0066308366
        0.0068609831   0.0105193155
        0.0000412322   0.0000118082   0.0000673146  -0.0000272336  -0.0001432292
       -0.0000299536   0.0013184550   0.0018026416   0.0001127821  -0.0009780547
       -0.0001255519  -0.0002266955  -0.0148885235  -0.0077235436  -0.0042440937
       -0.0434148944  -0.0979929380  -0.0893126239   0.0000459370  -0.0000025710
        0.0000253955  -0.0000184337   0.0000006661   0.0000028991   0.0000080891
        0.0000077046   0.0000140631   0.0000045201  -0.0000205837  -0.0000478040
        0.0000471237   0.0000236312  -0.0000135929   0.0591899702   0.1108887921
        0.1018731876   0.0069509211   0.0080994542   0.0142588610  -0.0082791085
       -0.0148262807  -0.0224797394
       -0.0000118746  -0.0000546581   0.0000360300   0.0000831884  -0.0000137686
       -0.0003947556   0.0009573120  -0.0015889168   0.0008435212   0.0002759867
        0.0010354383  -0.0005537593   0.0012033972   0.0040805459   0.0094374825
       -0.0743606973  -0.0896958846  -0.1841849397   0.0000345383   0.0000373652
        0.0000025161  -0.0000322637  -0.0000010724   0.0000014894   0.0000121067
        0.0000032985  -0.0000237618   0.0000236416   0.0000183459   0.0000083760
        0.0000354682   0.0000318432   0.0000261668   0.0848420388   0.1018731876
        0.2064792230  -0.0107781189  -0.0109353286  -0.0252873143  -0.0022847234
       -0.0047903955  -0.0063902745
       -0.0002579946  -0.0000306274  -0.0000412307  -0.0004856037  -0.0000207936
       -0.0009337972   0.0006925517  -0.0022434575   0.0014931550   0.0005927740
        0.0002504270  -0.0004718100  -0.0125095862  -0.0229711541   0.0301058202
       -0.0408542076   0.0155812946  -0.0196848482  -0.0000118728  -0.0000361197
        0.0001131429   0.0000037688   0.0000076799  -0.0000723536  -0.0000484538
        0.0000156838   0.0000394042   0.0000791192   0.0001790387  -0.0000968286
        0.0001285740   0.0000570000  -0.0000968094  -0.0001425401   0.0069509211
       -0.0107781189   0.0535255392  -0.0071557503   0.0123613933  -0.0007120681
        0.0094158577  -0.0119371190
        0.0000199038   0.0000794331   0.0000292854  -0.0000405730  -0.0002009700
       -0.0000646812   0.0011656821   0.0015921803  -0.0008501901  -0.0005891575
       -0.0000913649   0.0007766687  -0.0112423389  -0.0090205330   0.0109709415
        0.0136916030  -0.1264353755   0.1111187877  -0.0000476736  -0.0000674355
        0.0000468200   0.0000169861  -0.0000155318  -0.0000322238  -0.0000075044
        0.0000391040  -0.0000018311   0.0000351403   0.0000340485  -0.0000155354
        0.0000650879   0.0000290788  -0.0000430821  -0.0011217019   0.0080994542
       -0.0109353286  -0.0071557503   0.1440301285  -0.1322125861   0.0052102966
       -0.0180722169   0.0212129552
        0.0000464604   0.0000043183  -0.0000133628   0.0000557731   0.0000363235
        0.0004067439  -0.0005228342   0.0034576088   0.0007000300  -0.0012033891
       -0.0014158799  -0.0001512369   0.0116043377   0.0078489849  -0.0091014627
       -0.0157913441   0.1105919689  -0.1898355949   0.0000026107  -0.0000020486
       -0.0000367298   0.0000069664   0.0000003116   0.0000217667   0.0000258339
       -0.0000211630   0.0000296204  -0.0000982810  -0.0001214100   0.0000287487
       -0.0000821141  -0.0000437645   0.0000036077  -0.0059046886   0.0142588610
       -0.0252873143   0.0123613933  -0.1322125861   0.2189521415  -0.0005007243
       -0.0023815247   0.0042830427
       -0.0000384010  -0.0000320787  -0.0000094018  -0.0010593628   0.0010461593
        0.0005039128  -0.0065825651  -0.0021242970   0.0020412702   0.0012556651
       -0.0008434412  -0.0004257253  -0.0263930008   0.0237507181   0.0098220689
       -0.0961051492   0.1011144027   0.0236689304  -0.0000236925   0.0000424566
        0.0000225707   0.0000137244  -0.0000168606  -0.0000126217   0.0000397774
       -0.0000163929   0.0000238204   0.0000926132   0.0001106081  -0.0000452076
       -0.0003728655  -0.0001509256   0.0000603424   0.0066308366  -0.0082791085
       -0.0022847234  -0.0007120681   0.0052102966  -0.0005007243   0.1232544884
       -0.1198115370  -0.0328645119
       -0.0000266517  -0.0000186412   0.0000074493  -0.0004984443   0.0003422262
        0.0001245577  -0.0013960704  -0.0023253261   0.0002282899   0.0008549902
        0.0014681438  -0.0001639212  -0.0035087917   0.0080481861   0.0016277029
        0.1081989583  -0.2213035213  -0.0457542448   0.0000410513   0.0000187063
        0.0000185266  -0.0000057136   0.0000138782   0.0000030002  -0.0000254777
       -0.0000024685  -0.0000051795   0.0000506199   0.0000644664  -0.0000204294
       -0.0001497740  -0.0000035145   0.0000568862   0.0068609831  -0.0148262807
       -0.0047903955   0.0094158577  -0.0180722169  -0.0023815247  -0.1198115370
        0.2465963623   0.0510492823
        0.0000317629   0.0000416737   0.0000216142   0.0003136830  -0.0003119515
        0.0000142900   0.0020828916   0.0004597169  -0.0000743784  -0.0003353818
        0.0003420024   0.0001519009   0.0079675278  -0.0067309615  -0.0024239735
        0.0241804489  -0.0435850324  -0.0526982242  -0.0000185827  -0.0000062152
       -0.0000012389   0.0000131911   0.0000037488   0.0000060146   0.0000013422
        0.0000023156  -0.0000161715  -0.0000170334  -0.0000344215   0.0000260169
        0.0000624658   0.0000366265  -0.0000218263   0.0105193155  -0.0224797394
       -0.0063902745  -0.0119371190   0.0212129552   0.0042830427  -0.0328645119
        0.0510492823   0.0571232078
