$hessian                                                                        
        0.4671004347   0.0260164514  -0.0000024826  -0.1767423376   0.0534164701
       -0.0000047873  -0.0304052761   0.0020327001  -0.0000010638  -0.0025972810
       -0.0024397562  -0.0000000770  -0.0461070081   0.0167221745  -0.0253881654
       -0.1500980329  -0.1235163511  -0.0000010770  -0.0461104771   0.0167307123
        0.0253983377  -0.0083380797   0.0050084111  -0.0022907979  -0.0083397623
        0.0050092494   0.0022901060   0.0008189273   0.0005099564  -0.0000001719
        0.0008188927   0.0005099820   0.0000001791
        0.0260164514   0.5157955916   0.0000010625   0.0494356246  -0.0867580274
        0.0000020702  -0.0130911641   0.0058721943  -0.0000005588  -0.0064713598
       -0.0004342852  -0.0000001960   0.0169459720  -0.1203227924   0.1106435934
       -0.1228609199  -0.1799229289  -0.0000014092   0.0169545194  -0.1203317406
       -0.1106459396   0.0174050399  -0.0075919891   0.0020387210   0.0174060461
       -0.0075924778  -0.0020372777  -0.0008701282   0.0006432362   0.0004156794
       -0.0008700814   0.0006432194  -0.0004157453
       -0.0000024826   0.0000010625   0.5245880746  -0.0000047053   0.0000022087
       -0.0671562571  -0.0000008119  -0.0000000354   0.0003622332   0.0000000338
       -0.0000000691   0.0004511118  -0.0251185635   0.1103130636  -0.2063230569
       -0.0000011013  -0.0000014283  -0.0441361501   0.0251287227  -0.1103154233
       -0.2063106737  -0.0224714850   0.0107470319  -0.0011067245   0.0224703295
       -0.0107464340  -0.0011045250  -0.0004647355   0.0001900929   0.0003679553
        0.0004647991  -0.0001900695   0.0003680124
       -0.1767423376   0.0494356246  -0.0000047053   0.4444558821  -0.0159797524
       -0.0000030153  -0.1055191596  -0.0700422869   0.0000000403  -0.0335673864
       -0.0084151214  -0.0000010587  -0.0077556049   0.0051581957  -0.0029954972
       -0.0244940580   0.0069440381  -0.0000009946  -0.0077573909   0.0051590497
        0.0029948361  -0.0438213913   0.0160611913  -0.0235073620  -0.0438246150
        0.0160692404   0.0235175983  -0.0004864057  -0.0021944721  -0.0017331244
       -0.0004875328  -0.0021957069   0.0017332829
        0.0534164701  -0.0867580274   0.0000022087  -0.0159797524   0.4996634345
        0.0000002685  -0.0692524008  -0.1443560727  -0.0000009614   0.0075149231
        0.0072079986   0.0000001439   0.0173627832  -0.0086580718   0.0022973111
       -0.0194971979   0.0073079089  -0.0000008068   0.0173638685  -0.0086585946
       -0.0022958404   0.0166718612  -0.1172308792   0.1057858260   0.0166800229
       -0.1172388278  -0.1057878692  -0.0121404612  -0.0156398457  -0.0031139592
       -0.0121401168  -0.0156390228   0.0031136789
       -0.0000047873   0.0000020702  -0.0671562571  -0.0000030153   0.0000002685
        0.5422674198   0.0000000665  -0.0000009944  -0.0693455564  -0.0000013659
       -0.0000003651   0.0019450628  -0.0232813980   0.0110160143  -0.0011101877
       -0.0000004534   0.0000000926   0.0003249355   0.0232802556  -0.0110153642
       -0.0011078685  -0.0238848353   0.1045152577  -0.2017012440   0.0238950390
       -0.1045173596  -0.2016900059  -0.0151677865  -0.0196051177  -0.0012132922
        0.0151682807   0.0196054977  -0.0012130063
       -0.0304052761  -0.0130911641  -0.0000008119  -0.1055191596  -0.0692524008
        0.0000000665   0.3028271496   0.0402641434  -0.0000078094  -0.0926046575
        0.0343815620  -0.0000028201   0.0003178980  -0.0007741084   0.0003201100
       -0.0045471792   0.0012795784  -0.0000002066   0.0003178471  -0.0007741508
       -0.0003200926  -0.0007515455  -0.0010079360   0.0014487242  -0.0007502893
       -0.0010065809  -0.0014486173  -0.0344432494   0.0049943987   0.0117484655
       -0.0344415383   0.0049866583  -0.0117370083
        0.0020327001   0.0058721943  -0.0000000354  -0.0700422869  -0.1443560727
       -0.0000009944   0.0402641434   0.4443282389   0.0000026170   0.0362479875
       -0.0420626543   0.0000015050   0.0010776593   0.0008280397  -0.0003111920
        0.0027316538   0.0003008128   0.0000001114   0.0010776818   0.0008280765
        0.0003112542  -0.0145819303  -0.0177740732   0.0035548593  -0.0145823307
       -0.0177749805  -0.0035552427   0.0078912399  -0.1150987416  -0.1093017809
        0.0078834823  -0.1150908398   0.1092988985
       -0.0000010638  -0.0000005588   0.0003622332   0.0000000403  -0.0000009614
       -0.0693455564  -0.0000078094   0.0000026170   0.5179270067  -0.0000028470
        0.0000014152  -0.0277725759  -0.0008131256  -0.0004857900   0.0003382626
       -0.0000002191   0.0000000538   0.0005191688   0.0008130730   0.0004857176
        0.0003382522   0.0167801186   0.0206781457  -0.0015050306  -0.0167795094
       -0.0206776142  -0.0015053947   0.0138713119  -0.1101619188  -0.2096734106
       -0.0138599695   0.1101588940  -0.2096829553
       -0.0025972810  -0.0064713598   0.0000000338  -0.0335673864   0.0075149231
       -0.0000013659  -0.0926046575   0.0362479875  -0.0000028470   0.1588769203
       -0.0570414735   0.0000057203   0.0004837188  -0.0000175855   0.0000514018
       -0.0020391213   0.0005395512  -0.0000000612   0.0004837679  -0.0000175965
       -0.0000513384   0.0011242175  -0.0002539686   0.0008951659   0.0011242598
       -0.0002540181  -0.0008951265  -0.0156428852   0.0098770781   0.0034830840
       -0.0156415532   0.0098764621  -0.0034846668
       -0.0024397562  -0.0004342852  -0.0000000691  -0.0084151214   0.0072079986
       -0.0000003651   0.0343815620  -0.0420626543   0.0000014152  -0.0570414735
        0.0479154007  -0.0000024132  -0.0002477289  -0.0000877301  -0.0000816196
       -0.0005619161   0.0002282459  -0.0000000275  -0.0002477463  -0.0000877258
        0.0000815989  -0.0002897323   0.0008115220  -0.0004927748  -0.0002897718
        0.0008115476   0.0004927359   0.0175761747  -0.0071513080  -0.0011522994
        0.0175755096  -0.0071510114   0.0011538187
       -0.0000000770  -0.0000001960   0.0004511118  -0.0000010587   0.0000001439
        0.0019450628  -0.0000028201   0.0000015050  -0.0277725759   0.0000057203
       -0.0000024132   0.0208117528   0.0001485068  -0.0000510312   0.0000515590
       -0.0000000615   0.0000000175   0.0001473313  -0.0001484576   0.0000510215
        0.0000515105   0.0002571857  -0.0003280819   0.0000403894  -0.0002571117
        0.0003280486   0.0000402987   0.0169405179  -0.0076967948   0.0021176333
       -0.0169423441   0.0076977806   0.0021159264
       -0.0461070081   0.0169459720  -0.0251185635  -0.0077556049   0.0173627832
       -0.0232813980   0.0003178980   0.0010776593  -0.0008131256   0.0004837188
       -0.0002477289   0.0001485068   0.0553171507  -0.0222936619   0.0300142169
        0.0020363242  -0.0132774297   0.0174517376   0.0012122314  -0.0019837752
        0.0023808645  -0.0057328534   0.0029876700  -0.0007444995   0.0007949659
       -0.0002277607  -0.0003859410  -0.0000150927  -0.0000661330   0.0000232726
       -0.0005517301  -0.0002775951   0.0003249293
        0.0167221745  -0.1203227924   0.1103130636   0.0051581957  -0.0086580718
        0.0110160143  -0.0007741084   0.0008280397  -0.0004857900  -0.0000175855
       -0.0000877301  -0.0000510312  -0.0222936619   0.1374179039  -0.1295877942
        0.0001113975  -0.0175401825   0.0226615209  -0.0019829072   0.0092761926
       -0.0143512387   0.0031984121  -0.0009123595   0.0001891877  -0.0001990503
       -0.0001769081   0.0003365951  -0.0000098557  -0.0000795772  -0.0000485286
        0.0000869894   0.0002554855   0.0000080011
       -0.0253881654   0.1106435934  -0.2063230569  -0.0029954972   0.0022973111
       -0.0011101877   0.0003201100  -0.0003111920   0.0003382626   0.0000514018
       -0.0000816196   0.0000515590   0.0300142169  -0.1295877942   0.2358180314
        0.0008682443   0.0027558156  -0.0021007111  -0.0023787910   0.0143495813
       -0.0283912892  -0.0005181734   0.0003978970   0.0010618752   0.0003540008
       -0.0003349581   0.0007242701   0.0000250010   0.0000124950  -0.0003532165
       -0.0003523479  -0.0001411295   0.0002844629
       -0.1500980329  -0.1228609199  -0.0000011013  -0.0244940580  -0.0194971979
       -0.0000004534  -0.0045471792   0.0027316538  -0.0000002191  -0.0020391213
       -0.0005619161  -0.0000000615   0.0020363242   0.0001113975   0.0008682443
        0.1763014010   0.1405382916   0.0000015292   0.0020375677   0.0001128978
       -0.0008679688   0.0003830448  -0.0004550659  -0.0001618235   0.0003829946
       -0.0004550819   0.0001618604   0.0000185217   0.0001679681   0.0001059268
        0.0000185374   0.0001679730  -0.0001059332
       -0.1235163511  -0.1799229289  -0.0000014283   0.0069440381   0.0073079089
        0.0000000926   0.0012795784   0.0003008128   0.0000000538   0.0005395512
        0.0002282459   0.0000000175  -0.0132774297  -0.0175401825   0.0027558156
        0.1405382916   0.2060668183   0.0000015342  -0.0132779495  -0.0175412114
       -0.0027560906   0.0001695538   0.0004580905  -0.0002260982   0.0001695408
        0.0004581024   0.0002260927   0.0002155867   0.0000921777   0.0001519159
        0.0002155897   0.0000921663  -0.0001519051
       -0.0000010770  -0.0000014092  -0.0441361501  -0.0000009946  -0.0000008068
        0.0003249355  -0.0000002066   0.0000001114   0.0005191688  -0.0000000612
       -0.0000000275   0.0001473313   0.0174517376   0.0226615209  -0.0021007111
        0.0000015292   0.0000015342   0.0471936252  -0.0174509217  -0.0226608863
       -0.0021009085  -0.0004514434  -0.0002416732   0.0000412868   0.0004514518
        0.0002416321   0.0000413072   0.0001091262   0.0000761990   0.0000350508
       -0.0001091404  -0.0000761945   0.0000350641
       -0.0461104771   0.0169545194   0.0251287227  -0.0077573909   0.0173638685
        0.0232802556   0.0003178471   0.0010776818   0.0008130730   0.0004837679
       -0.0002477463  -0.0001484576   0.0012122314  -0.0019829072  -0.0023787910
        0.0020375677  -0.0132779495  -0.0174509217   0.0553212728  -0.0223036709
       -0.0300255353   0.0007949614  -0.0002277622   0.0003859506  -0.0057329349
        0.0029877246   0.0007439230  -0.0005517508  -0.0002776207  -0.0003249799
       -0.0000150946  -0.0000661375  -0.0000232394
        0.0167307123  -0.1203317406  -0.1103154233   0.0051590497  -0.0086585946
       -0.0110153642  -0.0007741508   0.0008280765   0.0004857176  -0.0000175965
       -0.0000877258   0.0000510215  -0.0019837752   0.0092761926   0.0143495813
        0.0001128978  -0.0175412114  -0.0226608863  -0.0223036709   0.1374283955
        0.1295902828  -0.0001990407  -0.0001769108  -0.0003365651   0.0031984403
       -0.0009123813  -0.0001888931   0.0000869945   0.0002554793  -0.0000079967
       -0.0000098605  -0.0000795795   0.0000485254
        0.0253983377  -0.1106459396  -0.2063106737   0.0029948361  -0.0022958404
       -0.0011078685  -0.0003200926   0.0003112542   0.0003382522  -0.0000513384
        0.0000815989   0.0000515105   0.0023808645  -0.0143512387  -0.0283912892
       -0.0008679688  -0.0027560906  -0.0021009085  -0.0300255353   0.1295902828
        0.2358034294  -0.0003539943   0.0003349835   0.0007242664   0.0005175807
       -0.0003976189   0.0010619775   0.0003522911   0.0001411145   0.0002845248
       -0.0000249808  -0.0000125057  -0.0003532208
       -0.0083380797   0.0174050399  -0.0224714850  -0.0438213913   0.0166718612
       -0.0238848353  -0.0007515455  -0.0145819303   0.0167801186   0.0011242175
       -0.0002897323   0.0002571857  -0.0057328534   0.0031984121  -0.0005181734
        0.0003830448   0.0001695538  -0.0004514434   0.0007949614  -0.0001990407
       -0.0003539943   0.0566053606  -0.0176139296   0.0271505425   0.0017062355
       -0.0016217064   0.0029441784   0.0004703313   0.0005736967   0.0002934690
       -0.0024402813  -0.0037122245   0.0002544371
        0.0050084111  -0.0075919891   0.0107470319   0.0160611913  -0.1172308792
        0.1045152577  -0.0010079360  -0.0177740732   0.0206781457  -0.0002539686
        0.0008115220  -0.0003280819   0.0029876700  -0.0009123595   0.0003978970
       -0.0004550659   0.0004580905  -0.0002416732  -0.0002277622  -0.0001769108
        0.0003349835  -0.0176139296   0.1373533287  -0.1238832482  -0.0016209017
        0.0087307275  -0.0133568822   0.0005439111   0.0002878948   0.0007462035
       -0.0034216195  -0.0039553516   0.0003903661
       -0.0022907979   0.0020387210  -0.0011067245  -0.0235073620   0.1057858260
       -0.2017012440   0.0014487242   0.0035548593  -0.0015050306   0.0008951659
       -0.0004927748   0.0000403894  -0.0007444995   0.0001891877   0.0010618752
       -0.0001618235  -0.0002260982   0.0000412868   0.0003859506  -0.0003365651
        0.0007242664   0.0271505425  -0.1238832482   0.2290558553  -0.0029420385
        0.0133553517  -0.0284540412  -0.0003438334  -0.0005455883   0.0007605218
        0.0001099715   0.0005603290   0.0010828454
       -0.0083397623   0.0174060461   0.0224703295  -0.0438246150   0.0166800229
        0.0238950390  -0.0007502893  -0.0145823307  -0.0167795094   0.0011242598
       -0.0002897718  -0.0002571117   0.0007949659  -0.0001990503   0.0003540008
        0.0003829946   0.0001695408   0.0004514518  -0.0057329349   0.0031984403
        0.0005175807   0.0017062355  -0.0016209017  -0.0029420385   0.0566090723
       -0.0176234458  -0.0271616927  -0.0024402566  -0.0037121990  -0.0002545364
        0.0004703300   0.0005736492  -0.0002935131
        0.0050092494  -0.0075924778  -0.0107464340   0.0160692404  -0.1172388278
       -0.1045173596  -0.0010065809  -0.0177749805  -0.0206776142  -0.0002540181
        0.0008115476   0.0003280486  -0.0002277607  -0.0001769081  -0.0003349581
       -0.0004550819   0.0004581024   0.0002416321   0.0029877246  -0.0009123813
       -0.0003976189  -0.0016217064   0.0087307275   0.0133553517  -0.0176234458
        0.1373626931   0.1238855043  -0.0034215943  -0.0039553824  -0.0003904003
        0.0005439736   0.0002878873  -0.0007461516
        0.0022901060  -0.0020372777  -0.0011045250   0.0235175983  -0.1057878692
       -0.2016900059  -0.0014486173  -0.0035552427  -0.0015053947  -0.0008951265
        0.0004927359   0.0000402987  -0.0003859410   0.0003365951   0.0007242701
        0.0001618604   0.0002260927   0.0000413072   0.0007439230  -0.0001888931
        0.0010619775   0.0029441784  -0.0133568822  -0.0284540412  -0.0271616927
        0.1238855043   0.2290427250  -0.0001100850  -0.0005604019   0.0010828517
        0.0003437965   0.0005456388   0.0007605366
        0.0008189273  -0.0008701282  -0.0004647355  -0.0004864057  -0.0121404612
       -0.0151677865  -0.0344432494   0.0078912399   0.0138713119  -0.0156428852
        0.0175761747   0.0169405179  -0.0000150927  -0.0000098557   0.0000250010
        0.0000185217   0.0002155867   0.0001091262  -0.0005517508   0.0000869945
        0.0003522911   0.0004703313   0.0005439111  -0.0003438334  -0.0024402566
       -0.0034215943  -0.0001100850   0.0503457875  -0.0087087545  -0.0142775654
        0.0019260726  -0.0011631130  -0.0009342424
        0.0005099564   0.0006432362   0.0001900929  -0.0021944721  -0.0156398457
       -0.0196051177   0.0049943987  -0.1150987416  -0.1101619188   0.0098770781
       -0.0071513080  -0.0076967948  -0.0000661330  -0.0000795772   0.0000124950
        0.0001679681   0.0000921777   0.0000761990  -0.0002776207   0.0002554793
        0.0001411145   0.0005736967   0.0002878948  -0.0005455883  -0.0037121990
       -0.0039553824  -0.0005604019  -0.0087087545   0.1320618486   0.1254262060
       -0.0011639188   0.0085842182   0.0127237142
       -0.0000001719   0.0004156794   0.0003679553  -0.0017331244  -0.0031139592
       -0.0012132922   0.0117484655  -0.1093017809  -0.2096734106   0.0034830840
       -0.0011522994   0.0021176333   0.0000232726  -0.0000485286  -0.0003532165
        0.0001059268   0.0001519159   0.0000350508  -0.0003249799  -0.0000079967
        0.0002845248   0.0002934690   0.0007462035   0.0007605218  -0.0002545364
       -0.0003904003   0.0010828517  -0.0142775654   0.1254262060   0.2327149729
        0.0009361602  -0.0127250399  -0.0261235913
        0.0008188927  -0.0008700814   0.0004647991  -0.0004875328  -0.0121401168
        0.0151682807  -0.0344415383   0.0078834823  -0.0138599695  -0.0156415532
        0.0175755096  -0.0169423441  -0.0005517301   0.0000869894  -0.0003523479
        0.0000185374   0.0002155897  -0.0001091404  -0.0000150946  -0.0000098605
       -0.0000249808  -0.0024402813  -0.0034216195   0.0001099715   0.0004703300
        0.0005439736   0.0003437965   0.0019260726  -0.0011639188   0.0009361602
        0.0503438977  -0.0086999476   0.0142657747
        0.0005099820   0.0006432194  -0.0001900695  -0.0021957069  -0.0156390228
        0.0196054977   0.0049866583  -0.1150908398   0.1101588940   0.0098764621
       -0.0071510114   0.0076977806  -0.0002775951   0.0002554855  -0.0001411295
        0.0001679730   0.0000921663  -0.0000761945  -0.0000661375  -0.0000795795
       -0.0000125057  -0.0037122245  -0.0039553516   0.0005603290   0.0005736492
        0.0002878873   0.0005456388  -0.0011631130   0.0085842182  -0.0127250399
       -0.0086999476   0.1320528283  -0.1254232010
        0.0000001791  -0.0004157453   0.0003680124   0.0017332829   0.0031136789
       -0.0012130063  -0.0117370083   0.1092988985  -0.2096829553  -0.0034846668
        0.0011538187   0.0021159264   0.0003249293   0.0000080011   0.0002844629
       -0.0001059332  -0.0001519051   0.0000350641  -0.0000232394   0.0000485254
       -0.0003532208   0.0002544371   0.0003903661   0.0010828454  -0.0002935131
       -0.0007461516   0.0007605366  -0.0009342424   0.0127237142  -0.0261235913
        0.0142657747  -0.1254232010   0.2327259258
