$hessian                                                                        
        0.4932727378   0.0301930739  -0.0217677750  -0.1381283205   0.0573902047
       -0.0416352039  -0.0393514684   0.0113234550  -0.0092847767  -0.0028270397
       -0.0042395345   0.0025340502   0.0003802668   0.0008719135  -0.0005641854
       -0.0016680412   0.0003346082  -0.0001828948  -0.0436445105  -0.0005345601
        0.0175190130  -0.2199339740  -0.0976721365   0.0590995668  -0.0423837653
       -0.0041319001  -0.0011627029  -0.0033441134   0.0047363410  -0.0011196718
       -0.0019686313   0.0018126681  -0.0034616555  -0.0001393529  -0.0000530008
        0.0000819078   0.0000704932   0.0001588894  -0.0001306731  -0.0003342806
       -0.0001900217   0.0000750014
        0.0301930739   0.5134224295   0.0111805611   0.0604820844  -0.1069242941
        0.0283566853  -0.0115254975   0.0092363959  -0.0048928616  -0.0014975367
       -0.0029105251   0.0019414119   0.0006930012   0.0012801462  -0.0006473568
       -0.0007689503   0.0001642354  -0.0000519591  -0.0008907836  -0.0445641522
        0.0040932553  -0.0961182391  -0.0940829247   0.0311210400  -0.0053770070
       -0.2583231939  -0.0826991255   0.0227068428  -0.0170656123   0.0097810456
        0.0021987673  -0.0002405573   0.0018189700  -0.0000203955  -0.0000024973
       -0.0000089392   0.0000871962   0.0000671999  -0.0000353198  -0.0001625562
       -0.0000566501   0.0000425926
       -0.0217677750   0.0111805611   0.5197439591  -0.0437430570   0.0282547376
       -0.0895513482   0.0059841661  -0.0039631844   0.0055793101   0.0009406799
        0.0018613879  -0.0009297244  -0.0004107440  -0.0006358860   0.0006352512
        0.0004463079  -0.0000591302   0.0000735031   0.0187788007   0.0030526597
       -0.2885307839   0.0580597440   0.0310614047  -0.0612598936  -0.0013504255
       -0.0816216884  -0.0760235735   0.0065739175  -0.0048849627   0.0042696783
       -0.0235541859   0.0157441979  -0.0140267371   0.0000560986   0.0000438880
       -0.0000159195  -0.0000574519  -0.0000323466   0.0000403754   0.0000439246
       -0.0000016385  -0.0000040970
       -0.1381283205   0.0604820844  -0.0437430570   0.4039548808  -0.0421488148
        0.0231077891  -0.1105067215  -0.0434318059   0.0269190352  -0.0510395049
       -0.0029839541   0.0004450253   0.0021568372  -0.0039762531   0.0027097548
       -0.0006248468   0.0024251355  -0.0012799591  -0.0015158265   0.0006731543
       -0.0036980386  -0.0227789865   0.0108046190  -0.0082076121  -0.0030276642
        0.0046330915   0.0000450918  -0.0384014971   0.0115864196   0.0022312836
       -0.0378009176   0.0027112775   0.0015185702  -0.0010745615  -0.0001270547
        0.0005203603  -0.0000848481   0.0003794221  -0.0003807655  -0.0011280229
       -0.0010273213  -0.0001874779
        0.0573902047  -0.1069242941   0.0282547376  -0.0421488148   0.4897611778
        0.0159567874  -0.0523011626  -0.1069654363   0.0307269503  -0.0011338092
        0.0115895804  -0.0072227433   0.0045873423   0.0001482341  -0.0024135811
        0.0032215872   0.0020062308   0.0030051933   0.0024063069  -0.0010288187
        0.0032006186  -0.0097455654   0.0054991133  -0.0040610219   0.0248567886
       -0.0199261237   0.0106138478   0.0122954528  -0.2314528955  -0.0774574949
        0.0002386533  -0.0432196537  -0.0002191380   0.0006496524   0.0005148865
       -0.0001116920  -0.0002173784   0.0001848810  -0.0001284980  -0.0000992579
       -0.0001868819  -0.0001439658
       -0.0416352039   0.0283566853  -0.0895513482   0.0231077891   0.0159567874
        0.5058358656   0.0327172388   0.0306409067  -0.0764434356  -0.0011934792
       -0.0073850119   0.0048898136  -0.0028981008  -0.0026871198  -0.0020753698
       -0.0025022711   0.0033353354   0.0041591125  -0.0256541309   0.0172262983
       -0.0160212066   0.0056971640  -0.0032569996   0.0024677606   0.0070996115
       -0.0043142800   0.0043595967   0.0050708766  -0.0759368476  -0.0746527900
       -0.0000881986  -0.0016005078  -0.2634166921   0.0010387336   0.0002740862
       -0.0003329911   0.0002042756  -0.0001172517   0.0002950916  -0.0009643047
       -0.0004920809   0.0004865929
       -0.0393514684  -0.0115254975   0.0059841661  -0.1105067215  -0.0523011626
        0.0327172388   0.4669408065  -0.0194581072   0.0246884365  -0.1984138753
        0.0592451470  -0.0425776672  -0.0248031908   0.0530248093  -0.0361350966
       -0.0568700954  -0.0008632920  -0.0033875463   0.0025266583  -0.0006605412
        0.0001588037  -0.0061868962   0.0032382939  -0.0024835387   0.0025311949
       -0.0003694649   0.0007067499  -0.0133828417  -0.0172291211   0.0018819527
       -0.0155494926  -0.0097961947   0.0150534758  -0.0028070350  -0.0012854259
        0.0007359392   0.0005579800   0.0009215584   0.0004113025  -0.0046850230
       -0.0029410017   0.0022457837
        0.0113234550   0.0092363959  -0.0039631844  -0.0434318059  -0.1069654363
        0.0306409067  -0.0194581072   0.2710357950  -0.1284014532   0.0509241284
       -0.1032095016   0.0320724356   0.0540264753  -0.0510345923   0.0514512172
       -0.0126105649   0.0098867487  -0.0001502517  -0.0001296010   0.0000198407
       -0.0001692250   0.0036619006  -0.0004991340   0.0008632690  -0.0004609342
        0.0008690200  -0.0002200777  -0.0329322077  -0.0237652413   0.0110975913
       -0.0069263096  -0.0038627593   0.0074085630  -0.0006038939  -0.0006899039
       -0.0001231258  -0.0006004319  -0.0001306838  -0.0009844843  -0.0027821030
       -0.0008905478   0.0004778193
       -0.0092847767  -0.0048928616   0.0055793101   0.0269190352   0.0307269503
       -0.0764434356   0.0246884365  -0.1284014532   0.1576548512  -0.0370592243
        0.0328126123  -0.0779329854  -0.0365551088   0.0511956030  -0.0080851729
        0.0050699267  -0.0008771670   0.0077290703   0.0005458492  -0.0005656362
        0.0007867657  -0.0027217730   0.0008518904  -0.0001128486   0.0000472460
        0.0001530076  -0.0001067508  -0.0067171195  -0.0008842677   0.0041037831
        0.0323358798   0.0199580911  -0.0133258375   0.0014466450   0.0003977802
        0.0000068593  -0.0002406598  -0.0007643879   0.0000598021   0.0015256438
        0.0002898387   0.0000865889
       -0.0028270397  -0.0014975367   0.0009406799  -0.0510395049  -0.0011338092
       -0.0011934792  -0.1984138753   0.0509241284  -0.0370592243   0.4836426359
        0.0085895128   0.0051247112  -0.0731571279   0.0021828187  -0.0015717565
       -0.1324977084  -0.0474839793   0.0332340819  -0.0005730743  -0.0002077823
        0.0003787900  -0.0005206498   0.0011120592  -0.0007814671  -0.0005597457
       -0.0004273890   0.0000255462   0.0010055980   0.0020648918   0.0004837674
        0.0010738335   0.0004045961  -0.0021016792  -0.0126157570  -0.0090673482
       -0.0004577428   0.0087426168   0.0026749003  -0.0031642741  -0.0222602012
       -0.0081350626   0.0061420466
       -0.0042395345  -0.0029105251   0.0018613879  -0.0029839541   0.0115895804
       -0.0073850119   0.0592451470  -0.1032095016   0.0328126123   0.0085895128
        0.6721149068  -0.3054537310   0.0165307293  -0.4633524233   0.2557611893
       -0.0533031226  -0.1013244046   0.0204933430   0.0007343587   0.0001160554
       -0.0000325782  -0.0016554397   0.0002406668  -0.0001426395   0.0009932847
       -0.0002106358  -0.0000444531  -0.0038813239  -0.0008413254  -0.0016866566
       -0.0024144988   0.0017420246   0.0018903886  -0.0171123556  -0.0102651169
        0.0017111874  -0.0117515448  -0.0137410963   0.0080356351   0.0112487416
        0.0100517949  -0.0078206733
        0.0025340502   0.0019414119  -0.0009297244   0.0004450253  -0.0072227433
        0.0048898136  -0.0425776672   0.0320724356  -0.0779329854   0.0051247112
       -0.3054537310   0.3894780071  -0.0107856619   0.2551603720  -0.2296742795
        0.0314525074   0.0172229358  -0.0831908318  -0.0007761567   0.0000407077
       -0.0002872804   0.0010216746  -0.0000263773   0.0001807810  -0.0003945413
       -0.0001927088   0.0000398988   0.0008707202   0.0009146304   0.0020255060
        0.0033748472  -0.0003844620  -0.0006645061  -0.0170245887  -0.0136583367
        0.0075603752   0.0145288112   0.0135602273  -0.0084281330   0.0122062686
        0.0060256382  -0.0030666410
        0.0003802668   0.0006930012  -0.0004107440   0.0021568372   0.0045873423
       -0.0028981008  -0.0248031908   0.0540264753  -0.0365551088  -0.0731571279
        0.0165307293  -0.0107856619   0.0932832393  -0.0422399903   0.0294964741
        0.0035492014  -0.0281656811   0.0185204786   0.0000132223   0.0000415309
        0.0001057020   0.0001807055  -0.0002207510   0.0001591067   0.0000086168
       -0.0000732300  -0.0000850611   0.0007565983   0.0000002852   0.0006138986
        0.0008979590  -0.0006487901  -0.0001674784  -0.0001623785  -0.0000530461
        0.0005650234  -0.0045835679  -0.0043295471   0.0023987560   0.0014796186
       -0.0001483285  -0.0009572845
        0.0008719135   0.0012801462  -0.0006358860  -0.0039762531   0.0001482341
       -0.0026871198   0.0530248093  -0.0510345923   0.0511956030   0.0021828187
       -0.4633524233   0.2551603720  -0.0422399903   0.5489310666  -0.3364616988
       -0.0081819855  -0.0331543971   0.0288606601  -0.0004954678  -0.0001483137
       -0.0001920086   0.0004893381   0.0002036168  -0.0001647630  -0.0005272077
        0.0001980143   0.0001633751   0.0012023123   0.0006158925   0.0009892667
        0.0009808843  -0.0005324429  -0.0014877348   0.0021121164   0.0005401808
        0.0006712615  -0.0069566561  -0.0036642999   0.0033126707   0.0015133681
       -0.0000306821   0.0012760020
       -0.0005641854  -0.0006473568   0.0006352512   0.0027097548  -0.0024135811
       -0.0020753698  -0.0361350966   0.0514512172  -0.0080851729  -0.0015717565
        0.2557611893  -0.2296742795   0.0294964741  -0.3364616988   0.2433161417
        0.0057620017   0.0286146188  -0.0022256893   0.0003334872   0.0000371575
        0.0002046209  -0.0003064178  -0.0001812764   0.0000483573   0.0003262217
       -0.0000373341  -0.0001302758  -0.0004603449  -0.0010488055  -0.0008738321
       -0.0009103855   0.0004673313   0.0002737741   0.0004737998   0.0024714398
       -0.0013259094   0.0035262660   0.0030796536  -0.0002489955  -0.0026798187
       -0.0010925548   0.0001613793
       -0.0016680412  -0.0007689503   0.0004463079  -0.0006248468   0.0032215872
       -0.0025022711  -0.0568700954  -0.0126105649   0.0050699267  -0.1324977084
       -0.0533031226   0.0314525074   0.0035492014  -0.0081819855   0.0057620017
        0.4890912952  -0.0427838030   0.0199017195   0.0001301975  -0.0000359083
        0.0001163589  -0.0005822201   0.0002194955  -0.0001690033   0.0001464368
       -0.0001255702  -0.0000032237  -0.0003958820  -0.0002355912   0.0001402816
       -0.0003639636  -0.0002073236   0.0001324548  -0.0712901027  -0.0459750525
       -0.0730957228  -0.0671738571   0.0518160509  -0.0523940476  -0.1614504135
        0.1089707385   0.0651427101
        0.0003346082   0.0001642354  -0.0000591302   0.0024251355   0.0020062308
        0.0033353354  -0.0008632920   0.0098867487  -0.0008771670  -0.0474839793
       -0.1013244046   0.0172229358  -0.0281656811  -0.0331543971   0.0286146188
       -0.0427838030   0.5036823211  -0.0176202515   0.0000520465   0.0000195512
       -0.0000253212   0.0001421952  -0.0000848525   0.0000431941  -0.0000840343
        0.0000968095  -0.0000033059   0.0006330180   0.0001829271  -0.0000009466
       -0.0006375784  -0.0003747969   0.0002200196  -0.0469583170  -0.0983092151
       -0.0927261199   0.0530632899  -0.1476443801   0.1138069366   0.1103263919
       -0.1351467776  -0.0519307980
       -0.0001828948  -0.0000519591   0.0000735031  -0.0012799591   0.0030051933
        0.0041591125  -0.0033875463  -0.0001502517   0.0077290703   0.0332340819
        0.0204933430  -0.0831908318   0.0185204786   0.0288606601  -0.0022256893
        0.0199017195  -0.0176202515   0.5016397206   0.0001063375  -0.0000426396
        0.0000785084  -0.0000827047   0.0000203479  -0.0000510523  -0.0000546059
        0.0000013418   0.0000226546   0.0008182566   0.0003202051  -0.0002224562
       -0.0009247594  -0.0002366515   0.0002472081  -0.0776719756  -0.0957165278
       -0.1912101414  -0.0542213874   0.1135366593  -0.1632489110   0.0652249589
       -0.0524194694  -0.0738006956
       -0.0436445105  -0.0008907836   0.0187788007  -0.0015158265   0.0024063069
       -0.0256541309   0.0025266583  -0.0001296010   0.0005458492  -0.0005730743
        0.0007343587  -0.0007761567   0.0000132223  -0.0004954678   0.0003334872
        0.0001301975   0.0000520465   0.0001063375   0.0487746918  -0.0017822571
       -0.0180314644  -0.0035674519  -0.0015080675   0.0282250406   0.0008619943
       -0.0003478117  -0.0008303864   0.0006843835  -0.0006401802  -0.0001208155
       -0.0036912293   0.0026318714  -0.0025791176   0.0000515535   0.0000269834
        0.0000205498  -0.0000583471  -0.0000583297  -0.0000034432   0.0000077386
        0.0000009317  -0.0000145502
       -0.0005345601  -0.0445641522   0.0030526597   0.0006731543  -0.0010288187
        0.0172262983  -0.0006605412   0.0000198407  -0.0005656362  -0.0002077823
        0.0001160554   0.0000407077   0.0000415309  -0.0001483137   0.0000371575
       -0.0000359083   0.0000195512  -0.0000426396  -0.0017822571   0.0485234964
       -0.0063588119  -0.0027629148  -0.0002596853   0.0153543910   0.0024589320
       -0.0020592500  -0.0313183714  -0.0002369746   0.0003879090   0.0008215946
        0.0030908949  -0.0009874896   0.0017386457  -0.0000147094  -0.0000187576
        0.0000011155  -0.0000390528   0.0000144104  -0.0000009645   0.0000101884
       -0.0000147960   0.0000138537
        0.0175190130   0.0040932553  -0.2885307839  -0.0036980386   0.0032006186
       -0.0160212066   0.0001588037  -0.0001692250   0.0007867657   0.0003787900
       -0.0000325782  -0.0002872804   0.0001057020  -0.0001920086   0.0002046209
        0.0001163589  -0.0000253212   0.0000785084  -0.0180314644  -0.0063588119
        0.3319153956   0.0036484966   0.0010549798  -0.0124195041   0.0016703133
       -0.0032044235  -0.0158902761   0.0005739646  -0.0002518090   0.0004903570
       -0.0024631227   0.0019280824  -0.0003680495   0.0000442949   0.0000078417
       -0.0000154782  -0.0000479700  -0.0000599941   0.0000518532   0.0000248585
        0.0000093937   0.0000050778
       -0.2199339740  -0.0961182391   0.0580597440  -0.0227789865  -0.0097455654
        0.0056971640  -0.0061868962   0.0036619006  -0.0027217730  -0.0005206498
       -0.0016554397   0.0010216746   0.0001807055   0.0004893381  -0.0003064178
       -0.0005822201   0.0001421952  -0.0000827047  -0.0035674519  -0.0027629148
        0.0036484966   0.2549597207   0.1102177751  -0.0663210977  -0.0019798956
       -0.0035727856   0.0005632180   0.0001912317  -0.0002467957   0.0003629682
        0.0002240083  -0.0004359280   0.0001056479  -0.0000092420  -0.0000064025
        0.0000196245   0.0000785383   0.0000753842  -0.0000634525  -0.0000748886
       -0.0000425224   0.0000169078
       -0.0976721365  -0.0940829247   0.0310614047   0.0108046190   0.0054991133
       -0.0032569996   0.0032382939  -0.0004991340   0.0008518904   0.0011120592
        0.0002406668  -0.0000263773  -0.0002207510   0.0002036168  -0.0001812764
        0.0002194955  -0.0000848525   0.0000203479  -0.0015080675  -0.0002596853
        0.0010549798   0.1102177751   0.1058633743  -0.0366724855  -0.0266823967
       -0.0175166292   0.0074942770   0.0003633896   0.0003920305  -0.0000698016
        0.0000443312   0.0002366498  -0.0002779601   0.0000207670  -0.0000042830
        0.0000052642   0.0000230793  -0.0000195770   0.0000002539   0.0000395420
        0.0000316342  -0.0000035173
        0.0590995668   0.0311210400  -0.0612598936  -0.0082076121  -0.0040610219
        0.0024677606  -0.0024835387   0.0008632690  -0.0001128486  -0.0007814671
       -0.0001426395   0.0001807810   0.0001591067  -0.0001647630   0.0000483573
       -0.0001690033   0.0000431941  -0.0000510523   0.0282250406   0.0153543910
       -0.0124195041  -0.0663210977  -0.0366724855   0.0675182956  -0.0091844399
       -0.0059268567   0.0032834616   0.0001171570  -0.0002275547   0.0001083765
       -0.0003858421  -0.0001742666   0.0002365389  -0.0000205454  -0.0000057524
        0.0000130291  -0.0000175957   0.0000043950  -0.0000169334  -0.0000297289
       -0.0000109486   0.0000036314
       -0.0423837653  -0.0053770070  -0.0013504255  -0.0030276642   0.0248567886
        0.0070996115   0.0025311949  -0.0004609342   0.0000472460  -0.0005597457
        0.0009932847  -0.0003945413   0.0000086168  -0.0005272077   0.0003262217
        0.0001464368  -0.0000840343  -0.0000546059   0.0008619943   0.0024589320
        0.0016703133  -0.0019798956  -0.0266823967  -0.0091844399   0.0474714285
        0.0017946964   0.0029556827  -0.0037268781   0.0031903979  -0.0017777571
        0.0006671331  -0.0001585432   0.0006515064  -0.0000331153   0.0000115742
       -0.0000166960  -0.0000437316  -0.0000012316   0.0000556548   0.0000679915
       -0.0000143190  -0.0000277708
       -0.0041319001  -0.2583231939  -0.0816216884   0.0046330915  -0.0199261237
       -0.0043142800  -0.0003694649   0.0008690200   0.0001530076  -0.0004273890
       -0.0002106358  -0.0001927088  -0.0000732300   0.0001980143  -0.0000373341
       -0.0001255702   0.0000968095   0.0000013418  -0.0003478117  -0.0020592500
       -0.0032044235  -0.0035727856  -0.0175166292  -0.0059268567   0.0017946964
        0.2980520810   0.0936926805   0.0032410194  -0.0014566689   0.0017760699
       -0.0005853745   0.0002429030  -0.0003034445  -0.0000003538   0.0000119370
        0.0000195764   0.0000251023   0.0000340837  -0.0000499351  -0.0000600298
       -0.0000123471   0.0000079950
       -0.0011627029  -0.0826991255  -0.0760235735   0.0000450918   0.0106138478
        0.0043595967   0.0007067499  -0.0002200777  -0.0001067508   0.0000255462
       -0.0000444531   0.0000398988  -0.0000850611   0.0001633751  -0.0001302758
       -0.0000032237  -0.0000033059   0.0000226546  -0.0008303864  -0.0313183714
       -0.0158902761   0.0005632180   0.0074942770   0.0032834616   0.0029556827
        0.0936926805   0.0837061047  -0.0022236812   0.0015363389   0.0001461733
       -0.0000217918   0.0007626474   0.0006294162  -0.0000106833   0.0000055461
        0.0000062532   0.0000491153   0.0000024738  -0.0000239830  -0.0000078734
        0.0000141469  -0.0000187000
       -0.0033441134   0.0227068428   0.0065739175  -0.0384014971   0.0122954528
        0.0050708766  -0.0133828417  -0.0329322077  -0.0067171195   0.0010055980
       -0.0038813239   0.0008707202   0.0007565983   0.0012023123  -0.0004603449
       -0.0003958820   0.0006330180   0.0008182566   0.0006843835  -0.0002369746
        0.0005739646   0.0001912317   0.0003633896   0.0001171570  -0.0037268781
        0.0032410194  -0.0022236812   0.0544214647  -0.0043374020  -0.0044265840
        0.0020150229   0.0006976006  -0.0001284208   0.0002461744   0.0001372618
       -0.0000082653   0.0000877490   0.0001211693  -0.0001069530  -0.0001570102
       -0.0000101583   0.0000464760
        0.0047363410  -0.0170656123  -0.0048849627   0.0115864196  -0.2314528955
       -0.0759368476  -0.0172291211  -0.0237652413  -0.0008842677   0.0020648918
       -0.0008413254   0.0009146304   0.0000002852   0.0006158925  -0.0010488055
       -0.0002355912   0.0001829271   0.0003202051  -0.0006401802   0.0003879090
       -0.0002518090  -0.0002467957   0.0003920305  -0.0002275547   0.0031903979
       -0.0014566689   0.0015363389  -0.0043374020   0.2760730948   0.0850588461
        0.0008616335  -0.0032013676  -0.0045515417   0.0001859830   0.0000449144
        0.0000273315   0.0000817036   0.0000342776  -0.0000909960  -0.0000185654
        0.0000520650   0.0000194327
       -0.0011196718   0.0097810456   0.0042696783   0.0022312836  -0.0774574949
       -0.0746527900   0.0018819527   0.0110975913   0.0041037831   0.0004837674
       -0.0016866566   0.0020255060   0.0006138986   0.0009892667  -0.0008738321
        0.0001402816  -0.0000009466  -0.0002224562  -0.0001208155   0.0008215946
        0.0004903570   0.0003629682  -0.0000698016   0.0001083765  -0.0017777571
        0.0017760699   0.0001461733  -0.0044265840   0.0850588461   0.0819532443
        0.0017126488  -0.0303489444  -0.0173293816  -0.0000207804  -0.0000162400
       -0.0000272997   0.0000282947   0.0000304251  -0.0000109904   0.0000105131
        0.0000252448   0.0000196314
       -0.0019686313   0.0021987673  -0.0235541859  -0.0378009176   0.0002386533
       -0.0000881986  -0.0155494926  -0.0069263096   0.0323358798   0.0010738335
       -0.0024144988   0.0033748472   0.0008979590   0.0009808843  -0.0009103855
       -0.0003639636  -0.0006375784  -0.0009247594  -0.0036912293   0.0030908949
       -0.0024631227   0.0002240083   0.0000443312  -0.0003858421   0.0006671331
       -0.0005853745  -0.0000217918   0.0020150229   0.0008616335   0.0017126488
        0.0544443846   0.0029843811  -0.0088683628  -0.0002234233  -0.0000915203
        0.0000308750   0.0000778732   0.0001696897  -0.0001709128   0.0001974431
        0.0000860464  -0.0000666892
        0.0018126681  -0.0002405573   0.0157441979   0.0027112775  -0.0432196537
       -0.0016005078  -0.0097961947  -0.0038627593   0.0199580911   0.0004045961
        0.0017420246  -0.0003844620  -0.0006487901  -0.0005324429   0.0004673313
       -0.0002073236  -0.0003747969  -0.0002366515   0.0026318714  -0.0009874896
        0.0019280824  -0.0004359280   0.0002366498  -0.0001742666  -0.0001585432
        0.0002429030   0.0007626474   0.0006976006  -0.0032013676  -0.0303489444
        0.0029843811   0.0501631954  -0.0060838262  -0.0000699913   0.0000071554
        0.0000270270  -0.0000098140   0.0000140098  -0.0000183610   0.0000841901
        0.0000131292  -0.0000403577
       -0.0034616555   0.0018189700  -0.0140267371   0.0015185702  -0.0002191380
       -0.2634166921   0.0150534758   0.0074085630  -0.0133258375  -0.0021016792
        0.0018903886  -0.0006645061  -0.0001674784  -0.0014877348   0.0002737741
        0.0001324548   0.0002200196   0.0002472081  -0.0025791176   0.0017386457
       -0.0003680495   0.0001056479  -0.0002779601   0.0002365389   0.0006515064
       -0.0003034445   0.0006294162  -0.0001284208  -0.0045515417  -0.0173293816
       -0.0088683628  -0.0060838262   0.3076852602   0.0000237342  -0.0000064115
        0.0000292763  -0.0000592569  -0.0001074910   0.0000380758  -0.0001194181
       -0.0000390392  -0.0000083456
       -0.0001393529  -0.0000203955   0.0000560986  -0.0010745615   0.0006496524
        0.0010387336  -0.0028070350  -0.0006038939   0.0014466450  -0.0126157570
       -0.0171123556  -0.0170245887  -0.0001623785   0.0021121164   0.0004737998
       -0.0712901027  -0.0469583170  -0.0776719756   0.0000515535  -0.0000147094
        0.0000442949  -0.0000092420   0.0000207670  -0.0000205454  -0.0000331153
       -0.0000003538  -0.0000106833   0.0002461744   0.0001859830  -0.0000207804
       -0.0002234233  -0.0000699913   0.0000237342   0.0834826727   0.0538975018
        0.0849270069  -0.0033552224  -0.0036834078  -0.0099155403   0.0079297901
        0.0115974038   0.0166538006
       -0.0000530008  -0.0000024973   0.0000438880  -0.0001270547   0.0005148865
        0.0002740862  -0.0012854259  -0.0006899039   0.0003977802  -0.0090673482
       -0.0102651169  -0.0136583367  -0.0000530461   0.0005401808   0.0024714398
       -0.0459750525  -0.0983092151  -0.0957165278   0.0000269834  -0.0000187576
        0.0000078417  -0.0000064025  -0.0000042830  -0.0000057524   0.0000115742
        0.0000119370   0.0000055461   0.0001372618   0.0000449144  -0.0000162400
       -0.0000915203   0.0000071554  -0.0000064115   0.0538975018   0.1102309883
        0.1094321133   0.0074640737   0.0094041196   0.0151866146  -0.0048785439
       -0.0114644082  -0.0184160415
        0.0000819078  -0.0000089392  -0.0000159195   0.0005203603  -0.0001116920
       -0.0003329911   0.0007359392  -0.0001231258   0.0000068593  -0.0004577428
        0.0017111874   0.0075603752   0.0005650234   0.0006712615  -0.0013259094
       -0.0730957228  -0.0927261199  -0.1912101414   0.0000205498   0.0000011155
       -0.0000154782   0.0000196245   0.0000052642   0.0000130291  -0.0000166960
        0.0000195764   0.0000062532  -0.0000082653   0.0000273315  -0.0000272997
        0.0000308750   0.0000270270   0.0000292763   0.0849270069   0.1094321133
        0.2178331136  -0.0100354282  -0.0092700965  -0.0206717521  -0.0032874318
       -0.0096549034  -0.0118494152
        0.0000704932   0.0000871962  -0.0000574519  -0.0000848481  -0.0002173784
        0.0002042756   0.0005579800  -0.0006004319  -0.0002406598   0.0087426168
       -0.0117515448   0.0145288112  -0.0045835679  -0.0069566561   0.0035262660
       -0.0671738571   0.0530632899  -0.0542213874  -0.0000583471  -0.0000390528
       -0.0000479700   0.0000785383   0.0000230793  -0.0000175957  -0.0000437316
        0.0000251023   0.0000491153   0.0000877490   0.0000817036   0.0000282947
        0.0000778732  -0.0000098140  -0.0000592569  -0.0033552224   0.0074640737
       -0.0100354282   0.0731446644  -0.0565358207   0.0610072238  -0.0074603409
        0.0153662536  -0.0146642369
        0.0001588894   0.0000671999  -0.0000323466   0.0003794221   0.0001848810
       -0.0001172517   0.0009215584  -0.0001306838  -0.0007643879   0.0026749003
       -0.0137410963   0.0135602273  -0.0043295471  -0.0036642999   0.0030796536
        0.0518160509  -0.1476443801   0.1135366593  -0.0000583297   0.0000144104
       -0.0000599941   0.0000753842  -0.0000195770   0.0000043950  -0.0000012316
        0.0000340837   0.0000024738   0.0001211693   0.0000342776   0.0000304251
        0.0001696897   0.0000140098  -0.0001074910  -0.0036834078   0.0094041196
       -0.0092700965  -0.0565358207   0.1695104472  -0.1329086529   0.0082912725
       -0.0140633921   0.0130463864
       -0.0001306731  -0.0000353198   0.0000403754  -0.0003807655  -0.0001284980
        0.0002950916   0.0004113025  -0.0009844843   0.0000598021  -0.0031642741
        0.0080356351  -0.0084281330   0.0023987560   0.0033126707  -0.0002489955
       -0.0523940476   0.1138069366  -0.1632489110  -0.0000034432  -0.0000009645
        0.0000518532  -0.0000634525   0.0000002539  -0.0000169334   0.0000556548
       -0.0000499351  -0.0000239830  -0.0001069530  -0.0000909960  -0.0000109904
       -0.0001709128  -0.0000183610   0.0000380758  -0.0099155403   0.0151866146
       -0.0206717521   0.0610072238  -0.1329086529   0.1848030774   0.0024571249
       -0.0061248992   0.0073614228
       -0.0003342806  -0.0001625562   0.0000439246  -0.0011280229  -0.0000992579
       -0.0009643047  -0.0046850230  -0.0027821030   0.0015256438  -0.0222602012
        0.0112487416   0.0122062686   0.0014796186   0.0015133681  -0.0026798187
       -0.1614504135   0.1103263919   0.0652249589   0.0000077386   0.0000101884
        0.0000248585  -0.0000748886   0.0000395420  -0.0000297289   0.0000679915
       -0.0000600298  -0.0000078734  -0.0001570102  -0.0000185654   0.0000105131
        0.0001974431   0.0000841901  -0.0001194181   0.0079297901  -0.0048785439
       -0.0032874318  -0.0074603409   0.0082912725   0.0024571249   0.1878675991
       -0.1235126385  -0.0744047168
       -0.0001900217  -0.0000566501  -0.0000016385  -0.0010273213  -0.0001868819
       -0.0004920809  -0.0029410017  -0.0008905478   0.0002898387  -0.0081350626
        0.0100517949   0.0060256382  -0.0001483285  -0.0000306821  -0.0010925548
        0.1089707385  -0.1351467776  -0.0524194694   0.0000009317  -0.0000147960
        0.0000093937  -0.0000425224   0.0000316342  -0.0000109486  -0.0000143190
       -0.0000123471   0.0000141469  -0.0000101583   0.0000520650   0.0000252448
        0.0000860464   0.0000131292  -0.0000390392   0.0115974038  -0.0114644082
       -0.0096549034   0.0153662536  -0.0140633921  -0.0061248992  -0.1235126385
        0.1517178594   0.0634712718
        0.0000750014   0.0000425926  -0.0000040970  -0.0001874779  -0.0001439658
        0.0004865929   0.0022457837   0.0004778193   0.0000865889   0.0061420466
       -0.0078206733  -0.0030666410  -0.0009572845   0.0012760020   0.0001613793
        0.0651427101  -0.0519307980  -0.0738006956  -0.0000145502   0.0000138537
        0.0000050778   0.0000169078  -0.0000035173   0.0000036314  -0.0000277708
        0.0000079950  -0.0000187000   0.0000464760   0.0000194327   0.0000196314
       -0.0000666892  -0.0000403577  -0.0000083456   0.0166538006  -0.0184160415
       -0.0118494152  -0.0146642369   0.0130463864   0.0073614228  -0.0744047168
        0.0634712718   0.0806235700
