           1           2   1.01970228030101     
           2           3  0.920095657471038     
           3           4   1.16727047953656     
           3           5  0.169136609877481     
           4           5   1.68469613558121     
           4           6   1.00001568698436     
           1           7  0.983652454820952     
           1           8  0.980261701501518     
           1           9  0.983534538244350     
           2          10  0.969084874082259     
           2          11  0.969082774277337     
           6          12  0.946216583511046     
           6          13  0.978077489304168     
           6          14  0.962661970708942     
