           1           2  0.981327076581189     
           2           3  0.958844192005355     
           2           4  0.961596316834777     
           4           5  0.957880201086563     
           4           6  0.970321329030746     
           6           7  0.956186344655026     
           6           8  0.969387280903843     
           8           9  0.956931249463263     
           8          10  0.960294779198411     
          10          11  0.943163033374878     
           2          12  0.958845336146022     
          10          12  0.954207243079630     
          10          13   1.02590920000556     
           8          14   1.00381799673714     
           6          15  0.998602715833732     
           4          16   1.00201822326058     
           1          17   1.00361533270826     
           1          18  0.969326032080596     
           1          19  0.967943784846605     
          13          20  0.823944096123445     
          14          21  0.841832791925092     
          15          22  0.844008038122139     
          16          23  0.842842070390870     
          17          24  0.840567033053817     
