           1           2   1.00971267776447     
           2           3  0.983413918270387     
           3           4   1.01986786352768     
           4           5   1.01979324927956     
           1           6   1.00988615843477     
           5           6  0.983375482609868     
           1           7  0.977317342580615     
           1           8  0.976445387743153     
           2           9  0.981522601521040     
           2          10  0.981400415304645     
           3          11  0.976489769056461     
           3          12  0.978703533622299     
           4          13  0.950793308300750     
           5          14  0.976383596052591     
           5          15  0.978884960753554     
           6          16  0.981521713932910     
           6          17  0.981295569666577     
