           1           2  0.977111821558357     
           2           3  0.956407510398722     
           2           4  0.968934465515039     
           4           5  0.954684327684535     
           4           6  0.960307921906651     
           6           7  0.957378953281024     
           6           8  0.973069615668982     
           8           9  0.954289149360578     
           8          10  0.950458859681900     
          10          11  0.944433291240111     
           2          12  0.958641422085259     
          10          12  0.955640592167810     
          10          13   1.02242362818221     
           8          14   1.00513668909343     
           6          15   1.00260358461797     
           4          16   1.00411957075745     
           1          17   1.01114267003957     
           1          18  0.966861153984932     
           1          19  0.966564370944549     
          13          20  0.824086360086344     
          14          21  0.843975623223961     
          15          22  0.852341753601032     
          16          23  0.839107382617438     
          17          24  0.853887343684135     
