           1           2   1.35662982455075     
           2           3   1.34680978873021     
           3           4   1.34765242563899     
           4           5   1.34769961335859     
           1           6   1.35658844243120     
           5           6   1.34677940245022     
           6           7   1.02192612151265     
           5           8   1.02360047288844     
           4           9   1.02714770170557     
           3          10   1.02362345852296     
           2          11   1.02186309397929     
           1          12   1.00859805766312     
          12          13   1.35657350668275     
          13          14   1.34681623909321     
          14          15   1.34763161257443     
          15          16   1.34770984978741     
          12          17   1.35664554984991     
          16          17   1.34680006981865     
          17          18   1.02182900237264     
          16          19   1.02361751703228     
          15          20   1.02713544161361     
          14          21   1.02363770932732     
          13          22   1.02190830332708     
