           1           2   1.46461087874282     
           2           3   1.29162711328284     
           3           4   1.33023491667717     
           4           5   1.37023511940883     
           1           6   1.43380030523816     
           5           6   1.33591365912544     
           5           7   1.00770593987718     
           7           8   1.41448989379652     
           7           9   1.41355132371348     
           8           9  0.314086571742404     
           3          10   1.25253875095971     
           1          11  0.966803491956485     
           2          12  0.964858491532405     
           4          13  0.960505727912242     
           6          14  0.964332597481828     
          10          15  0.930568051781604     
          10          16  0.933413371871114     
