           1           2  0.971198039994532     
           2           3  0.955404804719382     
           2           4  0.978596952376620     
           4           5  0.956126288733226     
           4           6  0.965734906094370     
           6           7  0.956159436941320     
           6           8  0.970829530765552     
           8           9  0.951455905009951     
           8          10  0.951570730984225     
          10          11  0.946005874756814     
           2          12  0.951380319229812     
          10          12  0.971156873868062     
          10          13   1.00229498031323     
           8          14  0.997837177017450     
           6          15  0.993371081797753     
           4          16  0.996054673406264     
           1          17   1.01357036952028     
           1          18  0.965947525329147     
           1          19  0.968635139201672     
          13          20  0.824530689114992     
          14          21  0.847542144031786     
          15          22  0.841727065266561     
          16          23  0.843210694196463     
          17          24  0.837529100974265     
