           1           2   1.04672878473325     
           2           3   1.73283207896165     
           3           4   1.11165292078387     
           4           5   1.71255440777557     
           4           6  0.976161639329243     
           6           7  0.962707009668470     
           6           8  0.990604091901436     
           2           9   1.02852547395194     
           8           9   1.00588973331249     
           6          10  0.954207934663811     
          10          11   1.00990618885896     
          10          12   1.00600232459259     
           1          13  0.982301872384161     
           1          14  0.952572302478300     
           1          15  0.960047188878376     
           3          16  0.961469365006326     
           8          17  0.971187489411625     
           8          18  0.976129886175347     
           9          19  0.938781830392495     
           9          20  0.959386081585432     
          10          21  0.968085911434978     
          11          22  0.986219794369287     
          11          23  0.984861423283062     
          11          24  0.985514277280403     
          12          25  0.983183939579808     
          12          26  0.982793889526704     
          12          27  0.986204213529447     
