$hessian                                                                        
        0.5872417136   0.0003246739   0.2066168041  -0.1374052351   0.1299836423
       -0.0391383495  -0.0301133052   0.0233134010  -0.0138508700   0.0030891582
        0.0000726381   0.0042041477  -0.0299237883  -0.0234722932  -0.0137003587
       -0.1370598782  -0.1298771885  -0.0386176973  -0.0015929091   0.0000017389
        0.0002533103   0.0006167495  -0.0000024433  -0.0005824112  -0.2592655878
       -0.0003832763  -0.0991509775   0.0057255877  -0.0113485244   0.0021020533
       -0.0036890026   0.0002379126  -0.0052228338  -0.0036891859  -0.0002663901
       -0.0052217613   0.0057241331   0.0114158845   0.0020688913   0.0001704538
       -0.0000466335   0.0001202783   0.0001710963   0.0000468580   0.0001197742
        0.0003246739   0.6493711724  -0.0006016573   0.0570781794  -0.2724656813
        0.0251677939   0.0776241228   0.0279019266   0.0345295259   0.0000695343
       -0.0667647166   0.0001178806  -0.0777852714   0.0275468195  -0.0346722354
       -0.0569720459  -0.2731294471  -0.0244932992   0.0000011598  -0.0007307472
        0.0000009472   0.0000025027   0.0004723054  -0.0000006932  -0.0003832919
       -0.0434731747  -0.0001580106   0.0106147648  -0.0259460624   0.0047061545
       -0.0003285360   0.0013210417  -0.0001196128   0.0003003331   0.0013217118
        0.0001266259  -0.0105471928  -0.0259447589  -0.0046028490   0.0001537681
        0.0002597641  -0.0001080523  -0.0001527009   0.0002598470   0.0001074818
        0.2066168041  -0.0006016573   0.2083520703  -0.0391266427   0.0572563139
       -0.0657557598  -0.0138594774   0.0101546897  -0.0047510727   0.0042945914
        0.0001176910  -0.0044583967  -0.0135561912  -0.0102983165  -0.0045851106
       -0.0388128153  -0.0565799895  -0.0654691617  -0.0007272971   0.0000009223
       -0.0001913074   0.0004013167  -0.0000005236  -0.0003119685  -0.0991482529
       -0.0001573002  -0.0784228474   0.0021299318  -0.0050174225   0.0018488738
       -0.0052044278   0.0000445583   0.0059002144  -0.0052063169  -0.0000378181
        0.0059032865   0.0021580868   0.0051210744   0.0018462613   0.0000201103
       -0.0000560134   0.0000468380   0.0000205801   0.0000537914   0.0000480806
       -0.1374052351   0.0570781794  -0.0391266427   0.5708851027   0.0106958551
        0.1997087872  -0.2895146147   0.0352191768  -0.1054066336  -0.0309758005
       -0.0763406844  -0.0140899300  -0.0416844898   0.0273498370  -0.0162633178
        0.0511657981   0.0270572847   0.0216347600   0.0032724231  -0.0029251472
       -0.0032901570  -0.0003778474   0.0004684679   0.0007120462  -0.0151137445
        0.0236191450  -0.0070928594  -0.0953104516  -0.1021216754  -0.0268866168
       -0.0146178724   0.0022045375  -0.0068882551  -0.0001799310   0.0005070324
        0.0000264449   0.0008856281  -0.0030927837  -0.0030906485   0.0001231859
        0.0002653824   0.0001400060  -0.0011521509   0.0000153925  -0.0000869833
        0.1299836423  -0.2724656813   0.0572563139   0.0106958551   0.6707272015
        0.0049035807  -0.0369447253  -0.0951999726  -0.0166335683  -0.0217136272
        0.0278671643  -0.0085164501   0.0274113347  -0.0135587815   0.0120904542
       -0.0267563087  -0.0673156633  -0.0116473036  -0.0049866690  -0.0038124519
       -0.0010635502   0.0011400405  -0.0002372408  -0.0008756685   0.0015949310
       -0.0010536795   0.0007230289  -0.1019207047  -0.2390565826  -0.0452239200
        0.0243623569  -0.0017554533   0.0106331963   0.0005150264   0.0005761618
        0.0002315186  -0.0026405220  -0.0042567723  -0.0011026243   0.0001293425
       -0.0003017786   0.0000016425  -0.0008699725  -0.0001564700  -0.0007766499
       -0.0391383495   0.0251677939  -0.0657557598   0.1997087872   0.0049035807
        0.2047997598  -0.1063804453   0.0152344547  -0.0937258824  -0.0137232890
       -0.0334961710  -0.0059931251  -0.0158539525   0.0119194886  -0.0125174799
        0.0217117930   0.0119760279   0.0110913248  -0.0012637794  -0.0007938431
        0.0053018265  -0.0020225409   0.0000902608   0.0006816790  -0.0070560660
        0.0104198768  -0.0022147864  -0.0269042949  -0.0452635711  -0.0465271454
       -0.0066801167   0.0009581900  -0.0019625474   0.0000453057   0.0002252489
       -0.0002665795  -0.0031196455  -0.0013048208   0.0065509920   0.0003370766
       -0.0001418314   0.0002724255   0.0003395171   0.0001053150   0.0002652982
       -0.0301133052   0.0776241228  -0.0138594774  -0.2895146147  -0.0369447253
       -0.1063804453   0.5778637409  -0.0126104932   0.2011972424  -0.1266947479
       -0.0528686992  -0.0324905263   0.0470306379  -0.0248165029   0.0203764332
       -0.0415794921  -0.0275202302  -0.0157300969  -0.0252145402  -0.0238681533
       -0.0095209944   0.0010119968  -0.0009046221  -0.0020402001   0.0006745612
        0.0027114207  -0.0031433927  -0.0147490780  -0.0023008264  -0.0068343837
       -0.0955629216   0.1014552972  -0.0262216444   0.0006108132   0.0030456815
       -0.0029981526  -0.0002062618  -0.0006421190   0.0000140351   0.0002553575
       -0.0016868048   0.0004753798  -0.0038121462  -0.0006733458  -0.0028437766
        0.0233134010   0.0279019266   0.0101546897   0.0352191768  -0.0951999726
        0.0152344547  -0.0126104932   0.6560549683  -0.0032579476  -0.1186348057
       -0.2630105285  -0.0519804803   0.0251039909  -0.0647984978   0.0109586674
       -0.0274634342  -0.0137502824  -0.0119448823  -0.0137143018  -0.0024629888
       -0.0009497647   0.0047112285  -0.0000130228  -0.0031158855   0.0030165373
       -0.0040575132   0.0013760688  -0.0243157470  -0.0021239838  -0.0106829644
        0.1010283091  -0.2361503735   0.0430212018   0.0025793658  -0.0041047828
        0.0011485986  -0.0006577295   0.0006013996  -0.0002415537   0.0018863179
        0.0010659939   0.0003690614   0.0005381841   0.0000476577  -0.0000892638
       -0.0138508700   0.0345295259  -0.0047510727  -0.1054066336  -0.0166335683
       -0.0937258824   0.2011972424  -0.0032579476   0.2045903419  -0.0335422620
       -0.0244204795  -0.0638587871   0.0203083619  -0.0106450859   0.0103175455
       -0.0161422931  -0.0121174769  -0.0124279445  -0.0123182389  -0.0101261716
       -0.0037441624   0.0016108498  -0.0002882849  -0.0007629086  -0.0031891327
        0.0011881063   0.0065282731  -0.0067859661  -0.0009870819  -0.0022627595
       -0.0263224688   0.0432670607  -0.0453602592  -0.0030328908   0.0014113996
        0.0061737526  -0.0000109128  -0.0002876952  -0.0001765336   0.0004377120
       -0.0009279820   0.0002043709  -0.0029524974  -0.0007043185  -0.0007439740
        0.0030891582   0.0000695343   0.0042945914  -0.0309758005  -0.0217136272
       -0.0137232890  -0.1266947479  -0.1186348057  -0.0335422620   0.5345526938
        0.0001728916   0.1665680591  -0.1270306256   0.1187750919  -0.0340240597
       -0.0311525046   0.0215564125  -0.0138626190  -0.1723526154  -0.0002685789
       -0.0750375776  -0.0355044722   0.0000289462   0.0144287802   0.0007787489
        0.0000018241   0.0002359621  -0.0034556330  -0.0002014741  -0.0052747574
        0.0051793979   0.0115385519   0.0015050185   0.0051810189  -0.0114721163
        0.0015368013  -0.0034555742   0.0001731548  -0.0052748649  -0.0090969036
        0.0041659213  -0.0039313790  -0.0090621408  -0.0041917265  -0.0038984041
        0.0000726381  -0.0667647166   0.0001176910  -0.0763406844   0.0278671643
       -0.0334961710  -0.0528686992  -0.2630105285  -0.0244204795   0.0001728916
        0.6569784270  -0.0006585261   0.0530101611  -0.2624219235   0.0250902253
        0.0761768730   0.0282008778   0.0333471305  -0.0001811491  -0.0664906312
       -0.0000950971   0.0000153557   0.0017810122   0.0000236780   0.0000022851
       -0.0007440619   0.0000018137   0.0003565720   0.0013982362   0.0002939170
       -0.0094542886  -0.0270097923  -0.0040992200   0.0095181177  -0.0270157182
        0.0042055659  -0.0003836294   0.0013971143  -0.0002868371   0.0213222347
       -0.0020309595   0.0112234780  -0.0214186782  -0.0021345002  -0.0112471686
        0.0042041477   0.0001178806  -0.0044583967  -0.0140899300  -0.0085164501
       -0.0059931251  -0.0324905263  -0.0519804803  -0.0638587871   0.1665680591
       -0.0006585261   0.2166266203  -0.0327910615   0.0526524420  -0.0641173260
       -0.0143833645   0.0083637755  -0.0061489286  -0.0482766016  -0.0000846194
       -0.0859484144   0.0086635119   0.0000212710   0.0083249061   0.0003129776
        0.0000020655   0.0002499621  -0.0050167222  -0.0000944153   0.0060456181
        0.0016787127   0.0049232873   0.0016790124   0.0016537664  -0.0048144961
        0.0016767442  -0.0050139307   0.0001018360   0.0060436636  -0.0155763868
        0.0015610125  -0.0050956579  -0.0154426517  -0.0015945833  -0.0050258910
       -0.0299237883  -0.0777852714  -0.0135561912  -0.0416844898   0.0274113347
       -0.0158539525   0.0470306379   0.0251039909   0.0203083619  -0.1270306256
        0.0530101611  -0.0327910615   0.5777871820   0.0131906742   0.2011301973
       -0.2894989515   0.0361922949  -0.1064704847  -0.0252670425   0.0237926597
       -0.0096181982   0.0010138321   0.0008913950  -0.0020438021   0.0006857050
       -0.0027142303  -0.0031314119  -0.0002085248   0.0006404392   0.0000111660
        0.0006213235  -0.0030479216  -0.0029841590  -0.0951781424  -0.1012823590
       -0.0257675222  -0.0147991544   0.0022532833  -0.0068618638  -0.0038049095
        0.0006548564  -0.0028418492   0.0002569482   0.0016886930   0.0004707709
       -0.0234722932   0.0275468195  -0.0102983165   0.0273498370  -0.0135587815
        0.0119194886  -0.0248165029  -0.0647984978  -0.0106450859   0.1187750919
       -0.2624219235   0.0526524420   0.0131906742   0.6561433624   0.0019830508
       -0.0359680951  -0.0951928800  -0.0154307580   0.0136246302  -0.0023670509
        0.0009275917  -0.0047045168   0.0000023665   0.0031090051  -0.0030193128
       -0.0040772060  -0.0013428475   0.0006560546   0.0006058100   0.0002388978
       -0.0025821056  -0.0041244465  -0.0011165533  -0.1008543886  -0.2368475422
       -0.0423740761   0.0242685127  -0.0020333616   0.0106694733  -0.0005591077
        0.0000510563   0.0000809191  -0.0018884779   0.0010722753  -0.0003732311
       -0.0137003587  -0.0346722354  -0.0045851106  -0.0162633178   0.0120904542
       -0.0125174799   0.0203764332   0.0109586674   0.0103175455  -0.0340240597
        0.0250902253  -0.0641173260   0.2011301973   0.0019830508   0.2045504523
       -0.1052925005   0.0164399839  -0.0937238164  -0.0123996673   0.0100975268
       -0.0037776220   0.0016335970   0.0002867545  -0.0007825622  -0.0031763204
       -0.0011553503   0.0065385089  -0.0000132701   0.0002851582  -0.0001799267
       -0.0030201617  -0.0013791031   0.0061814800  -0.0258702743  -0.0426194524
       -0.0450487166  -0.0068760197   0.0009734619  -0.0023020043  -0.0029486219
        0.0006964810  -0.0007528960   0.0004443448   0.0009243772   0.0001994741
       -0.1370598782  -0.0569720459  -0.0388128153   0.0511657981  -0.0267563087
        0.0217117930  -0.0415794921  -0.0274634342  -0.0161422931  -0.0311525046
        0.0761768730  -0.0143833645  -0.2894989515  -0.0359680951  -0.1052925005
        0.5709185529  -0.0101477651   0.1997425294   0.0032508786   0.0029227369
       -0.0033055227  -0.0003792331  -0.0004641555   0.0007113193  -0.0150670879
       -0.0236713848  -0.0070049393   0.0008747937   0.0030909801  -0.0031036764
       -0.0001781519  -0.0005082768   0.0000287858  -0.0145685919  -0.0022534799
       -0.0068592012  -0.0956944144   0.1022926597  -0.0273432223  -0.0011564008
       -0.0000163434  -0.0000883211   0.0001246831  -0.0002619604   0.0001414287
       -0.1298771885  -0.2731294471  -0.0565799895   0.0270572847  -0.0673156633
        0.0119760279  -0.0275202302  -0.0137502824  -0.0121174769   0.0215564125
        0.0282008778   0.0083637755   0.0361922949  -0.0951928800   0.0164399839
       -0.0101477651   0.6706630293  -0.0062185896   0.0049909377  -0.0037925304
        0.0010906351  -0.0011479985  -0.0002334303   0.0008800643  -0.0016472586
       -0.0011421119  -0.0007399824   0.0026386009  -0.0042370996   0.0011366291
       -0.0005164769   0.0005724746  -0.0002345776  -0.0244105085  -0.0018490200
       -0.0106463723   0.1020919225  -0.2383411677   0.0458715809   0.0008668431
       -0.0001513676   0.0007781437  -0.0001268701  -0.0003013812   0.0000001480
       -0.0386176973  -0.0244932992  -0.0654691617   0.0216347600  -0.0116473036
        0.0110913248  -0.0157300969  -0.0119448823  -0.0124279445  -0.0138626190
        0.0333471305  -0.0061489286  -0.1064704847  -0.0154307580  -0.0937238164
        0.1997425294  -0.0062185896   0.2048482820  -0.0012843185   0.0008201886
        0.0052973050  -0.0020230045  -0.0000862114   0.0006778918  -0.0070307343
       -0.0104370250  -0.0021741228  -0.0031319746   0.0013385276   0.0065426421
        0.0000474641  -0.0002279308  -0.0002640598  -0.0065885562  -0.0009718890
       -0.0019218126  -0.0273599868   0.0459107078  -0.0468622884   0.0003390529
       -0.0001034666   0.0002646827   0.0003356664   0.0001448011   0.0002700063
       -0.0015929091   0.0000011598  -0.0007272971   0.0032724231  -0.0049866690
       -0.0012637794  -0.0252145402  -0.0137143018  -0.0123182389  -0.1723526154
       -0.0001811491  -0.0482766016  -0.0252670425   0.0136246302  -0.0123996673
        0.0032508786   0.0049909377  -0.0012843185   0.3247472332   0.0002859822
        0.1275770296  -0.0213283335   0.0000334487   0.0105079130   0.0000169276
        0.0000008654   0.0005960086  -0.0006522265   0.0002214669  -0.0001685365
        0.0003801743   0.0014827749   0.0012800502   0.0003810826  -0.0014802145
        0.0012848996  -0.0006540030  -0.0002232731  -0.0001685789  -0.0425182956
        0.0375833903  -0.0324816786  -0.0424687535  -0.0376390487  -0.0321572041
        0.0000017389  -0.0007307472   0.0000009223  -0.0029251472  -0.0038124519
       -0.0007938431  -0.0238681533  -0.0024629888  -0.0101261716  -0.0002685789
       -0.0664906312  -0.0000846194   0.0237926597  -0.0023670509   0.0100975268
        0.0029227369  -0.0037925304   0.0008201886   0.0002859822   0.5240001495
       -0.0004364304   0.0000706901  -0.0201821886  -0.0000754240   0.0000011378
        0.0000910345  -0.0000012884  -0.0012580875  -0.0002045971  -0.0006253065
       -0.0014849269   0.0007954386  -0.0008583208   0.0014921725   0.0007971133
        0.0008554256   0.0012555945  -0.0002001183   0.0006251816   0.0359172180
       -0.2120418255   0.1094923915  -0.0359350369  -0.2133986060  -0.1088902322
        0.0002533103   0.0000009472  -0.0001913074  -0.0032901570  -0.0010635502
        0.0053018265  -0.0095209944  -0.0009497647  -0.0037441624  -0.0750375776
       -0.0000950971  -0.0859484144  -0.0096181982   0.0009275917  -0.0037776220
       -0.0033055227   0.0010906351   0.0052973050   0.1275770296  -0.0004364304
        0.3461883159   0.0237643012  -0.0000709287  -0.0451757372   0.0006857068
       -0.0000018914  -0.0012076214  -0.0003384912  -0.0000429834  -0.0001229199
        0.0014989080   0.0002910799  -0.0013780995   0.0014943401  -0.0002973509
       -0.0013798783  -0.0003440439   0.0000425446  -0.0001252476  -0.0270651727
        0.1068663493  -0.1075098681  -0.0267534384  -0.1062611511  -0.1062265693
        0.0006167495   0.0000025027   0.0004013167  -0.0003778474   0.0011400405
       -0.0020225409   0.0010119968   0.0047112285   0.0016108498  -0.0355044722
        0.0000153557   0.0086635119   0.0010138321  -0.0047045168   0.0016335970
       -0.0003792331  -0.0011479985  -0.0020230045  -0.0213283335   0.0000706901
        0.0237643012   0.0639101484  -0.0001363445  -0.0511177620  -0.0000945785
        0.0000006568   0.0004496379   0.0001337093  -0.0001065522  -0.0000249422
        0.0001035916  -0.0007239008   0.0005343327   0.0001019645   0.0007237867
        0.0005330654   0.0001321752   0.0001067425  -0.0000250584  -0.0046660005
       -0.0017319934   0.0088143571  -0.0046737023   0.0017803027   0.0088083385
       -0.0000024433   0.0004723054  -0.0000005236   0.0004684679  -0.0002372408
        0.0000902608  -0.0009046221  -0.0000130228  -0.0002882849   0.0000289462
        0.0017810122   0.0000212710   0.0008913950   0.0000023665   0.0002867545
       -0.0004641555  -0.0002334303  -0.0000862114   0.0000334487  -0.0201821886
       -0.0000709287  -0.0001363445   0.0154919474   0.0001570072  -0.0000003922
       -0.0000154934  -0.0000009818   0.0000005979  -0.0000153022   0.0000320855
        0.0000601003  -0.0000906030  -0.0000161722  -0.0000594393  -0.0000916509
        0.0000145960  -0.0000015304  -0.0000151868  -0.0000332534  -0.0106871650
        0.0016074088   0.0120641579   0.0107731364   0.0015390785  -0.0121697769
       -0.0005824112  -0.0000006932  -0.0003119685   0.0007120462  -0.0008756685
        0.0006816790  -0.0020402001  -0.0031158855  -0.0007629086   0.0144287802
        0.0000236780   0.0083249061  -0.0020438021   0.0031090051  -0.0007825622
        0.0007113193   0.0008800643   0.0006778918   0.0105079130  -0.0000754240
       -0.0451757372  -0.0511177620   0.0001570072   0.0732262335  -0.0000647133
       -0.0000002814  -0.0002150868  -0.0001782733   0.0000383714  -0.0000509950
       -0.0001082264   0.0006307865  -0.0001986584  -0.0001070031  -0.0006296737
       -0.0001974822  -0.0001777525  -0.0000386856  -0.0000511248   0.0150636071
        0.0012677519  -0.0176249653   0.0149964783  -0.0013703524  -0.0175392216
       -0.2592655878  -0.0003832919  -0.0991482529  -0.0151137445   0.0015949310
       -0.0070560660   0.0006745612   0.0030165373  -0.0031891327   0.0007787489
        0.0000022851   0.0003129776   0.0006857050  -0.0030193128  -0.0031763204
       -0.0150670879  -0.0016472586  -0.0070307343   0.0000169276   0.0000011378
        0.0006857068  -0.0000945785  -0.0000003922  -0.0000647133   0.2884847950
        0.0004335453   0.1166847159   0.0002800557  -0.0005170342   0.0012404739
       -0.0008676072   0.0000433593  -0.0003364729  -0.0008651565  -0.0000458945
       -0.0003353114   0.0002799960   0.0005211928   0.0012394051   0.0000366777
       -0.0000078040   0.0000869701   0.0000362955   0.0000079997   0.0000867543
       -0.0003832763  -0.0434731747  -0.0001573002   0.0236191450  -0.0010536795
        0.0104198768   0.0027114207  -0.0040575132   0.0011881063   0.0000018241
       -0.0007440619   0.0000020655  -0.0027142303  -0.0040772060  -0.0011553503
       -0.0236713848  -0.0011421119  -0.0104370250   0.0000008654   0.0000910345
       -0.0000018914   0.0000006568  -0.0000154934  -0.0000002814   0.0004335453
        0.0535080506   0.0001500491   0.0007880349   0.0006643364   0.0003493158
        0.0012700460  -0.0001990800   0.0005513388  -0.0012726807  -0.0002035492
       -0.0005521273  -0.0007837814   0.0006629861  -0.0003568130  -0.0000495200
        0.0000197368  -0.0000283753   0.0000493351   0.0000197255   0.0000284118
       -0.0991509775  -0.0001580106  -0.0784228474  -0.0070928594   0.0007230289
       -0.0022147864  -0.0031433927   0.0013760688   0.0065282731   0.0002359621
        0.0000018137   0.0002499621  -0.0031314119  -0.0013428475   0.0065385089
       -0.0070049393  -0.0007399824  -0.0021741228   0.0005960086  -0.0000012884
       -0.0012076214   0.0004496379  -0.0000009818  -0.0002150868   0.1166847159
        0.0001500491   0.0754468006   0.0012496223  -0.0002254901  -0.0019738357
       -0.0003736228   0.0000251190  -0.0002795206  -0.0003691051  -0.0000260752
       -0.0002772857   0.0012523727   0.0002181602  -0.0019732585  -0.0001013796
        0.0000902576  -0.0000129281  -0.0001006311  -0.0000898213  -0.0000122513
        0.0057255877   0.0106147648   0.0021299318  -0.0953104516  -0.1019207047
       -0.0269042949  -0.0147490780  -0.0243157470  -0.0067859661  -0.0034556330
        0.0003565720  -0.0050167222  -0.0002085248   0.0006560546  -0.0000132701
        0.0008747937   0.0026386009  -0.0031319746  -0.0006522265  -0.0012580875
       -0.0003384912   0.0001337093   0.0000005979  -0.0001782733   0.0002800557
        0.0007880349   0.0012496223   0.1078036360   0.1126275884   0.0369847804
        0.0000663415  -0.0006832915   0.0011948226  -0.0003151028   0.0000020499
        0.0006662764   0.0001783081   0.0006036236   0.0001233798   0.0000320933
       -0.0000785660   0.0001201294  -0.0004035086  -0.0000314903  -0.0000999503
       -0.0113485244  -0.0259460624  -0.0050174225  -0.1021216754  -0.2390565826
       -0.0452635711  -0.0023008264  -0.0021239838  -0.0009870819  -0.0002014741
        0.0013982362  -0.0000944153   0.0006404392   0.0006058100   0.0002851582
        0.0030909801  -0.0042370996   0.0013385276   0.0002214669  -0.0002045971
       -0.0000429834  -0.0001065522  -0.0000153022   0.0000383714  -0.0005170342
        0.0006643364  -0.0002254901   0.1126275884   0.2693121206   0.0498839994
        0.0006774722   0.0009849209   0.0002878525   0.0000047377   0.0000458156
        0.0000013696  -0.0006001111  -0.0014523168  -0.0002443555  -0.0000290688
        0.0000075290   0.0000163716  -0.0000374179   0.0000171758   0.0000236695
        0.0021020533   0.0047061545   0.0018488738  -0.0268866168  -0.0452239200
       -0.0465271454  -0.0068343837  -0.0106829644  -0.0022627595  -0.0052747574
        0.0002939170   0.0060456181   0.0000111660   0.0002388978  -0.0001799267
       -0.0031036764   0.0011366291   0.0065426421  -0.0001685365  -0.0006253065
       -0.0001229199  -0.0000249422   0.0000320855  -0.0000509950   0.0012404739
        0.0003493158  -0.0019738357   0.0369847804   0.0498839994   0.0404727056
        0.0012233107  -0.0002841523  -0.0021640405   0.0006597165  -0.0000251515
       -0.0015265432   0.0001251637   0.0002501317  -0.0000524276   0.0000380222
       -0.0000246008   0.0000596348  -0.0000917737  -0.0000250352  -0.0001088811
       -0.0036890026  -0.0003285360  -0.0052044278  -0.0146178724   0.0243623569
       -0.0066801167  -0.0955629216   0.1010283091  -0.0263224688   0.0051793979
       -0.0094542886   0.0016787127   0.0006213235  -0.0025821056  -0.0030201617
       -0.0001781519  -0.0005164769   0.0000474641   0.0003801743  -0.0014849269
        0.0014989080   0.0001035916   0.0000601003  -0.0001082264  -0.0008676072
        0.0012700460  -0.0003736228   0.0000663415   0.0006774722   0.0012233107
        0.1087718843  -0.1122869726   0.0368587771   0.0001871270  -0.0006390670
        0.0000813020  -0.0003150803  -0.0000032299   0.0006597405  -0.0000712969
       -0.0002179060  -0.0003382413  -0.0000079072   0.0001152250  -0.0000009495
        0.0002379126   0.0013210417   0.0000445583   0.0022045375  -0.0017554533
        0.0009581900   0.1014552972  -0.2361503735   0.0432670607   0.0115385519
       -0.0270097923   0.0049232873  -0.0030479216  -0.0041244465  -0.0013791031
       -0.0005082768   0.0005724746  -0.0002279308   0.0014827749   0.0007954386
        0.0002910799  -0.0007239008  -0.0000906030   0.0006307865   0.0000433593
       -0.0001990800   0.0000251190  -0.0006832915   0.0009849209  -0.0002841523
       -0.1122869726   0.2666600839  -0.0478701065   0.0006419044  -0.0014640523
        0.0002692767  -0.0000006489   0.0000458341   0.0000209368  -0.0007350939
        0.0000181372  -0.0007333550   0.0003817683   0.0003958699   0.0000643524
       -0.0052228338  -0.0001196128   0.0059002144  -0.0068882551   0.0106331963
       -0.0019625474  -0.0262216444   0.0430212018  -0.0453602592   0.0015050185
       -0.0040992200   0.0016790124  -0.0029841590  -0.0011165533   0.0061814800
        0.0000287858  -0.0002345776  -0.0002640598   0.0012800502  -0.0008583208
       -0.0013780995   0.0005343327  -0.0000161722  -0.0001986584  -0.0003364729
        0.0005513388  -0.0002795206   0.0011948226   0.0002878525  -0.0021640405
        0.0368587771  -0.0478701065   0.0395119444   0.0000794690  -0.0002628956
        0.0001805733   0.0006662482  -0.0000053885  -0.0015263653  -0.0003651404
        0.0000327748  -0.0002032700  -0.0001289986   0.0000564832  -0.0001164038
       -0.0036891859   0.0003003331  -0.0052063169  -0.0001799310   0.0005150264
        0.0000453057   0.0006108132   0.0025793658  -0.0030328908   0.0051810189
        0.0095181177   0.0016537664  -0.0951781424  -0.1008543886  -0.0258702743
       -0.0145685919  -0.0244105085  -0.0065885562   0.0003810826   0.0014921725
        0.0014943401   0.0001019645  -0.0000594393  -0.0001070031  -0.0008651565
       -0.0012726807  -0.0003691051  -0.0003151028   0.0000047377   0.0006597165
        0.0001871270   0.0006419044   0.0000794690   0.1083486212   0.1121174187
        0.0363566799   0.0000662127  -0.0006732195   0.0012254255  -0.0000067530
       -0.0001165393  -0.0000001842  -0.0000739765   0.0002176997  -0.0003403726
       -0.0002663901   0.0013217118  -0.0000378181   0.0005070324   0.0005761618
        0.0002252489   0.0030456815  -0.0041047828   0.0014113996  -0.0114721163
       -0.0270157182  -0.0048144961  -0.1012823590  -0.2368475422  -0.0426194524
       -0.0022534799  -0.0018490200  -0.0009718890  -0.0014802145   0.0007971133
       -0.0002973509   0.0007237867  -0.0000916509  -0.0006296737  -0.0000458945
       -0.0002035492  -0.0000260752   0.0000020499   0.0000458156  -0.0000251515
       -0.0006390670  -0.0014640523  -0.0002628956   0.1121174187   0.2674334950
        0.0471084322   0.0006875748   0.0009848078   0.0002748781  -0.0003822090
        0.0003945009  -0.0000667795   0.0007381864   0.0000227091   0.0007316231
       -0.0052217613   0.0001266259   0.0059032865   0.0000264449   0.0002315186
       -0.0002665795  -0.0029981526   0.0011485986   0.0061737526   0.0015368013
        0.0042055659   0.0016767442  -0.0257675222  -0.0423740761  -0.0450487166
       -0.0068592012  -0.0106463723  -0.0019218126   0.0012848996   0.0008554256
       -0.0013798783   0.0005330654   0.0000145960  -0.0001974822  -0.0003353114
       -0.0005521273  -0.0002772857   0.0006662764   0.0000013696  -0.0015265432
        0.0000813020   0.0002692767   0.0001805733   0.0363566799   0.0471084322
        0.0391691680   0.0011931112  -0.0002972806  -0.0021648175  -0.0001288089
       -0.0000577931  -0.0001154988  -0.0003678233  -0.0000337597  -0.0002049103
        0.0057241331  -0.0105471928   0.0021580868   0.0008856281  -0.0026405220
       -0.0031196455  -0.0002062618  -0.0006577295  -0.0000109128  -0.0034555742
       -0.0003836294  -0.0050139307  -0.0147991544   0.0242685127  -0.0068760197
       -0.0956944144   0.1020919225  -0.0273599868  -0.0006540030   0.0012555945
       -0.0003440439   0.0001321752  -0.0000015304  -0.0001777525   0.0002799960
       -0.0007837814   0.0012523727   0.0001783081  -0.0006001111   0.0001251637
       -0.0003150803  -0.0000006489   0.0006662482   0.0000662127   0.0006875748
        0.0011931112   0.1082285990  -0.1127974904   0.0374879478  -0.0004028290
        0.0000297800  -0.0001004136   0.0000322648   0.0000792512   0.0001197750
        0.0114158845  -0.0259447589   0.0051210744  -0.0030927837  -0.0042567723
       -0.0013048208  -0.0006421190   0.0006013996  -0.0002876952   0.0001731548
        0.0013971143   0.0001018360   0.0022532833  -0.0020333616   0.0009734619
        0.1022926597  -0.2383411677   0.0459107078  -0.0002232731  -0.0002001183
        0.0000425446   0.0001067425  -0.0000151868  -0.0000386856   0.0005211928
        0.0006629861   0.0002181602   0.0006036236  -0.0014523168   0.0002501317
       -0.0000032299   0.0000458341  -0.0000053885  -0.0006732195   0.0009848078
       -0.0002972806  -0.1127974904   0.2685262421  -0.0506439118   0.0000362367
        0.0000173486  -0.0000240575   0.0000293378   0.0000079496  -0.0000160768
        0.0020688913  -0.0046028490   0.0018462613  -0.0030906485  -0.0011026243
        0.0065509920   0.0000140351  -0.0002415537  -0.0001765336  -0.0052748649
       -0.0002868371   0.0060436636  -0.0068618638   0.0106694733  -0.0023020043
       -0.0273432223   0.0458715809  -0.0468622884  -0.0001685789   0.0006251816
       -0.0001252476  -0.0000250584  -0.0000332534  -0.0000511248   0.0012394051
       -0.0003568130  -0.0019732585   0.0001233798  -0.0002443555  -0.0000524276
        0.0006597405   0.0000209368  -0.0015263653   0.0012254255   0.0002748781
       -0.0021648175   0.0374879478  -0.0506439118   0.0408416582  -0.0000923978
        0.0000250483  -0.0001079996   0.0000378095   0.0000250989   0.0000594921
        0.0001704538   0.0001537681   0.0000201103   0.0001231859   0.0001293425
        0.0003370766   0.0002553575   0.0018863179   0.0004377120  -0.0090969036
        0.0213222347  -0.0155763868  -0.0038049095  -0.0005591077  -0.0029486219
       -0.0011564008   0.0008668431   0.0003390529  -0.0425182956   0.0359172180
       -0.0270651727  -0.0046660005  -0.0106871650   0.0150636071   0.0000366777
       -0.0000495200  -0.0001013796   0.0000320933  -0.0000290688   0.0000380222
       -0.0000712969  -0.0007350939  -0.0003651404  -0.0000067530  -0.0003822090
       -0.0001288089  -0.0004028290   0.0000362367  -0.0000923978   0.0592513905
       -0.0433503965   0.0281183151   0.0018542304  -0.0045194001   0.0019240119
       -0.0000466335   0.0002597641  -0.0000560134   0.0002653824  -0.0003017786
       -0.0001418314  -0.0016868048   0.0010659939  -0.0009279820   0.0041659213
       -0.0020309595   0.0015610125   0.0006548564   0.0000510563   0.0006964810
       -0.0000163434  -0.0001513676  -0.0001034666   0.0375833903  -0.2120418255
        0.1068663493  -0.0017319934   0.0016074088   0.0012677519  -0.0000078040
        0.0000197368   0.0000902576  -0.0000785660   0.0000075290  -0.0000246008
       -0.0002179060   0.0000181372   0.0000327748  -0.0001165393   0.0003945009
       -0.0000577931   0.0000297800   0.0000173486   0.0000250483  -0.0433503965
        0.2358433413  -0.1212485232   0.0045536565  -0.0247588857   0.0120205351
        0.0001202783  -0.0001080523   0.0000468380   0.0001400060   0.0000016425
        0.0002724255   0.0004753798   0.0003690614   0.0002043709  -0.0039313790
        0.0112234780  -0.0050956579  -0.0028418492   0.0000809191  -0.0007528960
       -0.0000883211   0.0007781437   0.0002646827  -0.0324816786   0.1094923915
       -0.1075098681   0.0088143571   0.0120641579  -0.0176249653   0.0000869701
       -0.0000283753  -0.0000129281   0.0001201294   0.0000163716   0.0000596348
       -0.0003382413  -0.0007333550  -0.0002032700  -0.0000001842  -0.0000667795
       -0.0001154988  -0.0001004136  -0.0000240575  -0.0001079996   0.0281183151
       -0.1212485232   0.1217743305   0.0019066313  -0.0118170230   0.0088008013
        0.0001710963  -0.0001527009   0.0000205801  -0.0011521509  -0.0008699725
        0.0003395171  -0.0038121462   0.0005381841  -0.0029524974  -0.0090621408
       -0.0214186782  -0.0154426517   0.0002569482  -0.0018884779   0.0004443448
        0.0001246831  -0.0001268701   0.0003356664  -0.0424687535  -0.0359350369
       -0.0267534384  -0.0046737023   0.0107731364   0.0149964783   0.0000362955
        0.0000493351  -0.0001006311  -0.0004035086  -0.0000374179  -0.0000917737
       -0.0000079072   0.0003817683  -0.0001289986  -0.0000739765   0.0007381864
       -0.0003678233   0.0000322648   0.0000293378   0.0000378095   0.0018542304
        0.0045536565   0.0019066313   0.0591787676   0.0433655499   0.0277567870
        0.0000468580   0.0002598470   0.0000537914   0.0000153925  -0.0001564700
        0.0001053150  -0.0006733458   0.0000476577  -0.0007043185  -0.0041917265
       -0.0021345002  -0.0015945833   0.0016886930   0.0010722753   0.0009243772
       -0.0002619604  -0.0003013812   0.0001448011  -0.0376390487  -0.2133986060
       -0.1062611511   0.0017803027   0.0015390785  -0.0013703524   0.0000079997
        0.0000197255  -0.0000898213  -0.0000314903   0.0000171758  -0.0000250352
        0.0001152250   0.0003958699   0.0000564832   0.0002176997   0.0000227091
       -0.0000337597   0.0000792512   0.0000079496   0.0000250989  -0.0045194001
       -0.0247588857  -0.0118170230   0.0433655499   0.2373675548   0.1205861777
        0.0001197742   0.0001074818   0.0000480806  -0.0000869833  -0.0007766499
        0.0002652982  -0.0028437766  -0.0000892638  -0.0007439740  -0.0038984041
       -0.0112471686  -0.0050258910   0.0004707709  -0.0003732311   0.0001994741
        0.0001414287   0.0000001480   0.0002700063  -0.0321572041  -0.1088902322
       -0.1062265693   0.0088083385  -0.0121697769  -0.0175392216   0.0000867543
        0.0000284118  -0.0000122513  -0.0000999503   0.0000236695  -0.0001088811
       -0.0000009495   0.0000643524  -0.0001164038  -0.0003403726   0.0007316231
       -0.0002049103   0.0001197750  -0.0000160768   0.0000594921   0.0019240119
        0.0120205351   0.0088008013   0.0277567870   0.1205861777   0.1203349498
