           1           2   1.00611817677407     
           2           3   1.00263301693542     
           3           4  0.968679289099231     
           1           5   1.00251994534193     
           4           5  0.968435788296764     
           1           6  0.979267466424199     
           1           7  0.977726459130995     
           2           8  0.977670947558140     
           2           9  0.979188300990526     
           3          10  0.972911962705818     
           3          11  0.973565279272227     
           5          12  0.973657408199348     
           5          13  0.973105205155957     
