           1           2   1.02946934631118     
           2           3   1.87245697165270     
           3           4   1.02618333796411     
           4           5  0.978972270625029     
           5           6  0.963489590857191     
           5           7  0.978939740170678     
           2           8  0.988381548748156     
           7           8  0.975106061854126     
           8           9  0.948004928031194     
           8          10  0.985539162372083     
           5          11  0.996355312439686     
          11          12   1.92999445423892     
          11          13   1.02405537478489     
           1          14  0.983289112104277     
           1          15  0.967479666921913     
           1          16  0.970549225494249     
           3          17  0.967283605329311     
           4          18  0.978143624171314     
           4          19  0.957020785451075     
           7          20  0.977086117734431     
           7          21  0.978438533696753     
          10          22  0.863770426399250     
          12          23  0.974664221231593     
          12          24  0.973071739473370     
          13          25  0.971057742618896     
          13          26  0.970268891188305     
          13          27  0.984396257246691     
