           1           2   1.00853419201859     
           2           3  0.966915714260366     
           2           4  0.998692310498823     
           4           5   1.00813499847350     
           5           6   1.00898755470177     
           6           7   1.00926597893420     
           2           8  0.984931503307390     
           7           8  0.996453255300597     
           8           9  0.971329772217666     
           8          10   1.00462563038055     
           1          11  0.982761170886769     
           1          12  0.986142950710834     
           1          13  0.986318504145491     
           4          14  0.974577675523972     
           4          15  0.976568036252742     
           5          16  0.977634448235040     
           5          17  0.977556285192965     
           6          18  0.974013998474400     
           6          19  0.977278615898555     
           7          20  0.976769973975810     
           7          21  0.977260879544802     
          10          22  0.990385171366377     
          10          23  0.983572405909186     
          10          24  0.980616287627739     
