           1           2  0.974994319719963     
           2           3  0.957318918558919     
           2           4  0.960112559725689     
           4           5  0.958712054581547     
           4           6  0.969139909204696     
           6           7  0.956980143395197     
           6           8  0.969941430749570     
           8           9  0.955178833616973     
           8          10  0.951756353412343     
          10          11  0.949157518902651     
           2          12  0.959637516128881     
          10          12  0.950231615058639     
          10          13   1.03172199406304     
           8          14   1.00395996076807     
           6          15  0.998060026254606     
           4          16  0.998590477047622     
           1          17   1.01242534156718     
           1          18  0.966910208594570     
           1          19  0.966733716929695     
          13          20  0.832574289516177     
          14          21  0.841549975143068     
          15          22  0.844687447439178     
          16          23  0.849991033302031     
          17          24  0.856412732846059     
