           1           2   1.01347151320177     
           2           3  0.921599716601730     
           3           4   1.16300837985968     
           3           5  0.168746431445225     
           4           5   1.68915457526221     
           4           6  0.999772315872828     
           1           7  0.980407175808676     
           1           8  0.984443132769395     
           1           9  0.985877104942924     
           2          10  0.970219422588707     
           2          11  0.969231513824213     
           6          12  0.977338078837626     
           6          13  0.945196816749393     
           6          14  0.965358790206743     
