           1           2   1.43467509973487     
           2           3   1.42374007493556     
           3           4   1.44130744553615     
           4           5   1.34540209668470     
           1           6   1.44756480488337     
           3           6  0.104757673760157     
           5           6   1.35990610346282     
           5           7   1.10341157227543     
           4           8  0.950769091722741     
           1           9  0.968484354115129     
           2          10  0.967356291380633     
           3          11  0.967595554170760     
           6          12  0.962983363368284     
           7          13  0.832928742173330     
