$hessian                                                                        
        0.5004557048  -0.0182870854  -0.0230632332  -0.0897337130  -0.0304029177
       -0.0435147892  -0.0135179638  -0.0159426424  -0.0165072232   0.0004810482
        0.0002085950   0.0000213961   0.0003173131   0.0009648094   0.0002454577
       -0.0001167625   0.0001693752   0.0000441713   0.0002828640   0.0000940581
        0.0001389002  -0.2517739930  -0.0437512994   0.0638944936  -0.0437131635
        0.0036040554  -0.0034372612  -0.0997574992   0.1016133856   0.0172468653
        0.0058697828   0.0082668970   0.0117143580  -0.0023012171  -0.0031477628
       -0.0065868949  -0.0039573468  -0.0032356080   0.0003862205   0.0008216422
        0.0009348632  -0.0007556386  -0.0004659336  -0.0003595886  -0.0000318317
       -0.0022532844  -0.0005850032   0.0004977444  -0.0001427939  -0.0000166722
       -0.0001179590  -0.0000344483  -0.0000666869   0.0000141799  -0.0000049161
       -0.0000061700  -0.0000570899  -0.0001035756  -0.0000090367   0.0000471228
        0.0000024231  -0.0000133737  -0.0000346941  -0.0000811797  -0.0000428827
       -0.0000500880  -0.0002729874   0.0000106908  -0.0000942069
       -0.0182870854   0.5099381848  -0.0218867141  -0.0285146999  -0.1061856008
       -0.0529949343  -0.0086156784  -0.0086545971  -0.0073480937   0.0002655201
        0.0001461843  -0.0000487616  -0.0010069631  -0.0004637084   0.0003024631
       -0.0001945172  -0.0000009928   0.0000551479  -0.0000407425  -0.0003927999
       -0.0001669658  -0.0443057048  -0.0533980076   0.0152385417   0.0034716784
       -0.1093376913   0.1068202196   0.1017126276  -0.2228085495  -0.0284599980
       -0.0086031056  -0.0172438215  -0.0214770875   0.0055024731   0.0079918787
        0.0106369888  -0.0028053454  -0.0007841404   0.0004322989   0.0000316299
        0.0005344165  -0.0010083724  -0.0001614669  -0.0000157569   0.0000695980
        0.0013305181   0.0002545141  -0.0004862088  -0.0000932159   0.0000153872
       -0.0000058427   0.0000424580   0.0000558001   0.0000732549  -0.0000040893
        0.0000695792  -0.0000740129  -0.0000459712   0.0000102067   0.0000257843
        0.0000720303   0.0000842456  -0.0000422841  -0.0000739270  -0.0000459285
        0.0000162691   0.0003235771   0.0002311977   0.0003287097
       -0.0230632332  -0.0218867141   0.4908009394  -0.0410488309  -0.0525924432
       -0.1392539551  -0.0009673497   0.0018706314   0.0045310693  -0.0001224547
        0.0000457450  -0.0001794597  -0.0004421187  -0.0003692997  -0.0001611574
       -0.0000182838  -0.0001043046  -0.0000888969   0.0002105461  -0.0000294039
       -0.0002641704   0.0637272142   0.0150969372  -0.0620266456  -0.0029758031
        0.1063108162  -0.2161872486   0.0172167313  -0.0288392116  -0.0479379094
       -0.0039407339  -0.0091204118  -0.0086527660  -0.0123318746  -0.0131460948
       -0.0234634739   0.0015002682   0.0015917471   0.0006972841   0.0011184631
        0.0006663847   0.0014394061   0.0001146913   0.0001268836   0.0000748737
        0.0008324840   0.0003181511  -0.0000667469   0.0001847577  -0.0000356081
        0.0002165600   0.0000673072   0.0001191555   0.0000970753  -0.0000425979
       -0.0000252501   0.0000513577   0.0000485421  -0.0000130262   0.0000200650
       -0.0000319482  -0.0000075829   0.0000922025   0.0000370820   0.0000063577
        0.0002078208  -0.0000728585   0.0000165416   0.0000537761
       -0.0897337130  -0.0285146999  -0.0410488309   0.4675536145  -0.0252992466
        0.0098929656  -0.1511315924  -0.0505100371   0.0288186396  -0.0213580520
       -0.0061725458   0.0048948805   0.0001768050  -0.0003413439  -0.0002746110
       -0.0031719050   0.0021190529   0.0007888823   0.0004255436  -0.0002183937
        0.0003184698  -0.0164470675  -0.0169610797  -0.0206844356  -0.0013506856
       -0.0007576786  -0.0041938647   0.0069314174   0.0075129980   0.0098890375
       -0.1305565984   0.1057838369   0.0359554113  -0.0480338295   0.0226428092
       -0.0286512500  -0.0120082627  -0.0082635457   0.0018662336   0.0002887895
       -0.0010197678   0.0017527546   0.0000917187   0.0000392517   0.0000804118
        0.0002561857   0.0002175991   0.0001012261  -0.0000810228   0.0000286146
        0.0001228625   0.0001083264   0.0002086913   0.0001999384   0.0000207238
        0.0002096448  -0.0001304274  -0.0010166505  -0.0006529159   0.0000589000
       -0.0000207193  -0.0004273773   0.0002944364  -0.0000940414   0.0001525426
        0.0000429506  -0.0008489845   0.0002235908  -0.0000945809
       -0.0304029177  -0.1061856008  -0.0525924432  -0.0252992466   0.5116076903
       -0.0208390183  -0.0425785117  -0.0923344142   0.0163541077   0.0099363526
        0.0096872525  -0.0036481558  -0.0002555962   0.0000163831   0.0003646650
        0.0027982998  -0.0010271446  -0.0003418608  -0.0005442923  -0.0001422725
       -0.0000111214  -0.0060270034  -0.0053798148  -0.0064959883   0.0056397444
        0.0081424430   0.0098456865  -0.0103263458  -0.0174613447  -0.0205839315
        0.1059155496  -0.1634199349  -0.0401255976   0.0226036319  -0.1211264146
        0.1071415764  -0.0191631224  -0.0127048712   0.0033738280  -0.0150384230
       -0.0100171608   0.0079411845   0.0000597688  -0.0001001487  -0.0000755030
        0.0000104801  -0.0001443576  -0.0001181449   0.0000571265  -0.0000305708
       -0.0001061919   0.0000445526   0.0000594003   0.0001642945   0.0000664016
        0.0001008971  -0.0001605003   0.0009320372   0.0004725991  -0.0000002672
        0.0002777962   0.0001659190  -0.0000313673   0.0001887585   0.0000280656
        0.0000527095   0.0011049593  -0.0002065998  -0.0001079604
       -0.0435147892  -0.0529949343  -0.1392539551   0.0098929656  -0.0208390183
        0.4986140686   0.0300840463   0.0186131648  -0.0763668147   0.0049858940
        0.0002993424  -0.0012275191  -0.0003394485   0.0000260629  -0.0000408675
        0.0000777758  -0.0000265391   0.0002304505   0.0005001152  -0.0000964178
       -0.0004217236   0.0021081890   0.0022863835   0.0043260049  -0.0131664169
       -0.0125118857  -0.0247900925  -0.0015820401  -0.0063740956  -0.0058823532
        0.0360669843  -0.0398468673  -0.0592780607  -0.0293052583   0.1080031072
       -0.1907221315  -0.0164232790  -0.0123843250   0.0042233821   0.0215539022
        0.0157551560  -0.0101672923  -0.0001539664   0.0000116417   0.0000519681
        0.0000751524  -0.0004525838  -0.0000469888   0.0001343386   0.0001442058
       -0.0000510740   0.0000469169  -0.0000076497   0.0000498203  -0.0001075174
       -0.0001332999   0.0000346352  -0.0001307213   0.0000611861   0.0002744725
        0.0000050273   0.0002027267  -0.0001260770  -0.0004347197  -0.0000873500
        0.0000317214  -0.0003731507   0.0003519894   0.0005384265
       -0.0135179638  -0.0086156784  -0.0009673497  -0.1511315924  -0.0425785117
        0.0300840463   0.4572757760   0.0087842583   0.0152331627  -0.1302171596
        0.0463795618   0.0106682580  -0.0019240732   0.0033313173   0.0029091646
       -0.0310249604   0.0085927637   0.0039003283  -0.0066549870   0.0068047080
       -0.0031354814  -0.0004033810  -0.0019134847  -0.0017225509   0.0006343474
        0.0002588100   0.0009013568   0.0002234006   0.0000113745   0.0000092252
       -0.0251900493  -0.0083921731   0.0093905207   0.0017100951  -0.0013307473
        0.0015532807  -0.0492592065  -0.0301962766  -0.0357098421  -0.0479377819
        0.0190299983  -0.0327457118   0.0007525240   0.0000428760  -0.0003144011
        0.0003575882  -0.0001206710  -0.0001943460   0.0003207411  -0.0003417990
       -0.0006597254   0.0002264870   0.0011234363   0.0005797470   0.0004570095
        0.0012027253  -0.0003074820  -0.0050843790  -0.0022317547   0.0003970228
        0.0000361267   0.0006708040  -0.0005988667   0.0001704555  -0.0000499769
        0.0004938313   0.0001809830  -0.0004615601   0.0002358128
       -0.0159426424  -0.0086545971   0.0018706314  -0.0505100371  -0.0923344142
        0.0186131648   0.0087842583   0.4660158796  -0.0007519739   0.0535348610
       -0.0992677740  -0.0078606820   0.0140883733  -0.0110761954  -0.0064354280
       -0.0107025685   0.0051088081   0.0008310942   0.0174887694  -0.0137778650
        0.0022867784  -0.0014744035  -0.0014515939  -0.0018631525   0.0009184397
        0.0009355535   0.0007549043  -0.0002043079   0.0001029851   0.0001660840
        0.0163473142   0.0064170906  -0.0067303772  -0.0160217330  -0.0092490918
        0.0082580604  -0.0298338165  -0.1403585678  -0.1050831442   0.0191705936
       -0.1003282356   0.0953306742   0.0001896523  -0.0016153544  -0.0025460001
        0.0001751274   0.0002658545   0.0002714001  -0.0003807291   0.0007281672
        0.0011302443  -0.0013229814   0.0004332498   0.0003745489  -0.0009819036
        0.0006048786  -0.0001769035  -0.0038809394  -0.0011175696   0.0000738265
        0.0007412388  -0.0025448381   0.0028052473  -0.0002060103   0.0009005368
       -0.0008213782   0.0000234447   0.0002630930  -0.0004976192
       -0.0165072232  -0.0073480937   0.0045310693   0.0288186396   0.0163541077
       -0.0763668147   0.0152331627  -0.0007519739   0.5294132825   0.0101927088
       -0.0072130314  -0.0655044001   0.0189551789  -0.0134296705  -0.0072995447
        0.0028383998  -0.0007743757  -0.0004482850  -0.0166069755   0.0122433183
       -0.0002902023  -0.0031612634  -0.0029325601  -0.0024731028  -0.0010337787
       -0.0008706397   0.0013169491  -0.0000836808   0.0000428333   0.0003463908
        0.0082890914   0.0027495908  -0.0022944326   0.0208729852   0.0125870092
       -0.0095979112  -0.0356440928  -0.1061930868  -0.1622624063  -0.0324719737
        0.0956028604  -0.2048966314   0.0008909211  -0.0034200497  -0.0043355826
        0.0001925361   0.0001557450   0.0005818857   0.0011499908  -0.0009395293
        0.0006126028  -0.0010476938   0.0001937956   0.0002634608   0.0007033126
       -0.0002965148   0.0004293827   0.0005540815   0.0000280517   0.0002505409
       -0.0014874336   0.0038923505  -0.0029911650  -0.0007031874   0.0004548871
        0.0006502165   0.0000562943  -0.0001350243   0.0003646976
        0.0004810482   0.0002655201  -0.0001224547  -0.0213580520   0.0099363526
        0.0049858940  -0.1302171596   0.0535348610   0.0101927088   0.4623823431
       -0.0056086290  -0.0001540416  -0.0634917120  -0.0014556802  -0.0025030487
       -0.1355149233  -0.0573754433   0.0002085066  -0.0650475930   0.0095695514
       -0.0099178650   0.0002568383  -0.0000728070  -0.0000973714  -0.0001652388
        0.0000073485  -0.0001239648   0.0001149521  -0.0004412286  -0.0002101128
       -0.0032531360  -0.0016169387   0.0010651151   0.0011596694   0.0004811305
       -0.0006523128   0.0002942661   0.0005602833   0.0016723297  -0.0070683146
        0.0072567663  -0.0012574079  -0.0031973323   0.0139694136   0.0233567846
       -0.0016060215  -0.0122207703  -0.0184376470  -0.0003265215  -0.0019857036
       -0.0046950609  -0.0037267918  -0.0037847015  -0.0019714674   0.0011918577
       -0.0003742087   0.0013754513  -0.0255459659  -0.0136587148   0.0012304735
       -0.0067560908   0.0190354641  -0.0197157407   0.0000205114  -0.0007915146
        0.0001910874   0.0013733668  -0.0152303511   0.0155801448
        0.0002085950   0.0001461843   0.0000457450  -0.0061725458   0.0096872525
        0.0002993424   0.0463795618  -0.0992677740  -0.0072130314  -0.0056086290
        0.4918123650  -0.0007421425  -0.0002384462  -0.0925604880  -0.0530260933
       -0.0588960620  -0.1087157076   0.0009469791   0.0102234563  -0.1159267052
        0.0601385885  -0.0001287280  -0.0002515801  -0.0001265988  -0.0000141588
       -0.0000157407  -0.0000600165  -0.0001493452  -0.0002013893  -0.0000938628
       -0.0032506335  -0.0001348012   0.0016529368  -0.0000042712   0.0002947616
        0.0003724027   0.0157847298  -0.0161852476  -0.0059425661   0.0145224392
       -0.0128390285   0.0012081552   0.0032175260  -0.0087471132  -0.0135613326
       -0.0025112383  -0.0132013466  -0.0183782431   0.0004344565   0.0075615127
        0.0159940269  -0.0116180376  -0.0114196603  -0.0030420866  -0.0161631719
       -0.0162318794   0.0033808458   0.0104664398   0.0076695894  -0.0003555402
        0.0055215370  -0.0123548562   0.0115636730  -0.0015083572   0.0080829715
       -0.0091299015  -0.0004951167  -0.0172013190   0.0160687200
        0.0000213961  -0.0000487616  -0.0001794597   0.0048948805  -0.0036481558
       -0.0012275191   0.0106682580  -0.0078606820  -0.0655044001  -0.0001540416
       -0.0007421425   0.4926648131  -0.0011715120  -0.0526272346  -0.1576675216
        0.0009311525   0.0009474566  -0.0629676989  -0.0113783650   0.0611520795
       -0.1335861275   0.0000493787  -0.0000494399  -0.0000851204  -0.0001971666
        0.0002143482  -0.0001559962  -0.0001466539  -0.0002237533   0.0002964238
        0.0016712577   0.0007918961   0.0000324083   0.0001884560  -0.0000001867
       -0.0001814928   0.0162107471  -0.0172656268  -0.0052978325  -0.0187493244
        0.0165015041  -0.0001369232   0.0029043246  -0.0048980892  -0.0067256385
       -0.0019242878  -0.0025802158  -0.0018071329  -0.0010036971  -0.0082971940
       -0.0254441733  -0.0198586637  -0.0175395912  -0.0028070069   0.0162080707
        0.0151074550  -0.0023232257   0.0042648918   0.0025425751  -0.0004627190
       -0.0015034211   0.0008895983   0.0004112410  -0.0035399880   0.0155287566
       -0.0257673957   0.0016143074   0.0021054040  -0.0010775023
        0.0003173131  -0.0010069631  -0.0004421187   0.0001768050  -0.0002555962
       -0.0003394485  -0.0019240732   0.0140883733   0.0189551789  -0.0634917120
       -0.0002384462  -0.0011715120   0.5238467157   0.0081979567   0.0054088271
       -0.0055539127  -0.0137063336  -0.0186366924  -0.0000271221  -0.0013575690
       -0.0032564586  -0.0002352504   0.0003238302   0.0001919322  -0.0000258061
       -0.0000944853   0.0002721396  -0.0019026480   0.0005535361   0.0007015915
       -0.0000718312  -0.0000452642   0.0000505087  -0.0000746074   0.0000985898
        0.0001985110  -0.0032602811   0.0035278866   0.0017677523   0.0005685098
       -0.0004155693   0.0011373049  -0.2313312005   0.0904653390   0.0302417165
       -0.1647022348  -0.1222522700  -0.0000794111  -0.0512015023   0.0265941745
       -0.0311796277  -0.0034523380  -0.0039688540  -0.0013695919   0.0004752672
        0.0003409439  -0.0004820932   0.0007475012  -0.0010979424  -0.0012693274
        0.0003976421  -0.0002990664  -0.0006081593   0.0003310911   0.0003242741
       -0.0007636696   0.0003936745   0.0002234555   0.0006726476
        0.0009648094  -0.0004637084  -0.0003692997  -0.0003413439   0.0000163831
        0.0000260629   0.0033313173  -0.0110761954  -0.0134296705  -0.0014556802
       -0.0925604880  -0.0526272346   0.0081979567   0.5116628865  -0.0316798502
       -0.0063638746  -0.0147224021  -0.0189602159   0.0004450950   0.0055210772
        0.0143364346   0.0002325922  -0.0000624378  -0.0001058939   0.0000099349
        0.0002037387  -0.0001667219  -0.0007440920  -0.0000577422   0.0004253820
        0.0001855253   0.0001112350   0.0000090493   0.0001826853   0.0000477799
       -0.0000268660   0.0026432469  -0.0020521135  -0.0014046325  -0.0002413314
        0.0005189476  -0.0014057548   0.0908150409  -0.0872110826  -0.0135170902
       -0.1228960411  -0.1658187410   0.0008375081   0.0266254004  -0.1419256030
        0.1146621632  -0.0032537572  -0.0030974798  -0.0011141738   0.0002926271
        0.0005177383  -0.0010324627   0.0008424896   0.0005137311  -0.0000969058
       -0.0003727716   0.0005149610   0.0006088915   0.0004899053  -0.0014831265
        0.0040572052   0.0004102658   0.0009026422   0.0009740759
        0.0002454577   0.0003024631  -0.0001611574  -0.0002746110   0.0003646650
       -0.0000408675   0.0029091646  -0.0064354280  -0.0072995447  -0.0025030487
       -0.0530260933  -0.1576675216   0.0054088271  -0.0316798502   0.4650567050
       -0.0033902561  -0.0060771758  -0.0057577019  -0.0017268420  -0.0070557014
       -0.0293011448   0.0001571283  -0.0001878078   0.0000121048   0.0000260488
       -0.0001271179   0.0001562707   0.0002941271  -0.0000974475  -0.0001225393
        0.0000332507   0.0000297118   0.0000280444   0.0000289838  -0.0000773109
        0.0000847289   0.0008923087  -0.0002797781   0.0001492113  -0.0009430179
        0.0010552042   0.0010425283   0.0298304946  -0.0134543673  -0.0477711039
       -0.0000200622   0.0010286578  -0.0421926155  -0.0312650889   0.1144041386
       -0.1745803328  -0.0003341569  -0.0003543987   0.0005726380   0.0006414755
        0.0005383543   0.0007210448   0.0006082226   0.0004790091   0.0002442460
        0.0004246659  -0.0008065947   0.0005017225  -0.0008224718   0.0027315153
       -0.0044589984  -0.0002206000  -0.0012746476   0.0007842830
       -0.0001167625  -0.0001945172  -0.0000182838  -0.0031719050   0.0027982998
        0.0000777758  -0.0310249604  -0.0107025685   0.0028383998  -0.1355149233
       -0.0588960620   0.0009311525  -0.0055539127  -0.0063638746  -0.0033902561
        0.4758693241  -0.0396595262   0.0006168265  -0.0015680017  -0.0033101813
        0.0018914601  -0.0000710324  -0.0001049648  -0.0001398143  -0.0000385891
       -0.0000252469   0.0000642463  -0.0000873897   0.0000866083   0.0000529772
       -0.0012577095  -0.0003446332   0.0005572210  -0.0000554842   0.0000514297
       -0.0001013714  -0.0003414875  -0.0019217578  -0.0005751113   0.0001766814
       -0.0008422876   0.0002944395   0.0010667817   0.0009546604   0.0009338718
        0.0005139486  -0.0001266477  -0.0006363126   0.0001280040   0.0001104626
        0.0004512633  -0.0443824017  -0.0072784811  -0.0154146526  -0.0464298400
        0.0206368598  -0.0210369106  -0.2099721174   0.1032656641   0.0338345465
        0.0010430910   0.0009100985  -0.0007238644   0.0001571834   0.0003852960
       -0.0003303708   0.0006315030   0.0005713698  -0.0001772322
        0.0001693752  -0.0000009928  -0.0001043046   0.0021190529  -0.0010271446
       -0.0000265391   0.0085927637   0.0051088081  -0.0007743757  -0.0573754433
       -0.1087157076   0.0009474566  -0.0137063336  -0.0147224021  -0.0060771758
       -0.0396595262   0.4935474768   0.0018148020  -0.0162722686  -0.0194337092
        0.0057886380   0.0001171315   0.0001244643   0.0000771730  -0.0000208846
       -0.0000228975  -0.0000101631   0.0000029757   0.0000966379   0.0000202500
        0.0006064557   0.0001436387  -0.0002583827   0.0000206893   0.0000143650
       -0.0000775539   0.0020183752   0.0009643181   0.0001633396   0.0008495474
        0.0004920890  -0.0003693813  -0.0012563866   0.0001956462   0.0005510385
       -0.0008154679  -0.0017131602  -0.0030287963   0.0001351383   0.0005791887
        0.0006436537  -0.0074918377  -0.0942436463  -0.0969485366   0.0203134385
       -0.1527923625   0.1161820457   0.1034929249  -0.1063816651  -0.0208272905
       -0.0013702196   0.0004337973  -0.0003914112  -0.0000137576   0.0005869562
       -0.0007385944  -0.0004557427  -0.0032336983   0.0034441082
        0.0000441713   0.0000551479  -0.0000888969   0.0007888823  -0.0003418608
        0.0002304505   0.0039003283   0.0008310942  -0.0004482850   0.0002085066
        0.0009469791  -0.0629676989  -0.0186366924  -0.0189602159  -0.0057577019
        0.0006168265   0.0018148020   0.5239172600   0.0153560042   0.0167215645
       -0.0040438239   0.0000067797   0.0000607253   0.0000666613   0.0000246694
       -0.0000754249   0.0000534621   0.0000360133   0.0000597370  -0.0000992911
        0.0001720462   0.0000487019  -0.0000075668  -0.0001403836   0.0000499449
        0.0001052039   0.0017231124   0.0006187223   0.0007633627  -0.0004842688
       -0.0002776032   0.0002604759  -0.0011982792  -0.0000550051   0.0006399490
       -0.0011850467  -0.0037212265  -0.0044714490  -0.0005483263  -0.0008696362
        0.0008001114  -0.0156961573  -0.0969515397  -0.2281939900  -0.0206790469
        0.1164683762  -0.1680920061   0.0337634263  -0.0208346091  -0.0508270328
        0.0007272609  -0.0002843918   0.0005797598   0.0007234921   0.0008038485
        0.0007835579   0.0004766816   0.0038918693  -0.0032025122
        0.0002828640  -0.0000407425   0.0002105461   0.0004255436  -0.0005442923
        0.0005001152  -0.0066549870   0.0174887694  -0.0166069755  -0.0650475930
        0.0102234563  -0.0113783650  -0.0000271221   0.0004450950  -0.0017268420
       -0.0015680017  -0.0162722686   0.0153560042   0.5209687853   0.0104254287
       -0.0089117125  -0.0000404130   0.0000199950  -0.0000571470  -0.0000890390
       -0.0000155139  -0.0001526989  -0.0001346493   0.0000479661  -0.0001150866
        0.0000426527   0.0003436998  -0.0004232164  -0.0011580369   0.0012509412
       -0.0006445292   0.0000231743  -0.0001691876  -0.0003566860  -0.0037508667
        0.0040179909  -0.0003675299   0.0004272692  -0.0002611991   0.0005311723
        0.0002429430   0.0005507790  -0.0004946552   0.0004092817  -0.0000910845
       -0.0001957123   0.0005889269   0.0001529385   0.0006446537  -0.0032116407
       -0.0040194831   0.0011984511   0.0008408288  -0.0010429377   0.0007030356
       -0.2325636078   0.0935800031   0.0192566406  -0.0443873896   0.0041341172
        0.0085645328  -0.1656189226  -0.1202244706  -0.0055339951
        0.0000940581  -0.0003927999  -0.0000294039  -0.0002183937  -0.0001422725
       -0.0000964178   0.0068047080  -0.0137778650   0.0122433183   0.0095695514
       -0.1159267052   0.0611520795  -0.0013575690   0.0055210772  -0.0070557014
       -0.0033101813  -0.0194337092   0.0167215645   0.0104254287   0.4945150662
        0.0371568993   0.0000287739   0.0000481809   0.0000450718   0.0000144660
       -0.0000134551   0.0000098085  -0.0001384638   0.0001332157  -0.0002587393
       -0.0000871788  -0.0000922082   0.0002601722   0.0002576501   0.0002569300
        0.0004042273  -0.0000475821   0.0003833708   0.0005430447   0.0025587557
       -0.0020498275  -0.0000353240  -0.0003682223   0.0004695508  -0.0005434235
        0.0002258126   0.0008263431  -0.0010011126  -0.0002044485  -0.0002295168
       -0.0032203073   0.0006482763   0.0005123167   0.0009887887  -0.0032482467
       -0.0031919712   0.0009799289   0.0008517247   0.0006214460  -0.0001279523
        0.0935934805  -0.0894221610  -0.0107928884   0.0041542802  -0.0984356040
       -0.1009674571  -0.1202466802  -0.1601794017  -0.0063761763
        0.0001389002  -0.0001669658  -0.0002641704   0.0003184698  -0.0000111214
       -0.0004217236  -0.0031354814   0.0022867784  -0.0002902023  -0.0099178650
        0.0601385885  -0.1335861275  -0.0032564586   0.0143364346  -0.0293011448
        0.0018914601   0.0057886380  -0.0040438239  -0.0089117125   0.0371568993
        0.4816649882  -0.0000261006   0.0000622270   0.0000243374   0.0000046505
        0.0000399283   0.0001039302  -0.0000228204   0.0000678379   0.0000379714
        0.0001713015  -0.0000885927   0.0001651593   0.0002251659  -0.0000497242
        0.0005282222   0.0004326249  -0.0005609556   0.0005748775   0.0004043977
       -0.0004494826   0.0006138867  -0.0004910137   0.0008371384   0.0005082139
        0.0003223415   0.0012227205   0.0009026209  -0.0000759616  -0.0018247329
       -0.0058068731  -0.0005599363  -0.0007397536   0.0009018534   0.0002963207
        0.0001895176   0.0005611755  -0.0005043279  -0.0002358699   0.0000985239
        0.0195679143  -0.0110203531  -0.0450337243   0.0086626235  -0.1006597549
       -0.2247732840  -0.0055344926  -0.0063194019  -0.0431646868
       -0.2517739930  -0.0443057048   0.0637272142  -0.0164470675  -0.0060270034
        0.0021081890  -0.0004033810  -0.0014744035  -0.0031612634   0.0002568383
       -0.0001287280   0.0000493787  -0.0002352504   0.0002325922   0.0001571283
       -0.0000710324   0.0001171315   0.0000067797  -0.0000404130   0.0000287739
       -0.0000261006   0.2921835290   0.0536247665  -0.0732551803  -0.0023070997
       -0.0013267996   0.0028615470  -0.0210330085  -0.0002374879   0.0073720667
        0.0010383500   0.0001293410   0.0005145202  -0.0001808878   0.0002478616
       -0.0000824591  -0.0008544372  -0.0007311934  -0.0000182317   0.0001682452
        0.0002413521  -0.0001757248  -0.0000994059  -0.0000803782  -0.0000299151
       -0.0002117324  -0.0002709830  -0.0000207705   0.0000373719   0.0000279223
       -0.0001280342   0.0000343869  -0.0000243978  -0.0000265007   0.0000447841
        0.0000195128  -0.0000122299  -0.0000475026   0.0000376758   0.0000278857
        0.0000240933   0.0000102805   0.0000193693   0.0000117988  -0.0000536579
       -0.0000104722  -0.0000941862  -0.0000564727   0.0001028040
       -0.0437512994  -0.0533980076   0.0150969372  -0.0169610797  -0.0053798148
        0.0022863835  -0.0019134847  -0.0014515939  -0.0029325601  -0.0000728070
       -0.0002515801  -0.0000494399   0.0003238302  -0.0000624378  -0.0001878078
       -0.0001049648   0.0001244643   0.0000607253   0.0000199950   0.0000481809
        0.0000622270   0.0536247665   0.0615238783  -0.0141533320  -0.0175309982
       -0.0043329014   0.0081601177   0.0277597605   0.0034474167  -0.0087177184
       -0.0009771605  -0.0000491775   0.0003472688   0.0001786290   0.0000825267
        0.0001740220  -0.0007964428  -0.0006276629  -0.0000453399   0.0001862445
        0.0001170607  -0.0001311222   0.0001107764   0.0001234207  -0.0000206048
       -0.0001889718   0.0000554911   0.0001160430   0.0000881380  -0.0000091922
        0.0000118748   0.0000272965   0.0000084828   0.0000069760   0.0000267314
       -0.0000042791  -0.0000072687  -0.0000511868   0.0000166044   0.0000130625
       -0.0000068911   0.0000119923   0.0000027733   0.0000307157  -0.0000039898
        0.0000046953  -0.0000215972   0.0000111185  -0.0000979124
        0.0638944936   0.0152385417  -0.0620266456  -0.0206844356  -0.0064959883
        0.0043260049  -0.0017225509  -0.0018631525  -0.0024731028  -0.0000973714
       -0.0001265988  -0.0000851204   0.0001919322  -0.0001058939   0.0000121048
       -0.0001398143   0.0000771730   0.0000666613  -0.0000571470   0.0000450718
        0.0000243374  -0.0732551803  -0.0141533320   0.0715934625   0.0276731093
        0.0075296909  -0.0114562843   0.0055492982   0.0003620414  -0.0010509126
       -0.0006003377   0.0002069090   0.0008407723  -0.0001584385  -0.0000199300
        0.0000806995  -0.0007572209  -0.0007350390   0.0001911617   0.0000804587
       -0.0001037282  -0.0000928852   0.0000877521   0.0000154775   0.0000266207
        0.0000651983   0.0002120791  -0.0000488794  -0.0001072638  -0.0000693289
        0.0000512578   0.0000293132   0.0000137896   0.0000313112   0.0000063500
       -0.0000043385  -0.0000234488  -0.0000303511   0.0000012481   0.0000117697
        0.0000057906  -0.0000177765   0.0000030827   0.0000187939  -0.0000068727
        0.0000360692   0.0000076214  -0.0000000427  -0.0000380367
       -0.0437131635   0.0034716784  -0.0029758031  -0.0013506856   0.0056397444
       -0.0131664169   0.0006343474   0.0009184397  -0.0010337787  -0.0001652388
       -0.0000141588  -0.0001971666  -0.0000258061   0.0000099349   0.0000260488
       -0.0000385891  -0.0000208846   0.0000246694  -0.0000890390   0.0000144660
        0.0000046505  -0.0023070997  -0.0175309982   0.0276731093   0.0487701443
       -0.0020693993   0.0059094577  -0.0007770420   0.0113896880  -0.0141666548
        0.0000353776   0.0001277700   0.0004313251  -0.0008061375  -0.0016530045
       -0.0030760772   0.0000805210   0.0000708829   0.0001772592  -0.0001620803
       -0.0005383791   0.0000939728   0.0001577396  -0.0000304540   0.0000518630
       -0.0000988376   0.0004404022  -0.0002145897  -0.0003073177  -0.0001755318
        0.0002502107   0.0000344731   0.0000376356   0.0000327242  -0.0000299007
       -0.0000398879   0.0000128426   0.0000322312   0.0000044309   0.0000003751
        0.0000134494  -0.0000286095   0.0000354136   0.0000396536   0.0000000085
        0.0000806108   0.0000730004  -0.0000237741   0.0000259542
        0.0036040554  -0.1093376913   0.1063108162  -0.0007576786   0.0081424430
       -0.0125118857   0.0002588100   0.0009355535  -0.0008706397   0.0000073485
       -0.0000157407   0.0002143482  -0.0000944853   0.0002037387  -0.0001271179
       -0.0000252469  -0.0000228975  -0.0000754249  -0.0000155139  -0.0000134551
        0.0000399283  -0.0013267996  -0.0043329014   0.0075296909  -0.0020693993
        0.1249556647  -0.1230084053   0.0021010955  -0.0196720041   0.0253182493
       -0.0001048515   0.0002957155  -0.0002234283  -0.0016171449  -0.0007232204
       -0.0027739393   0.0000609948   0.0000211974  -0.0000259455  -0.0000629864
       -0.0000863787   0.0001045609  -0.0001493484  -0.0001074678  -0.0000192045
        0.0001944112  -0.0004213192   0.0003166968   0.0001010845   0.0002213111
       -0.0000995373  -0.0000225972  -0.0000214708  -0.0000162933  -0.0000131997
        0.0000193381  -0.0000080324   0.0000294688  -0.0000182381   0.0000068299
        0.0000165847  -0.0000062418   0.0000206316   0.0000265377   0.0000292162
       -0.0000246728  -0.0001411396  -0.0000451510  -0.0000772254
       -0.0034372612   0.1068202196  -0.2161872486  -0.0041938647   0.0098456865
       -0.0247900925   0.0009013568   0.0007549043   0.0013169491  -0.0001239648
       -0.0000600165  -0.0001559962   0.0002721396  -0.0001667219   0.0001562707
        0.0000642463  -0.0000101631   0.0000534621  -0.0001526989   0.0000098085
        0.0001039302   0.0028615470   0.0081601177  -0.0114562843   0.0059094577
       -0.1230084053   0.2529979861  -0.0002982599   0.0007390958   0.0018869634
        0.0002825004   0.0002780456   0.0000320459  -0.0020141720  -0.0032325637
       -0.0044886775   0.0004014412   0.0002217657   0.0001396566  -0.0005640861
       -0.0005376526   0.0004167454   0.0001563902   0.0000461789  -0.0000274579
       -0.0001764291   0.0002124839  -0.0000110880  -0.0000464281  -0.0000514496
        0.0001069372   0.0000101691   0.0000044736  -0.0000389784  -0.0000040188
       -0.0000320223   0.0000355560   0.0000144526   0.0000217705  -0.0000049839
       -0.0000185794   0.0000065094   0.0000449546   0.0001204497   0.0000516366
        0.0000015876   0.0000356125  -0.0000737014  -0.0001322375
       -0.0997574992   0.1017126276   0.0172167313   0.0069314174  -0.0103263458
       -0.0015820401   0.0002234006  -0.0002043079  -0.0000836808   0.0001149521
       -0.0001493452  -0.0001466539  -0.0019026480  -0.0007440920   0.0002941271
       -0.0000873897   0.0000029757   0.0000360133  -0.0001346493  -0.0001384638
       -0.0000228204  -0.0210330085   0.0277597605   0.0055492982  -0.0007770420
        0.0021010955  -0.0002982599   0.1181079059  -0.1187582781  -0.0205588752
        0.0002184608  -0.0019495194  -0.0020683765   0.0004940571  -0.0001877160
        0.0004534517  -0.0001545502   0.0000343097   0.0000340380  -0.0000292042
       -0.0000111770   0.0000269927  -0.0001523773   0.0001142069   0.0000401875
       -0.0024030260   0.0002632223   0.0013328033   0.0002178415   0.0001411964
        0.0000330395   0.0000362976   0.0000537677   0.0000383786   0.0000164694
        0.0000253018  -0.0000151125  -0.0000052586   0.0000029972   0.0000007444
       -0.0000184579   0.0000423545  -0.0000047296   0.0000775224   0.0000907633
        0.0000738245   0.0000167860   0.0001246663  -0.0003490813
        0.1016133856  -0.2228085495  -0.0288392116   0.0075129980  -0.0174613447
       -0.0063740956   0.0000113745   0.0001029851   0.0000428333  -0.0004412286
       -0.0002013893  -0.0002237533   0.0005535361  -0.0000577422  -0.0000974475
        0.0000866083   0.0000966379   0.0000597370   0.0000479661   0.0001332157
        0.0000678379  -0.0002374879   0.0034474167   0.0003620414   0.0113896880
       -0.0196720041   0.0007390958  -0.1187582781   0.2562491601   0.0366418399
       -0.0018048179  -0.0021925017  -0.0035534220   0.0001885001   0.0010342669
        0.0007503163   0.0000304498   0.0000993079   0.0001398602   0.0002161346
       -0.0001829798  -0.0000338707   0.0003373186   0.0001070350   0.0000226552
       -0.0006977795   0.0012574252   0.0003247225  -0.0000779564  -0.0001826385
        0.0001265525   0.0000519781  -0.0000001104   0.0000116034   0.0000215434
       -0.0000570347   0.0000038916  -0.0000050719   0.0000445544   0.0000026908
        0.0000587720   0.0000097589   0.0000072245   0.0000307711  -0.0000400371
        0.0000303489  -0.0001284042   0.0002745685  -0.0002114506
        0.0172468653  -0.0284599980  -0.0479379094   0.0098890375  -0.0205839315
       -0.0058823532   0.0000092252   0.0001660840   0.0003463908  -0.0002101128
       -0.0000938628   0.0002964238   0.0007015915   0.0004253820  -0.0001225393
        0.0000529772   0.0000202500  -0.0000992911  -0.0001150866  -0.0002587393
        0.0000379714   0.0073720667  -0.0087177184  -0.0010509126  -0.0141666548
        0.0253182493   0.0018869634  -0.0205588752   0.0366418399   0.0558769946
       -0.0018716654  -0.0041224076  -0.0037012871   0.0006875972  -0.0006047608
        0.0005715941  -0.0000242438   0.0000315243   0.0000219594  -0.0000718703
        0.0000426500  -0.0001622812  -0.0000522006  -0.0000924972  -0.0000249879
        0.0011763045  -0.0002113454   0.0004862800  -0.0000105937   0.0001495626
       -0.0001409761  -0.0000151876  -0.0000583764  -0.0000335201   0.0000306322
        0.0000412173  -0.0000238777   0.0000172679   0.0000152700   0.0000068225
        0.0001239485   0.0000844334  -0.0000030391   0.0000712377   0.0000404392
       -0.0000614609  -0.0002822607   0.0002267355  -0.0002869642
        0.0058697828  -0.0086031056  -0.0039407339  -0.1305565984   0.1059155496
        0.0360669843  -0.0251900493   0.0163473142   0.0082890914  -0.0032531360
       -0.0032506335   0.0016712577  -0.0000718312   0.0001855253   0.0000332507
       -0.0012577095   0.0006064557   0.0001720462   0.0000426527  -0.0000871788
        0.0001713015   0.0010383500  -0.0009771605  -0.0006003377   0.0000353776
       -0.0001048515   0.0002825004   0.0002184608  -0.0018048179  -0.0018716654
        0.1584443764  -0.1167260516  -0.0403687901  -0.0046513636   0.0080135197
        0.0002062777  -0.0006017247   0.0006400625  -0.0001793925   0.0004189480
        0.0003016521   0.0000644855  -0.0000345283   0.0000616698   0.0000735874
       -0.0001102715  -0.0001065675  -0.0000937036  -0.0000115504  -0.0000324800
       -0.0000229123   0.0000186171   0.0000278730  -0.0000351280   0.0000318462
        0.0000300658   0.0000381619  -0.0003967072  -0.0001998717  -0.0000052716
        0.0000435544  -0.0000748677   0.0000226762  -0.0000179696   0.0000109461
        0.0000172438  -0.0000085263  -0.0001730476   0.0000090706
        0.0082668970  -0.0172438215  -0.0091204118   0.1057838369  -0.1634199349
       -0.0398468673  -0.0083921731   0.0064170906   0.0027495908  -0.0016169387
       -0.0001348012   0.0007918961  -0.0000452642   0.0001112350   0.0000297118
       -0.0003446332   0.0001436387   0.0000487019   0.0003436998  -0.0000922082
       -0.0000885927   0.0001293410  -0.0000491775   0.0002069090   0.0001277700
        0.0002957155   0.0002780456  -0.0019495194  -0.0021925017  -0.0041224076
       -0.1167260516   0.1935753791   0.0505261731   0.0155728598  -0.0189339161
       -0.0018066845  -0.0008326024   0.0009799799   0.0005468721  -0.0001097141
        0.0002662959  -0.0002038977  -0.0000141874   0.0000323369   0.0000434589
       -0.0000832841   0.0000533644   0.0000716001  -0.0000100330   0.0000029281
       -0.0000332536   0.0000395142   0.0000149385   0.0000449322   0.0000088199
        0.0000430582  -0.0000468663  -0.0000986482  -0.0000365820   0.0000021179
        0.0000134779   0.0000671108  -0.0000359092  -0.0000573426  -0.0000907675
       -0.0000529855  -0.0000058243   0.0001906391   0.0000178665
        0.0117143580  -0.0214770875  -0.0086527660   0.0359554113  -0.0401255976
       -0.0592780607   0.0093905207  -0.0067303772  -0.0022944326   0.0010651151
        0.0016529368   0.0000324083   0.0000505087   0.0000090493   0.0000280444
        0.0005572210  -0.0002583827  -0.0000075668  -0.0004232164   0.0002601722
        0.0001651593   0.0005145202   0.0003472688   0.0008407723   0.0004313251
       -0.0002234283   0.0000320459  -0.0020683765  -0.0035534220  -0.0037012871
       -0.0403687901   0.0505261731   0.0680445315  -0.0161448928   0.0201920368
        0.0046206360  -0.0009851043  -0.0000896696   0.0006283982   0.0002423802
       -0.0003041408  -0.0002807498   0.0000196354  -0.0000023017  -0.0000057054
       -0.0000861022   0.0000086158  -0.0000525069  -0.0000250343  -0.0000296891
       -0.0000092330  -0.0000191123  -0.0000143254   0.0000089660  -0.0000105668
       -0.0000260410  -0.0000330410   0.0001807630   0.0000611198  -0.0000132808
       -0.0000726622  -0.0001099217   0.0000205524   0.0000830727   0.0001029358
        0.0000619929  -0.0000009735  -0.0002159237  -0.0001548769
       -0.0023012171   0.0055024731  -0.0123318746  -0.0480338295   0.0226036319
       -0.0293052583   0.0017100951  -0.0160217330   0.0208729852   0.0011596694
       -0.0000042712   0.0001884560  -0.0000746074   0.0001826853   0.0000289838
       -0.0000554842   0.0000206893  -0.0001403836  -0.0011580369   0.0002576501
        0.0002251659  -0.0001808878   0.0001786290  -0.0001584385  -0.0008061375
       -0.0016171449  -0.0020141720   0.0004940571   0.0001885001   0.0006875972
       -0.0046513636   0.0155728598  -0.0161448928   0.0595115476  -0.0246634623
        0.0357615141   0.0003461635   0.0001061798   0.0000736703  -0.0042712991
       -0.0035406081   0.0025542395  -0.0000022461  -0.0000352688  -0.0000212381
        0.0000436712   0.0000194205  -0.0000010981  -0.0000045872  -0.0000258076
       -0.0001444537   0.0000175322  -0.0000461793   0.0000282796   0.0001006096
        0.0000698547  -0.0000831751   0.0000511774   0.0000453220  -0.0000084690
        0.0000935173  -0.0000654645  -0.0000434921  -0.0008531303  -0.0003102612
       -0.0005358794  -0.0011352134   0.0015823053   0.0005119337
       -0.0031477628   0.0079918787  -0.0131460948   0.0226428092  -0.1211264146
        0.1080031072  -0.0013307473  -0.0092490918   0.0125870092   0.0004811305
        0.0002947616  -0.0000001867   0.0000985898   0.0000477799  -0.0000773109
        0.0000514297   0.0000143650   0.0000499449   0.0012509412   0.0002569300
       -0.0000497242   0.0002478616   0.0000825267  -0.0000199300  -0.0016530045
       -0.0007232204  -0.0032325637  -0.0001877160   0.0010342669  -0.0006047608
        0.0080135197  -0.0189339161   0.0201920368  -0.0246634623   0.1427938710
       -0.1238697287   0.0001294621  -0.0003226130   0.0000867440  -0.0029439617
       -0.0014605805   0.0009746829  -0.0000089594  -0.0000112324  -0.0000418409
       -0.0000487980   0.0000146015  -0.0000390779   0.0000117212  -0.0000790206
       -0.0000611402  -0.0000289781  -0.0000845250  -0.0000200690   0.0000414218
       -0.0000234250  -0.0000348895   0.0000256988   0.0000510540  -0.0000267923
        0.0000349313  -0.0001386623  -0.0001918671  -0.0002326712   0.0000623482
       -0.0002188467   0.0012165443  -0.0004916816  -0.0002587014
       -0.0065868949   0.0106369888  -0.0234634739  -0.0286512500   0.1071415764
       -0.1907221315   0.0015532807   0.0082580604  -0.0095979112  -0.0006523128
        0.0003724027  -0.0001814928   0.0001985110  -0.0000268660   0.0000847289
       -0.0001013714  -0.0000775539   0.0001052039  -0.0006445292   0.0004042273
        0.0005282222  -0.0000824591   0.0001740220   0.0000806995  -0.0030760772
       -0.0027739393  -0.0044886775   0.0004534517   0.0007503163   0.0005715941
        0.0002062777  -0.0018066845   0.0046206360   0.0357615141  -0.1238697287
        0.2226307557  -0.0001588575  -0.0001279979   0.0002596365   0.0021325831
        0.0020087955  -0.0005494484  -0.0000050674  -0.0000370901  -0.0000125876
       -0.0000641916  -0.0000471426  -0.0002496928  -0.0001126141  -0.0000527341
        0.0000361708  -0.0000347981   0.0000138769   0.0000080372  -0.0000475773
       -0.0000059533  -0.0000013635   0.0000090921  -0.0000421307  -0.0000064619
       -0.0002887253  -0.0001322387   0.0000246044  -0.0001381731  -0.0000390212
        0.0000854681   0.0003301887  -0.0007211853   0.0002374839
       -0.0039573468  -0.0028053454   0.0015002682  -0.0120082627  -0.0191631224
       -0.0164232790  -0.0492592065  -0.0298338165  -0.0356440928   0.0002942661
        0.0157847298   0.0162107471  -0.0032602811   0.0026432469   0.0008923087
       -0.0003414875   0.0020183752   0.0017231124   0.0000231743  -0.0000475821
        0.0004326249  -0.0008544372  -0.0007964428  -0.0007572209   0.0000805210
        0.0000609948   0.0004014412  -0.0001545502   0.0000304498  -0.0000242438
       -0.0006017247  -0.0008326024  -0.0009851043   0.0003461635   0.0001294621
       -0.0001588575   0.0719907448   0.0360646085   0.0382079404  -0.0003897168
       -0.0035946742  -0.0058339288  -0.0001883213   0.0007482838   0.0010743378
       -0.0001312678  -0.0000576378  -0.0000572483  -0.0000987963  -0.0000555197
       -0.0001434997  -0.0014422493   0.0000884357  -0.0004038724  -0.0000273161
       -0.0001286718   0.0001889014  -0.0000006142  -0.0000604300   0.0000100385
       -0.0000586775  -0.0000481223   0.0000102692   0.0001545675   0.0000361881
       -0.0001737603  -0.0001151815  -0.0001808075  -0.0000468820
       -0.0032356080  -0.0007841404   0.0015917471  -0.0082635457  -0.0127048712
       -0.0123843250  -0.0301962766  -0.1403585678  -0.1061930868   0.0005602833
       -0.0161852476  -0.0172656268   0.0035278866  -0.0020521135  -0.0002797781
       -0.0019217578   0.0009643181   0.0006187223  -0.0001691876   0.0003833708
       -0.0005609556  -0.0007311934  -0.0006276629  -0.0007350390   0.0000708829
        0.0000211974   0.0002217657   0.0000343097   0.0000993079   0.0000315243
        0.0006400625   0.0009799799  -0.0000896696   0.0001061798  -0.0003226130
       -0.0001279979   0.0360646085   0.1616972681   0.1247742801   0.0029671443
        0.0092662988   0.0103227056   0.0002634100  -0.0006989800  -0.0011870634
        0.0000103415   0.0000612228   0.0000339790   0.0000377726   0.0000244846
        0.0001854738   0.0003475399   0.0004574424   0.0002069759   0.0000895663
        0.0000485445   0.0000243670  -0.0004002615  -0.0000154069   0.0001082334
       -0.0000962781   0.0000798991   0.0001500253   0.0002770260  -0.0002726632
        0.0005835857   0.0000170948  -0.0000610680  -0.0000298431
        0.0003862205   0.0004322989   0.0006972841   0.0018662336   0.0033738280
        0.0042233821  -0.0357098421  -0.1050831442  -0.1622624063   0.0016723297
       -0.0059425661  -0.0052978325   0.0017677523  -0.0014046325   0.0001492113
       -0.0005751113   0.0001633396   0.0007633627  -0.0003566860   0.0005430447
        0.0005748775  -0.0000182317  -0.0000453399   0.0001911617   0.0001772592
       -0.0000259455   0.0001396566   0.0000340380   0.0001398602   0.0000219594
       -0.0001793925   0.0005468721   0.0006283982   0.0000736703   0.0000867440
        0.0002596365   0.0382079404   0.1247742801   0.1874343875  -0.0078770552
       -0.0176774516  -0.0272228370   0.0002269177  -0.0005044323  -0.0003963118
        0.0000594463   0.0002020501  -0.0000294288  -0.0000861344  -0.0000592214
        0.0002614762   0.0003463502   0.0000614469   0.0005892996   0.0001903319
        0.0000331028  -0.0006707058  -0.0001884996   0.0002763274   0.0000215701
       -0.0000069930  -0.0000156559  -0.0000697647  -0.0000479703   0.0000871104
        0.0001142278   0.0000374262   0.0000380844  -0.0001206043
        0.0008216422   0.0000316299   0.0011184631   0.0002887895  -0.0150384230
        0.0215539022  -0.0479377819   0.0191705936  -0.0324719737  -0.0070683146
        0.0145224392  -0.0187493244   0.0005685098  -0.0002413314  -0.0009430179
        0.0001766814   0.0008495474  -0.0004842688  -0.0037508667   0.0025587557
        0.0004043977   0.0001682452   0.0001862445   0.0000804587  -0.0001620803
       -0.0000629864  -0.0005640861  -0.0000292042   0.0002161346  -0.0000718703
        0.0004189480  -0.0001097141   0.0002423802  -0.0042712991  -0.0029439617
        0.0021325831  -0.0003897168   0.0029671443  -0.0078770552   0.0623432106
       -0.0223092673   0.0349688293   0.0000595818  -0.0001845665  -0.0001595562
       -0.0000275957  -0.0001527300   0.0000766488  -0.0000328377   0.0002437842
        0.0007376452  -0.0000249736  -0.0000061616   0.0000162736  -0.0007711270
       -0.0004020535   0.0003407383   0.0001327894  -0.0001697175   0.0001260824
       -0.0003400913   0.0011099018  -0.0008906603  -0.0000490153  -0.0001142265
        0.0002840474  -0.0001234938  -0.0001210357   0.0001293630
        0.0009348632   0.0005344165   0.0006663847  -0.0010197678  -0.0100171608
        0.0157551560   0.0190299983  -0.1003282356   0.0956028604   0.0072567663
       -0.0128390285   0.0165015041  -0.0004155693   0.0005189476   0.0010552042
       -0.0008422876   0.0004920890  -0.0002776032   0.0040179909  -0.0020498275
       -0.0004494826   0.0002413521   0.0001170607  -0.0001037282  -0.0005383791
       -0.0000863787  -0.0005376526  -0.0000111770  -0.0001829798   0.0000426500
        0.0003016521   0.0002662959  -0.0003041408  -0.0035406081  -0.0014605805
        0.0020087955  -0.0035946742   0.0092662988  -0.0176774516  -0.0223092673
        0.1168602062  -0.1123255182  -0.0002454432   0.0001486096   0.0000345890
       -0.0000213437  -0.0002968532   0.0000362872   0.0005203879  -0.0001147840
       -0.0008657841   0.0000815038  -0.0000784719  -0.0000472541  -0.0000798797
        0.0002184951  -0.0000063941  -0.0000047890  -0.0000246528   0.0000267321
        0.0003591463  -0.0010072667   0.0009717301  -0.0000339590  -0.0000113939
       -0.0001270838  -0.0000865159   0.0000751945   0.0000202001
       -0.0007556386  -0.0010083724   0.0014394061   0.0017527546   0.0079411845
       -0.0101672923  -0.0327457118   0.0953306742  -0.2048966314  -0.0012574079
        0.0012081552  -0.0001369232   0.0011373049  -0.0014057548   0.0010425283
        0.0002944395  -0.0003693813   0.0002604759  -0.0003675299  -0.0000353240
        0.0006138867  -0.0001757248  -0.0001311222  -0.0000928852   0.0000939728
        0.0001045609   0.0004167454   0.0000269927  -0.0000338707  -0.0001622812
        0.0000644855  -0.0002038977  -0.0002807498   0.0025542395   0.0009746829
       -0.0005494484  -0.0058339288   0.0103227056  -0.0272228370   0.0349688293
       -0.1123255182   0.2396000228   0.0001006005  -0.0000829156  -0.0000830648
       -0.0000706273   0.0000970637  -0.0000918504   0.0002979501  -0.0002582016
        0.0000301160   0.0000313462   0.0000894895  -0.0002319877  -0.0002963392
       -0.0001373760   0.0003776144   0.0000901520  -0.0001273430   0.0000129422
       -0.0000274477   0.0001671025   0.0000312074   0.0001375158  -0.0000448303
        0.0001531950  -0.0000202274  -0.0000717112  -0.0000621886
       -0.0004659336  -0.0001614669   0.0001146913   0.0000917187   0.0000597688
       -0.0001539664   0.0007525240   0.0001896523   0.0008909211  -0.0031973323
        0.0032175260   0.0029043246  -0.2313312005   0.0908150409   0.0298304946
        0.0010667817  -0.0012563866  -0.0011982792   0.0004272692  -0.0003682223
       -0.0004910137  -0.0000994059   0.0001107764   0.0000877521   0.0001577396
       -0.0001493484   0.0001563902  -0.0001523773   0.0003373186  -0.0000522006
       -0.0000345283  -0.0000141874   0.0000196354  -0.0000022461  -0.0000089594
       -0.0000050674  -0.0001883213   0.0002634100   0.0002269177   0.0000595818
       -0.0002454432   0.0001006005   0.2689188109  -0.1060915638  -0.0344814425
       -0.0275353069   0.0083721821   0.0031847184  -0.0084743394   0.0054234636
       -0.0008559853  -0.0000648099  -0.0001408904  -0.0001472688  -0.0001589139
        0.0001573077   0.0000405583   0.0001908825  -0.0003175022  -0.0003006077
        0.0003978554  -0.0000717595   0.0001933577  -0.0000089072  -0.0001235460
       -0.0001416538  -0.0003495413   0.0000028298   0.0000771234
       -0.0003595886  -0.0000157569   0.0001268836   0.0000392517  -0.0001001487
        0.0000116417   0.0000428760  -0.0016153544  -0.0034200497   0.0139694136
       -0.0087471132  -0.0048980892   0.0904653390  -0.0872110826  -0.0134543673
        0.0009546604   0.0001956462  -0.0000550051  -0.0002611991   0.0004695508
        0.0008371384  -0.0000803782   0.0001234207   0.0000154775  -0.0000304540
       -0.0001074678   0.0000461789   0.0001142069   0.0001070350  -0.0000924972
        0.0000616698   0.0000323369  -0.0000023017  -0.0000352688  -0.0000112324
       -0.0000370901   0.0007482838  -0.0006989800  -0.0005044323  -0.0001845665
        0.0001486096  -0.0000829156  -0.1060915638   0.1008836465   0.0188068426
       -0.0206752138   0.0086797928   0.0029590968   0.0222004387  -0.0117382837
       -0.0000160990  -0.0000175135   0.0001156399   0.0002482577   0.0001326375
       -0.0003186626   0.0000923881  -0.0008643759  -0.0002781910  -0.0006615412
       -0.0000225496   0.0002291987   0.0000293755   0.0000003216  -0.0000810435
        0.0000907942  -0.0001064274  -0.0000615605  -0.0000396866
       -0.0000318317   0.0000695980   0.0000748737   0.0000804118  -0.0000755030
        0.0000519681  -0.0003144011  -0.0025460001  -0.0043355826   0.0233567846
       -0.0135613326  -0.0067256385   0.0302417165  -0.0135170902  -0.0477711039
        0.0009338718   0.0005510385   0.0006399490   0.0005311723  -0.0005434235
        0.0005082139  -0.0000299151  -0.0000206048   0.0000266207   0.0000518630
       -0.0000192045  -0.0000274579   0.0000401875   0.0000226552  -0.0000249879
        0.0000735874   0.0000434589  -0.0000057054  -0.0000212381  -0.0000418409
       -0.0000125876   0.0010743378  -0.0011870634  -0.0003963118  -0.0001595562
        0.0000345890  -0.0000830648  -0.0344814425   0.0188068426   0.0559229600
        0.0018271632  -0.0000149802   0.0007997281  -0.0221544847   0.0118435287
        0.0020412186   0.0001606593   0.0001995300   0.0000629078  -0.0001498133
        0.0000654042  -0.0000672686  -0.0005931406  -0.0004346934  -0.0001108490
       -0.0003676921   0.0001712529  -0.0006636244  -0.0001082604   0.0000980952
        0.0001805715   0.0000400204   0.0000557432  -0.0000848292
       -0.0022532844   0.0013305181   0.0008324840   0.0002561857   0.0000104801
        0.0000751524   0.0003575882   0.0001751274   0.0001925361  -0.0016060215
       -0.0025112383  -0.0019242878  -0.1647022348  -0.1228960411  -0.0000200622
        0.0005139486  -0.0008154679  -0.0011850467   0.0002429430   0.0002258126
        0.0003223415  -0.0002117324  -0.0001889718   0.0000651983  -0.0000988376
        0.0001944112  -0.0001764291  -0.0024030260  -0.0006977795   0.0011763045
       -0.0001102715  -0.0000832841  -0.0000861022   0.0000436712  -0.0000487980
       -0.0000641916  -0.0001312678   0.0000103415   0.0000594463  -0.0000275957
       -0.0000213437  -0.0000706273  -0.0275353069  -0.0206752138   0.0018271632
        0.1943218358   0.1437102359  -0.0012533584   0.0030375031   0.0022227370
        0.0004891575  -0.0000324410  -0.0003563850  -0.0000970837  -0.0000425969
        0.0002066119  -0.0000690744   0.0003148967  -0.0000181208   0.0000637711
       -0.0003605204  -0.0000856192  -0.0000290926   0.0000010681   0.0001564156
        0.0001910241   0.0004254965   0.0001555719  -0.0003192231
       -0.0005850032   0.0002545141   0.0003181511   0.0002175991  -0.0001443576
       -0.0004525838  -0.0001206710   0.0002658545   0.0001557450  -0.0122207703
       -0.0132013466  -0.0025802158  -0.1222522700  -0.1658187410   0.0010286578
       -0.0001266477  -0.0017131602  -0.0037212265   0.0005507790   0.0008263431
        0.0012227205  -0.0002709830   0.0000554911   0.0002120791   0.0004404022
       -0.0004213192   0.0002124839   0.0002632223   0.0012574252  -0.0002113454
       -0.0001065675   0.0000533644   0.0000086158   0.0000194205   0.0000146015
       -0.0000471426  -0.0000576378   0.0000612228   0.0002020501  -0.0001527300
       -0.0002968532   0.0000970637   0.0083721821   0.0086797928  -0.0000149802
        0.1437102359   0.1898331750  -0.0001150016  -0.0171781693  -0.0194272945
        0.0039694958  -0.0009638795  -0.0007630603  -0.0003710034   0.0001202100
        0.0002298977  -0.0000444888   0.0002204496  -0.0000029911   0.0000027812
        0.0000035474  -0.0000592273  -0.0000546000   0.0000288294  -0.0000681198
        0.0002401257   0.0000884519   0.0003847886  -0.0000573816
        0.0004977444  -0.0004862088  -0.0000667469   0.0001012261  -0.0001181449
       -0.0000469888  -0.0001943460   0.0002714001   0.0005818857  -0.0184376470
       -0.0183782431  -0.0018071329  -0.0000794111   0.0008375081  -0.0421926155
       -0.0006363126  -0.0030287963  -0.0044714490  -0.0004946552  -0.0010011126
        0.0009026209  -0.0000207705   0.0001160430  -0.0000488794  -0.0002145897
        0.0003166968  -0.0000110880   0.0013328033   0.0003247225   0.0004862800
       -0.0000937036   0.0000716001  -0.0000525069  -0.0000010981  -0.0000390779
       -0.0002496928  -0.0000572483   0.0000339790  -0.0000294288   0.0000766488
        0.0000362872  -0.0000918504   0.0031847184   0.0029590968   0.0007997281
       -0.0012533584  -0.0001150016   0.0492311205   0.0171476422   0.0190447827
       -0.0017689192  -0.0012123047  -0.0012968438  -0.0002505539   0.0000844970
       -0.0000250030  -0.0000990363   0.0000856245   0.0000840208  -0.0001152274
       -0.0000378402   0.0000573669  -0.0000741376   0.0000608717   0.0000532712
        0.0002032079   0.0001615090   0.0002816569  -0.0008285892
       -0.0001427939  -0.0000932159   0.0001847577  -0.0000810228   0.0000571265
        0.0001343386   0.0003207411  -0.0003807291   0.0011499908  -0.0003265215
        0.0004344565  -0.0010036971  -0.0512015023   0.0266254004  -0.0312650889
        0.0001280040   0.0001351383  -0.0005483263   0.0004092817  -0.0002044485
       -0.0000759616   0.0000373719   0.0000881380  -0.0001072638  -0.0003073177
        0.0001010845  -0.0000464281   0.0002178415  -0.0000779564  -0.0000105937
       -0.0000115504  -0.0000100330  -0.0000250343  -0.0000045872   0.0000117212
       -0.0001126141  -0.0000987963   0.0000377726  -0.0000861344  -0.0000328377
        0.0005203879   0.0002979501  -0.0084743394   0.0222004387  -0.0221544847
        0.0030375031  -0.0171781693   0.0171476422   0.0565269709  -0.0319434263
        0.0365493735  -0.0000597728   0.0000002643   0.0001864882   0.0000041824
       -0.0005357074  -0.0001657176  -0.0001698746   0.0002007981  -0.0000790084
        0.0000316648  -0.0000402045   0.0001203063   0.0002312898   0.0000573154
       -0.0000689077  -0.0000339346  -0.0000061519  -0.0000215866
       -0.0000166722   0.0000153872  -0.0000356081   0.0000286146  -0.0000305708
        0.0001442058  -0.0003417990   0.0007281672  -0.0009395293  -0.0019857036
        0.0075615127  -0.0082971940   0.0265941745  -0.1419256030   0.1144041386
        0.0001104626   0.0005791887  -0.0008696362  -0.0000910845  -0.0002295168
       -0.0018247329   0.0000279223  -0.0000091922  -0.0000693289  -0.0001755318
        0.0002213111  -0.0000514496   0.0001411964  -0.0001826385   0.0001495626
       -0.0000324800   0.0000029281  -0.0000296891  -0.0000258076  -0.0000790206
       -0.0000527341  -0.0000555197   0.0000244846  -0.0000592214   0.0002437842
       -0.0001147840  -0.0002582016   0.0054234636  -0.0117382837   0.0118435287
        0.0022227370  -0.0194272945   0.0190447827  -0.0319434263   0.1645254685
       -0.1323431761   0.0000451729  -0.0000565751   0.0000083186  -0.0001780857
       -0.0000933854  -0.0001824103   0.0000582967  -0.0001883050   0.0001273038
       -0.0001681913  -0.0000370932  -0.0001111731  -0.0000438123   0.0004539442
       -0.0004704709   0.0001622890  -0.0000001297  -0.0001272853
       -0.0001179590  -0.0000058427   0.0002165600   0.0001228625  -0.0001061919
       -0.0000510740  -0.0006597254   0.0011302443   0.0006126028  -0.0046950609
        0.0159940269  -0.0254441733  -0.0311796277   0.1146621632  -0.1745803328
        0.0004512633   0.0006436537   0.0008001114  -0.0001957123  -0.0032203073
       -0.0058068731  -0.0001280342   0.0000118748   0.0000512578   0.0002502107
       -0.0000995373   0.0001069372   0.0000330395   0.0001265525  -0.0001409761
       -0.0000229123  -0.0000332536  -0.0000092330  -0.0001444537  -0.0000611402
        0.0000361708  -0.0001434997   0.0001854738   0.0002614762   0.0007376452
       -0.0008657841   0.0000301160  -0.0008559853  -0.0000160990   0.0020412186
        0.0004891575   0.0039694958  -0.0017689192   0.0365493735  -0.1323431761
        0.2051094508   0.0000994858   0.0001072939   0.0002129034  -0.0002437156
       -0.0006564929   0.0000673190  -0.0001012953   0.0000216741  -0.0001282274
        0.0001397324  -0.0001366586   0.0000958184  -0.0002831971   0.0009733439
       -0.0018670453  -0.0001015917  -0.0002813132   0.0001549119
       -0.0000344483   0.0000424580   0.0000673072   0.0001083264   0.0000445526
        0.0000469169   0.0002264870  -0.0013229814  -0.0010476938  -0.0037267918
       -0.0116180376  -0.0198586637  -0.0034523380  -0.0032537572  -0.0003341569
       -0.0443824017  -0.0074918377  -0.0156961573   0.0005889269   0.0006482763
       -0.0005599363   0.0000343869   0.0000272965   0.0000293132   0.0000344731
       -0.0000225972   0.0000101691   0.0000362976   0.0000519781  -0.0000151876
        0.0000186171   0.0000395142  -0.0000191123   0.0000175322  -0.0000289781
       -0.0000347981  -0.0014422493   0.0003475399   0.0003463502  -0.0000249736
        0.0000815038   0.0000313462  -0.0000648099  -0.0000175135   0.0001606593
       -0.0000324410  -0.0009638795  -0.0012123047  -0.0000597728   0.0000451729
        0.0000994858   0.0520958540   0.0105687635   0.0177251914   0.0003279569
       -0.0014326277  -0.0050990939  -0.0001632194   0.0142054566   0.0249736659
       -0.0000906081   0.0000904749   0.0001727733   0.0000088526  -0.0002271055
        0.0003014172  -0.0000236567   0.0001863280  -0.0000874914
       -0.0000666869   0.0000558001   0.0001191555   0.0002086913   0.0000594003
       -0.0000076497   0.0011234363   0.0004332498   0.0001937956  -0.0037847015
       -0.0114196603  -0.0175395912  -0.0039688540  -0.0030974798  -0.0003543987
       -0.0072784811  -0.0942436463  -0.0969515397   0.0001529385   0.0005123167
       -0.0007397536  -0.0000243978   0.0000084828   0.0000137896   0.0000376356
       -0.0000214708   0.0000044736   0.0000537677  -0.0000001104  -0.0000583764
        0.0000278730   0.0000149385  -0.0000143254  -0.0000461793  -0.0000845250
        0.0000138769   0.0000884357   0.0004574424   0.0000614469  -0.0000061616
       -0.0000784719   0.0000894895  -0.0001408904   0.0001156399   0.0001995300
       -0.0003563850  -0.0007630603  -0.0012968438   0.0000002643  -0.0000565751
        0.0001072939   0.0105687635   0.1092565580   0.1142093861   0.0016141544
        0.0091542423   0.0196220281   0.0018966706  -0.0099339351  -0.0182326861
        0.0001646627  -0.0003309068  -0.0001448490  -0.0004825385  -0.0002372608
        0.0006748395   0.0002179825   0.0001990317   0.0000309084
        0.0000141799   0.0000732549   0.0000970753   0.0001999384   0.0001642945
        0.0000498203   0.0005797470   0.0003745489   0.0002634608  -0.0019714674
       -0.0030420866  -0.0028070069  -0.0013695919  -0.0011141738   0.0005726380
       -0.0154146526  -0.0969485366  -0.2281939900   0.0006446537   0.0009887887
        0.0009018534  -0.0000265007   0.0000069760   0.0000313112   0.0000327242
       -0.0000162933  -0.0000389784   0.0000383786   0.0000116034  -0.0000335201
       -0.0000351280   0.0000449322   0.0000089660   0.0000282796  -0.0000200690
        0.0000080372  -0.0004038724   0.0002069759   0.0005892996   0.0000162736
       -0.0000472541  -0.0002319877  -0.0001472688   0.0002482577   0.0000629078
       -0.0000970837  -0.0003710034  -0.0002505539   0.0001864882   0.0000083186
        0.0002129034   0.0177251914   0.1142093861   0.2646495163  -0.0018913673
       -0.0095685649  -0.0277464166   0.0016682196  -0.0052545280  -0.0081387089
        0.0000123689  -0.0001851777  -0.0001310042   0.0000915511   0.0001310409
        0.0002068682   0.0001189387   0.0000993094  -0.0000824907
       -0.0000049161  -0.0000040893  -0.0000425979   0.0000207238   0.0000664016
       -0.0001075174   0.0004570095  -0.0009819036   0.0007033126   0.0011918577
       -0.0161631719   0.0162080707   0.0004752672   0.0002926271   0.0006414755
       -0.0464298400   0.0203134385  -0.0206790469  -0.0032116407  -0.0032482467
        0.0002963207   0.0000447841   0.0000267314   0.0000063500  -0.0000299007
       -0.0000131997  -0.0000040188   0.0000164694   0.0000215434   0.0000306322
        0.0000318462   0.0000088199  -0.0000105668   0.0001006096   0.0000414218
       -0.0000475773  -0.0000273161   0.0000895663   0.0001903319  -0.0007711270
       -0.0000798797  -0.0002963392  -0.0001589139   0.0001326375  -0.0001498133
       -0.0000425969   0.0001202100   0.0000844970   0.0000041824  -0.0001780857
       -0.0002437156   0.0003279569   0.0016141544  -0.0018913673   0.0541330190
       -0.0218373201   0.0246064450  -0.0060041291   0.0209193412  -0.0201370664
       -0.0000736126  -0.0000422642  -0.0001136970  -0.0000913939   0.0000406505
       -0.0000515555   0.0000416612  -0.0011393828   0.0010074438
       -0.0000061700   0.0000695792  -0.0000252501   0.0002096448   0.0001008971
       -0.0001332999   0.0012027253   0.0006048786  -0.0002965148  -0.0003742087
       -0.0162318794   0.0151074550   0.0003409439   0.0005177383   0.0005383543
        0.0206368598  -0.1527923625   0.1164683762  -0.0040194831  -0.0031919712
        0.0001895176   0.0000195128  -0.0000042791  -0.0000043385  -0.0000398879
        0.0000193381  -0.0000320223   0.0000253018  -0.0000570347   0.0000412173
        0.0000300658   0.0000430582  -0.0000260410   0.0000698547  -0.0000234250
       -0.0000059533  -0.0001286718   0.0000485445   0.0000331028  -0.0004020535
        0.0002184951  -0.0001373760   0.0001573077  -0.0003186626   0.0000654042
        0.0002066119   0.0002298977  -0.0000250030  -0.0005357074  -0.0000933854
       -0.0006564929  -0.0014326277   0.0091542423  -0.0095685649  -0.0218373201
        0.1775881904  -0.1369144871   0.0062576798  -0.0150121372   0.0145319877
       -0.0001871610   0.0002100974  -0.0001660191  -0.0000077696  -0.0000157810
       -0.0001541522  -0.0001854475  -0.0010640388   0.0011701001
       -0.0000570899  -0.0000740129   0.0000513577  -0.0001304274  -0.0001605003
        0.0000346352  -0.0003074820  -0.0001769035   0.0004293827   0.0013754513
        0.0033808458  -0.0023232257  -0.0004820932  -0.0010324627   0.0007210448
       -0.0210369106   0.1161820457  -0.1680920061   0.0011984511   0.0009799289
        0.0005611755  -0.0000122299  -0.0000072687  -0.0000234488   0.0000128426
       -0.0000080324   0.0000355560  -0.0000151125   0.0000038916  -0.0000238777
        0.0000381619  -0.0000468663  -0.0000330410  -0.0000831751  -0.0000348895
       -0.0000013635   0.0001889014   0.0000243670  -0.0006707058   0.0003407383
       -0.0000063941   0.0003776144   0.0000405583   0.0000923881  -0.0000672686
       -0.0000690744  -0.0000444888  -0.0000990363  -0.0001657176  -0.0001824103
        0.0000673190  -0.0050990939   0.0196220281  -0.0277464166   0.0246064450
       -0.1369144871   0.1940129092  -0.0003571384  -0.0017555780   0.0027510976
        0.0001228279  -0.0002138118  -0.0000250576  -0.0001391221  -0.0000569146
        0.0001990136   0.0000302892   0.0004295258  -0.0001356581
       -0.0001035756  -0.0000459712   0.0000485421  -0.0010166505   0.0009320372
       -0.0001307213  -0.0050843790  -0.0038809394   0.0005540815  -0.0255459659
        0.0104664398   0.0042648918   0.0007475012   0.0008424896   0.0006082226
       -0.2099721174   0.1034929249   0.0337634263   0.0008408288   0.0008517247
       -0.0005043279  -0.0000475026  -0.0000511868  -0.0000303511   0.0000322312
        0.0000294688   0.0000144526  -0.0000052586  -0.0000050719   0.0000172679
       -0.0003967072  -0.0000986482   0.0001807630   0.0000511774   0.0000256988
        0.0000090921  -0.0000006142  -0.0004002615  -0.0001884996   0.0001327894
       -0.0000047890   0.0000901520   0.0001908825  -0.0008643759  -0.0005931406
        0.0003148967   0.0002204496   0.0000856245  -0.0001698746   0.0000582967
       -0.0001012953  -0.0001632194   0.0018966706   0.0016682196  -0.0060041291
        0.0062576798  -0.0003571384   0.2458186575  -0.1192321282  -0.0396922721
        0.0002916595  -0.0006870121   0.0003330115  -0.0001218421   0.0000042835
        0.0000481571   0.0002112119   0.0001922203  -0.0000881583
       -0.0000090367   0.0000102067  -0.0000130262  -0.0006529159   0.0004725991
        0.0000611861  -0.0022317547  -0.0011175696   0.0000280517  -0.0136587148
        0.0076695894   0.0025425751  -0.0010979424   0.0005137311   0.0004790091
        0.1032656641  -0.1063816651  -0.0208346091  -0.0010429377   0.0006214460
       -0.0002358699   0.0000376758   0.0000166044   0.0000012481   0.0000044309
       -0.0000182381   0.0000217705   0.0000029972   0.0000445544   0.0000152700
       -0.0001998717  -0.0000365820   0.0000611198   0.0000453220   0.0000510540
       -0.0000421307  -0.0000604300  -0.0000154069   0.0002763274  -0.0001697175
       -0.0000246528  -0.0001273430  -0.0003175022  -0.0002781910  -0.0004346934
       -0.0000181208  -0.0000029911   0.0000840208   0.0002007981  -0.0001883050
        0.0000216741   0.0142054566  -0.0099339351  -0.0052545280   0.0209193412
       -0.0150121372  -0.0017555780  -0.1192321282   0.1240893901   0.0248629831
       -0.0001580766  -0.0003218165   0.0003327702   0.0001389257  -0.0001593556
       -0.0000405200   0.0000285378   0.0000016707  -0.0000497077
        0.0000471228   0.0000257843   0.0000200650   0.0000589000  -0.0000002672
        0.0002744725   0.0003970228   0.0000738265   0.0002505409   0.0012304735
       -0.0003555402  -0.0004627190  -0.0012693274  -0.0000969058   0.0002442460
        0.0338345465  -0.0208272905  -0.0508270328   0.0007030356  -0.0001279523
        0.0000985239   0.0000278857   0.0000130625   0.0000117697   0.0000003751
        0.0000068299  -0.0000049839   0.0000007444   0.0000026908   0.0000068225
       -0.0000052716   0.0000021179  -0.0000132808  -0.0000084690  -0.0000267923
       -0.0000064619   0.0000100385   0.0001082334   0.0000215701   0.0001260824
        0.0000267321   0.0000129422  -0.0003006077  -0.0006615412  -0.0001108490
        0.0000637711   0.0000027812  -0.0001152274  -0.0000790084   0.0001273038
       -0.0001282274   0.0249736659  -0.0182326861  -0.0081387089  -0.0201370664
        0.0145319877   0.0027510976  -0.0396922721   0.0248629831   0.0564123760
        0.0001103956   0.0006850592  -0.0000631405   0.0000867365  -0.0001213634
       -0.0001684977  -0.0001787739  -0.0000190533  -0.0000652970
        0.0000024231   0.0000720303  -0.0000319482  -0.0000207193   0.0002777962
        0.0000050273   0.0000361267   0.0007412388  -0.0014874336  -0.0067560908
        0.0055215370  -0.0015034211   0.0003976421  -0.0003727716   0.0004246659
        0.0010430910  -0.0013702196   0.0007272609  -0.2325636078   0.0935934805
        0.0195679143   0.0000240933  -0.0000068911   0.0000057906   0.0000134494
        0.0000165847  -0.0000185794  -0.0000184579   0.0000587720   0.0001239485
        0.0000435544   0.0000134779  -0.0000726622   0.0000935173   0.0000349313
       -0.0002887253  -0.0000586775  -0.0000962781  -0.0000069930  -0.0003400913
        0.0003591463  -0.0000274477   0.0003978554  -0.0000225496  -0.0003676921
       -0.0003605204   0.0000035474  -0.0000378402   0.0000316648  -0.0001681913
        0.0001397324  -0.0000906081   0.0001646627   0.0000123689  -0.0000736126
       -0.0001871610   0.0001228279   0.0002916595  -0.0001580766   0.0001103956
        0.2699654285  -0.1098846800  -0.0230697337  -0.0039640337   0.0028510925
        0.0024572360  -0.0280940862   0.0085585210   0.0032153082
       -0.0000133737   0.0000842456  -0.0000075829  -0.0004273773   0.0001659190
        0.0002027267   0.0006708040  -0.0025448381   0.0038923505   0.0190354641
       -0.0123548562   0.0008895983  -0.0002990664   0.0005149610  -0.0008065947
        0.0009100985   0.0004337973  -0.0002843918   0.0935800031  -0.0894221610
       -0.0110203531   0.0000102805   0.0000119923  -0.0000177765  -0.0000286095
       -0.0000062418   0.0000065094   0.0000423545   0.0000097589   0.0000844334
       -0.0000748677   0.0000671108  -0.0001099217  -0.0000654645  -0.0001386623
       -0.0001322387  -0.0000481223   0.0000798991  -0.0000156559   0.0011099018
       -0.0010072667   0.0001671025  -0.0000717595   0.0002291987   0.0001712529
       -0.0000856192  -0.0000592273   0.0000573669  -0.0000402045  -0.0000370932
       -0.0001366586   0.0000904749  -0.0003309068  -0.0001851777  -0.0000422642
        0.0002100974  -0.0002138118  -0.0006870121  -0.0003218165   0.0006850592
       -0.1098846800   0.1043393785   0.0097223886   0.0167065594  -0.0086875202
       -0.0049517707  -0.0203875198   0.0087642315   0.0020031459
       -0.0000346941  -0.0000422841   0.0000922025   0.0002944364  -0.0000313673
       -0.0001260770  -0.0005988667   0.0028052473  -0.0029911650  -0.0197157407
        0.0115636730   0.0004112410  -0.0006081593   0.0006088915   0.0005017225
       -0.0007238644  -0.0003914112   0.0005797598   0.0192566406  -0.0107928884
       -0.0450337243   0.0000193693   0.0000027733   0.0000030827   0.0000354136
        0.0000206316   0.0000449546  -0.0000047296   0.0000072245  -0.0000030391
        0.0000226762  -0.0000359092   0.0000205524  -0.0000434921  -0.0001918671
        0.0000246044   0.0000102692   0.0001500253  -0.0000697647  -0.0008906603
        0.0009717301   0.0000312074   0.0001933577   0.0000293755  -0.0006636244
       -0.0000290926  -0.0000546000  -0.0000741376   0.0001203063  -0.0001111731
        0.0000958184   0.0001727733  -0.0001448490  -0.0001310042  -0.0001136970
       -0.0001660191  -0.0000250576   0.0003330115   0.0003327702  -0.0000631405
       -0.0230697337   0.0097223886   0.0519666205   0.0267002155  -0.0144957837
       -0.0055184459  -0.0013257391   0.0002434214   0.0009274142
       -0.0000811797  -0.0000739270   0.0000370820  -0.0000940414   0.0001887585
       -0.0004347197   0.0001704555  -0.0002060103  -0.0007031874   0.0000205114
       -0.0015083572  -0.0035399880   0.0003310911   0.0004899053  -0.0008224718
        0.0001571834  -0.0000137576   0.0007234921  -0.0443873896   0.0041542802
        0.0086626235   0.0000117988   0.0000307157   0.0000187939   0.0000396536
        0.0000265377   0.0001204497   0.0000775224   0.0000307711   0.0000712377
       -0.0000179696  -0.0000573426   0.0000830727  -0.0008531303  -0.0002326712
       -0.0001381731   0.0001545675   0.0002770260  -0.0000479703  -0.0000490153
       -0.0000339590   0.0001375158  -0.0000089072   0.0000003216  -0.0001082604
        0.0000010681   0.0000288294   0.0000608717   0.0002312898  -0.0000438123
       -0.0002831971   0.0000088526  -0.0004825385   0.0000915511  -0.0000913939
       -0.0000077696  -0.0001391221  -0.0001218421   0.0001389257   0.0000867365
       -0.0039640337   0.0167065594   0.0267002155   0.0488195384  -0.0054472607
       -0.0095052505  -0.0003546298  -0.0139652247  -0.0210713018
       -0.0000428827  -0.0000459285   0.0000063577   0.0001525426   0.0000280656
       -0.0000873500  -0.0000499769   0.0009005368   0.0004548871  -0.0007915146
        0.0080829715   0.0155287566   0.0003242741  -0.0014831265   0.0027315153
        0.0003852960   0.0005869562   0.0008038485   0.0041341172  -0.0984356040
       -0.1006597549  -0.0000536579  -0.0000039898  -0.0000068727   0.0000000085
        0.0000292162   0.0000516366   0.0000907633  -0.0000400371   0.0000404392
        0.0000109461  -0.0000907675   0.0001029358  -0.0003102612   0.0000623482
       -0.0000390212   0.0000361881  -0.0002726632   0.0000871104  -0.0001142265
       -0.0000113939  -0.0000448303  -0.0001235460  -0.0000810435   0.0000980952
        0.0001564156  -0.0000681198   0.0000532712   0.0000573154   0.0004539442
        0.0009733439  -0.0002271055  -0.0002372608   0.0001310409   0.0000406505
       -0.0000157810  -0.0000569146   0.0000042835  -0.0001593556  -0.0001213634
        0.0028510925  -0.0086875202  -0.0144957837  -0.0054472607   0.1136919663
        0.1161441106  -0.0010834612  -0.0142034136  -0.0216954580
       -0.0000500880   0.0000162691   0.0002078208   0.0000429506   0.0000527095
        0.0000317214   0.0004938313  -0.0008213782   0.0006502165   0.0001910874
       -0.0091299015  -0.0257673957  -0.0007636696   0.0040572052  -0.0044589984
       -0.0003303708  -0.0007385944   0.0007835579   0.0085645328  -0.1009674571
       -0.2247732840  -0.0000104722   0.0000046953   0.0000360692   0.0000806108
       -0.0000246728   0.0000015876   0.0000738245   0.0000303489  -0.0000614609
        0.0000172438  -0.0000529855   0.0000619929  -0.0005358794  -0.0002188467
        0.0000854681  -0.0001737603   0.0005835857   0.0001142278   0.0002840474
       -0.0001270838   0.0001531950  -0.0001416538   0.0000907942   0.0001805715
        0.0001910241   0.0002401257   0.0002032079  -0.0000689077  -0.0004704709
       -0.0018670453   0.0003014172   0.0006748395   0.0002068682  -0.0000515555
       -0.0001541522   0.0001990136   0.0000481571  -0.0000405200  -0.0001684977
        0.0024572360  -0.0049517707  -0.0055184459  -0.0095052505   0.1161441106
        0.2631651583  -0.0011143549  -0.0041968497  -0.0034655485
       -0.0002729874   0.0003235771  -0.0000728585  -0.0008489845   0.0011049593
       -0.0003731507   0.0001809830   0.0000234447   0.0000562943   0.0013733668
       -0.0004951167   0.0016143074   0.0003936745   0.0004102658  -0.0002206000
        0.0006315030  -0.0004557427   0.0004766816  -0.1656189226  -0.1202466802
       -0.0055344926  -0.0000941862  -0.0000215972   0.0000076214   0.0000730004
       -0.0001411396   0.0000356125   0.0000167860  -0.0001284042  -0.0002822607
       -0.0000085263  -0.0000058243  -0.0000009735  -0.0011352134   0.0012165443
        0.0003301887  -0.0001151815   0.0000170948   0.0000374262  -0.0001234938
       -0.0000865159  -0.0000202274  -0.0003495413  -0.0001064274   0.0000400204
        0.0004254965   0.0000884519   0.0001615090  -0.0000339346   0.0001622890
       -0.0001015917  -0.0000236567   0.0002179825   0.0001189387   0.0000416612
       -0.0001854475   0.0000302892   0.0002112119   0.0000285378  -0.0001787739
       -0.0280940862  -0.0203875198  -0.0013257391  -0.0003546298  -0.0010834612
       -0.0011143549   0.1937256609   0.1397507294   0.0063161335
        0.0000106908   0.0002311977   0.0000165416   0.0002235908  -0.0002065998
        0.0003519894  -0.0004615601   0.0002630930  -0.0001350243  -0.0152303511
       -0.0172013190   0.0021054040   0.0002234555   0.0009026422  -0.0012746476
        0.0005713698  -0.0032336983   0.0038918693  -0.1202244706  -0.1601794017
       -0.0063194019  -0.0000564727   0.0000111185  -0.0000000427  -0.0000237741
       -0.0000451510  -0.0000737014   0.0001246663   0.0002745685   0.0002267355
       -0.0001730476   0.0001906391  -0.0002159237   0.0015823053  -0.0004916816
       -0.0007211853  -0.0001808075  -0.0000610680   0.0000380844  -0.0001210357
        0.0000751945  -0.0000717112   0.0000028298  -0.0000615605   0.0000557432
        0.0001555719   0.0003847886   0.0002816569  -0.0000061519  -0.0000001297
       -0.0002813132   0.0001863280   0.0001990317   0.0000993094  -0.0011393828
       -0.0010640388   0.0004295258   0.0001922203   0.0000016707  -0.0000190533
        0.0085585210   0.0087642315   0.0002434214  -0.0139652247  -0.0142034136
       -0.0041968497   0.1397507294   0.1854498862   0.0055685734
       -0.0000942069   0.0003287097   0.0000537761  -0.0000945809  -0.0001079604
        0.0005384265   0.0002358128  -0.0004976192   0.0003646976   0.0155801448
        0.0160687200  -0.0010775023   0.0006726476   0.0009740759   0.0007842830
       -0.0001772322   0.0034441082  -0.0032025122  -0.0055339951  -0.0063761763
       -0.0431646868   0.0001028040  -0.0000979124  -0.0000380367   0.0000259542
       -0.0000772254  -0.0001322375  -0.0003490813  -0.0002114506  -0.0002869642
        0.0000090706   0.0000178665  -0.0001548769   0.0005119337  -0.0002587014
        0.0002374839  -0.0000468820  -0.0000298431  -0.0001206043   0.0001293630
        0.0000202001  -0.0000621886   0.0000771234  -0.0000396866  -0.0000848292
       -0.0003192231  -0.0000573816  -0.0008285892  -0.0000215866  -0.0001272853
        0.0001549119  -0.0000874914   0.0000309084  -0.0000824907   0.0010074438
        0.0011701001  -0.0001356581  -0.0000881583  -0.0000497077  -0.0000652970
        0.0032153082   0.0020031459   0.0009274142  -0.0210713018  -0.0216954580
       -0.0034655485   0.0063161335   0.0055685734   0.0498410290
