           1           2  0.965310108714190     
           2           3  0.958021835317300     
           2           4  0.970809601274911     
           4           5  0.955316904245051     
           4           6  0.973996920721975     
           6           7  0.955829314826573     
           6           8  0.962638212087994     
           8           9  0.957577186962335     
           8          10  0.953309186509516     
          10          11  0.948982522457123     
           2          12  0.958035354584524     
          10          12  0.970906313415645     
          10          13  0.996059700999041     
           8          14   1.00540919765755     
           6          15   1.00138478184035     
           4          16  0.991407107050887     
           1          17   1.00572912975922     
           1          18  0.972180347946539     
           1          19  0.965516190004520     
          13          20  0.838945808681464     
          14          21  0.841330492931213     
          15          22  0.845912482172549     
          16          23  0.843813247626768     
          17          24  0.857756926537098     
