           1           2   1.03412349917651     
           2           3   1.42529479364474     
           3           4   1.43856054703229     
           4           5   1.41521410647312     
           3           6  0.101814634110567     
           5           6   1.47026913483985     
           2           7   1.32625672558089     
           6           7   1.35457003500371     
           7           8   1.09768159389564     
           8           9   1.79526442438136     
           1          10  0.964734950636291     
           1          11  0.964725264524154     
           1          12  0.981265396100164     
           3          13  0.965664097067953     
           4          14  0.968586455448791     
           5          15  0.968503866509108     
           6          16  0.965936049234293     
           8          17  0.933708156756201     
