           1           2  0.940140122666638     
           2           3   1.15281930722555     
           2           4  0.165095380871713     
           3           4   1.69831990527883     
           3           5  0.965741925814562     
           5           6  0.985566838586859     
           6           7   1.00474889262104     
           7           8   1.01020757110388     
           8           9   1.00618556688475     
           5          10  0.993703840312385     
           9          10   1.00450818276140     
           1          11  0.976673836482780     
           1          12  0.976955291611655     
           1          13  0.976584555813977     
           5          14  0.932905841507853     
           6          15  0.974709550697986     
           6          16  0.978885744117771     
           7          17  0.977946839112897     
           7          18  0.978050656531644     
           8          19  0.975411808879742     
           8          20  0.977639870134643     
           9          21  0.980830146858784     
           9          22  0.980032444823523     
          10          23  0.977835416481205     
          10          24  0.976910689497894     
