           1           2   1.00359132741242     
           2           3  0.925646853197559     
           2           4  0.985335718840787     
           4           5   1.00620554566644     
           5           6  0.983178506488649     
           6           7  0.952513261742204     
           6           8  0.991322966634406     
           2           9  0.988102748753336     
           8           9   1.00465449641379     
           9          10   1.79316713709941     
           6          11  0.993228770461144     
          11          12   1.92728106451407     
          11          13   1.02738534934998     
           1          14  0.986925733825558     
           1          15  0.984516390478455     
           1          16  0.985698660729172     
           4          17  0.978302254495855     
           4          18  0.974868778615930     
           5          19  0.979228068596470     
           5          20  0.972749517474709     
           8          21  0.928917756992483     
           8          22  0.962515254564848     
          12          23  0.974646572645614     
          12          24  0.972386650789193     
          13          25  0.982566459766703     
          13          26  0.966611953666081     
          13          27  0.965933308798526     
