           1           2   1.02246671657585     
           2           3   1.81154344122202     
           2           4  0.962669380237361     
           4           5  0.993310559367839     
           4           6  0.995152495132152     
           4           7  0.965734378128935     
           1           8  0.980748175571294     
           1           9  0.957904186635090     
           1          10  0.944139353120925     
           5          11  0.982517532385214     
           5          12  0.982867895775639     
           5          13  0.985662054770086     
           6          14  0.984493540499266     
           6          15  0.986338522063660     
           6          16  0.984592895943921     
           7          17  0.978895237765594     
           7          18  0.986342014078809     
           7          19  0.983680262006354     
