           1           2  0.971943887855558     
           2           3  0.957542560609530     
           2           4  0.969725562363458     
           4           5  0.953797266096404     
           4           6  0.969245833237794     
           6           7  0.956654750913768     
           6           8  0.971110769333073     
           8           9  0.956159161151818     
           8          10  0.943600351176943     
          10          11  0.947357788261161     
           2          12  0.958873554270141     
          10          12  0.964786326539133     
          10          13   1.01629358763773     
           8          14  0.999909684200164     
           6          15  0.998314775158966     
           4          16   1.00355056111385     
           1          17   1.01365512131722     
           1          18  0.969170712941404     
           1          19  0.966866542525627     
          13          20  0.828111486074340     
          14          21  0.845514699489027     
          15          22  0.845738268934028     
          16          23  0.842665588425326     
          17          24  0.859113431276615     
