           1           2   1.02697404728934     
           2           3  0.983715649866165     
           3           4   1.01027553747092     
           1           5  0.986121750883448     
           1           6  0.978112617290188     
           1           7  0.984717448811153     
           2           8  0.971642135576264     
           2           9  0.974066663596897     
           4          10  0.982499107859035     
           4          11  0.979221262862416     
           4          12  0.982500815049824     
