           1           2   1.02550279847503     
           2           3   1.88927108559325     
           3           4   1.02509346665488     
           4           5  0.994905043565413     
           5           6  0.947664127728765     
           5           7  0.988785949323446     
           2           8  0.985179858760172     
           7           8  0.986632023528648     
           8           9  0.957248602109250     
           8          10  0.971301285001374     
           5          11  0.997922957210873     
          11          12   1.92852797585378     
          11          13   1.02312169543865     
           1          14  0.969691874228638     
           1          15  0.984646152300381     
           1          16  0.972222405407216     
           3          17  0.964556329560497     
           4          18  0.964233771186294     
           4          19  0.953994908287933     
           7          20  0.970532751796512     
           7          21  0.976323371404754     
          10          22  0.864108050743097     
          12          23  0.974886801503310     
          12          24  0.973657741749282     
          13          25  0.975396037412495     
          13          26  0.982969989715476     
          13          27  0.967294514218521     
