           1           2   1.51797911580900     
           2           3   1.31068292946636     
           3           4   1.32046431970430     
           4           5   1.50611364206717     
           1           6   1.32256229841049     
           5           6   1.33075858343786     
           6           7   1.03227244744687     
           7           8   1.40096229272436     
           7           9   1.39970508611005     
           8           9  0.304435167577554     
           3          10   1.15974465585313     
           1          11  0.959966787634426     
           2          12  0.961779896398899     
           4          13  0.959953066702771     
           5          14  0.959930348941145     
          10          15  0.816141904122070     
