$hessian                                                                        
        0.4577747029   0.0061783655   0.0412869459  -0.1482952469  -0.0313802302
        0.0364143635   0.0010042585  -0.0070427126   0.0269102680  -0.0232867718
       -0.0135237783   0.0055556591  -0.0025134631  -0.0008621118  -0.0036800492
        0.0001543984   0.0001326871  -0.0000289616   0.0003420152   0.0001327527
        0.0001029993   0.0000408426  -0.0000458426  -0.0003627281   0.0004847631
       -0.0010264621   0.0004351996  -0.1074656301   0.1022351038   0.0326146526
       -0.1178969439  -0.0807619587  -0.0818321965  -0.0559404110   0.0277712472
       -0.0588304547  -0.0012905794  -0.0003286914   0.0008746349   0.0000295058
        0.0001449309   0.0000648598  -0.0013152429  -0.0014415084   0.0004719490
        0.0002051446   0.0000400479  -0.0003010483  -0.0002244378  -0.0001064616
        0.0001268131  -0.0001436778   0.0000257875   0.0001295336  -0.0000648415
       -0.0000802127  -0.0000992866   0.0000020130  -0.0002131505   0.0000276358
       -0.0002474612   0.0001863831   0.0000674745  -0.0008259520  -0.0001682179
        0.0002288352  -0.0005269848   0.0001340332  -0.0001770990
        0.0061783655   0.4851740217   0.0085692250  -0.0373993047  -0.0828589633
        0.0205117987  -0.0061867080   0.0166431231   0.0052217805  -0.0146819801
        0.0055432713   0.0019879871  -0.0018088728   0.0003930674   0.0000117188
       -0.0000231081  -0.0001620709   0.0000320380   0.0000790204  -0.0000933678
        0.0000454750   0.0001271864  -0.0000511334   0.0000133815  -0.0026082497
       -0.0022344995  -0.0007652390   0.1095361896  -0.1970250830  -0.0551347662
       -0.0803982439  -0.1269960653  -0.0828383419   0.0266218421  -0.0998873910
        0.1021850584   0.0002025258   0.0007220929   0.0012986489   0.0001566383
        0.0001552561  -0.0000875299  -0.0001527204  -0.0001745678  -0.0001153158
        0.0000911833  -0.0000685791  -0.0001325273  -0.0000775717   0.0000317242
        0.0000510260   0.0000046915   0.0000424270  -0.0000169986   0.0000185225
        0.0000447525  -0.0000500195  -0.0000689842  -0.0000287643   0.0001280909
       -0.0000700836   0.0001210050   0.0000234462   0.0009452221  -0.0000532796
       -0.0003628239  -0.0004855602   0.0007630240  -0.0005761129
        0.0412869459   0.0085692250   0.5259672567   0.0337832735   0.0149934088
       -0.0817487734   0.0435522472   0.0124388063  -0.0545723703  -0.0073092862
       -0.0046231938   0.0059769035  -0.0021969982  -0.0005752420  -0.0008825432
        0.0000520291  -0.0001764225  -0.0001002404  -0.0000734388   0.0000623465
        0.0000509794   0.0000744172  -0.0001691644  -0.0001834968   0.0002574246
        0.0010814022  -0.0005659033   0.0311838216  -0.0499896211  -0.0514710070
       -0.0818875480  -0.0821692366  -0.1319533970  -0.0562117615   0.1009544486
       -0.2124401800  -0.0009619039   0.0000399322   0.0009220104   0.0000265607
       -0.0000232505  -0.0001705824  -0.0002921027  -0.0003734368   0.0002576574
       -0.0005771398  -0.0000876586   0.0002260746   0.0000259534   0.0001158713
        0.0001381332  -0.0000433944  -0.0000192403   0.0000143208   0.0001080005
        0.0000072740   0.0001176026  -0.0000424734   0.0002006653  -0.0000117496
        0.0000341461  -0.0000817964   0.0000473767  -0.0009726486  -0.0001168662
        0.0002100398   0.0001838758  -0.0000582510   0.0001718882
       -0.1482952469  -0.0373993047   0.0337832735   0.4016144739   0.0823330037
       -0.0241387332  -0.0750098485  -0.0059533410   0.0217037808  -0.1202868513
       -0.0350827650  -0.0345200586  -0.0188977298  -0.0122804258  -0.0064058065
       -0.0001528426  -0.0001633938  -0.0003218607  -0.0011921379  -0.0002406874
       -0.0000903970  -0.0002974790  -0.0003110124   0.0002765176  -0.0173255701
        0.0063657770  -0.0154751742  -0.0161165762  -0.0007375699   0.0119465953
       -0.0207923382  -0.0077255413   0.0061519109   0.0082779133   0.0051832867
       -0.0005576909   0.0075489254   0.0062174061   0.0058360513   0.0006750132
        0.0008470015  -0.0006465102  -0.0012215765  -0.0016614965   0.0009694872
       -0.0001126533  -0.0002000321   0.0011260292   0.0006773134   0.0004173105
       -0.0001374116   0.0003374872  -0.0001788992  -0.0003167198   0.0001497672
        0.0001931088   0.0003032586  -0.0004441444   0.0012901348   0.0003722703
        0.0006353687  -0.0005928268  -0.0001201529   0.0007198480  -0.0011484960
        0.0005895749  -0.0004911158   0.0008287629  -0.0003282341
       -0.0313802302  -0.0828589633   0.0149934088   0.0823330037   0.2449574602
        0.0209561912  -0.0073004714  -0.0611130082  -0.0183242970  -0.0229989340
       -0.0829935481  -0.0195980202  -0.0174853307  -0.0103857588  -0.0086171613
        0.0001342161   0.0003452080  -0.0001509194  -0.0004241712  -0.0000953372
       -0.0003158596   0.0007264935   0.0000806654   0.0006824332   0.0125715548
        0.0102889209   0.0122008317   0.0200272386   0.0057453909  -0.0118398111
       -0.0178357012  -0.0062214446   0.0077055977  -0.0114430496  -0.0045217458
        0.0090877379  -0.0097874255  -0.0047470878  -0.0119256281  -0.0009120497
       -0.0005208732  -0.0005348029  -0.0027724621  -0.0024802590   0.0017879084
        0.0001673207   0.0004536728   0.0002865330   0.0002847737  -0.0000190674
       -0.0000718356   0.0002393485  -0.0001761928  -0.0001247434  -0.0000549196
       -0.0002123541   0.0001821148   0.0008946324  -0.0004892226  -0.0005754788
        0.0004629745  -0.0004987142  -0.0002352658   0.0005441144  -0.0002435479
        0.0013539334   0.0040090741  -0.0042941931   0.0030771332
        0.0364143635   0.0205117987  -0.0817487734  -0.0241387332   0.0209561912
        0.8607011490   0.0249416149  -0.0169929867  -0.6584920563  -0.0298917619
       -0.0277964470  -0.0833632662   0.0034326188   0.0014673941   0.0090499399
       -0.0016670557  -0.0003090988   0.0005309715  -0.0005607610  -0.0000964316
       -0.0007594342   0.0005642004  -0.0003176331   0.0007405819  -0.0138325115
        0.0094078578  -0.0113450722   0.0095570726  -0.0013698696  -0.0060228901
       -0.0132117884  -0.0068406111   0.0098588122   0.0164599657   0.0066698621
       -0.0175844342  -0.0147771344  -0.0085487619  -0.0196033516   0.0004117341
        0.0021106011   0.0006434884   0.0024457747   0.0036906653  -0.0009671627
        0.0023521364   0.0000312442  -0.0016588793   0.0001255496  -0.0002403485
       -0.0002486900   0.0005332025  -0.0001257608  -0.0001720623  -0.0001964826
       -0.0000731564  -0.0001253557   0.0009056805  -0.0015842940   0.0003371908
        0.0005359446  -0.0004197472  -0.0006852598  -0.0004502059   0.0003399103
       -0.0001348135   0.0000465763  -0.0004703781   0.0010493679
        0.0010042585  -0.0061867080   0.0435522472  -0.0750098485  -0.0073004714
        0.0249416149   0.0812993327   0.0238490072  -0.0357377632   0.0078007527
       -0.0070432274  -0.0317207317   0.0007345398   0.0015228431   0.0001893267
       -0.0026928698  -0.0005465855   0.0011081912   0.0001780795  -0.0002666096
       -0.0001803674  -0.0000862724   0.0001114279  -0.0002295848  -0.0007980314
        0.0002658960   0.0003330824  -0.0011340407  -0.0001830165   0.0005495158
        0.0025200511   0.0017937443  -0.0005993626  -0.0054810614  -0.0023868303
        0.0047011646  -0.0038187416  -0.0026152006  -0.0048777398   0.0000266332
        0.0001804742   0.0001419743   0.0001137126   0.0003141422  -0.0001182408
       -0.0029068702  -0.0011048249  -0.0011079631  -0.0007300457  -0.0005464101
       -0.0004077900  -0.0000002762   0.0000445417   0.0000920667  -0.0002364752
       -0.0000059989  -0.0003433704  -0.0005065831  -0.0003284947  -0.0001071722
       -0.0000417128   0.0001669589  -0.0001104533   0.0000270485   0.0001983416
       -0.0000763789  -0.0002615795   0.0000670008   0.0000077342
       -0.0070427126   0.0166431231   0.0124388063  -0.0059533410  -0.0611130082
       -0.0169929867   0.0238490072   0.0305604885   0.0205304417  -0.0075167442
        0.0133483070  -0.0146128457   0.0013418960   0.0011067062  -0.0002007905
       -0.0010151825   0.0003155375   0.0000350462   0.0000669595   0.0001421234
        0.0000257992   0.0001424906  -0.0003400806   0.0000326972  -0.0017338144
       -0.0024998565  -0.0035137230  -0.0027291971  -0.0005546856   0.0033114432
        0.0022064901   0.0001615359  -0.0005009043  -0.0001692376   0.0005855044
        0.0008100561  -0.0001793491   0.0001110249  -0.0009248957   0.0003712845
        0.0005601723   0.0003682968   0.0002791116   0.0003404991  -0.0000917734
       -0.0007975010  -0.0007880788  -0.0001658683  -0.0001001288  -0.0000945393
       -0.0001080023  -0.0001276381   0.0000011905   0.0000786097   0.0000526597
        0.0001457706  -0.0000220634   0.0000382848   0.0001487395   0.0002461763
       -0.0001086628   0.0000108362  -0.0000232460   0.0000810221  -0.0001541385
       -0.0000927740  -0.0009556968   0.0013628283  -0.0006274993
        0.0269102680   0.0052217805  -0.0545723703   0.0217037808  -0.0183242970
       -0.6584920563  -0.0357377632   0.0205304417   0.7723412737  -0.0171895511
       -0.0069320540  -0.0526742644   0.0027118679   0.0020711722   0.0006378566
        0.0011162306   0.0001612943   0.0004418884   0.0002455549  -0.0000385899
        0.0004992722   0.0000523268  -0.0002025985   0.0002842853   0.0005509288
       -0.0057556540   0.0003348849   0.0016356490   0.0016773341  -0.0017875175
       -0.0020085911   0.0006267022   0.0006704383   0.0067517938   0.0028391383
       -0.0026888039  -0.0047097267  -0.0040268177  -0.0050471796   0.0002774136
       -0.0012576620   0.0000785054  -0.0000466791  -0.0005881051   0.0004032611
       -0.0004863780   0.0004272200   0.0011352796  -0.0001630298   0.0000209798
       -0.0001356481  -0.0002311176   0.0001251741   0.0000395538   0.0001685794
        0.0000695868  -0.0000169297  -0.0005028767   0.0009309138   0.0001280148
       -0.0000017773   0.0002103071   0.0002380740   0.0003676218   0.0001750382
       -0.0004981069  -0.0014145246   0.0020386953  -0.0013197112
       -0.0232867718  -0.0146819801  -0.0073092862  -0.1202868513  -0.0229989340
       -0.0298917619   0.0078007527  -0.0075167442  -0.0171895511   0.4551151649
        0.0106633108  -0.0403773664  -0.1015139514  -0.0479242213   0.0309254126
       -0.0134970094  -0.0085159245   0.0123331765   0.0019461134  -0.0007125804
       -0.0010825662  -0.0128416330   0.0161742208  -0.0012393019  -0.0931377827
        0.0386891917  -0.0233144369  -0.0001435784  -0.0004451450  -0.0002496127
       -0.0039491418  -0.0019040728   0.0020382097  -0.0006012052  -0.0008376028
       -0.0006413000  -0.0782199716   0.0386114265   0.0768680787   0.0081377183
        0.0085540241  -0.0057763512  -0.0146433138  -0.0165862111   0.0070043814
        0.0002546338   0.0000188408  -0.0004594606  -0.0018099293   0.0012832011
        0.0030884908   0.0000985386  -0.0001084303  -0.0000584031  -0.0002316771
       -0.0000131153  -0.0001741959   0.0005829051  -0.0004481180  -0.0005385022
       -0.0020328711   0.0021990408   0.0028870004   0.0076976186  -0.0108261001
        0.0050727629  -0.0154377575   0.0173259232  -0.0119154169
       -0.0135237783   0.0055432713  -0.0046231938  -0.0350827650  -0.0829935481
       -0.0277964470  -0.0070432274   0.0133483070  -0.0069320540   0.0106633108
        0.4414941937   0.0301355243  -0.0464652403  -0.1178708064   0.0308895630
        0.0030735678   0.0088269080  -0.0006638167  -0.0008504310  -0.0001756832
        0.0011095689   0.0126143596  -0.0140924793  -0.0008395917   0.0529695186
       -0.1220689254   0.0373268980  -0.0023440876  -0.0010602761   0.0007948608
       -0.0021254747   0.0009525908   0.0000176920   0.0015055388   0.0005912804
       -0.0008507996   0.0388335264  -0.0853393673  -0.0827556406  -0.0127795676
       -0.0190785118   0.0126391264  -0.0123597774  -0.0126302639   0.0059894425
       -0.0002078467   0.0005407218   0.0000615468   0.0023352270   0.0002609766
       -0.0023569853  -0.0001974994   0.0001099372   0.0000431156   0.0000197974
       -0.0000578651  -0.0000422797  -0.0002054939   0.0005014278   0.0006367803
        0.0016487392  -0.0004177582  -0.0021717884   0.0100897720  -0.0192154903
        0.0099833639  -0.0005681682   0.0028313606  -0.0005948858
        0.0055556591   0.0019879871   0.0059769035  -0.0345200586  -0.0195980202
       -0.0833632662  -0.0317207317  -0.0146128457  -0.0526742644  -0.0403773664
        0.0301355243   0.4984252319   0.0346274233   0.0363942150  -0.0920176395
        0.0168206293   0.0120685330  -0.0133256529  -0.0010821338   0.0011955016
        0.0012375146   0.0095569082  -0.0127962466   0.0068895264  -0.0187965985
        0.0233297371  -0.0721914143   0.0001640930  -0.0001637396  -0.0003079846
        0.0027963041   0.0006417549  -0.0007068214   0.0001799715   0.0000729067
        0.0004804125   0.0755806359  -0.0814250935  -0.1792502708   0.0074507394
        0.0116422223  -0.0069575033  -0.0107369041  -0.0132078796   0.0070796823
       -0.0006670008   0.0003745277   0.0005304135   0.0030786556  -0.0016875819
       -0.0030143821  -0.0003445795   0.0001046975   0.0000993451   0.0001117599
       -0.0000312053  -0.0000792403  -0.0000521934  -0.0000715628   0.0007376240
        0.0029845763  -0.0025797788  -0.0020185788  -0.0061024383   0.0116729962
       -0.0055297383  -0.0145073504   0.0165533507  -0.0100198968
       -0.0025134631  -0.0018088728  -0.0021969982  -0.0188977298  -0.0174853307
        0.0034326188   0.0007345398   0.0013418960   0.0027118679  -0.1015139514
       -0.0464652403   0.0346274233   0.4904874458  -0.0165181660   0.0440503997
       -0.1068482022   0.0287115447   0.0499753259  -0.0142236395   0.0133678191
        0.0099617429   0.0003533774  -0.0013960145   0.0007834102   0.0075028372
        0.0065898049  -0.0049267739   0.0000002459  -0.0001817310  -0.0000385728
       -0.0011331937  -0.0002423411   0.0003883586   0.0000966319   0.0003005771
       -0.0002622751  -0.0100040127  -0.0096061520   0.0094553637  -0.1171179435
        0.0903485621  -0.0583528184  -0.1205306201  -0.0555080101  -0.0938743018
        0.0086693089  -0.0056666191  -0.0103636128  -0.0138705874   0.0067802634
        0.0168746954  -0.0015331758   0.0032813466  -0.0011298032   0.0003889347
        0.0001353074   0.0008290197   0.0000952435   0.0001667627  -0.0000313780
        0.0000664967  -0.0001570634  -0.0000581910  -0.0008024605   0.0033661616
       -0.0017033865   0.0005939179   0.0006454953  -0.0001521144
       -0.0008621118   0.0003930674  -0.0005752420  -0.0122804258  -0.0103857588
        0.0014673941   0.0015228431   0.0011067062   0.0020711722  -0.0479242213
       -0.1178708064   0.0363942150  -0.0165181660   0.4868217008   0.0002285196
        0.0310225873  -0.0896028914  -0.0418641343   0.0172041894  -0.0144575079
       -0.0137348937  -0.0014096949   0.0023798033  -0.0007392905  -0.0089130695
       -0.0221637160   0.0146648185  -0.0002819621  -0.0001685298   0.0000087568
       -0.0002482906   0.0000986399   0.0002509046   0.0001168075  -0.0000239952
       -0.0000460223   0.0047327524   0.0060789027  -0.0050636950   0.0906049068
       -0.1535242950   0.0682020827  -0.0551763874  -0.0841911369  -0.0658237806
        0.0064498108  -0.0060149130  -0.0114810535  -0.0118056665   0.0070951758
        0.0137779835   0.0031518518  -0.0036449781   0.0013146762  -0.0007459366
        0.0008110677  -0.0003880127  -0.0000005708  -0.0002306233  -0.0001056536
       -0.0002138227   0.0004990126  -0.0000151601   0.0020199768  -0.0036671305
        0.0019673202  -0.0004453999   0.0006622059  -0.0005109051
       -0.0036800492   0.0000117188  -0.0008825432  -0.0064058065  -0.0086171613
        0.0090499399   0.0001893267  -0.0002007905   0.0006378566   0.0309254126
        0.0308895630  -0.0920176395   0.0440503997   0.0002285196   0.4935343699
        0.0496287304  -0.0392051181  -0.1320942309  -0.0023438945   0.0003881521
        0.0069060262   0.0007830368  -0.0007373278  -0.0001098482   0.0044057114
        0.0123648136  -0.0065187960  -0.0004612323  -0.0000966169   0.0001263539
       -0.0006550147  -0.0001722530   0.0003108158   0.0002139766  -0.0000945888
       -0.0000788482   0.0160252357   0.0146261930  -0.0137926841  -0.0583244605
        0.0680423767  -0.0850709172  -0.0934207781  -0.0658446910  -0.1495773012
        0.0126695124  -0.0125046161  -0.0209212117   0.0099953720  -0.0046327977
       -0.0109824916  -0.0020170686   0.0023954577   0.0004609225  -0.0005185053
        0.0007620997   0.0008972933  -0.0000647034   0.0000417007   0.0001057226
       -0.0000726275   0.0000165738  -0.0000232009  -0.0014412979   0.0020542256
       -0.0002165648   0.0005187242   0.0002845667   0.0002569770
        0.0001543984  -0.0000231081   0.0000520291  -0.0001528426   0.0001342161
       -0.0016670557  -0.0026928698  -0.0010151825   0.0011162306  -0.0134970094
        0.0030735678   0.0168206293  -0.1068482022   0.0310225873   0.0496287304
        0.4998008167   0.0441104137   0.0175947246  -0.1052834210   0.0522770185
       -0.0300386975   0.0085530435  -0.0103348874   0.0051163705   0.0005740888
        0.0016600620  -0.0009438818   0.0000459242  -0.0000093218   0.0000297423
       -0.0000193805  -0.0000195660  -0.0000044771  -0.0000745723  -0.0000027490
        0.0000163056  -0.0015333444  -0.0021398366   0.0019105477  -0.0125406208
        0.0112044241   0.0131138611   0.0085017278  -0.0065939408  -0.0100553043
       -0.1216027488  -0.0496329815  -0.0983857650  -0.1290002817  -0.0992769589
        0.0495651461  -0.0112034491   0.0153973896  -0.0055486713  -0.0128295688
        0.0147225771  -0.0111941608   0.0008139899  -0.0006484401   0.0007136407
       -0.0011899075  -0.0038378843   0.0021960969   0.0000345248   0.0000614956
       -0.0001296826  -0.0000102953  -0.0001288949   0.0000936415
        0.0001326871  -0.0001620709  -0.0001764225  -0.0001633938   0.0003452080
       -0.0003090988  -0.0005465855   0.0003155375   0.0001612943  -0.0085159245
        0.0088269080   0.0120685330   0.0287115447  -0.0896028914  -0.0392051181
        0.0441104137   0.4971106352  -0.0009410935   0.0535270328  -0.1377609919
        0.0374475136   0.0063633269  -0.0244746343   0.0134519932   0.0014862695
        0.0009878148  -0.0014383666   0.0000033702  -0.0000015795   0.0000365622
       -0.0000277406  -0.0000127384  -0.0000233888  -0.0000121282   0.0000307810
        0.0000079706  -0.0031155419  -0.0017757533   0.0030019748   0.0150143269
       -0.0115551931  -0.0150541435   0.0072145158  -0.0068904651  -0.0127347417
       -0.0503643423  -0.0732029325  -0.0591640292  -0.0996033901  -0.1528975971
        0.0572806435   0.0107308995  -0.0129071883   0.0045068867  -0.0031721339
        0.0058816019  -0.0017347338   0.0009258566   0.0005815980   0.0003135460
       -0.0026412373  -0.0030304652   0.0024876422   0.0000346927   0.0002272160
       -0.0002020592  -0.0000925182  -0.0000327993   0.0002186355
       -0.0000289616   0.0000320380  -0.0001002404  -0.0003218607  -0.0001509194
        0.0005309715   0.0011081912   0.0000350462   0.0004418884   0.0123331765
       -0.0006638167  -0.0133256529   0.0499753259  -0.0418641343  -0.1320942309
        0.0175947246  -0.0009410935   0.5007058306  -0.0310744251   0.0386455567
       -0.0878290482  -0.0040265892   0.0137736798  -0.0067108562  -0.0007421807
       -0.0013559253   0.0010561614  -0.0000398324   0.0000297550  -0.0000211690
       -0.0000360229  -0.0000371159   0.0000072416   0.0000337349  -0.0000518502
        0.0000227149   0.0018003960   0.0016692986  -0.0008420096  -0.0050710769
        0.0040332940   0.0068306892   0.0115248516  -0.0130897360  -0.0210608747
       -0.1005331327  -0.0599476821  -0.1688003727   0.0502398003   0.0581375985
       -0.0740713709   0.0115341111  -0.0155816451   0.0069973408  -0.0150714459
        0.0165066454  -0.0118513733  -0.0002209848  -0.0010068877   0.0007255224
        0.0013414739   0.0020618935  -0.0006258414  -0.0001763283  -0.0002638654
        0.0002662447  -0.0001429448   0.0000298659  -0.0002515652
        0.0003420152   0.0000790204  -0.0000734388  -0.0011921379  -0.0004241712
       -0.0005607610   0.0001780795   0.0000669595   0.0002455549   0.0019461134
       -0.0008504310  -0.0010821338  -0.0142236395   0.0172041894  -0.0023438945
       -0.1052834210   0.0535270328  -0.0310744251   0.5012970967  -0.0031653248
       -0.0017752463  -0.1170661926  -0.0579453663   0.0300630339  -0.0160160426
       -0.0096768265   0.0135709024  -0.0000038937   0.0000079462  -0.0000115736
        0.0000304683   0.0000506459   0.0000003711  -0.0000146857   0.0000258620
       -0.0000060647   0.0004042255  -0.0000304114  -0.0001941954  -0.0020247181
        0.0021264388   0.0024620064   0.0008589632  -0.0007623578  -0.0004980292
       -0.0128783229   0.0139312013  -0.0105874105   0.0083536232  -0.0127710942
        0.0066071914  -0.1110467419   0.0520594244   0.0893105436  -0.1257301440
       -0.0477990262  -0.0959095220  -0.0154919772  -0.0160734223   0.0056222510
        0.0082875654   0.0094096392  -0.0054554140  -0.0017834484   0.0011050399
        0.0027876248   0.0010572150  -0.0000949681  -0.0010973704
        0.0001327527  -0.0000933678   0.0000623465  -0.0002406874  -0.0000953372
       -0.0000964316  -0.0002666096   0.0001421234  -0.0000385899  -0.0007125804
       -0.0001756832   0.0011955016   0.0133678191  -0.0144575079   0.0003881521
        0.0522770185  -0.1377609919   0.0386455567  -0.0031653248   0.4693516011
        0.0385638246  -0.0565546697  -0.1271581795   0.0332353323   0.0028596544
        0.0073609816  -0.0011001200  -0.0000124512  -0.0000076054   0.0000065856
        0.0000425890   0.0000397400  -0.0000080673  -0.0000352938   0.0000387382
       -0.0000410000  -0.0001200874   0.0000696630  -0.0000047309   0.0018466647
       -0.0006111254  -0.0020003462   0.0001167499   0.0003980889   0.0006178595
       -0.0024648628   0.0055489374  -0.0020049541   0.0112461404  -0.0203764529
        0.0112788879   0.0517579779  -0.0822825474  -0.0719862574  -0.0477391330
       -0.0709388244  -0.0588289123  -0.0111218331  -0.0101864907   0.0035662833
       -0.0140936930  -0.0196824011   0.0114156840   0.0021015637   0.0002527823
       -0.0024946143   0.0007782957   0.0006238588  -0.0003719901
        0.0001029993   0.0000454750   0.0000509794  -0.0000903970  -0.0003158596
       -0.0007594342  -0.0001803674   0.0000257992   0.0004992722  -0.0010825662
        0.0011095689   0.0012375146   0.0099617429  -0.0137348937   0.0069060262
       -0.0300386975   0.0374475136  -0.0878290482  -0.0017752463   0.0385638246
        0.5215656451   0.0293640213   0.0342047087  -0.0859439664   0.0182729578
        0.0124955210  -0.0142929634   0.0000007107  -0.0000023210   0.0000157858
        0.0000431166  -0.0000005835   0.0000171815  -0.0000650790  -0.0000204497
        0.0000248059  -0.0001633731   0.0000099574   0.0001350480   0.0035230666
       -0.0029907941  -0.0021667514   0.0009076823  -0.0005143477   0.0007774810
       -0.0151877667   0.0168980352  -0.0112624589  -0.0059186447   0.0105765017
       -0.0050345001   0.0889974551  -0.0721286562  -0.1644746481  -0.0956352856
       -0.0585704699  -0.1584587966  -0.0127984610  -0.0135995866   0.0072252619
        0.0073768889   0.0111433331  -0.0055209255   0.0034993783  -0.0015653227
       -0.0032892912   0.0008858648   0.0009230461   0.0005777825
        0.0000408426   0.0001271864   0.0000744172  -0.0002974790   0.0007264935
        0.0005642004  -0.0000862724   0.0001424906   0.0000523268  -0.0128416330
        0.0126143596   0.0095569082   0.0003533774  -0.0014096949   0.0007830368
        0.0085530435   0.0063633269  -0.0040265892  -0.1170661926  -0.0565546697
        0.0293640213   0.4920303184  -0.0145474022   0.0440820324  -0.1025137234
        0.0273122680   0.0508588477  -0.0000956309  -0.0000838435  -0.0000014010
        0.0000010202   0.0000621334  -0.0000445807   0.0000472164   0.0000317447
        0.0000417959  -0.0013351601   0.0026863088  -0.0008739511   0.0000583963
       -0.0001114080  -0.0000418032   0.0000206741   0.0001367976  -0.0000576864
        0.0007716585   0.0010187918  -0.0001828829  -0.0004594976   0.0035713097
       -0.0018342455  -0.0126763636  -0.0120423429   0.0093543602  -0.0149950870
       -0.0166277535   0.0056764094  -0.1266075830  -0.0459591080  -0.0994834990
       -0.1087205784   0.0923928034  -0.0493549988  -0.0125438146   0.0065953212
        0.0170815675   0.0083624684  -0.0064451130  -0.0115882859
       -0.0000458426  -0.0000511334  -0.0001691644  -0.0003110124   0.0000806654
       -0.0003176331   0.0001114279  -0.0003400806  -0.0002025985   0.0161742208
       -0.0140924793  -0.0127962466  -0.0013960145   0.0023798033  -0.0007373278
       -0.0103348874  -0.0244746343   0.0137736798  -0.0579453663  -0.1271581795
        0.0342047087  -0.0145474022   0.5034992465  -0.0036616361   0.0282099550
       -0.0875215335  -0.0426473854   0.0000712836   0.0000845472  -0.0000426139
       -0.0000487016   0.0000047777  -0.0000505889   0.0002240464   0.0000048698
       -0.0000265075   0.0031251266  -0.0033786589   0.0010173048  -0.0001927376
        0.0005092420  -0.0000939704  -0.0000511586  -0.0002844992  -0.0000682573
       -0.0004860275   0.0008839927  -0.0007383836   0.0022956098  -0.0039917317
        0.0022070357   0.0057032973   0.0067781501  -0.0038459573  -0.0107361168
       -0.0108116580   0.0030437182  -0.0468208031  -0.0719719411  -0.0562102167
        0.0924872854  -0.1715578524   0.0648836305  -0.0105914351   0.0072167935
        0.0141390581   0.0051052526  -0.0058077063  -0.0116606484
       -0.0003627281   0.0000133815  -0.0001834968   0.0002765176   0.0006824332
        0.0007405819  -0.0002295848   0.0000326972   0.0002842853  -0.0012393019
       -0.0008395917   0.0068895264   0.0007834102  -0.0007392905  -0.0001098482
        0.0051163705   0.0134519932  -0.0067108562   0.0300630339   0.0332353323
       -0.0859439664   0.0440820324  -0.0036616361   0.4967129953   0.0490666506
       -0.0402809853  -0.1392423423  -0.0000630249  -0.0000380171   0.0000300565
       -0.0000511668  -0.0000684544   0.0000465580  -0.0000561214  -0.0000141161
       -0.0000005901  -0.0016164785   0.0020981393   0.0004723107  -0.0000568368
       -0.0000310696   0.0000357784  -0.0001204446   0.0000681587   0.0000205157
        0.0006136706   0.0005610368   0.0002909428  -0.0013368175   0.0024870782
       -0.0004400088   0.0165425162   0.0150620871  -0.0110263601  -0.0127689227
       -0.0139601507   0.0068372206  -0.0999609078  -0.0552119663  -0.1593680280
       -0.0491597192   0.0644939589  -0.0761174226   0.0097725493  -0.0046876448
       -0.0117263538   0.0107053037  -0.0126533738  -0.0214914983
        0.0004847631  -0.0026082497   0.0002574246  -0.0173255701   0.0125715548
       -0.0138325115  -0.0007980314  -0.0017338144   0.0005509288  -0.0931377827
        0.0529695186  -0.0187965985   0.0075028372  -0.0089130695   0.0044057114
        0.0005740888   0.0014862695  -0.0007421807  -0.0160160426   0.0028596544
        0.0182729578  -0.1025137234   0.0282099550   0.0490666506   0.4906931764
        0.0543106709   0.0031691112   0.0004872278   0.0002016977  -0.0005173299
       -0.0001562597  -0.0002959409   0.0001526474  -0.0013701638   0.0002801545
       -0.0003320684  -0.0091392777   0.0143199886  -0.0035242244  -0.0010659304
       -0.0032973482   0.0020400958   0.0006030568  -0.0005369683   0.0004916692
        0.0000458688  -0.0002094258   0.0001096672   0.0001009790   0.0000543973
       -0.0001748219  -0.0022645090  -0.0028849539   0.0024931839   0.0004101209
        0.0007392579   0.0009078499   0.0088298102  -0.0066932813  -0.0114673700
       -0.0113359717   0.0102379521   0.0128161189  -0.1247975913  -0.0981905662
        0.0539482098  -0.1298110753  -0.0528774531  -0.0992951213
       -0.0010264621  -0.0022344995   0.0010814022   0.0063657770   0.0102889209
        0.0094078578   0.0002658960  -0.0024998565  -0.0057556540   0.0386891917
       -0.1220689254   0.0233297371   0.0065898049  -0.0221637160   0.0123648136
        0.0016600620   0.0009878148  -0.0013559253  -0.0096768265   0.0073609816
        0.0124955210   0.0273122680  -0.0875215335  -0.0402809853   0.0543106709
        0.4768135458   0.0003188418   0.0000593275  -0.0000295289  -0.0001229553
       -0.0002925988  -0.0002141736   0.0000303895  -0.0012382716   0.0000100043
       -0.0000232623   0.0123023829  -0.0147853564   0.0039439949  -0.0023449966
       -0.0028691387   0.0022942520   0.0007452826   0.0005275032   0.0002273625
       -0.0001690821   0.0000279046   0.0002144032   0.0000690905   0.0001004333
       -0.0002162060  -0.0035621430  -0.0018896471   0.0028570702  -0.0001409667
        0.0006801993   0.0008083220   0.0058446560  -0.0054652839  -0.0112352064
        0.0148765351  -0.0120250542  -0.0165461216  -0.0974799980  -0.1525067887
        0.0633526287  -0.0531595995  -0.0705238056  -0.0571902801
        0.0004351996  -0.0007652390  -0.0005659033  -0.0154751742   0.0122008317
       -0.0113450722   0.0003330824  -0.0035137230   0.0003348849  -0.0233144369
        0.0373268980  -0.0721914143  -0.0049267739   0.0146648185  -0.0065187960
       -0.0009438818  -0.0014383666   0.0010561614   0.0135709024  -0.0011001200
       -0.0142929634   0.0508588477  -0.0426473854  -0.1392423423   0.0031691112
        0.0003188418   0.4876332616   0.0003354427   0.0003442319  -0.0001256948
        0.0000034515  -0.0001701844   0.0002028207   0.0004348201  -0.0001787791
        0.0000110997   0.0121104737  -0.0158334141   0.0059507604   0.0012268673
        0.0024569419  -0.0010999483  -0.0002561949  -0.0007312386   0.0004570212
       -0.0000266831   0.0000611322  -0.0002325237  -0.0002693217  -0.0002066305
        0.0003383350   0.0017288357   0.0019039242  -0.0007924652  -0.0011115593
       -0.0004331168   0.0010678751   0.0117447590  -0.0123689061  -0.0216646267
       -0.0041872081   0.0032234913   0.0058889117   0.0537935119   0.0632877535
       -0.0793775517  -0.0992340713  -0.0564017613  -0.1554918298
       -0.1074656301   0.1095361896   0.0311838216  -0.0161165762   0.0200272386
        0.0095570726  -0.0011340407  -0.0027291971   0.0016356490  -0.0001435784
       -0.0023440876   0.0001640930   0.0000002459  -0.0002819621  -0.0004612323
        0.0000459242   0.0000033702  -0.0000398324  -0.0000038937  -0.0000124512
        0.0000007107  -0.0000956309   0.0000712836  -0.0000630249   0.0004872278
        0.0000593275   0.0003354427   0.1208003139  -0.1207503467  -0.0374698053
        0.0090314169  -0.0130613034  -0.0047233393  -0.0044785081   0.0102268394
        0.0002167244  -0.0010664016  -0.0003983684  -0.0006250485  -0.0000558354
       -0.0000490732   0.0000993702  -0.0000828590  -0.0000991106   0.0000577201
        0.0000354072   0.0000423745  -0.0000187165   0.0000301181  -0.0000156640
       -0.0000392796   0.0000304435  -0.0000141691  -0.0000052179   0.0000075144
       -0.0000113079   0.0000010146   0.0000636419  -0.0000494071  -0.0000696782
        0.0000275927  -0.0000438518  -0.0000015943   0.0000003223   0.0000244202
        0.0001234494   0.0000827852  -0.0001307433   0.0001417006
        0.1022351038  -0.1970250830  -0.0499896211  -0.0007375699   0.0057453909
       -0.0013698696  -0.0001830165  -0.0005546856   0.0016773341  -0.0004451450
       -0.0010602761  -0.0001637396  -0.0001817310  -0.0001685298  -0.0000966169
       -0.0000093218  -0.0000015795   0.0000297550   0.0000079462  -0.0000076054
       -0.0000023210  -0.0000838435   0.0000845472  -0.0000380171   0.0002016977
       -0.0000295289   0.0003442319  -0.1207503467   0.2278362108   0.0589559118
        0.0090336874  -0.0188642893  -0.0078853114   0.0112830738  -0.0162484662
       -0.0015892762  -0.0003298086   0.0002759557   0.0000970724  -0.0000247371
        0.0000346692   0.0000125769  -0.0000547550  -0.0000388142   0.0000465826
        0.0000143912  -0.0000086698  -0.0000217295  -0.0000056228   0.0000146623
       -0.0000089835   0.0000060560  -0.0000057150  -0.0000091761   0.0000170934
        0.0000131612   0.0000110880  -0.0000057509  -0.0000178314   0.0000509370
       -0.0000492206   0.0000177698   0.0000188783  -0.0000095595  -0.0000140607
       -0.0000792772   0.0000713792   0.0000227680   0.0000095713
        0.0326146526  -0.0551347662  -0.0514710070   0.0119465953  -0.0118398111
       -0.0060228901   0.0005495158   0.0033114432  -0.0017875175  -0.0002496127
        0.0007948608  -0.0003079846  -0.0000385728   0.0000087568   0.0001263539
        0.0000297423   0.0000365622  -0.0000211690  -0.0000115736   0.0000065856
        0.0000157858  -0.0000014010  -0.0000426139   0.0000300565  -0.0005173299
       -0.0001229553  -0.0001256948  -0.0374698053   0.0589559118   0.0599848793
        0.0083074723  -0.0178310915  -0.0056268608  -0.0146697138   0.0219243252
        0.0052630274  -0.0004388822  -0.0000921348   0.0000697121   0.0000635631
        0.0000462909  -0.0000376700  -0.0000130026   0.0000239892  -0.0000370847
       -0.0000086196  -0.0000370834  -0.0000032229   0.0000104590   0.0000026878
        0.0000039387  -0.0000129427   0.0000000622  -0.0000013921  -0.0000127275
        0.0000065990  -0.0000037330  -0.0000397083   0.0000061084  -0.0000215441
        0.0000011952   0.0000146499   0.0000070164   0.0001169590  -0.0000445764
       -0.0000099494  -0.0001562628   0.0000061995  -0.0000230502
       -0.1178969439  -0.0803982439  -0.0818875480  -0.0207923382  -0.0178357012
       -0.0132117884   0.0025200511   0.0022064901  -0.0020085911  -0.0039491418
       -0.0021254747   0.0027963041  -0.0011331937  -0.0002482906  -0.0006550147
       -0.0000193805  -0.0000277406  -0.0000360229   0.0000304683   0.0000425890
        0.0000431166   0.0000010202  -0.0000487016  -0.0000511668  -0.0001562597
       -0.0002925988   0.0000034515   0.0090314169   0.0090336874   0.0083074723
        0.1377112976   0.0945719735   0.0939357483  -0.0053654365  -0.0049045976
       -0.0075878159   0.0001116770   0.0002093639   0.0003506473   0.0000547953
        0.0000655892  -0.0000666329  -0.0002288950  -0.0002598247   0.0001021972
       -0.0000327517  -0.0000390485  -0.0000222440  -0.0000025414   0.0000231988
        0.0000293461  -0.0000041734   0.0000105326   0.0000138281   0.0000546617
        0.0000120954   0.0000032981  -0.0001120177  -0.0000248256   0.0000536050
        0.0000107261  -0.0000008734   0.0000110438   0.0000866800  -0.0000843806
       -0.0001179504   0.0000802791   0.0001147818  -0.0000052833
       -0.0807619587  -0.1269960653  -0.0821692366  -0.0077255413  -0.0062214446
       -0.0068406111   0.0017937443   0.0001615359   0.0006267022  -0.0019040728
        0.0009525908   0.0006417549  -0.0002423411   0.0000986399  -0.0001722530
       -0.0000195660  -0.0000127384  -0.0000371159   0.0000506459   0.0000397400
       -0.0000005835   0.0000621334   0.0000047777  -0.0000684544  -0.0002959409
       -0.0002141736  -0.0001701844  -0.0130613034  -0.0188642893  -0.0178310915
        0.0945719735   0.1426631632   0.0975183288   0.0077720358   0.0082835997
        0.0081740590   0.0000307547   0.0000346787   0.0003525782   0.0000574054
        0.0000029444  -0.0000410323  -0.0000303308  -0.0000636823   0.0000161764
       -0.0000063180   0.0000018062  -0.0000045157  -0.0000160394  -0.0000138012
        0.0000342155  -0.0000134144   0.0000144184   0.0000246034   0.0000060927
       -0.0000177568  -0.0000131434  -0.0000342800   0.0000012934   0.0000111455
       -0.0000110841   0.0000285089   0.0000141552  -0.0001543115   0.0000133066
        0.0000198825  -0.0000682831   0.0001029478  -0.0000853800
       -0.0818321965  -0.0828383419  -0.1319533970   0.0061519109   0.0077055977
        0.0098588122  -0.0005993626  -0.0005009043   0.0006704383   0.0020382097
        0.0000176920  -0.0007068214   0.0003883586   0.0002509046   0.0003108158
       -0.0000044771  -0.0000233888   0.0000072416   0.0000003711  -0.0000080673
        0.0000171815  -0.0000445807  -0.0000505889   0.0000465580   0.0001526474
        0.0000303895   0.0002028207  -0.0047233393  -0.0078853114  -0.0056268608
        0.0939357483   0.0975183288   0.1452944916  -0.0157590358  -0.0144529167
       -0.0182883834  -0.0000457786   0.0001990459   0.0000768429  -0.0000242934
       -0.0000213990   0.0000113074   0.0001340842   0.0001160777  -0.0000137533
       -0.0000222515   0.0000157461   0.0000605934  -0.0000136196   0.0000029064
        0.0000159923  -0.0000124104   0.0000135984   0.0000142734   0.0000062120
        0.0000075242  -0.0000088955  -0.0000269951   0.0000392101   0.0000632482
        0.0000015952   0.0000141113   0.0000003953   0.0001183599  -0.0001461108
       -0.0001183302   0.0001808433  -0.0000041034   0.0000654292
       -0.0559404110   0.0266218421  -0.0562117615   0.0082779133  -0.0114430496
        0.0164599657  -0.0054810614  -0.0001692376   0.0067517938  -0.0006012052
        0.0015055388   0.0001799715   0.0000966319   0.0001168075   0.0002139766
       -0.0000745723  -0.0000121282   0.0000337349  -0.0000146857  -0.0000352938
       -0.0000650790   0.0000472164   0.0002240464  -0.0000561214  -0.0013701638
       -0.0012382716   0.0004348201  -0.0044785081   0.0112830738  -0.0146697138
       -0.0053654365   0.0077720358  -0.0157590358   0.0655828703  -0.0354539169
        0.0634510052   0.0002695860  -0.0003121151   0.0000639594   0.0000334078
        0.0000805176  -0.0000335933   0.0000850234   0.0000842494  -0.0000464956
        0.0000936324  -0.0000098808  -0.0000306661   0.0000340025   0.0000222211
       -0.0000383534   0.0000651036   0.0000157823  -0.0000525611  -0.0000009149
        0.0000016381  -0.0000048065   0.0000360288  -0.0000380277   0.0000352581
       -0.0000138630   0.0000153881  -0.0000132857  -0.0011987184   0.0007948895
       -0.0004638883  -0.0000818761   0.0001738908  -0.0001791238
        0.0277712472  -0.0998873910   0.1009544486   0.0051832867  -0.0045217458
        0.0066698621  -0.0023868303   0.0005855044   0.0028391383  -0.0008376028
        0.0005912804   0.0000729067   0.0003005771  -0.0000239952  -0.0000945888
       -0.0000027490   0.0000307810  -0.0000518502   0.0000258620   0.0000387382
       -0.0000204497   0.0000317447   0.0000048698  -0.0000141161   0.0002801545
        0.0000100043  -0.0001787791   0.0102268394  -0.0162484662   0.0219243252
       -0.0049045976   0.0082835997  -0.0144529167  -0.0354539169   0.1116249371
       -0.1173121932  -0.0004570588  -0.0009603458  -0.0001741551   0.0000635585
        0.0000071190   0.0000182107  -0.0000076588   0.0000163517  -0.0000616840
        0.0000929135  -0.0000018151  -0.0000301400   0.0000331701  -0.0000310143
       -0.0000089647   0.0000107149  -0.0000032585   0.0000027126  -0.0000330901
       -0.0000157736  -0.0000243403  -0.0000056730  -0.0000300159  -0.0000199201
        0.0000567360  -0.0000015808  -0.0000151719   0.0001291889   0.0005409910
        0.0000380962  -0.0001168162  -0.0000087742  -0.0000604305
       -0.0588304547   0.1021850584  -0.2124401800  -0.0005576909   0.0090877379
       -0.0175844342   0.0047011646   0.0008100561  -0.0026888039  -0.0006413000
       -0.0008507996   0.0004804125  -0.0002622751  -0.0000460223  -0.0000788482
        0.0000163056   0.0000079706   0.0000227149  -0.0000060647  -0.0000410000
        0.0000248059   0.0000417959  -0.0000265075  -0.0000005901  -0.0003320684
       -0.0000232623   0.0000110997   0.0002167244  -0.0015892762   0.0052630274
       -0.0075878159   0.0081740590  -0.0182883834   0.0634510052  -0.1173121932
        0.2445740362   0.0000042520   0.0001456263   0.0001912831  -0.0000341335
       -0.0000187433  -0.0000219451  -0.0000766436  -0.0000872727   0.0000605245
       -0.0000748875   0.0000153023  -0.0000292414  -0.0000367175  -0.0000074120
        0.0000194635  -0.0000221534  -0.0000097558   0.0000041821  -0.0000116242
       -0.0000225913   0.0000169157   0.0000539398  -0.0000081949  -0.0002023562
       -0.0000219501  -0.0000114062   0.0000122833   0.0002324381  -0.0002204641
        0.0006431836  -0.0002218463  -0.0001509092   0.0000108502
       -0.0012905794   0.0002025258  -0.0009619039   0.0075489254  -0.0097874255
       -0.0147771344  -0.0038187416  -0.0001793491  -0.0047097267  -0.0782199716
        0.0388335264   0.0755806359  -0.0100040127   0.0047327524   0.0160252357
       -0.0015333444  -0.0031155419   0.0018003960   0.0004042255  -0.0001200874
       -0.0001633731  -0.0013351601   0.0031251266  -0.0016164785  -0.0091392777
        0.0123023829   0.0121104737  -0.0010664016  -0.0003298086  -0.0004388822
        0.0001116770   0.0000307547  -0.0000457786   0.0002695860  -0.0004570588
        0.0000042520   0.0999408675  -0.0461299904  -0.0849524721   0.0001888411
        0.0001568796  -0.0001613414  -0.0004426071   0.0002384701   0.0005079683
       -0.0001084402  -0.0000636391  -0.0001012929  -0.0007906009   0.0003152470
        0.0008008165   0.0000394957  -0.0000473281  -0.0000880979  -0.0000666604
       -0.0000067760  -0.0000078219  -0.0000592477  -0.0000654479  -0.0001382808
       -0.0007132177   0.0005334766   0.0006500726   0.0002728316  -0.0002894680
        0.0000319238  -0.0001881867   0.0001207787   0.0006508099
       -0.0003286914   0.0007220929   0.0000399322   0.0062174061  -0.0047470878
       -0.0085487619  -0.0026152006   0.0001110249  -0.0040268177   0.0386114265
       -0.0853393673  -0.0814250935  -0.0096061520   0.0060789027   0.0146261930
       -0.0021398366  -0.0017757533   0.0016692986  -0.0000304114   0.0000696630
        0.0000099574   0.0026863088  -0.0033786589   0.0020981393   0.0143199886
       -0.0147853564  -0.0158334141  -0.0003983684   0.0002759557  -0.0000921348
        0.0002093639   0.0000346787   0.0001990459  -0.0003121151  -0.0009603458
        0.0001456263  -0.0461299904   0.1027768863   0.0909661478   0.0000170551
        0.0002278522   0.0000730777  -0.0001715685   0.0006379441   0.0004896641
       -0.0000394099  -0.0001112253   0.0000355244  -0.0006465589   0.0001644157
        0.0007124063  -0.0000365231  -0.0000037623   0.0000412305   0.0000178250
       -0.0000681130   0.0000363107  -0.0001452630   0.0001230297   0.0003006358
        0.0009308005  -0.0007433079  -0.0007791700  -0.0001736464  -0.0000735311
       -0.0003947885  -0.0002364389   0.0007640631  -0.0003430095
        0.0008746349   0.0012986489   0.0009220104   0.0058360513  -0.0119256281
       -0.0196033516  -0.0048777398  -0.0009248957  -0.0050471796   0.0768680787
       -0.0827556406  -0.1792502708   0.0094553637  -0.0050636950  -0.0137926841
        0.0019105477   0.0030019748  -0.0008420096  -0.0001941954  -0.0000047309
        0.0001350480  -0.0008739511   0.0010173048   0.0004723107  -0.0035242244
        0.0039439949   0.0059507604  -0.0006250485   0.0000970724   0.0000697121
        0.0003506473   0.0003525782   0.0000768429   0.0000639594  -0.0001741551
        0.0001912831  -0.0849524721   0.0909661478   0.2095299769  -0.0001460290
        0.0000574840  -0.0003168916  -0.0003460788  -0.0003453820   0.0008197699
       -0.0001274755   0.0001210170   0.0002672874   0.0007509926  -0.0002953635
       -0.0008151201  -0.0000443914   0.0000444482   0.0000226576   0.0000159045
        0.0000332749  -0.0000273439  -0.0000210687   0.0001446561   0.0000368452
       -0.0001730344   0.0002194189   0.0001392531  -0.0000324211  -0.0001982472
        0.0002386290  -0.0001880498   0.0003897172   0.0008224645
        0.0000295058   0.0001566383   0.0000265607   0.0006750132  -0.0009120497
        0.0004117341   0.0000266332   0.0003712845   0.0002774136   0.0081377183
       -0.0127795676   0.0074507394  -0.1171179435   0.0906049068  -0.0583244605
       -0.0125406208   0.0150143269  -0.0050710769  -0.0020247181   0.0018466647
        0.0035230666   0.0000583963  -0.0001927376  -0.0000568368  -0.0010659304
       -0.0023449966   0.0012268673  -0.0000558354  -0.0000247371   0.0000635631
        0.0000547953   0.0000574054  -0.0000242934   0.0000334078   0.0000635585
       -0.0000341335   0.0001888411   0.0000170551  -0.0001460290   0.1376212667
       -0.1051595569   0.0628816354  -0.0139606387   0.0134438039  -0.0124761187
        0.0006232798  -0.0002608153  -0.0002981824  -0.0003622343  -0.0000838811
       -0.0001699968  -0.0007634711   0.0011304677  -0.0001464601   0.0002329682
       -0.0002031238   0.0002221505  -0.0000419896  -0.0000036580   0.0000455396
       -0.0000090084  -0.0000345732   0.0000227390   0.0003157956  -0.0006564007
        0.0004340339  -0.0000552309  -0.0000500143   0.0001615448
        0.0001449309   0.0001552561  -0.0000232505   0.0008470015  -0.0005208732
        0.0021106011   0.0001804742   0.0005601723  -0.0012576620   0.0085540241
       -0.0190785118   0.0116422223   0.0903485621  -0.1535242950   0.0680423767
        0.0112044241  -0.0115551931   0.0040332940   0.0021264388  -0.0006111254
       -0.0029907941  -0.0001114080   0.0005092420  -0.0000310696  -0.0032973482
       -0.0028691387   0.0024569419  -0.0000490732   0.0000346692   0.0000462909
        0.0000655892   0.0000029444  -0.0000213990   0.0000805176   0.0000071190
       -0.0000187433   0.0001568796   0.0002278522   0.0000574840  -0.1051595569
        0.1804727299  -0.0803579312  -0.0059940650   0.0080844570  -0.0046895500
       -0.0000287754  -0.0001933319   0.0002193259  -0.0001036062   0.0003929209
        0.0001153634   0.0006492880  -0.0008968406   0.0002666373  -0.0000637822
        0.0000000347  -0.0000642093  -0.0000072223  -0.0000670256  -0.0000315982
       -0.0000502315   0.0000685625  -0.0000135624   0.0006265188  -0.0012543204
        0.0005925861  -0.0001195801   0.0000546954  -0.0000833540
        0.0000648598  -0.0000875299  -0.0001705824  -0.0006465102  -0.0005348029
        0.0006434884   0.0001419743   0.0003682968   0.0000785054  -0.0057763512
        0.0126391264  -0.0069575033  -0.0583528184   0.0682020827  -0.0850709172
        0.0131138611  -0.0150541435   0.0068306892   0.0024620064  -0.0020003462
       -0.0021667514  -0.0000418032  -0.0000939704   0.0000357784   0.0020400958
        0.0022942520  -0.0010999483   0.0000993702   0.0000125769  -0.0000376700
       -0.0000666329  -0.0000410323   0.0000113074  -0.0000335933   0.0000182107
       -0.0000219451  -0.0001613414   0.0000730777  -0.0003168916   0.0628816354
       -0.0803579312   0.0997497160  -0.0167131672   0.0150837560  -0.0125364896
        0.0002616951  -0.0002951274   0.0007238762  -0.0001498821  -0.0000833206
        0.0003837973   0.0007450094  -0.0008258347   0.0002497587   0.0001325555
       -0.0000067917  -0.0000851409   0.0000509744   0.0000180028  -0.0000479639
        0.0000272228  -0.0000246797  -0.0000258906  -0.0002805438   0.0008751671
       -0.0003259826   0.0002013833  -0.0001790385   0.0001567601
       -0.0013152429  -0.0001527204  -0.0002921027  -0.0012215765  -0.0027724621
        0.0024457747   0.0001137126   0.0002791116  -0.0000466791  -0.0146433138
       -0.0123597774  -0.0107369041  -0.1205306201  -0.0551763874  -0.0934207781
        0.0085017278   0.0072145158   0.0115248516   0.0008589632   0.0001167499
        0.0009076823   0.0000206741  -0.0000511586  -0.0001204446   0.0006030568
        0.0007452826  -0.0002561949  -0.0000828590  -0.0000547550  -0.0000130026
       -0.0002288950  -0.0000303308   0.0001340842   0.0000850234  -0.0000076588
       -0.0000766436  -0.0004426071  -0.0001715685  -0.0003460788  -0.0139606387
       -0.0059940650  -0.0167131672   0.1424575473   0.0663758600   0.1040343148
       -0.0009358430   0.0019109558   0.0026883669   0.0007883579   0.0002868370
        0.0001778147  -0.0000385722  -0.0001012701  -0.0000323459  -0.0001113813
       -0.0000789838  -0.0001372160  -0.0001459266  -0.0000028797   0.0000704169
       -0.0000497239  -0.0000269206   0.0000359605  -0.0000753247   0.0002232670
        0.0000330880   0.0003534618  -0.0001716418   0.0001392029
       -0.0014415084  -0.0001745678  -0.0003734368  -0.0016614965  -0.0024802590
        0.0036906653   0.0003141422   0.0003404991  -0.0005881051  -0.0165862111
       -0.0126302639  -0.0132078796  -0.0555080101  -0.0841911369  -0.0658446910
       -0.0065939408  -0.0068904651  -0.0130897360  -0.0007623578   0.0003980889
       -0.0005143477   0.0001367976  -0.0002844992   0.0000681587  -0.0005369683
        0.0005275032  -0.0007312386  -0.0000991106  -0.0000388142   0.0000239892
       -0.0002598247  -0.0000636823   0.0001160777   0.0000842494   0.0000163517
       -0.0000872727   0.0002384701   0.0006379441  -0.0003453820   0.0134438039
        0.0080844570   0.0150837560   0.0663758600   0.0971871187   0.0768526049
        0.0020933552  -0.0007254727  -0.0028522254  -0.0001603506   0.0005130622
        0.0007153037   0.0000090578   0.0001211948   0.0002186616   0.0005503263
       -0.0001730137   0.0001132555   0.0000266356   0.0001033045   0.0000976955
       -0.0000100444  -0.0000432309  -0.0000100199   0.0001503606   0.0002023476
        0.0000765065   0.0001967645  -0.0004364665   0.0005876601
        0.0004719490  -0.0001153158   0.0002576574   0.0009694872   0.0017879084
       -0.0009671627  -0.0001182408  -0.0000917734   0.0004032611   0.0070043814
        0.0059894425   0.0070796823  -0.0938743018  -0.0658237806  -0.1495773012
       -0.0100553043  -0.0127347417  -0.0210608747  -0.0004980292   0.0006178595
        0.0007774810  -0.0000576864  -0.0000682573   0.0000205157   0.0004916692
        0.0002273625   0.0004570212   0.0000577201   0.0000465826  -0.0000370847
        0.0001021972   0.0000161764  -0.0000137533  -0.0000464956  -0.0000616840
        0.0000605245   0.0005079683   0.0004896641   0.0008197699  -0.0124761187
       -0.0046895500  -0.0125364896   0.1040343148   0.0768526049   0.1781986046
        0.0034396864  -0.0027440655  -0.0040731684  -0.0003706578   0.0001945161
        0.0000184801  -0.0000425092   0.0002888457   0.0000602077   0.0003369933
       -0.0002390023   0.0003679388   0.0000854920   0.0001006012  -0.0001536138
        0.0000592065  -0.0000027735  -0.0000540121   0.0000542924  -0.0000563137
       -0.0000478560  -0.0000760138   0.0000156938   0.0000001722
        0.0002051446   0.0000911833  -0.0005771398  -0.0001126533   0.0001673207
        0.0023521364  -0.0029068702  -0.0007975010  -0.0004863780   0.0002546338
       -0.0002078467  -0.0006670008   0.0086693089   0.0064498108   0.0126695124
       -0.1216027488  -0.0503643423  -0.1005331327  -0.0128783229  -0.0024648628
       -0.0151877667   0.0007716585  -0.0004860275   0.0006136706   0.0000458688
       -0.0001690821  -0.0000266831   0.0000354072   0.0000143912  -0.0000086196
       -0.0000327517  -0.0000063180  -0.0000222515   0.0000936324   0.0000929135
       -0.0000748875  -0.0001084402  -0.0000394099  -0.0001274755   0.0006232798
       -0.0000287754   0.0002616951  -0.0009358430   0.0020933552   0.0034396864
        0.1442774948   0.0540849802   0.1146373267  -0.0145650739  -0.0112743801
       -0.0146987785  -0.0001510004  -0.0003065764  -0.0000556806  -0.0019059347
        0.0031557999  -0.0019320222   0.0004794610   0.0000585813   0.0000474606
       -0.0000851936  -0.0001880046   0.0002623104  -0.0000547283   0.0000269612
        0.0000540827  -0.0001163288   0.0000978296   0.0000599356
        0.0000400479  -0.0000685791  -0.0000876586  -0.0002000321   0.0004536728
        0.0000312442  -0.0011048249  -0.0007880788   0.0004272200   0.0000188408
        0.0005407218   0.0003745277  -0.0056666191  -0.0060149130  -0.0125046161
       -0.0496329815  -0.0732029325  -0.0599476821   0.0139312013   0.0055489374
        0.0168980352   0.0010187918   0.0008839927   0.0005610368  -0.0002094258
        0.0000279046   0.0000611322   0.0000423745  -0.0000086698  -0.0000370834
       -0.0000390485   0.0000018062   0.0000157461  -0.0000098808  -0.0000018151
        0.0000153023  -0.0000636391  -0.0001112253   0.0001210170  -0.0002608153
       -0.0001933319  -0.0002951274   0.0019109558  -0.0007254727  -0.0027440655
        0.0540849802   0.0871222756   0.0702029674  -0.0168182718  -0.0105704658
       -0.0159354868  -0.0000339510   0.0006780267   0.0002485537   0.0031001553
       -0.0028978582   0.0027570765  -0.0001456108  -0.0004701743   0.0000916137
       -0.0000470157   0.0000482412  -0.0001660781   0.0000482985  -0.0000688681
       -0.0000023611   0.0000364704  -0.0001831941  -0.0000853137
       -0.0003010483  -0.0001325273   0.0002260746   0.0011260292   0.0002865330
       -0.0016588793  -0.0011079631  -0.0001658683   0.0011352796  -0.0004594606
        0.0000615468   0.0005304135  -0.0103636128  -0.0114810535  -0.0209212117
       -0.0983857650  -0.0591640292  -0.1688003727  -0.0105874105  -0.0020049541
       -0.0112624589  -0.0001828829  -0.0007383836   0.0002909428   0.0001096672
        0.0002144032  -0.0002325237  -0.0000187165  -0.0000217295  -0.0000032229
       -0.0000222440  -0.0000045157   0.0000605934  -0.0000306661  -0.0000301400
       -0.0000292414  -0.0001012929   0.0000355244   0.0002672874  -0.0002981824
        0.0002193259   0.0007238762   0.0026883669  -0.0028522254  -0.0040731684
        0.1146373267   0.0702029674   0.1966066364   0.0048649406   0.0030774395
        0.0072813017   0.0003770565  -0.0002439835   0.0006078824  -0.0023247747
        0.0022859394  -0.0010486147   0.0002236116   0.0006525426  -0.0000045159
        0.0001425534  -0.0001254547   0.0002052486  -0.0000010842  -0.0000136248
       -0.0000285358   0.0000155522  -0.0000577327   0.0001272089
       -0.0002244378  -0.0000775717   0.0000259534   0.0006773134   0.0002847737
        0.0001255496  -0.0007300457  -0.0001001288  -0.0001630298  -0.0018099293
        0.0023352270   0.0030786556  -0.0138705874  -0.0118056665   0.0099953720
       -0.1290002817  -0.0996033901   0.0502398003   0.0083536232   0.0112461404
       -0.0059186447  -0.0004594976   0.0022956098  -0.0013368175   0.0001009790
        0.0000690905  -0.0002693217   0.0000301181  -0.0000056228   0.0000104590
       -0.0000025414  -0.0000160394  -0.0000136196   0.0000340025   0.0000331701
       -0.0000367175  -0.0007906009  -0.0006465589   0.0007509926  -0.0003622343
       -0.0001036062  -0.0001498821   0.0007883579  -0.0001603506  -0.0003706578
       -0.0145650739  -0.0168182718   0.0048649406   0.1505944618   0.1121932231
       -0.0606202616   0.0004238938  -0.0001503364  -0.0001575625   0.0005727829
        0.0001818511   0.0001369677  -0.0000482565   0.0001471947   0.0000432914
        0.0003402065   0.0006029051  -0.0002308647  -0.0000092572   0.0000450217
       -0.0000305255  -0.0000429954   0.0000533361   0.0000259229
       -0.0001064616   0.0000317242   0.0001158713   0.0004173105  -0.0000190674
       -0.0002403485  -0.0005464101  -0.0000945393   0.0000209798   0.0012832011
        0.0002609766  -0.0016875819   0.0067802634   0.0070951758  -0.0046327977
       -0.0992769589  -0.1528975971   0.0581375985  -0.0127710942  -0.0203764529
        0.0105765017   0.0035713097  -0.0039917317   0.0024870782   0.0000543973
        0.0001004333  -0.0002066305  -0.0000156640   0.0000146623   0.0000026878
        0.0000231988  -0.0000138012   0.0000029064   0.0000222211  -0.0000310143
       -0.0000074120   0.0003152470   0.0001644157  -0.0002953635  -0.0000838811
        0.0003929209  -0.0000833206   0.0002868370   0.0005130622   0.0001945161
       -0.0112743801  -0.0105704658   0.0030774395   0.1121932231   0.1800250233
       -0.0679367047  -0.0002486106  -0.0001239783  -0.0003205437  -0.0003090033
        0.0006943813  -0.0000744769   0.0003308616   0.0002499449  -0.0000239788
       -0.0007240705  -0.0013915716   0.0009397449   0.0000369981   0.0000170604
       -0.0000401022   0.0000414658  -0.0000495615  -0.0000060631
        0.0001268131   0.0000510260   0.0001381332  -0.0001374116  -0.0000718356
       -0.0002486900  -0.0004077900  -0.0001080023  -0.0001356481   0.0030884908
       -0.0023569853  -0.0030143821   0.0168746954   0.0137779835  -0.0109824916
        0.0495651461   0.0572806435  -0.0740713709   0.0066071914   0.0112788879
       -0.0050345001  -0.0018342455   0.0022070357  -0.0004400088  -0.0001748219
       -0.0002162060   0.0003383350  -0.0000392796  -0.0000089835   0.0000039387
        0.0000293461   0.0000342155   0.0000159923  -0.0000383534  -0.0000089647
        0.0000194635   0.0008008165   0.0007124063  -0.0008151201  -0.0001699968
        0.0001153634   0.0003837973   0.0001778147   0.0007153037   0.0000184801
       -0.0146987785  -0.0159354868   0.0072813017  -0.0606202616  -0.0679367047
        0.0868189130   0.0000337821  -0.0003817887   0.0002958176   0.0003432519
        0.0002026764  -0.0001754939  -0.0000121855   0.0000422032  -0.0000253784
        0.0004846666   0.0006701892  -0.0003532719  -0.0000089726  -0.0000655991
        0.0000287978   0.0000100822   0.0000026224  -0.0000466144
       -0.0001436778   0.0000046915  -0.0000433944   0.0003374872   0.0002393485
        0.0005332025  -0.0000002762  -0.0001276381  -0.0002311176   0.0000985386
       -0.0001974994  -0.0003445795  -0.0015331758   0.0031518518  -0.0020170686
       -0.0112034491   0.0107308995   0.0115341111  -0.1110467419   0.0517579779
        0.0889974551  -0.0126763636   0.0057032973   0.0165425162  -0.0022645090
       -0.0035621430   0.0017288357   0.0000304435   0.0000060560  -0.0000129427
       -0.0000041734  -0.0000134144  -0.0000124104   0.0000651036   0.0000107149
       -0.0000221534   0.0000394957  -0.0000365231  -0.0000443914  -0.0007634711
        0.0006492880   0.0007450094  -0.0000385722   0.0000090578  -0.0000425092
       -0.0001510004  -0.0000339510   0.0003770565   0.0004238938  -0.0002486106
        0.0000337821   0.1302682205  -0.0612713413  -0.1052674226   0.0090534574
       -0.0076496599  -0.0133170253  -0.0001787185   0.0003572246   0.0000951210
        0.0005217893   0.0001992856  -0.0001765139  -0.0008151180   0.0004126255
        0.0010240283  -0.0000191824  -0.0000915381  -0.0000795890
        0.0000257875   0.0000424270  -0.0000192403  -0.0001788992  -0.0001761928
       -0.0001257608   0.0000445417   0.0000011905   0.0001251741  -0.0001084303
        0.0001099372   0.0001046975   0.0032813466  -0.0036449781   0.0023954577
        0.0153973896  -0.0129071883  -0.0155816451   0.0520594244  -0.0822825474
       -0.0721286562  -0.0120423429   0.0067781501   0.0150620871  -0.0028849539
       -0.0018896471   0.0019039242  -0.0000141691  -0.0000057150   0.0000000622
        0.0000105326   0.0000144184   0.0000135984   0.0000157823  -0.0000032585
       -0.0000097558  -0.0000473281  -0.0000037623   0.0000444482   0.0011304677
       -0.0008968406  -0.0008258347  -0.0001012701   0.0001211948   0.0002888457
       -0.0003065764   0.0006780267  -0.0002439835  -0.0001503364  -0.0001239783
       -0.0003817887  -0.0612713413   0.0987456332   0.0801820552   0.0056549529
       -0.0056511340  -0.0119772455   0.0002072700   0.0004945787   0.0001485369
       -0.0000900769   0.0005505376   0.0001157980  -0.0006531604   0.0002148726
        0.0008786057   0.0000213898  -0.0001657245   0.0000306198
        0.0001295336  -0.0000169986   0.0000143208  -0.0003167198  -0.0001247434
       -0.0001720623   0.0000920667   0.0000786097   0.0000395538  -0.0000584031
        0.0000431156   0.0000993451  -0.0011298032   0.0013146762   0.0004609225
       -0.0055486713   0.0045068867   0.0069973408   0.0893105436  -0.0719862574
       -0.1644746481   0.0093543602  -0.0038459573  -0.0110263601   0.0024931839
        0.0028570702  -0.0007924652  -0.0000052179  -0.0000091761  -0.0000013921
        0.0000138281   0.0000246034   0.0000142734  -0.0000525611   0.0000027126
        0.0000041821  -0.0000880979   0.0000412305   0.0000226576  -0.0001464601
        0.0002666373   0.0002497587  -0.0000323459   0.0002186616   0.0000602077
       -0.0000556806   0.0002485537   0.0006078824  -0.0001575625  -0.0003205437
        0.0002958176  -0.1052674226   0.0801820552   0.1898162028   0.0111315865
       -0.0132538161  -0.0221360492  -0.0002683848  -0.0001977604   0.0005790171
       -0.0001673944   0.0000146978  -0.0003071499   0.0008304952  -0.0002058613
       -0.0007245047  -0.0000608729   0.0001616038   0.0003731493
       -0.0000648415   0.0000185225   0.0001080005   0.0001497672  -0.0000549196
       -0.0001964826  -0.0002364752   0.0000526597   0.0001685794  -0.0002316771
        0.0000197974   0.0001117599   0.0003889347  -0.0007459366  -0.0005185053
       -0.0128295688  -0.0031721339  -0.0150714459  -0.1257301440  -0.0477391330
       -0.0956352856  -0.0149950870  -0.0107361168  -0.0127689227   0.0004101209
       -0.0001409667  -0.0011115593   0.0000075144   0.0000170934  -0.0000127275
        0.0000546617   0.0000060927   0.0000062120  -0.0000009149  -0.0000330901
       -0.0000116242  -0.0000666604   0.0000178250   0.0000159045   0.0002329682
       -0.0000637822   0.0001325555  -0.0001113813   0.0005503263   0.0003369933
       -0.0019059347   0.0031001553  -0.0023247747   0.0005727829  -0.0003090033
        0.0003432519   0.0090534574   0.0056549529   0.0111315865   0.1476592131
        0.0569031746   0.1132774080  -0.0029560768  -0.0038462992   0.0013288982
        0.0005265515   0.0003396100  -0.0001253381   0.0002927951   0.0001336726
       -0.0000190431  -0.0002200052   0.0000274991   0.0008345591
       -0.0000802127   0.0000447525   0.0000072740   0.0001931088  -0.0002123541
       -0.0000731564  -0.0000059989   0.0001457706   0.0000695868  -0.0000131153
       -0.0000578651  -0.0000312053   0.0001353074   0.0008110677   0.0007620997
        0.0147225771   0.0058816019   0.0165066454  -0.0477990262  -0.0709388244
       -0.0585704699  -0.0166277535  -0.0108116580  -0.0139601507   0.0007392579
        0.0006801993  -0.0004331168  -0.0000113079   0.0000131612   0.0000065990
        0.0000120954  -0.0000177568   0.0000075242   0.0000016381  -0.0000157736
       -0.0000225913  -0.0000067760  -0.0000681130   0.0000332749  -0.0002031238
        0.0000000347  -0.0000067917  -0.0000789838  -0.0001730137  -0.0002390023
        0.0031557999  -0.0028978582   0.0022859394   0.0001818511   0.0006943813
        0.0002026764  -0.0076496599  -0.0056511340  -0.0132538161   0.0569031746
        0.0856526445   0.0651381632  -0.0037753596  -0.0033306702   0.0018102066
       -0.0000207823  -0.0000424837  -0.0004918868   0.0002895888  -0.0000608099
       -0.0001189004  -0.0000622993   0.0003547010   0.0003710982
       -0.0000992866  -0.0000500195   0.0001176026   0.0003032586   0.0001821148
       -0.0001253557  -0.0003433704  -0.0000220634  -0.0000169297  -0.0001741959
       -0.0000422797  -0.0000792403   0.0008290197  -0.0003880127   0.0008972933
       -0.0111941608  -0.0017347338  -0.0118513733  -0.0959095220  -0.0588289123
       -0.1584587966   0.0056764094   0.0030437182   0.0068372206   0.0009078499
        0.0008083220   0.0010678751   0.0000010146   0.0000110880  -0.0000037330
        0.0000032981  -0.0000131434  -0.0000088955  -0.0000048065  -0.0000243403
        0.0000169157  -0.0000078219   0.0000363107  -0.0000273439   0.0002221505
       -0.0000642093  -0.0000851409  -0.0001372160   0.0001132555   0.0003679388
       -0.0019320222   0.0027570765  -0.0010486147   0.0001369677  -0.0000744769
       -0.0001754939  -0.0133170253  -0.0119772455  -0.0221360492   0.1132774080
        0.0651381632   0.1844565004   0.0016523235   0.0012932994   0.0000021338
        0.0001670394  -0.0002330669   0.0004151801  -0.0000041314  -0.0000010733
       -0.0000446134  -0.0000531802   0.0000702289  -0.0001170801
        0.0000020130  -0.0000689842  -0.0000424734  -0.0004441444   0.0008946324
        0.0009056805  -0.0005065831   0.0000382848  -0.0005028767   0.0005829051
       -0.0002054939  -0.0000521934   0.0000952435  -0.0000005708  -0.0000647034
        0.0008139899   0.0009258566  -0.0002209848  -0.0154919772  -0.0111218331
       -0.0127984610  -0.1266075830  -0.0468208031  -0.0999609078   0.0088298102
        0.0058446560   0.0117447590   0.0000636419  -0.0000057509  -0.0000397083
       -0.0001120177  -0.0000342800  -0.0000269951   0.0000360288  -0.0000056730
        0.0000539398  -0.0000592477  -0.0001452630  -0.0000210687  -0.0000419896
       -0.0000072223   0.0000509744  -0.0001459266   0.0000266356   0.0000854920
        0.0004794610  -0.0001456108   0.0002236116  -0.0000482565   0.0003308616
       -0.0000121855  -0.0001787185   0.0002072700  -0.0002683848  -0.0029560768
       -0.0037753596   0.0016523235   0.1495817491   0.0560500847   0.1127718094
       -0.0136033020  -0.0038925222  -0.0163317955   0.0005288935   0.0001703139
       -0.0000297782  -0.0008179127   0.0017407714   0.0028839265
       -0.0002131505  -0.0000287643   0.0002006653   0.0012901348  -0.0004892226
       -0.0015842940  -0.0003284947   0.0001487395   0.0009309138  -0.0004481180
        0.0005014278  -0.0000715628   0.0001667627  -0.0002306233   0.0000417007
       -0.0006484401   0.0005815980  -0.0010068877  -0.0160734223  -0.0101864907
       -0.0135995866  -0.0459591080  -0.0719719411  -0.0552119663  -0.0066932813
       -0.0054652839  -0.0123689061  -0.0000494071  -0.0000178314   0.0000061084
       -0.0000248256   0.0000012934   0.0000392101  -0.0000380277  -0.0000300159
       -0.0000081949  -0.0000654479   0.0001230297   0.0001446561  -0.0000036580
       -0.0000670256   0.0000180028  -0.0000028797   0.0001033045   0.0001006012
        0.0000585813  -0.0004701743   0.0006525426   0.0001471947   0.0002499449
        0.0000422032   0.0003572246   0.0004945787  -0.0001977604  -0.0038462992
       -0.0033306702   0.0012932994   0.0560500847   0.0839695188   0.0660237667
        0.0151982667   0.0067262478   0.0171490829  -0.0001026815   0.0003181064
        0.0005017677   0.0012289920  -0.0009297462  -0.0030953621
        0.0000276358   0.0001280909  -0.0000117496   0.0003722703  -0.0005754788
        0.0003371908  -0.0001071722   0.0002461763   0.0001280148  -0.0005385022
        0.0006367803   0.0007376240  -0.0000313780  -0.0001056536   0.0001057226
        0.0007136407   0.0003135460   0.0007255224   0.0056222510   0.0035662833
        0.0072252619  -0.0994834990  -0.0562102167  -0.1593680280  -0.0114673700
       -0.0112352064  -0.0216646267  -0.0000696782   0.0000509370  -0.0000215441
        0.0000536050   0.0000111455   0.0000632482   0.0000352581  -0.0000199201
       -0.0002023562  -0.0001382808   0.0003006358   0.0000368452   0.0000455396
       -0.0000315982  -0.0000479639   0.0000704169   0.0000976955  -0.0001536138
        0.0000474606   0.0000916137  -0.0000045159   0.0000432914  -0.0000239788
       -0.0000253784   0.0000951210   0.0001485369   0.0005790171   0.0013288982
        0.0018102066   0.0000021338   0.1127718094   0.0660237667   0.1875589222
       -0.0118103668  -0.0027260641  -0.0117262361  -0.0003487157   0.0001852339
        0.0000565606   0.0027677647  -0.0026825318  -0.0043300507
       -0.0002474612  -0.0000700836   0.0000341461   0.0006353687   0.0004629745
        0.0005359446  -0.0000417128  -0.0001086628  -0.0000017773  -0.0020328711
        0.0016487392   0.0029845763   0.0000664967  -0.0002138227  -0.0000726275
       -0.0011899075  -0.0026412373   0.0013414739   0.0082875654  -0.0140936930
        0.0073768889  -0.1087205784   0.0924872854  -0.0491597192  -0.0113359717
        0.0148765351  -0.0041872081   0.0000275927  -0.0000492206   0.0000011952
        0.0000107261  -0.0000110841   0.0000015952  -0.0000138630   0.0000567360
       -0.0000219501  -0.0007132177   0.0009308005  -0.0001730344  -0.0000090084
       -0.0000502315   0.0000272228  -0.0000497239  -0.0000100444   0.0000592065
       -0.0000851936  -0.0000470157   0.0001425534   0.0003402065  -0.0007240705
        0.0004846666   0.0005217893  -0.0000900769  -0.0001673944   0.0005265515
       -0.0000207823   0.0001670394  -0.0136033020   0.0151982667  -0.0118103668
        0.1273644376  -0.1073223573   0.0529688079  -0.0003009493   0.0000479449
       -0.0002447463   0.0005630264  -0.0002568995  -0.0002864927
        0.0001863831   0.0001210050  -0.0000817964  -0.0005928268  -0.0004987142
       -0.0004197472   0.0001669589   0.0000108362   0.0002103071   0.0021990408
       -0.0004177582  -0.0025797788  -0.0001570634   0.0004990126   0.0000165738
       -0.0038378843  -0.0030304652   0.0020618935   0.0094096392  -0.0196824011
        0.0111433331   0.0923928034  -0.1715578524   0.0644939589   0.0102379521
       -0.0120250542   0.0032234913  -0.0000438518   0.0000177698   0.0000146499
       -0.0000008734   0.0000285089   0.0000141113   0.0000153881  -0.0000015808
       -0.0000114062   0.0005334766  -0.0007433079   0.0002194189  -0.0000345732
        0.0000685625  -0.0000246797  -0.0000269206  -0.0000432309  -0.0000027735
       -0.0001880046   0.0000482412  -0.0001254547   0.0006029051  -0.0013915716
        0.0006701892   0.0001992856   0.0005505376   0.0000146978   0.0003396100
       -0.0000424837  -0.0002330669  -0.0038925222   0.0067262478  -0.0027260641
       -0.1073223573   0.2011149087  -0.0761961818  -0.0000972734   0.0005007576
        0.0001743667  -0.0000892918  -0.0002519676   0.0001439578
        0.0000674745   0.0000234462   0.0000473767  -0.0001201529  -0.0002352658
       -0.0006852598  -0.0001104533  -0.0000232460   0.0002380740   0.0028870004
       -0.0021717884  -0.0020185788  -0.0000581910  -0.0000151601  -0.0000232009
        0.0021960969   0.0024876422  -0.0006258414  -0.0054554140   0.0114156840
       -0.0055209255  -0.0493549988   0.0648836305  -0.0761174226   0.0128161189
       -0.0165461216   0.0058889117  -0.0000015943   0.0000188783   0.0000070164
        0.0000110438   0.0000141552   0.0000003953  -0.0000132857  -0.0000151719
        0.0000122833   0.0006500726  -0.0007791700   0.0001392531   0.0000227390
       -0.0000135624  -0.0000258906   0.0000359605  -0.0000100199  -0.0000540121
        0.0002623104  -0.0001660781   0.0002052486  -0.0002308647   0.0009397449
       -0.0003532719  -0.0001765139   0.0001157980  -0.0003071499  -0.0001253381
       -0.0004918868   0.0004151801  -0.0163317955   0.0171490829  -0.0117262361
        0.0529688079  -0.0761961818   0.0894216680  -0.0001214301  -0.0001811412
        0.0005429570   0.0001824074  -0.0002032681   0.0005394255
       -0.0008259520   0.0009452221  -0.0009726486   0.0007198480   0.0005441144
       -0.0004502059   0.0000270485   0.0000810221   0.0003676218   0.0076976186
        0.0100897720  -0.0061024383  -0.0008024605   0.0020199768  -0.0014412979
        0.0000345248   0.0000346927  -0.0001763283  -0.0017834484   0.0021015637
        0.0034993783  -0.0125438146  -0.0105914351   0.0097725493  -0.1247975913
       -0.0974799980   0.0537935119   0.0000003223  -0.0000095595   0.0001169590
        0.0000866800  -0.0001543115   0.0001183599  -0.0011987184   0.0001291889
        0.0002324381   0.0002728316  -0.0001736464  -0.0000324211   0.0003157956
        0.0006265188  -0.0002805438  -0.0000753247   0.0001503606   0.0000542924
       -0.0000547283   0.0000482985  -0.0000010842  -0.0000092572   0.0000369981
       -0.0000089726  -0.0008151180  -0.0006531604   0.0008304952   0.0002927951
        0.0002895888  -0.0000041314   0.0005288935  -0.0001026815  -0.0003487157
       -0.0003009493  -0.0000972734  -0.0001214301   0.1485080429   0.1095196765
       -0.0647138330  -0.0152770383  -0.0173549282   0.0058684451
       -0.0001682179  -0.0000532796  -0.0001168662  -0.0011484960  -0.0002435479
        0.0003399103   0.0001983416  -0.0001541385   0.0001750382  -0.0108261001
       -0.0192154903   0.0116729962   0.0033661616  -0.0036671305   0.0020542256
        0.0000614956   0.0002272160  -0.0002638654   0.0011050399   0.0002527823
       -0.0015653227   0.0065953212   0.0072167935  -0.0046876448  -0.0981905662
       -0.1525067887   0.0632877535   0.0000244202  -0.0000140607  -0.0000445764
       -0.0000843806   0.0000133066  -0.0001461108   0.0007948895   0.0005409910
       -0.0002204641  -0.0002894680  -0.0000735311  -0.0001982472  -0.0006564007
       -0.0012543204   0.0008751671   0.0002232670   0.0002023476  -0.0000563137
        0.0000269612  -0.0000688681  -0.0000136248   0.0000450217   0.0000170604
       -0.0000655991   0.0004126255   0.0002148726  -0.0002058613   0.0001336726
       -0.0000608099  -0.0000010733   0.0001703139   0.0003181064   0.0001852339
        0.0000479449   0.0005007576  -0.0001811412   0.1095196765   0.1781189141
       -0.0742836973  -0.0113615233  -0.0103111823   0.0034600835
        0.0002288352  -0.0003628239   0.0002100398   0.0005895749   0.0013539334
       -0.0001348135  -0.0000763789  -0.0000927740  -0.0004981069   0.0050727629
        0.0099833639  -0.0055297383  -0.0017033865   0.0019673202  -0.0002165648
       -0.0001296826  -0.0002020592   0.0002662447   0.0027876248  -0.0024946143
       -0.0032892912   0.0170815675   0.0141390581  -0.0117263538   0.0539482098
        0.0633526287  -0.0793775517   0.0001234494  -0.0000792772  -0.0000099494
       -0.0001179504   0.0000198825  -0.0001183302  -0.0004638883   0.0000380962
        0.0006431836   0.0000319238  -0.0003947885   0.0002386290   0.0004340339
        0.0005925861  -0.0003259826   0.0000330880   0.0000765065  -0.0000478560
        0.0000540827  -0.0000023611  -0.0000285358  -0.0000305255  -0.0000401022
        0.0000287978   0.0010240283   0.0008786057  -0.0007245047  -0.0000190431
       -0.0001189004  -0.0000446134  -0.0000297782   0.0005017677   0.0000565606
       -0.0002447463   0.0001743667   0.0005429570  -0.0647138330  -0.0742836973
        0.0926438912  -0.0138799684  -0.0150067175   0.0074418886
       -0.0005269848  -0.0004855602   0.0001838758  -0.0004911158   0.0040090741
        0.0000465763  -0.0002615795  -0.0009556968  -0.0014145246  -0.0154377575
       -0.0005681682  -0.0145073504   0.0005939179  -0.0004453999   0.0005187242
       -0.0000102953  -0.0000925182  -0.0001429448   0.0010572150   0.0007782957
        0.0008858648   0.0083624684   0.0051052526   0.0107053037  -0.1298110753
       -0.0531595995  -0.0992340713   0.0000827852   0.0000713792  -0.0001562628
        0.0000802791  -0.0000682831   0.0001808433  -0.0000818761  -0.0001168162
       -0.0002218463  -0.0001881867  -0.0002364389  -0.0001880498  -0.0000552309
       -0.0001195801   0.0002013833   0.0003534618   0.0001967645  -0.0000760138
       -0.0001163288   0.0000364704   0.0000155522  -0.0000429954   0.0000414658
        0.0000100822  -0.0000191824   0.0000213898  -0.0000608729  -0.0002200052
       -0.0000622993  -0.0000531802  -0.0008179127   0.0012289920   0.0027677647
        0.0005630264  -0.0000892918   0.0001824074  -0.0152770383  -0.0113615233
       -0.0138799684   0.1522644108   0.0562720914   0.1142367075
        0.0001340332   0.0007630240  -0.0000582510   0.0008287629  -0.0042941931
       -0.0004703781   0.0000670008   0.0013628283   0.0020386953   0.0173259232
        0.0028313606   0.0165533507   0.0006454953   0.0006622059   0.0002845667
       -0.0001288949  -0.0000327993   0.0000298659  -0.0000949681   0.0006238588
        0.0009230461  -0.0064451130  -0.0058077063  -0.0126533738  -0.0528774531
       -0.0705238056  -0.0564017613  -0.0001307433   0.0000227680   0.0000061995
        0.0001147818   0.0001029478  -0.0000041034   0.0001738908  -0.0000087742
       -0.0001509092   0.0001207787   0.0007640631   0.0003897172  -0.0000500143
        0.0000546954  -0.0001790385  -0.0001716418  -0.0004364665   0.0000156938
        0.0000978296  -0.0001831941  -0.0000577327   0.0000533361  -0.0000495615
        0.0000026224  -0.0000915381  -0.0001657245   0.0001616038   0.0000274991
        0.0003547010   0.0000702289   0.0017407714  -0.0009297462  -0.0026825318
       -0.0002568995  -0.0002519676  -0.0002032681  -0.0173549282  -0.0103111823
       -0.0150067175   0.0562720914   0.0854526686   0.0673924751
       -0.0001770990  -0.0005761129   0.0001718882  -0.0003282341   0.0030771332
        0.0010493679   0.0000077342  -0.0006274993  -0.0013197112  -0.0119154169
       -0.0005948858  -0.0100198968  -0.0001521144  -0.0005109051   0.0002569770
        0.0000936415   0.0002186355  -0.0002515652  -0.0010973704  -0.0003719901
        0.0005777825  -0.0115882859  -0.0116606484  -0.0214914983  -0.0992951213
       -0.0571902801  -0.1554918298   0.0001417006   0.0000095713  -0.0000230502
       -0.0000052833  -0.0000853800   0.0000654292  -0.0001791238  -0.0000604305
        0.0000108502   0.0006508099  -0.0003430095   0.0008224645   0.0001615448
       -0.0000833540   0.0001567601   0.0001392029   0.0005876601   0.0000001722
        0.0000599356  -0.0000853137   0.0001272089   0.0000259229  -0.0000060631
       -0.0000466144  -0.0000795890   0.0000306198   0.0003731493   0.0008345591
        0.0003710982  -0.0001170801   0.0028839265  -0.0030953621  -0.0043300507
       -0.0002864927   0.0001439578   0.0005394255   0.0058684451   0.0034600835
        0.0074418886   0.1142367075   0.0673924751   0.1814979329
