           1           2  0.973786613663333     
           2           3  0.957147494774706     
           2           4  0.971391112660606     
           4           5  0.954163267090648     
           4           6  0.968063038653020     
           6           7  0.954554894259404     
           6           8  0.972980397833921     
           8           9  0.956625065109337     
           8          10  0.957829821571333     
          10          11  0.947539656856626     
           2          12  0.954795777242043     
          10          12  0.966669209195260     
          10          13   1.00114246877138     
           8          14   1.00124517462719     
           6          15   1.00012070236249     
           4          16  0.998875570852190     
           1          17   1.00536144144236     
           1          18  0.968265221679908     
           1          19  0.969214458583010     
          13          20  0.831827032937178     
          14          21  0.844177007348129     
          15          22  0.847158921909120     
          16          23  0.832237356205496     
          17          24  0.849734290641385     
