           1           2  0.985495890706028     
           2           3  0.955288887716709     
           2           4  0.963591641202684     
           4           5  0.959277324226986     
           4           6  0.974862270442893     
           6           7  0.957436525891127     
           6           8  0.957099487817364     
           8           9  0.958467502182803     
           8          10  0.941080740862554     
          10          11  0.949292898454604     
           2          12  0.961752443282263     
          10          12  0.956776997216614     
          10          13   1.01850014174177     
           8          14   1.00551057502581     
           6          15   1.00339950086607     
           4          16  0.993365985412106     
           1          17   1.00307116513223     
           1          18  0.967922055392426     
           1          19  0.966648080954247     
          13          20  0.833470789898499     
          14          21  0.851241460481495     
          15          22  0.844540977673500     
          16          23  0.843438070298612     
          17          24  0.841456527020494     
