           1           2  0.975503929621428     
           2           3  0.954889207813305     
           2           4  0.964641881108683     
           4           5  0.954942638760394     
           4           6  0.963798454272211     
           6           7  0.957017686334601     
           6           8  0.967777950435265     
           8           9  0.957193175900882     
           8          10  0.956431000292794     
          10          11  0.949822470774966     
           2          12  0.959528327823350     
          10          12  0.951586901847049     
          10          13   1.02279662409223     
           8          14   1.00173463895319     
           6          15  0.997243588660988     
           4          16   1.00162003767382     
           1          17   1.00586735871764     
           1          18  0.969787250035725     
           1          19  0.968624887027192     
          13          20  0.833583700691904     
          14          21  0.841197933649984     
          15          22  0.842218888670178     
          16          23  0.838973320701640     
          17          24  0.851109579848096     
