           1           2   1.00897673890195     
           2           3  0.995253594657864     
           3           4   1.01579646383617     
           4           5   1.01579694480956     
           1           6   1.00897661282878     
           5           6  0.995253309687978     
           1           7  0.977557555769679     
           1           8  0.977703398160668     
           2           9  0.977735881453671     
           2          10  0.976930476985630     
           3          11  0.975151542066518     
           3          12  0.973137469111179     
           4          13  0.952302760885396     
           5          14  0.975151471913484     
           5          15  0.973137456294547     
           6          16  0.977736021540676     
           6          17  0.976930515308657     
