$hessian                                                                        
        0.4509745894  -0.0134689830   0.0072369806  -0.1732328433  -0.0083235676
        0.0088498528  -0.0315456413  -0.0215820267   0.0104123447  -0.0408689068
        0.0138462797  -0.0021159591  -0.0641045324  -0.0557281976  -0.0477900030
       -0.0514487907  -0.0086892043   0.0529572560  -0.0893291471   0.0926320565
       -0.0294093992   0.0001698014   0.0031998140  -0.0007672476  -0.0006145292
       -0.0018861710   0.0006261748
       -0.0134689830   0.5347674941  -0.0127578221   0.0013119478  -0.0656753886
       -0.0020112129  -0.0428215072  -0.0131744525   0.0132572002   0.0279110825
        0.0008248503   0.0000903346  -0.0582894881  -0.1761101455  -0.1079791874
       -0.0088436490  -0.0500185644   0.0485959483   0.0902221930  -0.2281801595
        0.0584691679   0.0038484646  -0.0027993402   0.0029162840   0.0001299393
        0.0003657063  -0.0005807125
        0.0072369806  -0.0127578221   0.5003048805   0.0055430421  -0.0014564824
       -0.0710523752   0.0178298291   0.0120208818   0.0124191251  -0.0070208434
        0.0009301266   0.0058502278  -0.0510704231  -0.1095958837  -0.1250094665
        0.0571443235   0.0500531088  -0.2638788339  -0.0285878315   0.0583214747
       -0.0627266304  -0.0009895547   0.0029467854   0.0051983533  -0.0000855228
       -0.0004621890  -0.0011052806
       -0.1732328433   0.0013119478   0.0055430421   0.5826748959   0.0744183373
       -0.0492992356  -0.1874423266  -0.2021611835   0.0779054786  -0.1727901198
        0.1198999272  -0.0339617838  -0.0112148003  -0.0064221322   0.0006000917
       -0.0081233048  -0.0047092669   0.0042208943  -0.0156885926   0.0027568697
       -0.0000496295  -0.0238417096   0.0257191715  -0.0077213852   0.0096588011
       -0.0108136709   0.0027625273
       -0.0083235676  -0.0656753886  -0.0014564824   0.0744183373   0.7533323422
       -0.2034645339  -0.1907170984  -0.4203673704   0.1361953990   0.1142984293
       -0.2443150352   0.0653619744  -0.0225277842  -0.0042395673  -0.0006962782
       -0.0055012703  -0.0002111741   0.0029579808   0.0269503444  -0.0000272084
       -0.0014484748   0.0097489572   0.0061319813  -0.0033744627   0.0016536523
       -0.0246285795   0.0059248778
        0.0088498528  -0.0020112129  -0.0710523752  -0.0492992356  -0.2034645339
        0.2567996216   0.0738898621   0.1368374987  -0.1142823086  -0.0320578470
        0.0651361397  -0.0585971708  -0.0186876160  -0.0021364743   0.0016758600
        0.0293632885   0.0033947938  -0.0054126346  -0.0083873189  -0.0000086801
        0.0009101512  -0.0021126899  -0.0043468780  -0.0003337329  -0.0015582959
        0.0065993471  -0.0097074106
       -0.0315456413  -0.0428215072   0.0178298291  -0.1874423266  -0.1907170984
        0.0738898621   0.2023625122   0.2310134081  -0.0909070518   0.0228549661
        0.0044701710  -0.0020114596  -0.0060614845  -0.0015081050   0.0007575420
       -0.0063518989  -0.0015444511   0.0010353297   0.0036713191  -0.0004168492
       -0.0001152895   0.0005820069  -0.0033393798   0.0009195597   0.0019305469
        0.0048638115  -0.0013983217
       -0.0215820267  -0.0131744525   0.0120208818  -0.2021611835  -0.4203673704
        0.1368374987   0.2310134081   0.5314098729  -0.1896247868  -0.0083370057
       -0.0939579178   0.0384779501  -0.0013294041   0.0002773536   0.0006445139
       -0.0029649251  -0.0007516733  -0.0002081344   0.0008850395   0.0009781639
       -0.0006874524  -0.0049076258  -0.0001021899  -0.0009420480   0.0093837233
       -0.0043117865   0.0034815770
        0.0104123447   0.0132572002   0.0124191251   0.0779054786   0.1361953990
       -0.1142823086  -0.0909070518  -0.1896247868   0.0984678384   0.0024354326
        0.0377072005   0.0014663995   0.0033092992   0.0009991596  -0.0007474171
       -0.0010807734  -0.0006396479   0.0005320280  -0.0005859831  -0.0006150490
       -0.0006250879   0.0014746005  -0.0010347519  -0.0033260747  -0.0029633474
        0.0037552763   0.0060954974
       -0.0408689068   0.0279110825  -0.0070208434  -0.1727901198   0.1142984293
       -0.0320578470   0.0228549661  -0.0083370057   0.0024354326   0.7319698235
        0.0147975018  -0.0466457051  -0.0008157701   0.0017753487  -0.0003819918
       -0.0009764540   0.0016889319  -0.0006142339  -0.0086683353   0.0001206854
        0.0005230129  -0.4018303575  -0.0114095524   0.0273800288  -0.1288748462
       -0.1408454215   0.0563821470
        0.0138462797   0.0008248503   0.0009301266   0.1198999272  -0.2443150352
        0.0651361397   0.0044701710  -0.0939579178   0.0377072005   0.0147975018
        0.6722007761  -0.2265075139   0.0004255293  -0.0003287749   0.0010926861
       -0.0005777163  -0.0007636113  -0.0001305522   0.0007291585   0.0005401753
        0.0001369434  -0.0149620013  -0.0470461238   0.0144783134  -0.1386288499
       -0.2871543388   0.1071566565
       -0.0021159591   0.0000903346   0.0058502278  -0.0339617838   0.0653619744
       -0.0585971708  -0.0020114596   0.0384779501   0.0014663995  -0.0466457051
       -0.2265075139   0.1065432803   0.0014438405   0.0002942986   0.0003914042
       -0.0011869048   0.0004660203   0.0009969479   0.0003155692   0.0001621600
        0.0009453269   0.0285470200   0.0142907897  -0.0147439305   0.0556153827
        0.1073639863  -0.0428524853
       -0.0641045324  -0.0582894881  -0.0510704231  -0.0112148003  -0.0225277842
       -0.0186876160  -0.0060614845  -0.0013294041   0.0033092992  -0.0008157701
        0.0004255293   0.0014438405   0.0738141182   0.0668795623   0.0541489558
        0.0035518744   0.0044159658   0.0033664916   0.0046973742   0.0099452472
        0.0074435400   0.0005399694   0.0003662624   0.0007705648  -0.0004067490
        0.0001141094  -0.0007246529
       -0.0557281976  -0.1761101455  -0.1095958837  -0.0064221322  -0.0042395673
       -0.0021364743  -0.0015081050   0.0002773536   0.0009991596   0.0017753487
       -0.0003287749   0.0002942986   0.0668795623   0.2012680547   0.1252446409
        0.0016021120   0.0040373542   0.0017016549  -0.0071790741  -0.0251646865
       -0.0166641361   0.0002209043  -0.0000482439   0.0001645291   0.0003595817
        0.0003086556  -0.0000077890
       -0.0477900030  -0.1079791874  -0.1250094665   0.0006000917  -0.0006962782
        0.0016758600   0.0007575420   0.0006445139  -0.0007474171  -0.0003819918
        0.0010926861   0.0003914042   0.0541489558   0.1252446409   0.1423199097
       -0.0090341297  -0.0236149481  -0.0231404747   0.0022103053   0.0048831445
        0.0048032556   0.0003397867   0.0000802324  -0.0001246067  -0.0008505570
        0.0003451959  -0.0001684644
       -0.0514487907  -0.0088436490   0.0571443235  -0.0081233048  -0.0055012703
        0.0293632885  -0.0063518989  -0.0029649251  -0.0010807734  -0.0009764540
       -0.0005777163  -0.0011869048   0.0035518744   0.0016021120  -0.0090341297
        0.0597058962   0.0127069319  -0.0621964824   0.0035148701   0.0032929717
       -0.0126828196   0.0004030894  -0.0002123411  -0.0008597367  -0.0002752817
        0.0004978860   0.0005332347
       -0.0086892043  -0.0500185644   0.0500531088  -0.0047092669  -0.0002111741
        0.0033947938  -0.0015444511  -0.0007516733  -0.0006396479   0.0016889319
       -0.0007636113   0.0004660203   0.0044159658   0.0040373542  -0.0236149481
        0.0127069319   0.0558575388  -0.0571564176  -0.0046072962  -0.0078799000
        0.0277655553  -0.0000656309  -0.0001876538  -0.0000747917   0.0008040197
       -0.0000823161  -0.0001936729
        0.0529572560   0.0485959483  -0.2638788339   0.0042208943   0.0029579808
       -0.0054126346   0.0010353297  -0.0002081344   0.0005320280  -0.0006142339
       -0.0001305522   0.0009969479   0.0033664916   0.0017016549  -0.0231404747
       -0.0621964824  -0.0571564176   0.3019734207   0.0012138988   0.0047544305
       -0.0113067083  -0.0004478937   0.0000188529   0.0001579266   0.0004647396
       -0.0005337633   0.0000783283
       -0.0893291471   0.0902221930  -0.0285878315  -0.0156885926   0.0269503444
       -0.0083873189   0.0036713191   0.0008850395  -0.0005859831  -0.0086683353
        0.0007291585   0.0003155692   0.0046973742  -0.0071790741   0.0022103053
        0.0035148701  -0.0046072962   0.0012138988   0.1032374756  -0.1080898851
        0.0341012860  -0.0010558067   0.0014553417  -0.0004243545  -0.0003791574
       -0.0003658215   0.0001444287
        0.0926320565  -0.2281801595   0.0583214747   0.0027568697  -0.0000272084
       -0.0000086801  -0.0004168492   0.0009781639  -0.0006150490   0.0001206854
        0.0005401753   0.0001621600   0.0099452472  -0.0251646865   0.0048831445
        0.0032929717  -0.0078799000   0.0047544305  -0.1080898851   0.2592608480
       -0.0674808737  -0.0001103959   0.0001964931   0.0000962029  -0.0001307002
        0.0002762740  -0.0001128097
       -0.0294093992   0.0584691679  -0.0627266304  -0.0000496295  -0.0014484748
        0.0009101512  -0.0001152895  -0.0006874524  -0.0006250879   0.0005230129
        0.0001369434   0.0009453269   0.0074435400  -0.0166641361   0.0048032556
       -0.0126828196   0.0277655553  -0.0113067083   0.0341012860  -0.0674808737
        0.0675802672   0.0001183365   0.0000050867   0.0004561209   0.0000709624
       -0.0000958162  -0.0000366950
        0.0001698014   0.0038484646  -0.0009895547  -0.0238417096   0.0097489572
       -0.0021126899   0.0005820069  -0.0049076258   0.0014746005  -0.4018303575
       -0.0149620013   0.0285470200   0.0005399694   0.0002209043   0.0003397867
        0.0004030894  -0.0000656309  -0.0004478937  -0.0010558067  -0.0001103959
        0.0001183365   0.4354259028   0.0060762595  -0.0273130558  -0.0103928962
        0.0001510683   0.0003834503
        0.0031998140  -0.0027993402   0.0029467854   0.0257191715   0.0061319813
       -0.0043468780  -0.0033393798  -0.0001021899  -0.0010347519  -0.0114095524
       -0.0470461238   0.0142907897   0.0003662624  -0.0000482439   0.0000802324
       -0.0002123411  -0.0001876538   0.0000188529   0.0014553417   0.0001964931
        0.0000050867   0.0060762595   0.0432061250  -0.0119332148  -0.0218555759
        0.0006489523  -0.0000269022
       -0.0007672476   0.0029162840   0.0051983533  -0.0077213852  -0.0033744627
       -0.0003337329   0.0009195597  -0.0009420480  -0.0033260747   0.0273800288
        0.0144783134  -0.0147439305   0.0007705648   0.0001645291  -0.0001246067
       -0.0008597367  -0.0000747917   0.0001579266  -0.0004243545   0.0000962029
        0.0004561209  -0.0273130558  -0.0119332148   0.0158001618   0.0080156266
       -0.0013308121  -0.0030842178
       -0.0006145292   0.0001299393  -0.0000855228   0.0096588011   0.0016536523
       -0.0015582959   0.0019305469   0.0093837233  -0.0029633474  -0.1288748462
       -0.1386288499   0.0556153827  -0.0004067490   0.0003595817  -0.0008505570
       -0.0002752817   0.0008040197   0.0004647396  -0.0003791574  -0.0001307002
        0.0000709624  -0.0103928962  -0.0218555759   0.0080156266   0.1293541117
        0.1482842097  -0.0587089882
       -0.0018861710   0.0003657063  -0.0004621890  -0.0108136709  -0.0246285795
        0.0065993471   0.0048638115  -0.0043117865   0.0037552763  -0.1408454215
       -0.2871543388   0.1073639863   0.0001141094   0.0003086556   0.0003451959
        0.0004978860  -0.0000823161  -0.0005337633  -0.0003658215   0.0002762740
       -0.0000958162   0.0001510683   0.0006489523  -0.0013308121   0.1482842097
        0.3145774326  -0.1156412250
        0.0006261748  -0.0005807125  -0.0011052806   0.0027625273   0.0059248778
       -0.0097074106  -0.0013983217   0.0034815770   0.0060954974   0.0563821470
        0.1071566565  -0.0428524853  -0.0007246529  -0.0000077890  -0.0001684644
        0.0005332347  -0.0001936729   0.0000783283   0.0001444287  -0.0001128097
       -0.0000366950   0.0003834503  -0.0000269022  -0.0030842178  -0.0587089882
       -0.1156412250   0.0507807281
