           1           2   1.01813667740490     
           2           3   1.01070420215946     
           3           4   1.41857827761085     
           4           5   1.43978153231695     
           5           6   1.38142937847012     
           4           7  0.106704770677451     
           6           7   1.35954717130210     
           3           8   1.39502679618898     
           5           8  0.106670326810786     
           7           8   1.46733516391532     
           6           9   1.06450138437492     
           1          10  0.986542246445073     
           1          11  0.987440771908857     
           1          12  0.986015909905916     
           2          13  0.970125018310039     
           2          14  0.959832043447464     
           4          15  0.966236006005940     
           5          16  0.966312149142287     
           7          17  0.968912173145413     
           8          18  0.969144944363569     
           9          19  0.844223612164237     
