           1           2  0.980899032145918     
           2           3  0.956105804319201     
           2           4  0.968104995193810     
           4           5  0.956388739123424     
           4           6  0.968198104993869     
           6           7  0.956557202967699     
           6           8  0.964496417212338     
           8           9  0.957103009291625     
           8          10  0.955542367224639     
          10          11  0.946094546570719     
           2          12  0.957392999021210     
          10          12  0.970646320636512     
          10          13   1.00047108038448     
           8          14  0.998010949367484     
           6          15   1.00390687786891     
           4          16   1.00169382842300     
           1          17  0.997927205888774     
           1          18  0.968575127809554     
           1          19  0.965460232799420     
          13          20  0.840524296188019     
          14          21  0.842181125776096     
          15          22  0.845904377830840     
          16          23  0.848747461069121     
          17          24  0.845006711387347     
