           1           2   1.02070173985468     
           2           3  0.998576330028207     
           3           4  0.994027482450185     
           1           5  0.986954706012954     
           1           6  0.987824685763767     
           1           7  0.986446233852398     
           2           8  0.975974399064115     
           2           9  0.976575889450227     
           3          10  0.973209258109766     
           3          11  0.971359332729350     
           4          12  0.862801204401469     
