           1           2  0.974584288396944     
           2           3  0.955719894553527     
           2           4  0.969447802367067     
           4           5  0.954477513728615     
           4           6  0.961022255204142     
           6           7  0.957385058652980     
           6           8  0.972846728730519     
           8           9  0.954455890518457     
           8          10  0.949757772398639     
          10          11  0.944255496367390     
           2          12  0.963142028231199     
          10          12  0.952531370967328     
          10          13   1.02392703071202     
           8          14   1.00564352057014     
           6          15   1.00242723708262     
           4          16   1.00129482733065     
           1          17   1.01502935447006     
           1          18  0.968288294483498     
           1          19  0.966191017540411     
          13          20  0.823913078237724     
          14          21  0.844024698514305     
          15          22  0.852427692763180     
          16          23  0.837391627682502     
          17          24  0.845051492172554     
