           1           2   1.44820854612372     
           2           3   1.42330595538096     
           3           4   1.40330027894892     
           4           5   1.33560046863354     
           1           6   1.42330595611658     
           5           6   1.40330027944161     
           5           7  0.980927324483042     
           7           8   1.07199684199954     
           8           9   1.29055681357200     
           9          10   1.34484913856809     
          10          11   1.33366002705394     
          11          12   1.36500602007033     
           8          13   1.34484914161729     
          12          13   1.33366003351317     
          13          14   1.00730105715981     
          12          15   1.00997711250032     
          11          16   1.00997710489463     
          10          17   1.00730106412992     
           4          18  0.980927302581323     
           9          18   1.07199686115841     
           1          19  0.965692247676011     
           2          20  0.965692256557307     
           3          21  0.962864120427834     
           6          22  0.962864102237276     
