           1           2  0.970661233533853     
           2           3  0.955971370797041     
           2           4  0.956681156950829     
           4           5  0.953729624362047     
           4           6  0.969715940702041     
           6           7  0.956221552938324     
           6           8  0.960548139436167     
           8           9  0.954532577978150     
           8          10  0.961524242778716     
          10          11  0.949289149308477     
           2          12  0.960601378016148     
          10          12  0.963674560905067     
          10          13   1.00474625313265     
           8          14   1.00307633886233     
           6          15   1.00083901420094     
           4          16   1.00348192564731     
           1          17   1.00855490558134     
           1          18  0.968427673212146     
           1          19  0.967579121115602     
          13          20  0.834630232361266     
          14          21  0.836792233650508     
          15          22  0.852148500368938     
          16          23  0.855019130011973     
          17          24  0.853838164276188     
