           1           2  0.989546008266524     
           2           3  0.952792865240481     
           2           4  0.967858793632008     
           4           5  0.956840818712968     
           4           6  0.966596011443275     
           6           7  0.955415344587360     
           6           8  0.960731482173749     
           8           9  0.957591648386954     
           8          10  0.954673348007567     
          10          11  0.944978291657238     
           2          12  0.961997930630102     
          10          12  0.955311976069228     
          10          13   1.01500241059926     
           8          14   1.00008205412942     
           6          15   1.00954463142169     
           4          16  0.995617063174258     
           1          17  0.999010520562672     
           1          18  0.967159609137418     
           1          19  0.966936362787289     
          13          20  0.827378235147708     
          14          21  0.848686138946841     
          15          22  0.832894615856820     
          16          23  0.849050939299832     
          17          24  0.834005956379130     
