           1           2  0.988386994900162     
           2           3   1.32357912991213     
           2           4  0.100656177584732     
           3           4   1.46106113826238     
           4           5   1.29753849377491     
           2           6   1.16033394124914     
           5           6   1.32481912676283     
           6           7   1.13508206762063     
           7           8   1.58912958545385     
           7           9   1.11118158493511     
           8           9  0.138585089472932     
           9          10   1.11774784446047     
           9          11  0.125241483883185     
          10          11   1.57215828969926     
           5          12   1.14060684380892     
          10          12   1.16249452578884     
          11          12  0.136754149945396     
          12          13  0.970523132576223     
           9          14  0.976940268749213     
           1          15  0.966765181698733     
           1          16  0.973848089491869     
           1          17  0.966832145896183     
           3          18  0.957828022328148     
          13          19  0.971795742576719     
          13          20  0.973126150981711     
          13          21  0.971128608321150     
          14          22  0.973352660926344     
          14          23  0.973059194844424     
          14          24  0.972709286233120     
