           1           2   1.01902661963429     
           2           3  0.998837101635497     
           3           4  0.991976509252743     
           1           5  0.986231846597064     
           1           6  0.987196769826071     
           1           7  0.987576940742691     
           2           8  0.977739117358987     
           2           9  0.976789019692801     
           3          10  0.973896767836589     
           3          11  0.971185602288976     
           4          12  0.861067819670230     
