           1           2  0.970532574025729     
           2           3  0.955134238071044     
           2           4  0.961713719823496     
           4           5  0.955738126521118     
           4           6  0.966205482086690     
           6           7  0.954846350047974     
           6           8  0.969519888628194     
           8           9  0.955603537496149     
           8          10  0.962283584293885     
          10          11  0.948813143576556     
           2          12  0.959438378899329     
          10          12  0.964679712909247     
          10          13   1.00524187356834     
           8          14   1.00341353315404     
           6          15  0.996952773794041     
           4          16  0.999839625436819     
           1          17   1.00871481799504     
           1          18  0.968268899921459     
           1          19  0.967835157004117     
          13          20  0.834048959641328     
          14          21  0.840316891060708     
          15          22  0.845298482714259     
          16          23  0.855211276244011     
          17          24  0.852795391865685     
