           1           2  0.972108746189574     
           2           3  0.956547808634278     
           2           4  0.957854586048254     
           4           5  0.954655734120739     
           4           6  0.973528325867124     
           6           7  0.957609223887529     
           6           8  0.961888214882991     
           8           9  0.952717766737192     
           8          10  0.961591653769874     
          10          11  0.950127127362605     
           2          12  0.955260328969786     
          10          12  0.972898028945145     
          10          13  0.992529308857124     
           8          14   1.00195860635441     
           6          15   1.00167478682802     
           4          16  0.999117101456432     
           1          17   1.00980118043281     
           1          18  0.969999907277952     
           1          19  0.967660830349587     
          13          20  0.832828649947699     
          14          21  0.838364213684536     
          15          22  0.851927507107912     
          16          23  0.848681641975865     
          17          24  0.838394148904247     
