           1           2   1.02018023868437     
           2           3   1.01532990323407     
           3           4   1.42495868183497     
           4           5   1.43415209226153     
           3           6  0.107280181432483     
           5           6   1.44256460726518     
           4           7  0.106066489767365     
           6           7   1.43484259697028     
           3           8   1.36918925972431     
           5           8  0.107933052959752     
           7           8   1.42552565911274     
           8           9   1.02951833677083     
           1          10  0.986298792605147     
           1          11  0.986483654434197     
           1          12  0.986493988426905     
           2          13  0.959501237691657     
           2          14  0.959523323755624     
           4          15  0.965962045132168     
           5          16  0.971505030815995     
           6          17  0.971413011980314     
           7          18  0.968527130257359     
           9          19  0.984833633723767     
           9          20  0.968755343377662     
           9          21  0.968791598599614     
