           1           2   1.01065279803231     
           2           3  0.972454243836014     
           2           4  0.993528363669086     
           4           5   1.01064182846144     
           5           6  0.992991452826498     
           6           7  0.965378934388991     
           6           8  0.981320451658738     
           8           9  0.958811184311285     
           2          10  0.993354158342269     
           8          10  0.988705128020698     
           8          11  0.977821579553884     
           6          12  0.983488043486810     
          12          13   1.00876075215496     
          12          14   1.01035856337607     
           1          15  0.986032560647629     
           1          16  0.985457999941533     
           1          17  0.986284021601331     
           4          18  0.975650947722411     
           4          19  0.976695619389370     
           5          20  0.977897690407731     
           5          21  0.970876676164449     
          10          22  0.975348888888972     
          10          23  0.976254773828462     
          11          24  0.863032083616754     
          12          25  0.967202743744321     
          13          26  0.986532337180105     
          13          27  0.986043279125406     
          13          28  0.983754320976941     
          14          29  0.983594159565817     
          14          30  0.985449766710665     
          14          31  0.982181155498747     
