$hessian                                                                        
        0.4499271533  -0.0000015999  -0.0325755154  -0.2073425668  -0.0000008086
       -0.0233431430  -0.0245316159  -0.0073989023  -0.0039403363  -0.0008997407
       -0.0025896012   0.0010434939   0.0002897955   0.0000000088   0.0000266212
       -0.0008997213   0.0025896917   0.0010432113  -0.0245314561   0.0073986219
       -0.0039410684  -0.0425924665  -0.0000006935  -0.0139332148  -0.0770571517
       -0.0773171846   0.0397465820  -0.0770564881   0.0773206844   0.0397383737
        0.0011183444   0.0009457785  -0.0001860868   0.0023601109   0.0017137256
       -0.0016177089  -0.0002286754  -0.0001410817   0.0001663375  -0.0009026438
        0.0000945233  -0.0002951987  -0.0002286751   0.0001411069   0.0001663289
       -0.0009026394  -0.0000945523  -0.0002951809   0.0011183446  -0.0009458048
       -0.0001859779   0.0023600921  -0.0017139123  -0.0016175176
       -0.0000015999   0.5408482577  -0.0000037700  -0.0000024531  -0.0737300427
        0.0000006301  -0.0281125072  -0.0051094040  -0.0054997008  -0.0031723432
       -0.0050438864   0.0017441717   0.0000000073   0.0008394476  -0.0000000728
        0.0031723936  -0.0050442816  -0.0017436567   0.0281140220  -0.0051092938
        0.0055000017  -0.0000011864  -0.0455440553  -0.0000096857  -0.0741159026
       -0.2021611143   0.0799325065   0.0741193170  -0.2021781871  -0.0799205903
       -0.0022188040   0.0007169590   0.0002410773  -0.0004811482   0.0004898212
       -0.0004817119  -0.0000339648  -0.0000176774   0.0001078342  -0.0016829915
       -0.0000727854  -0.0002754620   0.0000339564  -0.0000176891  -0.0001078190
        0.0016830442  -0.0000727755   0.0002755023   0.0022187412   0.0007169631
       -0.0002410755   0.0004814191   0.0004897440   0.0004818209
       -0.0325755154  -0.0000037700   0.4650771982  -0.0533569525   0.0000006967
       -0.0628456350   0.0129576151   0.0021914061  -0.0025937545   0.0006387511
        0.0017197318  -0.0001230027  -0.0001012972  -0.0000000561  -0.0003019923
        0.0006383926  -0.0017192080  -0.0001226297   0.0129546154  -0.0021912310
       -0.0025940789  -0.0231774117  -0.0000096644  -0.2348530846   0.0385960444
        0.0794524238  -0.0832386772   0.0385881864  -0.0794405018  -0.0832222871
       -0.0007144498  -0.0003305331   0.0006516125   0.0027408468   0.0012999613
        0.0014155663  -0.0000481822   0.0000075063   0.0001089159   0.0004408452
        0.0000753252   0.0002328213  -0.0000482439  -0.0000074473   0.0001089811
        0.0004406703  -0.0000752947   0.0002327994  -0.0007146823   0.0003305328
        0.0006515950   0.0027407676  -0.0012998777   0.0014156520
       -0.2073425668  -0.0000024531  -0.0533569525   0.5232837367  -0.0000015735
       -0.0187831140  -0.0978223261  -0.0460192612   0.0342456132  -0.0253034645
       -0.0278000774   0.0093920170   0.0065426149  -0.0000000213   0.0001886310
       -0.0253034162   0.0278012621   0.0093890707  -0.0978217134   0.0460226546
        0.0342402432  -0.0262463067  -0.0000012590  -0.0261172412  -0.0217845344
       -0.0063143975  -0.0012555005  -0.0217843753   0.0063143513  -0.0012560920
        0.0050952703   0.0097524139  -0.0043047417  -0.0029644972  -0.0069143597
        0.0115814174   0.0015039698   0.0001501561   0.0009254920  -0.0068433741
       -0.0004121387  -0.0015456012   0.0015035309  -0.0001497614   0.0009258994
       -0.0068434007   0.0004120229  -0.0015457381   0.0050952608  -0.0097531409
       -0.0043038775  -0.0029644080   0.0069155827   0.0115804750
       -0.0000008086  -0.0737300427   0.0000006967  -0.0000015735   0.4954644012
       -0.0000121944  -0.0421055356  -0.1578363075   0.0580314886  -0.0121227526
       -0.0019907077   0.0000482776   0.0000000223  -0.0026074776   0.0000002052
        0.0121227651  -0.0019904717  -0.0000476569   0.0421072672  -0.1578466135
       -0.0580233005  -0.0000018233   0.0008761868  -0.0000007888  -0.0278916624
       -0.0040060038  -0.0047940931   0.0278928580  -0.0040056186   0.0047947311
       -0.0093414327  -0.0324438413   0.0083578343  -0.0083583586  -0.0148766877
        0.0231863715   0.0008695754   0.0002310542  -0.0000601844   0.0006874020
        0.0009289126  -0.0002088184  -0.0008692185   0.0002308463   0.0000599663
       -0.0006875462   0.0009289715   0.0002088571   0.0093406381  -0.0324438311
       -0.0083538469   0.0083601839  -0.0148827696  -0.0231875452
       -0.0233431430   0.0000006301  -0.0628456350  -0.0187831140  -0.0000121944
        0.2609614002   0.0188456130   0.0317571063  -0.0789124987  -0.0014942038
       -0.0048899200   0.0037798957   0.0007861537   0.0000001659   0.0005423190
       -0.0014954073   0.0048905776   0.0037793524   0.0188409626  -0.0317488602
       -0.0789027518  -0.0371863576  -0.0000007310  -0.0148465838   0.0109007322
       -0.0003628675   0.0028995227   0.0108978348   0.0003635853   0.0028990572
       -0.0048347018  -0.0080425549   0.0042204839   0.0172920289   0.0330233235
       -0.0253273750   0.0005107743  -0.0004259074   0.0010241444  -0.0019519087
       -0.0003163369   0.0004027923   0.0005112750   0.0004257085   0.0010237196
       -0.0019518303   0.0003162986   0.0004027890  -0.0048356589   0.0080465548
        0.0042206897   0.0172909510  -0.0330245781  -0.0253213219
       -0.0245316159  -0.0281125072   0.0129576151  -0.0978223261  -0.0421055356
        0.0188456130   0.4675827332  -0.0413708073  -0.0091829923  -0.1645883856
        0.0005254388  -0.0383815701  -0.0274363730   0.0204909929   0.0010369347
       -0.0012710522  -0.0028354085   0.0007855628   0.0072739219   0.0088927052
       -0.0046462129   0.0015495717  -0.0000898513   0.0012659631  -0.0075004251
       -0.0017293498  -0.0008590544   0.0000247911  -0.0016653409  -0.0000827027
       -0.0874374529   0.0823227263   0.0419573096  -0.0429086513   0.0032959014
       -0.0151760192  -0.0068305390   0.0000219576  -0.0052842857  -0.0163691079
       -0.0027742754  -0.0043461331   0.0001941936   0.0002885227   0.0000406383
        0.0002625423  -0.0002215235   0.0000012473  -0.0003379271   0.0039010485
        0.0009167935   0.0001461024   0.0011653060   0.0001512931
       -0.0073989023  -0.0051094040   0.0021914061  -0.0460192612  -0.1578363075
        0.0317571063  -0.0413708073   0.4994847729   0.0399506507  -0.0045799057
       -0.0606613779   0.0009634139   0.0365035259  -0.0131308733   0.0013309643
       -0.0008872577   0.0025523905   0.0004370801  -0.0088936049  -0.0379415423
        0.0090196408   0.0024061895   0.0012397967   0.0011184731   0.0003710966
        0.0008329495  -0.0000263297   0.0014725084   0.0013485624  -0.0000519019
        0.0846202484  -0.1846447714  -0.0753037025   0.0025505360  -0.0433408978
       -0.0080632634   0.0007014350   0.0012795675   0.0013523345  -0.0216982591
       -0.0013423129  -0.0055916309   0.0001856721  -0.0002674697   0.0002738926
       -0.0002505335   0.0004376998   0.0000571845   0.0028286670  -0.0055260529
       -0.0014128191  -0.0005413470   0.0026252704   0.0019975005
       -0.0039403363  -0.0054997008  -0.0025937545   0.0342456132   0.0580314886
       -0.0789124987  -0.0091829923   0.0399506507   0.4701348758  -0.0389089386
        0.0015650181  -0.0790978151   0.0128116463  -0.0047150198   0.0055813315
        0.0003475728   0.0009236602   0.0007840895  -0.0046453114  -0.0090155837
       -0.0003501181  -0.0029138599  -0.0020270371   0.0015040408  -0.0013648627
       -0.0003968855   0.0007261966   0.0006327223   0.0004436009   0.0004777337
        0.0413174484  -0.0730834819  -0.0808985947  -0.0088911907  -0.0001618968
       -0.2267581423  -0.0304379610  -0.0001450841  -0.0149410646   0.0105864082
        0.0011926626   0.0030900437  -0.0003443611  -0.0002373015  -0.0003972099
       -0.0000473666  -0.0002254943  -0.0000954651   0.0009759392  -0.0026266998
        0.0003119021  -0.0002401699  -0.0039728958   0.0014344494
       -0.0008997407  -0.0031723432   0.0006387511  -0.0253034645  -0.0121227526
       -0.0014942038  -0.1645883856  -0.0045799057  -0.0389089386   0.4494737765
        0.0576899585  -0.0204631581  -0.1047876003   0.0637646727   0.0439838350
        0.0097826136  -0.0070259162  -0.0088869838  -0.0012710865   0.0008873128
        0.0003474699   0.0001734483  -0.0001256567   0.0004396225  -0.0010265072
        0.0001582163  -0.0003207950   0.0004766345  -0.0003064557   0.0000291957
       -0.0136831942   0.0024833552  -0.0032891304  -0.0063612269   0.0004111523
       -0.0048588648  -0.0418755458  -0.0042651203  -0.0167125214  -0.1009187800
       -0.0898684792   0.0488880082   0.0005894425  -0.0009119437  -0.0000943612
        0.0000103931  -0.0032248176   0.0006798767   0.0001732544   0.0002759616
        0.0000262214   0.0000359688  -0.0000672385  -0.0000040233
       -0.0025896012  -0.0050438864   0.0017197318  -0.0278000774  -0.0019907077
       -0.0048899200   0.0005254388  -0.0606613779   0.0015650181   0.0576899585
        0.4725999406  -0.0446706101   0.0415600126  -0.1428652517  -0.0342606350
        0.0070243343  -0.0467216324  -0.0048944289   0.0028355417   0.0025522257
       -0.0009238590   0.0000347737   0.0001798063  -0.0001087869  -0.0020044982
       -0.0002401973  -0.0001071731   0.0002333836   0.0000439984  -0.0000146428
        0.0217322379  -0.0024441208   0.0052030982  -0.0002772719   0.0010746522
       -0.0008590178  -0.0029960403  -0.0415346739   0.0071028716  -0.0932844508
       -0.1717635028   0.0748659823   0.0001851792   0.0019520609  -0.0014009132
       -0.0027632269  -0.0056500265   0.0016306305   0.0001364288   0.0006820494
        0.0000744865  -0.0002421224  -0.0001693563  -0.0000318321
        0.0010434939   0.0017441717  -0.0001230027   0.0093920170   0.0000482776
        0.0037798957  -0.0383815701   0.0009634139  -0.0790978151  -0.0204631581
       -0.0446706101   0.4941244392   0.0405159736  -0.0459803142  -0.0834107829
       -0.0088876768   0.0048998611   0.0025948255   0.0007852422  -0.0004372773
        0.0007842426   0.0003075323   0.0001238237   0.0001776753   0.0008095281
        0.0002936825   0.0003049847  -0.0000340855  -0.0000618594  -0.0000465540
        0.0102512069  -0.0012100475   0.0027125607  -0.0309076041   0.0008624706
       -0.0143764154  -0.0129968889   0.0055773047  -0.2468637306   0.0482081733
        0.0705767352  -0.0829953136  -0.0005030575   0.0044310364   0.0023462542
        0.0008619490   0.0025512403   0.0004511400   0.0001180570   0.0002517393
       -0.0001059073  -0.0001191324   0.0000363516  -0.0002564963
        0.0002897955   0.0000000073  -0.0001012972   0.0065426149   0.0000000223
        0.0007861537  -0.0274363730   0.0365035259   0.0128116463  -0.1047876003
        0.0415600126   0.0405159736   0.2613518391  -0.0000059987  -0.1187398372
       -0.1047883533  -0.0415558390   0.0405207179  -0.0274366910  -0.0365020365
        0.0128156061   0.0001788965  -0.0000000081  -0.0000672413   0.0002745423
       -0.0002671487   0.0000026135   0.0002745444   0.0002671741   0.0000025678
       -0.0095719208   0.0012189033  -0.0018972279   0.0021728763  -0.0004153806
        0.0010578082  -0.0016945882   0.0070684671   0.0115310967   0.0068620537
       -0.0106413928  -0.0049650753  -0.0016947484  -0.0070673534   0.0115320230
        0.0068621262   0.0106406009  -0.0049662246  -0.0095719486  -0.0012190316
       -0.0018970663   0.0021729347   0.0004154758   0.0010577631
        0.0000000088   0.0008394476  -0.0000000561  -0.0000000213  -0.0026074776
        0.0000001659   0.0204909929  -0.0131308733  -0.0047150198   0.0637646727
       -0.1428652517  -0.0459803142  -0.0000059987   0.4113782228  -0.0000116605
       -0.0637601287  -0.1428556908   0.0459863742  -0.0204907850  -0.0131301305
        0.0047169364  -0.0000000112  -0.0002635191   0.0000000225   0.0001462616
        0.0001713392  -0.0001668086  -0.0001462721   0.0001713542   0.0001667927
        0.0031376887   0.0001829566   0.0011076536  -0.0009049680   0.0002424813
        0.0005154913   0.0087947560  -0.0153644234  -0.0189862501   0.0103065889
       -0.0339174636  -0.0081199798  -0.0087927337  -0.0153585788   0.0189854868
       -0.0103073963  -0.0339176042   0.0081241367  -0.0031377453   0.0001828180
       -0.0011075810   0.0009050908   0.0002423934  -0.0005153899
        0.0000266212  -0.0000000728  -0.0003019923   0.0001886310   0.0000002052
        0.0005423190   0.0010369347   0.0013309643   0.0055813315   0.0439838350
       -0.0342606350  -0.0834107829  -0.1187398372  -0.0000116605   0.1853129260
        0.0439908571   0.0342667151  -0.0834193327   0.0010390906  -0.0013289672
        0.0055809926  -0.0001586120   0.0000000148   0.0000698743  -0.0001028952
        0.0000100847  -0.0000418318  -0.0001028871  -0.0000101447  -0.0000418393
       -0.0011484690   0.0004185736   0.0007541479   0.0010246596   0.0003728989
        0.0013391336   0.0196873520  -0.0338002665  -0.0214126785  -0.0051456586
        0.0094568885   0.0043862476   0.0196886232   0.0337994146  -0.0214184622
       -0.0051446648  -0.0094526965   0.0043864460  -0.0011481253  -0.0004185265
        0.0007542761   0.0010245451  -0.0003727900   0.0013392252
       -0.0008997213   0.0031723936   0.0006383926  -0.0253034162   0.0121227651
       -0.0014954073  -0.0012710522  -0.0008872577   0.0003475728   0.0097826136
        0.0070243343  -0.0088876768  -0.1047883533  -0.0637601287   0.0439908571
        0.4494738303  -0.0576920453  -0.0204564702  -0.1645886606   0.0045763710
       -0.0389096225   0.0001734522   0.0001256900   0.0004395937   0.0004766365
        0.0003064531   0.0000291462  -0.0010264990  -0.0001582462  -0.0003207955
        0.0001732518  -0.0002759553   0.0000262464   0.0000359797   0.0000672386
       -0.0000040331   0.0005894620   0.0009119511  -0.0000944528   0.0000104362
        0.0032248456   0.0006795136  -0.0418755068   0.0042633300  -0.0167127931
       -0.1009179142   0.0898735355   0.0488776688  -0.0136833605  -0.0024836386
       -0.0032889269  -0.0063611780  -0.0004116360  -0.0048588129
        0.0025896917  -0.0050442816  -0.0017192080   0.0278012621  -0.0019904717
        0.0048905776  -0.0028354085   0.0025523905   0.0009236602  -0.0070259162
       -0.0467216324   0.0048998611  -0.0415558390  -0.1428556908   0.0342667151
       -0.0576920453   0.4726101985   0.0446730188  -0.0005289533  -0.0606616547
       -0.0015667373  -0.0000347362   0.0001798136   0.0001087841  -0.0002334016
        0.0000440223   0.0000146328   0.0020045958  -0.0002402086   0.0001072272
       -0.0001363990   0.0006820196  -0.0000745798   0.0002421174  -0.0001693660
        0.0000318168  -0.0001852064   0.0019517368   0.0014009455   0.0027632864
       -0.0056505308  -0.0016299884   0.0029946341  -0.0415361410  -0.0071251144
        0.0932893994  -0.1717804502  -0.0748564683  -0.0217310858  -0.0024443963
       -0.0052025360   0.0002740045   0.0010746427   0.0008573932
        0.0010432113  -0.0017436567  -0.0001226297   0.0093890707  -0.0000476569
        0.0037793524   0.0007855628   0.0004370801   0.0007840895  -0.0088869838
       -0.0048944289   0.0025948255   0.0405207179   0.0459863742  -0.0834193327
       -0.0204564702   0.0446730188   0.4941146974  -0.0383817540  -0.0009651499
       -0.0790976303   0.0003075385  -0.0001238345   0.0001776708  -0.0000340609
        0.0000618517  -0.0000465648   0.0008093072  -0.0002936296   0.0003049827
        0.0001180665  -0.0002518331  -0.0001058774  -0.0001191624  -0.0000363622
       -0.0002564994  -0.0005030863  -0.0044309892   0.0023465867   0.0008616232
       -0.0025505669   0.0004515945  -0.0129969549  -0.0055996232  -0.2468624814
        0.0481974951  -0.0705672181  -0.0829793498   0.0102535181   0.0012105509
        0.0027130126  -0.0309076387  -0.0008639265  -0.0143764468
       -0.0245314561   0.0281140220   0.0129546154  -0.0978217134   0.0421072672
        0.0188409626   0.0072739219  -0.0088936049  -0.0046453114  -0.0012710865
        0.0028355417   0.0007852422  -0.0274366910  -0.0204907850   0.0010390906
       -0.1645886606  -0.0005289533  -0.0383817540   0.4675835513   0.0413701592
       -0.0091875791   0.0015495443   0.0000899810   0.0012659339   0.0000247836
        0.0016653689  -0.0000828868  -0.0075004294   0.0017293112  -0.0008592533
       -0.0003379630  -0.0039010052   0.0009172213   0.0001460847  -0.0011652787
        0.0001514096   0.0001941888  -0.0002885263   0.0000406772   0.0002625481
        0.0002215219   0.0000012246  -0.0068305011  -0.0000224810  -0.0052842904
       -0.0163689421   0.0027738932  -0.0043464163  -0.0874385076  -0.0823189264
        0.0419665479  -0.0429086720  -0.0032975056  -0.0151754337
        0.0073986219  -0.0051092938  -0.0021912310   0.0460226546  -0.1578466135
       -0.0317488602   0.0088927052  -0.0379415423  -0.0090155837   0.0008873128
        0.0025522257  -0.0004372773  -0.0365020365  -0.0131301305  -0.0013289672
        0.0045763710  -0.0606616547  -0.0009651499   0.0413701592   0.4994757659
       -0.0399537992  -0.0024064967   0.0012399262  -0.0011184568  -0.0014724459
        0.0013485347   0.0000518117  -0.0003711905   0.0008329884   0.0000263276
       -0.0028285925  -0.0055255792   0.0014134389   0.0005413359   0.0026254819
       -0.0019976283  -0.0001857136  -0.0002674764  -0.0002739008   0.0002505340
        0.0004377090  -0.0000572381  -0.0007046898   0.0012794410  -0.0013540548
        0.0216994901  -0.0013419915   0.0055921652  -0.0846165347  -0.1846278446
        0.0753145844  -0.0025514844  -0.0433399465   0.0080438194
       -0.0039410684   0.0055000017  -0.0025940789   0.0342402432  -0.0580233005
       -0.0789027518  -0.0046462129   0.0090196408  -0.0003501181   0.0003474699
       -0.0009238590   0.0007842426   0.0128156061   0.0047169364   0.0055809926
       -0.0389096225  -0.0015667373  -0.0790976303  -0.0091875791  -0.0399537992
        0.4701433074  -0.0029135836   0.0020270772   0.0015039124   0.0006328755
       -0.0004436999   0.0004777676  -0.0013648049   0.0003968702   0.0007261337
        0.0009762561   0.0026273055   0.0003114706  -0.0002401946   0.0039727669
        0.0014342326  -0.0003443174   0.0002373194  -0.0003972296  -0.0000473986
        0.0002254347  -0.0000954730  -0.0304378693   0.0001434987  -0.0149410052
        0.0105840185  -0.0011922543   0.0030896067   0.0413269091   0.0730943800
       -0.0809143146  -0.0088907270   0.0001424185  -0.2267590647
       -0.0425924665  -0.0000011864  -0.0231774117  -0.0262463067  -0.0000018233
       -0.0371863576   0.0015495717   0.0024061895  -0.0029138599   0.0001734483
        0.0000347737   0.0003075323   0.0001788965  -0.0000000112  -0.0001586120
        0.0001734522  -0.0000347362   0.0003075385   0.0015495443  -0.0024064967
       -0.0029135836   0.0605302934   0.0000019023   0.0381617102   0.0021243466
       -0.0005478916   0.0119762543   0.0021243397   0.0005491042   0.0119760540
       -0.0001723892   0.0001178183   0.0001422897   0.0002698517   0.0001421041
        0.0014281122   0.0001120088   0.0000089260   0.0001340265   0.0000079631
       -0.0000164289   0.0001059375   0.0001120373  -0.0000089340   0.0001340011
        0.0000079591   0.0000164408   0.0001059377  -0.0001723932  -0.0001178037
        0.0001423061   0.0002698431  -0.0001419468   0.0014281246
       -0.0000006935  -0.0455440553  -0.0000096644  -0.0000012590   0.0008761868
       -0.0000007310  -0.0000898513   0.0012397967  -0.0020270371  -0.0001256567
        0.0001798063   0.0001238237  -0.0000000081  -0.0002635191   0.0000000148
        0.0001256900   0.0001798136  -0.0001238345   0.0000899810   0.0012399262
        0.0020270772   0.0000019023   0.0472993936   0.0000120272   0.0011335447
       -0.0024556651   0.0282590542  -0.0011335161  -0.0024588856  -0.0282608017
        0.0001595788  -0.0001801691  -0.0001897885   0.0003002072   0.0001370424
        0.0004500226   0.0000768987  -0.0000636313   0.0000534473   0.0000097384
       -0.0000396853   0.0000073682  -0.0000769093  -0.0000636177  -0.0000534049
       -0.0000097376  -0.0000396835  -0.0000073614  -0.0001595763  -0.0001801512
        0.0001897571  -0.0003003333   0.0001370976  -0.0004499688
       -0.0139332148  -0.0000096857  -0.2348530846  -0.0261172412  -0.0000007888
       -0.0148465838   0.0012659631   0.0011184731   0.0015040408   0.0004396225
       -0.0001087869   0.0001776753  -0.0000672413   0.0000000225   0.0000698743
        0.0004395937   0.0001087841   0.0001776708   0.0012659339  -0.0011184568
        0.0015039124   0.0381617102   0.0000120272   0.2834164423   0.0003774843
        0.0029867630  -0.0191365544   0.0003775805  -0.0029884668  -0.0191333646
        0.0000622990  -0.0000184529  -0.0004361260  -0.0012710736  -0.0010151257
        0.0008804520   0.0001675120   0.0000462970   0.0000512551  -0.0000638403
       -0.0000592714   0.0000644446   0.0001674581  -0.0000462481   0.0000513157
       -0.0000638343   0.0000592837   0.0000644244   0.0000623189   0.0000184218
       -0.0004361653  -0.0012710306   0.0010152106   0.0008803709
       -0.0770571517  -0.0741159026   0.0385960444  -0.0217845344  -0.0278916624
        0.0109007322  -0.0075004251   0.0003710966  -0.0013648627  -0.0010265072
       -0.0020044982   0.0008095281   0.0002745423   0.0001462616  -0.0001028952
        0.0004766365  -0.0002334016  -0.0000340609   0.0000247836  -0.0014724459
        0.0006328755   0.0021243466   0.0011335447   0.0003774843   0.1000088808
        0.0933013546  -0.0447378606   0.0050259671   0.0094052211  -0.0044662222
        0.0001648284   0.0004737505  -0.0001551398   0.0002093151   0.0001623070
       -0.0000797353   0.0000647745  -0.0000149306   0.0000750967  -0.0005676798
       -0.0000146259  -0.0001444363   0.0000341046  -0.0000675231  -0.0000008023
        0.0001525665   0.0000041579   0.0000262348  -0.0006257410   0.0008289623
       -0.0002033679   0.0000012931  -0.0000116657  -0.0001286128
       -0.0773171846  -0.2021611143   0.0794524238  -0.0063143975  -0.0040060038
       -0.0003628675  -0.0017293498   0.0008329495  -0.0003968855   0.0001582163
       -0.0002401973   0.0002936825  -0.0002671487   0.0001713392   0.0000100847
        0.0003064531   0.0000440223   0.0000618517   0.0016653689   0.0013485347
       -0.0004436999  -0.0005478916  -0.0024556651   0.0029867630   0.0933013546
        0.2331917319  -0.0920877470  -0.0094058345  -0.0269313563   0.0106556324
        0.0000811753   0.0004104412   0.0001214694   0.0001941854   0.0001309587
       -0.0002596755  -0.0000469388  -0.0000185508  -0.0000393044  -0.0000952266
       -0.0000441477  -0.0000756981  -0.0000479275  -0.0000146957  -0.0000676985
        0.0000185817   0.0000083241   0.0000000907   0.0001553740   0.0000250112
        0.0000651480  -0.0001088097  -0.0002915819   0.0000864302
        0.0397465820   0.0799325065  -0.0832386772  -0.0012555005  -0.0047940931
        0.0028995227  -0.0008590544  -0.0000263297   0.0007261966  -0.0003207950
       -0.0001071731   0.0003049847   0.0000026135  -0.0001668086  -0.0000418318
        0.0000291462   0.0000146328  -0.0000465648  -0.0000828868   0.0000518117
        0.0004777676   0.0119762543   0.0282590542  -0.0191365544  -0.0447378606
       -0.0920877470   0.0929273346  -0.0044653125  -0.0106523085   0.0051462606
        0.0000141646  -0.0000144118  -0.0001079736  -0.0003279461  -0.0002511122
        0.0002407723   0.0000748968  -0.0000110716   0.0000412471  -0.0001002948
       -0.0000271736  -0.0000240645  -0.0000628510  -0.0000263740  -0.0000141364
        0.0000160603  -0.0000244613  -0.0000126209   0.0003272252  -0.0003020856
        0.0002660097   0.0000255587   0.0002331450  -0.0004076725
       -0.0770564881   0.0741193170   0.0385881864  -0.0217843753   0.0278928580
        0.0108978348   0.0000247911   0.0014725084   0.0006327223   0.0004766345
        0.0002333836  -0.0000340855   0.0002745444  -0.0001462721  -0.0001028871
       -0.0010264990   0.0020045958   0.0008093072  -0.0075004294  -0.0003711905
       -0.0013648049   0.0021243397  -0.0011335161   0.0003775805   0.0050259671
       -0.0094058345  -0.0044653125   0.1000080775  -0.0933054010  -0.0447279358
       -0.0006257532  -0.0008289559  -0.0002032746   0.0000012949   0.0000116541
       -0.0001286132   0.0000341154   0.0000675267  -0.0000008155   0.0001525646
       -0.0000041562   0.0000262418   0.0000647608   0.0000149451   0.0000751067
       -0.0005676797   0.0000146130  -0.0001444399   0.0001648250  -0.0004737664
       -0.0001550949   0.0002093097  -0.0001623090  -0.0000797158
        0.0773206844  -0.2021781871  -0.0794405018   0.0063143513  -0.0040056186
        0.0003635853  -0.0016653409   0.0013485624   0.0004436009  -0.0003064557
        0.0000439984  -0.0000618594   0.0002671741   0.0001713542  -0.0000101447
       -0.0001582462  -0.0002402086  -0.0002936296   0.0017293112   0.0008329884
        0.0003968702   0.0005491042  -0.0024588856  -0.0029884668   0.0094052211
       -0.0269313563  -0.0106523085  -0.0933054010   0.2332115123   0.0920735904
       -0.0001553183   0.0000250368  -0.0000650988   0.0001088064  -0.0002916159
       -0.0000864380   0.0000479235  -0.0000146823   0.0000676958  -0.0000185861
        0.0000083291  -0.0000000807   0.0000469511  -0.0000185495   0.0000393060
        0.0000952153  -0.0000441368   0.0000757100  -0.0000811717   0.0004104429
       -0.0001215178  -0.0001942228   0.0001310160   0.0002596876
        0.0397383737  -0.0799205903  -0.0832222871  -0.0012560920   0.0047947311
        0.0028990572  -0.0000827027  -0.0000519019   0.0004777337   0.0000291957
       -0.0000146428  -0.0000465540   0.0000025678   0.0001667927  -0.0000418393
       -0.0003207955   0.0001072272   0.0003049827  -0.0008592533   0.0000263276
        0.0007261337   0.0119760540  -0.0282608017  -0.0191333646  -0.0044662222
        0.0106556324   0.0051462606  -0.0447279358   0.0920735904   0.0929084077
        0.0003272527   0.0003021333   0.0002659842   0.0000255454  -0.0002331486
       -0.0004076275  -0.0000627973   0.0000263968  -0.0000141868   0.0000160638
        0.0000244566  -0.0000126182   0.0000748074   0.0000111315   0.0000413087
       -0.0001002969   0.0000271743  -0.0000241100   0.0000141750   0.0000143481
       -0.0001079918  -0.0003279396   0.0002511432   0.0002407108
        0.0011183444  -0.0022188040  -0.0007144498   0.0050952703  -0.0093414327
       -0.0048347018  -0.0874374529   0.0846202484   0.0413174484  -0.0136831942
        0.0217322379   0.0102512069  -0.0095719208   0.0031376887  -0.0011484690
        0.0001732518  -0.0001363990   0.0001180665  -0.0003379630  -0.0028285925
        0.0009762561  -0.0001723892   0.0001595788   0.0000622990   0.0001648284
        0.0000811753   0.0000141646  -0.0006257532  -0.0001553183   0.0003272527
        0.1035348596  -0.0947161692  -0.0472983001   0.0011187476   0.0000995242
        0.0005963818   0.0006145555   0.0003802302   0.0002998820   0.0000182110
        0.0002068387   0.0002918803  -0.0000729884  -0.0000172838   0.0000120979
       -0.0000081026  -0.0000966288  -0.0000549014   0.0002318143  -0.0009417547
       -0.0001807499  -0.0001601185   0.0000348610  -0.0000353643
        0.0009457785   0.0007169590  -0.0003305331   0.0097524139  -0.0324438413
       -0.0080425549   0.0823227263  -0.1846447714  -0.0730834819   0.0024833552
       -0.0024441208  -0.0012100475   0.0012189033   0.0001829566   0.0004185736
       -0.0002759553   0.0006820196  -0.0002518331  -0.0039010052  -0.0055255792
        0.0026273055   0.0001178183  -0.0001801691  -0.0000184529   0.0004737505
        0.0004104412  -0.0000144118  -0.0008289559   0.0000250368   0.0003021333
       -0.0947161692   0.2261412076   0.0833919300   0.0020909575  -0.0016341018
       -0.0037341149  -0.0000572770  -0.0000399677   0.0001861486  -0.0001943745
        0.0001760539  -0.0000648088  -0.0000372092  -0.0000283262  -0.0000097506
       -0.0001513312   0.0000782183   0.0000355190   0.0009417245  -0.0019314442
       -0.0005071353  -0.0001851506   0.0004594286   0.0003055146
       -0.0001860868   0.0002410773   0.0006516125  -0.0043047417   0.0083578343
        0.0042204839   0.0419573096  -0.0753037025  -0.0808985947  -0.0032891304
        0.0052030982   0.0027125607  -0.0018972279   0.0011076536   0.0007541479
        0.0000262464  -0.0000745798  -0.0001058774   0.0009172213   0.0014134389
        0.0003114706   0.0001422897  -0.0001897885  -0.0004361260  -0.0001551398
        0.0001214694  -0.0001079736  -0.0002032746  -0.0000650988   0.0002659842
       -0.0472983001   0.0833919300   0.0899970572   0.0147589273  -0.0256021579
       -0.0182183482  -0.0004829627   0.0004911718   0.0003197446   0.0002818583
        0.0000469480  -0.0000692839  -0.0000161200  -0.0000118690   0.0000215897
       -0.0000015253   0.0000164583  -0.0000215864  -0.0001808460   0.0005073639
        0.0003415535  -0.0000684973   0.0003487530   0.0002615852
        0.0023601109  -0.0004811482   0.0027408468  -0.0029644972  -0.0083583586
        0.0172920289  -0.0429086513   0.0025505360  -0.0088911907  -0.0063612269
       -0.0002772719  -0.0309076041   0.0021728763  -0.0009049680   0.0010246596
        0.0000359797   0.0002421174  -0.0001191624   0.0001460847   0.0005413359
       -0.0002401946   0.0002698517   0.0003002072  -0.0012710736   0.0002093151
        0.0001941854  -0.0003279461   0.0000012949   0.0001088064   0.0000255454
        0.0011187476   0.0020909575   0.0147589273   0.0518425332   0.0034831373
        0.0101318146  -0.0062529498   0.0004703274  -0.0031519484   0.0006825288
        0.0000774439  -0.0006137859  -0.0001715154  -0.0002263747   0.0000137049
       -0.0001022534  -0.0000529148  -0.0000166132  -0.0001601165   0.0001851485
       -0.0000685096   0.0000818874   0.0000568334  -0.0003794989
        0.0017137256   0.0004898212   0.0012999613  -0.0069143597  -0.0148766877
        0.0330233235   0.0032959014  -0.0433408978  -0.0001618968   0.0004111523
        0.0010746522   0.0008624706  -0.0004153806   0.0002424813   0.0003728989
        0.0000672386  -0.0001693660  -0.0000363622  -0.0011652787   0.0026254819
        0.0039727669   0.0001421041   0.0001370424  -0.0010151257   0.0001623070
        0.0001309587  -0.0002511122   0.0000116541  -0.0002916159  -0.0002331486
        0.0000995242  -0.0016341018  -0.0256021579   0.0034831373   0.0540683611
       -0.0096887158  -0.0002150270   0.0007581380   0.0000459544  -0.0003805842
        0.0000240710  -0.0005053087  -0.0001618683  -0.0001013754  -0.0002139067
       -0.0000425168  -0.0000206785   0.0000000015  -0.0000348556   0.0004593479
       -0.0003487800  -0.0000568735   0.0004243673  -0.0015208625
       -0.0016177089  -0.0004817119   0.0014155663   0.0115814174   0.0231863715
       -0.0253273750  -0.0151760192  -0.0080632634  -0.2267581423  -0.0048588648
       -0.0008590178  -0.0143764154   0.0010578082   0.0005154913   0.0013391336
       -0.0000040331   0.0000318168  -0.0002564994   0.0001514096  -0.0019976283
        0.0014342326   0.0014281122   0.0004500226   0.0008804520  -0.0000797353
       -0.0002596755   0.0002407723  -0.0001286132  -0.0000864380  -0.0004076275
        0.0005963818  -0.0037341149  -0.0182183482   0.0101318146  -0.0096887158
        0.2790886234  -0.0030237797   0.0001368827  -0.0005350982   0.0002536686
       -0.0001666194   0.0002800525   0.0000968603  -0.0001992050   0.0000539734
        0.0000061277   0.0000004147  -0.0000087604  -0.0000353610  -0.0003055451
        0.0002616440  -0.0003794851   0.0015209354   0.0008938162
       -0.0002286754  -0.0000339648  -0.0000481822   0.0015039698   0.0008695754
        0.0005107743  -0.0068305390   0.0007014350  -0.0304379610  -0.0418755458
       -0.0029960403  -0.0129968889  -0.0016945882   0.0087947560   0.0196873520
        0.0005894620  -0.0001852064  -0.0005030863   0.0001941888  -0.0001857136
       -0.0003443174   0.0001120088   0.0000768987   0.0001675120   0.0000647745
       -0.0000469388   0.0000748968   0.0000341154   0.0000479235  -0.0000627973
        0.0006145555  -0.0000572770  -0.0004829627  -0.0062529498  -0.0002150270
       -0.0030237797   0.0527385042  -0.0047112784   0.0121994986   0.0012369265
       -0.0020303466   0.0156805741   0.0001566872  -0.0000113259  -0.0004849340
       -0.0001183664  -0.0002165374  -0.0000165012  -0.0000729778   0.0000372138
       -0.0000160695  -0.0001715504   0.0001618538   0.0000968724
       -0.0001410817  -0.0000176774   0.0000075063   0.0001501561   0.0002310542
       -0.0004259074   0.0000219576   0.0012795675  -0.0001450841  -0.0042651203
       -0.0415346739   0.0055773047   0.0070684671  -0.0153644234  -0.0338002665
        0.0009119511   0.0019517368  -0.0044309892  -0.0002885263  -0.0002674764
        0.0002373194   0.0000089260  -0.0000636313   0.0000462970  -0.0000149306
       -0.0000185508  -0.0000110716   0.0000675267  -0.0000146823   0.0000263968
        0.0003802302  -0.0000399677   0.0004911718   0.0004703274   0.0007581380
        0.0001368827  -0.0047112784   0.0536746871   0.0065294260   0.0001389701
       -0.0011699136   0.0239021637   0.0000113356   0.0004230289   0.0013435330
       -0.0000525571   0.0003024581   0.0003041440   0.0000172912  -0.0000283120
        0.0000119290   0.0002263554  -0.0001013618   0.0001992446
        0.0001663375   0.0001078342   0.0001089159   0.0009254920  -0.0000601844
        0.0010241444  -0.0052842857   0.0013523345  -0.0149410646  -0.0167125214
        0.0071028716  -0.2468637306   0.0115310967  -0.0189862501  -0.0214126785
       -0.0000944528   0.0014009455   0.0023465867   0.0000406772  -0.0002739008
       -0.0003972296   0.0001340265   0.0000534473   0.0000512551   0.0000750967
       -0.0000393044   0.0000412471  -0.0000008155   0.0000676958  -0.0000141868
        0.0002998820   0.0001861486   0.0003197446  -0.0031519484   0.0000459544
       -0.0005350982   0.0121994986   0.0065294260   0.2963436641   0.0003728814
        0.0031421726  -0.0165961575  -0.0004849662  -0.0013435608   0.0002068462
       -0.0000417995   0.0004906800   0.0002423109   0.0000120865   0.0000097419
        0.0000215288   0.0000137142   0.0002139481   0.0000539020
       -0.0009026438  -0.0016829915   0.0004408452  -0.0068433741   0.0006874020
       -0.0019519087  -0.0163691079  -0.0216982591   0.0105864082  -0.1009187800
       -0.0932844508   0.0482081733   0.0068620537   0.0103065889  -0.0051456586
        0.0000104362   0.0027632864   0.0008616232   0.0002625481   0.0002505340
       -0.0000473986   0.0000079631   0.0000097384  -0.0000638403  -0.0005676798
       -0.0000952266  -0.0001002948   0.0001525646  -0.0000185861   0.0000160638
        0.0000182110  -0.0001943745   0.0002818583   0.0006825288  -0.0003805842
        0.0002536686   0.0012369265   0.0001389701   0.0003728814   0.1164561739
        0.1022610825  -0.0535471726  -0.0001183658   0.0000525472  -0.0000418119
        0.0001408999   0.0006904640  -0.0001280021  -0.0000081031   0.0001513337
       -0.0000015506  -0.0001022511   0.0000425257   0.0000061160
        0.0000945233  -0.0000727854   0.0000753252  -0.0004121387   0.0009289126
       -0.0003163369  -0.0027742754  -0.0013423129   0.0011926626  -0.0898684792
       -0.1717635028   0.0705767352  -0.0106413928  -0.0339174636   0.0094568885
        0.0032248456  -0.0056505308  -0.0025505669   0.0002215219   0.0004377090
        0.0002254347  -0.0000164289  -0.0000396853  -0.0000592714  -0.0000146259
       -0.0000441477  -0.0000271736  -0.0000041562   0.0000083291   0.0000244566
        0.0002068387   0.0001760539   0.0000469480   0.0000774439   0.0000240710
       -0.0001666194  -0.0020303466  -0.0011699136   0.0031421726   0.1022610825
        0.2136187650  -0.0815100420   0.0002165373   0.0003023705  -0.0004906865
       -0.0006904892  -0.0015533930   0.0003969607   0.0000966243   0.0000782056
       -0.0000164744   0.0000529155  -0.0000206818  -0.0000004128
       -0.0002951987  -0.0002754620   0.0002328213  -0.0015456012  -0.0002088184
        0.0004027923  -0.0043461331  -0.0055916309   0.0030900437   0.0488880082
        0.0748659823  -0.0829953136  -0.0049650753  -0.0081199798   0.0043862476
        0.0006795136  -0.0016299884   0.0004515945   0.0000012246  -0.0000572381
       -0.0000954730   0.0001059375   0.0000073682   0.0000644446  -0.0001444363
       -0.0000756981  -0.0000240645   0.0000262418  -0.0000000807  -0.0000126182
        0.0002918803  -0.0000648088  -0.0000692839  -0.0006137859  -0.0005053087
        0.0002800525   0.0156805741   0.0239021637  -0.0165961575  -0.0535471726
       -0.0815100420   0.0903107104  -0.0000165151  -0.0003041475   0.0002423969
       -0.0001279282  -0.0003967583   0.0003621308  -0.0000549143  -0.0000355441
       -0.0000215727  -0.0000166192  -0.0000000083  -0.0000087515
       -0.0002286751   0.0000339564  -0.0000482439   0.0015035309  -0.0008692185
        0.0005112750   0.0001941936   0.0001856721  -0.0003443611   0.0005894425
        0.0001851792  -0.0005030575  -0.0016947484  -0.0087927337   0.0196886232
       -0.0418755068   0.0029946341  -0.0129969549  -0.0068305011  -0.0007046898
       -0.0304378693   0.0001120373  -0.0000769093   0.0001674581   0.0000341046
       -0.0000479275  -0.0000628510   0.0000647608   0.0000469511   0.0000748074
       -0.0000729884  -0.0000372092  -0.0000161200  -0.0001715154  -0.0001618683
        0.0000968603   0.0001566872   0.0000113356  -0.0004849662  -0.0001183658
        0.0002165373  -0.0000165151   0.0527389832   0.0047123030   0.0121983221
        0.0012369262   0.0020320496   0.0156803170   0.0006145470   0.0000572152
       -0.0004829426  -0.0062529123   0.0002147227  -0.0030237815
        0.0001411069  -0.0000176891  -0.0000074473  -0.0001497614   0.0002308463
        0.0004257085   0.0002885227  -0.0002674697  -0.0002373015  -0.0009119437
        0.0019520609   0.0044310364  -0.0070673534  -0.0153585788   0.0337994146
        0.0042633300  -0.0415361410  -0.0055996232  -0.0000224810   0.0012794410
        0.0001434987  -0.0000089340  -0.0000636177  -0.0000462481  -0.0000675231
       -0.0000146957  -0.0000263740   0.0000149451  -0.0000185495   0.0000111315
       -0.0000172838  -0.0000283262  -0.0000118690  -0.0002263747  -0.0001013754
       -0.0001992050  -0.0000113259   0.0004230289  -0.0013435608   0.0000525472
        0.0003023705  -0.0003041475   0.0047123030   0.0536734848  -0.0065028240
       -0.0001389201  -0.0011728882  -0.0239040176  -0.0003802054  -0.0000400402
       -0.0004911480  -0.0004706483   0.0007581392  -0.0001370239
        0.0001663289  -0.0001078190   0.0001089811   0.0009258994   0.0000599663
        0.0010237196   0.0000406383   0.0002738926  -0.0003972099  -0.0000943612
       -0.0014009132   0.0023462542   0.0115320230   0.0189854868  -0.0214184622
       -0.0167127931  -0.0071251144  -0.2468624814  -0.0052842904  -0.0013540548
       -0.0149410052   0.0001340011  -0.0000534049   0.0000513157  -0.0000008023
       -0.0000676985  -0.0000141364   0.0000751067   0.0000393060   0.0000413087
        0.0000120979  -0.0000097506   0.0000215897   0.0000137049  -0.0002139067
        0.0000539734  -0.0004849340   0.0013435330   0.0002068462  -0.0000418119
       -0.0004906865   0.0002423969   0.0121983221  -0.0065028240   0.2963454653
        0.0003728823  -0.0031438558  -0.0165932506   0.0002999233  -0.0001861031
        0.0003198048  -0.0031519350  -0.0000460532  -0.0005351102
       -0.0009026394   0.0016830442   0.0004406703  -0.0068434007  -0.0006875462
       -0.0019518303   0.0002625423  -0.0002505335  -0.0000473666   0.0000103931
       -0.0027632269   0.0008619490   0.0068621262  -0.0103073963  -0.0051446648
       -0.1009179142   0.0932893994   0.0481974951  -0.0163689421   0.0216994901
        0.0105840185   0.0000079591  -0.0000097376  -0.0000638343   0.0001525665
        0.0000185817   0.0000160603  -0.0005676797   0.0000952153  -0.0001002969
       -0.0000081026  -0.0001513312  -0.0000015253  -0.0001022534  -0.0000425168
        0.0000061277  -0.0001183664  -0.0000525571  -0.0000417995   0.0001408999
       -0.0006904892  -0.0001279282   0.0012369262  -0.0001389201   0.0003728823
        0.1164551338  -0.1022664774  -0.0535353928   0.0000182152   0.0001944011
        0.0002818237   0.0006825363   0.0003806004   0.0002536118
       -0.0000945523  -0.0000727755  -0.0000752947   0.0004120229   0.0009289715
        0.0003162986  -0.0002215235   0.0004376998  -0.0002254943  -0.0032248176
       -0.0056500265   0.0025512403   0.0106406009  -0.0339176042  -0.0094526965
        0.0898735355  -0.1717804502  -0.0705672181   0.0027738932  -0.0013419915
       -0.0011922543   0.0000164408  -0.0000396835   0.0000592837   0.0000041579
        0.0000083241  -0.0000244613   0.0000146130  -0.0000441368   0.0000271743
       -0.0000966288   0.0000782183   0.0000164583  -0.0000529148  -0.0000206785
        0.0000004147  -0.0002165374   0.0003024581   0.0004906800   0.0006904640
       -0.0015533930  -0.0003967583   0.0020320496  -0.0011728882  -0.0031438558
       -0.1022664774   0.2136377711   0.0814968188  -0.0002068069   0.0001760375
       -0.0000469826  -0.0000775191   0.0000241473   0.0001666471
       -0.0002951809   0.0002755023   0.0002327994  -0.0015457381   0.0002088571
        0.0004027890   0.0000012473   0.0000571845  -0.0000954651   0.0006798767
        0.0016306305   0.0004511400  -0.0049662246   0.0081241367   0.0043864460
        0.0488776688  -0.0748564683  -0.0829793498  -0.0043464163   0.0055921652
        0.0030896067   0.0001059377  -0.0000073614   0.0000644244   0.0000262348
        0.0000000907  -0.0000126209  -0.0001444399   0.0000757100  -0.0000241100
       -0.0000549014   0.0000355190  -0.0000215864  -0.0000166132   0.0000000015
       -0.0000087604  -0.0000165012   0.0003041440   0.0002423109  -0.0001280021
        0.0003969607   0.0003621308   0.0156803170  -0.0239040176  -0.0165932506
       -0.0535353928   0.0814968188   0.0902927581   0.0002918941   0.0000648034
       -0.0000692445  -0.0006137659   0.0005053227   0.0002799825
        0.0011183446   0.0022187412  -0.0007146823   0.0050952608   0.0093406381
       -0.0048356589  -0.0003379271   0.0028286670   0.0009759392   0.0001732544
        0.0001364288   0.0001180570  -0.0095719486  -0.0031377453  -0.0011481253
       -0.0136833605  -0.0217310858   0.0102535181  -0.0874385076  -0.0846165347
        0.0413269091  -0.0001723932  -0.0001595763   0.0000623189  -0.0006257410
        0.0001553740   0.0003272252   0.0001648250  -0.0000811717   0.0000141750
        0.0002318143   0.0009417245  -0.0001808460  -0.0001601165  -0.0000348556
       -0.0000353610  -0.0000729778   0.0000172912   0.0000120865  -0.0000081031
        0.0000966243  -0.0000549143   0.0006145470  -0.0003802054   0.0002999233
        0.0000182152  -0.0002068069   0.0002918941   0.1035360881   0.0947119845
       -0.0473088856   0.0011187258  -0.0000994917   0.0005964269
       -0.0009458048   0.0007169631   0.0003305328  -0.0097531409  -0.0324438311
        0.0080465548   0.0039010485  -0.0055260529  -0.0026266998   0.0002759616
        0.0006820494   0.0002517393  -0.0012190316   0.0001828180  -0.0004185265
       -0.0024836386  -0.0024443963   0.0012105509  -0.0823189264  -0.1846278446
        0.0730943800  -0.0001178037  -0.0001801512   0.0000184218   0.0008289623
        0.0000250112  -0.0003020856  -0.0004737664   0.0004104429   0.0000143481
       -0.0009417547  -0.0019314442   0.0005073639   0.0001851485   0.0004593479
       -0.0003055451   0.0000372138  -0.0000283120   0.0000097419   0.0001513337
        0.0000782056  -0.0000355441   0.0000572152  -0.0000400402  -0.0001861031
        0.0001944011   0.0001760375   0.0000648034   0.0947119845   0.2261221541
       -0.0834062826  -0.0020894021  -0.0016309574   0.0037323498
       -0.0001859779  -0.0002410755   0.0006515950  -0.0043038775  -0.0083538469
        0.0042206897   0.0009167935  -0.0014128191   0.0003119021   0.0000262214
        0.0000744865  -0.0001059073  -0.0018970663  -0.0011075810   0.0007542761
       -0.0032889269  -0.0052025360   0.0027130126   0.0419665479   0.0753145844
       -0.0809143146   0.0001423061   0.0001897571  -0.0004361653  -0.0002033679
        0.0000651480   0.0002660097  -0.0001550949  -0.0001215178  -0.0001079918
       -0.0001807499  -0.0005071353   0.0003415535  -0.0000685096  -0.0003487800
        0.0002616440  -0.0000160695   0.0000119290   0.0000215288  -0.0000015506
       -0.0000164744  -0.0000215727  -0.0004829426  -0.0004911480   0.0003198048
        0.0002818237  -0.0000469826  -0.0000692445  -0.0473088856  -0.0834062826
        0.0900146357   0.0147593264   0.0256002741  -0.0182214558
        0.0023600921   0.0004814191   0.0027407676  -0.0029644080   0.0083601839
        0.0172909510   0.0001461024  -0.0005413470  -0.0002401699   0.0000359688
       -0.0002421224  -0.0001191324   0.0021729347   0.0009050908   0.0010245451
       -0.0063611780   0.0002740045  -0.0309076387  -0.0429086720  -0.0025514844
       -0.0088907270   0.0002698431  -0.0003003333  -0.0012710306   0.0000012931
       -0.0001088097   0.0000255587   0.0002093097  -0.0001942228  -0.0003279396
       -0.0001601185  -0.0001851506  -0.0000684973   0.0000818874  -0.0000568735
       -0.0003794851  -0.0001715504   0.0002263554   0.0000137142  -0.0001022511
        0.0000529155  -0.0000166192  -0.0062529123  -0.0004706483  -0.0031519350
        0.0006825363  -0.0000775191  -0.0006137659   0.0011187258  -0.0020894021
        0.0147593264   0.0518423968  -0.0034820558   0.0101320779
       -0.0017139123   0.0004897440  -0.0012998777   0.0069155827  -0.0148827696
       -0.0330245781   0.0011653060   0.0026252704  -0.0039728958  -0.0000672385
       -0.0001693563   0.0000363516   0.0004154758   0.0002423934  -0.0003727900
       -0.0004116360   0.0010746427  -0.0008639265  -0.0032975056  -0.0433399465
        0.0001424185  -0.0001419468   0.0001370976   0.0010152106  -0.0000116657
       -0.0002915819   0.0002331450  -0.0001623090   0.0001310160   0.0002511432
        0.0000348610   0.0004594286   0.0003487530   0.0000568334   0.0004243673
        0.0015209354   0.0001618538  -0.0001013618   0.0002139481   0.0000425257
       -0.0000206818  -0.0000000083   0.0002147227   0.0007581392  -0.0000460532
        0.0003806004   0.0000241473   0.0005053227  -0.0000994917  -0.0016309574
        0.0256002741  -0.0034820558   0.0540704088   0.0097126274
       -0.0016175176   0.0004818209   0.0014156520   0.0115804750  -0.0231875452
       -0.0253213219   0.0001512931   0.0019975005   0.0014344494  -0.0000040233
       -0.0000318321  -0.0002564963   0.0010577631  -0.0005153899   0.0013392252
       -0.0048588129   0.0008573932  -0.0143764468  -0.0151754337   0.0080438194
       -0.2267590647   0.0014281246  -0.0004499688   0.0008803709  -0.0001286128
        0.0000864302  -0.0004076725  -0.0000797158   0.0002596876   0.0002407108
       -0.0000353643   0.0003055146   0.0002615852  -0.0003794989  -0.0015208625
        0.0008938162   0.0000968724   0.0001992446   0.0000539020   0.0000061160
       -0.0000004128  -0.0000087515  -0.0030237815  -0.0001370239  -0.0005351102
        0.0002536118   0.0001666471   0.0002799825   0.0005964269   0.0037323498
       -0.0182214558   0.0101320779   0.0097126274   0.2790866256
