           1           2  0.995858234299334     
           2           3  0.977370788295376     
           3           4   1.69355291376872     
           3           5   1.16754586171471     
           4           5  0.172761367936849     
           5           6  0.936375295935982     
           1           7  0.986540433642135     
           1           8  0.987895468176701     
           1           9  0.982397673811567     
           2          10  0.973740572302575     
           2          11  0.952845666548642     
           6          12  0.974760099055537     
           6          13  0.973281415529163     
           6          14  0.976778485245836     
