           1           2  0.926876588597234     
           2           3   1.19376883542447     
           2           4  0.181551169506344     
           3           4   1.70729107900484     
           3           5  0.929389462666120     
           5           6   1.05201306793899     
           6           7   2.82667776780334     
           1           8  0.971009442465015     
           1           9  0.972551318185573     
           1          10  0.976633833093478     
           5          11  0.924796236294624     
           5          12  0.921715824006200     
