           1           2   1.01963812637061     
           2           3   1.02053151500531     
           3           4   1.92868901505852     
           4           5   1.03864755005644     
           1           6  0.987725336491088     
           1           7  0.988320778340971     
           1           8  0.987941958201384     
           2           9  0.961742453459551     
           2          10  0.965220264428596     
           3          11  0.966645438679569     
           4          12  0.967602699309480     
           5          13  0.970624406857091     
           5          14  0.984174325129346     
           5          15  0.970202873201133     
