$hessian                                                                        
        0.4429689093  -0.0619906211  -0.0219999573  -0.1575027007   0.0048771610
       -0.0385499072  -0.0264133101   0.0206902407  -0.0004274476  -0.0029695324
       -0.0033137470   0.0005530254   0.0132582309   0.0062941533  -0.0089513134
       -0.1068414637  -0.0627332765   0.0440199896  -0.1007677350   0.0905116021
        0.0498387640  -0.0420274735   0.0046942523  -0.0160743344  -0.0063977772
       -0.0002504822  -0.0049680221  -0.0140404201  -0.0029645148  -0.0037566400
        0.0001845653   0.0003503586  -0.0000358245   0.0003787759  -0.0002125101
       -0.0000370435  -0.0002018011   0.0032044398   0.0007562604   0.0003717323
        0.0008429437  -0.0003675494
       -0.0619906211   0.4713309771   0.0474034063  -0.0049401848  -0.0555092343
        0.0000774663   0.0379866382  -0.0140714403   0.0003923876  -0.0033137463
        0.0033162720   0.0003847909  -0.0062581056  -0.0458427878   0.0047752838
       -0.0427741766  -0.1399755411   0.0332480299   0.0945565800  -0.1734581164
       -0.0773959417   0.0038948043  -0.0417973870  -0.0050339993   0.0007455526
        0.0013264675   0.0014059890  -0.0202209294  -0.0016991574  -0.0050574568
        0.0001389071  -0.0002574238   0.0002138367  -0.0002717151   0.0004098268
       -0.0000118944   0.0026989401  -0.0056393139  -0.0016217576  -0.0002519436
        0.0018668584   0.0012198592
       -0.0219999573   0.0474034063   0.4943530920  -0.0385496727  -0.0001014519
       -0.0802325519   0.0124100256  -0.0037653138   0.0058277545   0.0005530248
        0.0003847868   0.0009722920  -0.0089483581  -0.0047817116   0.0024166206
        0.0398522148   0.0434673278  -0.0812426298   0.0491381437  -0.0728217331
       -0.0843368024  -0.0125252093  -0.0036333552  -0.2477135173  -0.0305639335
       -0.0004871326  -0.0150599191   0.0104010438   0.0013425328   0.0028147148
       -0.0002147895  -0.0002057574  -0.0003540692   0.0000593025  -0.0002311535
       -0.0000702354   0.0009656204  -0.0023968292   0.0004513465  -0.0005774552
       -0.0041736155   0.0021739046
       -0.1575027007  -0.0049401848  -0.0385496727   0.4428910392   0.0619726770
       -0.0219704114  -0.1069044760   0.0627534841   0.0440400647   0.0132582319
       -0.0062581040  -0.0089483580  -0.0029736881   0.0033098452   0.0005529477
       -0.0263771735  -0.0206975388  -0.0004273982  -0.0140544733   0.0029570240
       -0.0037597659  -0.0063974154   0.0002457011  -0.0049672792  -0.0420221227
       -0.0046944663  -0.0160782799  -0.1006541391  -0.0904658506   0.0497922124
        0.0003720105  -0.0008438448  -0.0003667403  -0.0001983312  -0.0032011933
        0.0007552430   0.0003784101   0.0002125158  -0.0000369091   0.0001848283
       -0.0003500647  -0.0000356532
        0.0048771610  -0.0555092343  -0.0001014519   0.0619726770   0.4714044581
       -0.0474152264   0.0427944842  -0.1399110900  -0.0332208562   0.0062941540
       -0.0458427875  -0.0047816943   0.0033098444   0.0033204242  -0.0003842439
       -0.0379937602  -0.0141073020  -0.0003925034   0.0202133200  -0.0016848279
        0.0050550063  -0.0007505349   0.0013260858  -0.0014092211  -0.0038949931
       -0.0418024789   0.0050216850  -0.0945107741  -0.1735692854   0.0774279840
        0.0002510330   0.0018665557  -0.0012200027  -0.0026955609  -0.0056428843
        0.0016224074   0.0002716105   0.0004101697   0.0000119241  -0.0001386608
       -0.0002578032  -0.0002138068
       -0.0385499072   0.0000774663  -0.0802325519  -0.0219704114  -0.0474152264
        0.4943562295   0.0398789759  -0.0434424346  -0.0812415535  -0.0089513151
        0.0047753005   0.0024166206   0.0005529485  -0.0003842403   0.0009721889
        0.0124080629   0.0037729179   0.0058277022   0.0104018025  -0.0013361062
        0.0028147946  -0.0305644004   0.0004682805  -0.0150600459  -0.0125284196
        0.0036232737  -0.2477148777   0.0490943730   0.0728534723  -0.0843393511
       -0.0005800672   0.0041732166   0.0021738409   0.0009640260   0.0023973171
        0.0004512080   0.0000593093   0.0002311134  -0.0000701836  -0.0002149772
        0.0002056491  -0.0003540211
       -0.0264133101   0.0379866382   0.0124100256  -0.1069044760   0.0427944842
        0.0398789759   0.2621873976  -0.0000449575  -0.1169544034  -0.1068414895
       -0.0427741780   0.0398522586  -0.0263771734  -0.0379937548   0.0124080643
        0.0086793463   0.0000027147   0.0009134580  -0.0095414472   0.0006426863
       -0.0020546622   0.0020775963  -0.0004078455   0.0012350702  -0.0019938383
        0.0072946571   0.0114415429   0.0072862285  -0.0104686446  -0.0048688793
       -0.0019840585  -0.0072872239   0.0114301891   0.0072876802   0.0104948491
       -0.0048722400  -0.0095392066  -0.0006488367  -0.0020543686   0.0020767505
        0.0004094115   0.0012349691
        0.0206902407  -0.0140714403  -0.0037653138   0.0627534841  -0.1399110900
       -0.0434424346  -0.0000449575   0.4044542608  -0.0000380583  -0.0627332892
       -0.1399755160   0.0434673601  -0.0206975450  -0.0141073092   0.0037729135
        0.0000027107  -0.0003881499   0.0000004091   0.0029200254   0.0003328269
        0.0012753151  -0.0008109290   0.0000663986   0.0003598025   0.0093019369
       -0.0152908672  -0.0185686340   0.0107800650  -0.0331035770  -0.0078618207
       -0.0092939307  -0.0153008714   0.0185757372  -0.0107538679  -0.0331025491
        0.0078604890  -0.0029260774   0.0003307268  -0.0012766986   0.0008121339
        0.0000671570  -0.0003590666
       -0.0004274476   0.0003923876   0.0058277545   0.0440400647  -0.0332208562
       -0.0812415535  -0.1169544034  -0.0000380583   0.1799431909   0.0440200222
        0.0332480494  -0.0812426615  -0.0004274061  -0.0003925158   0.0058277166
        0.0009134582   0.0000004065  -0.0007710022  -0.0011471399   0.0003531064
        0.0007426804   0.0011628314   0.0004527943   0.0012287310   0.0197497338
       -0.0336235971  -0.0204639272  -0.0053411074   0.0095491794   0.0043208155
        0.0197292242   0.0336357152  -0.0204645090  -0.0053334743  -0.0095511637
        0.0043213936  -0.0011473350  -0.0003535275   0.0007426593   0.0011629793
       -0.0004519203   0.0012287115
       -0.0029695324  -0.0033137463   0.0005530248   0.0132582319   0.0062941540
       -0.0089513151  -0.1068414895  -0.0627332892   0.0440200222   0.4429689973
       -0.0619907512  -0.0219999797  -0.1575027094   0.0048771700  -0.0385499512
       -0.0264133099   0.0206902463  -0.0004274552   0.0003787772  -0.0002125105
       -0.0000370395   0.0001845647   0.0003503599  -0.0000358208   0.0003717352
        0.0008429447  -0.0003675519  -0.0002018007   0.0032044457   0.0007562555
       -0.0420274208   0.0046942408  -0.0160741518  -0.1007678679   0.0905117233
        0.0498386365  -0.0140403924  -0.0029645034  -0.0037566420  -0.0063977833
       -0.0002504840  -0.0049680319
       -0.0033137470   0.0033162720   0.0003847868  -0.0062581040  -0.0458427875
        0.0047753005  -0.0427741780  -0.1399755160   0.0332480494  -0.0619907512
        0.4713310444   0.0474034010  -0.0049401932  -0.0555092334   0.0000774723
        0.0379866325  -0.0140714470   0.0003924001  -0.0002717137   0.0004098278
       -0.0000118986   0.0001389081  -0.0002574253   0.0002138345  -0.0002519420
        0.0018668622   0.0012198569   0.0026989403  -0.0056393193  -0.0016217615
        0.0038947911  -0.0417973583  -0.0050342609   0.0945567058  -0.1734582439
       -0.0773957078  -0.0202209155  -0.0016991482  -0.0050574730   0.0007455668
        0.0013264725   0.0014060004
        0.0005530254   0.0003847909   0.0009722920  -0.0089483580  -0.0047816943
        0.0024166206   0.0398522586   0.0434673601  -0.0812426615  -0.0219999797
        0.0474034010   0.4943532097  -0.0385497153  -0.0001014588  -0.0802325981
        0.0124100268  -0.0037653090   0.0058277689   0.0000593030  -0.0002311535
       -0.0000702343  -0.0002147922  -0.0002057564  -0.0003540650  -0.0005774509
       -0.0041736157   0.0021739016   0.0009656167  -0.0023968189   0.0004513495
       -0.0125250146  -0.0036336376  -0.2477138033   0.0491380264  -0.0728215174
       -0.0843365312   0.0104010204   0.0013425246   0.0028147172  -0.0305639664
       -0.0004871148  -0.0150599660
        0.0132582309  -0.0062581056  -0.0089483581  -0.0029736881   0.0033098444
        0.0005529485  -0.0263771734  -0.0206975450  -0.0004274061  -0.1575027094
       -0.0049401932  -0.0385497153   0.4428911255   0.0619728083  -0.0219704329
       -0.1069045016   0.0627534967   0.0440400960  -0.0001983302  -0.0032011994
        0.0007552377   0.0003720135  -0.0008438458  -0.0003667437   0.0001848278
       -0.0003500658  -0.0000356501   0.0003784117   0.0002125166  -0.0000369053
       -0.0063974213   0.0002457029  -0.0049672897  -0.0140544448   0.0029570123
       -0.0037597681  -0.1006542709  -0.0904659716   0.0497920852  -0.0420220697
       -0.0046944547  -0.0160780981
        0.0062941533  -0.0458427878  -0.0047817116   0.0033098452   0.0033204242
       -0.0003842403  -0.0379937548  -0.0141073092  -0.0003925158   0.0048771700
       -0.0555092334  -0.0001014588   0.0619728083   0.4714045260  -0.0474152219
        0.0427944853  -0.1399110640  -0.0332208752  -0.0026955614  -0.0056428899
        0.0016224116   0.0002510313   0.0018665594  -0.0012200000  -0.0001386620
       -0.0002578047  -0.0002138043   0.0002716089   0.0004101707   0.0000119285
       -0.0007505493   0.0013260907  -0.0014092321   0.0202133056  -0.0016848187
        0.0050550228  -0.0945109000  -0.1735694129   0.0774277516  -0.0038949802
       -0.0418024504   0.0050219455
       -0.0089513134   0.0047752838   0.0024166206   0.0005529477  -0.0003842439
        0.0009721889   0.0124080643   0.0037729135   0.0058277166  -0.0385499512
        0.0000774723  -0.0802325981  -0.0219704329  -0.0474152219   0.4943563467
        0.0398790186  -0.0434424659  -0.0812415842   0.0009640223   0.0023973066
        0.0004512111  -0.0005800629   0.0041732167   0.0021738379  -0.0002149798
        0.0002056482  -0.0003540170   0.0000593099   0.0002311133  -0.0000701828
       -0.0305644332   0.0004682627  -0.0150600928   0.0104017791  -0.0013360977
        0.0028147968   0.0490942563   0.0728532578  -0.0843390806  -0.0125282250
        0.0036235545  -0.2477151630
       -0.1068414637  -0.0427741766   0.0398522148  -0.0263771735  -0.0379937602
        0.0124080629   0.0086793463   0.0000027107   0.0009134582  -0.0264133099
        0.0379866325   0.0124100268  -0.1069045016   0.0427944853   0.0398790186
        0.2621873972  -0.0000449907  -0.1169544022   0.0072876728   0.0104948473
       -0.0048722300  -0.0019840427  -0.0072871943   0.0114301702   0.0020767413
        0.0004094119   0.0012349642  -0.0095392105  -0.0006488419  -0.0020543648
        0.0020776055  -0.0004078452   0.0012350750  -0.0095414429   0.0006426812
       -0.0020546662   0.0072862359  -0.0104686465  -0.0048688894  -0.0019938541
        0.0072946866   0.0114415619
       -0.0627332765  -0.1399755411   0.0434673278  -0.0206975388  -0.0141073020
        0.0037729179   0.0000027147  -0.0003881499   0.0000004065   0.0206902463
       -0.0140714470  -0.0037653090   0.0627534967  -0.1399110640  -0.0434424659
       -0.0000449907   0.4044542596  -0.0000379558  -0.0107538722  -0.0331025832
        0.0078604733  -0.0092939281  -0.0153008870   0.0185757292   0.0008121280
        0.0000671552  -0.0003590655  -0.0029260739   0.0003307236  -0.0012766986
       -0.0008109348   0.0000664005   0.0003598035   0.0029200288   0.0003328303
        0.0012753150   0.0107800608  -0.0331035434  -0.0078618363   0.0093019398
       -0.0152908514  -0.0185686418
        0.0440199896   0.0332480299  -0.0812426298  -0.0004273982  -0.0003925034
        0.0058277022   0.0009134580   0.0000004091  -0.0007710022  -0.0004274552
        0.0003924001   0.0058277689   0.0440400960  -0.0332208752  -0.0812415842
       -0.1169544022  -0.0000379558   0.1799431894  -0.0053334847  -0.0095511887
        0.0043213983   0.0197291970   0.0336356890  -0.0204644618   0.0011629757
       -0.0004519163   0.0012287089  -0.0011473284  -0.0003535262   0.0007426606
        0.0011628349   0.0004527984   0.0012287337  -0.0011471466   0.0003531076
        0.0007426794  -0.0053410970   0.0095491545   0.0043208107   0.0197497611
       -0.0336236231  -0.0204639740
       -0.1007677350   0.0945565800   0.0491381437  -0.0140544733   0.0202133200
        0.0104018025  -0.0095414472   0.0029200254  -0.0011471399   0.0003787772
       -0.0002717137   0.0000593030  -0.0001983302  -0.0026955614   0.0009640223
        0.0072876728  -0.0107538722  -0.0053334847   0.1149689808  -0.1032371071
       -0.0547726445   0.0012468095  -0.0002078327   0.0003825843   0.0006935618
        0.0003859687   0.0003682254  -0.0000581350   0.0000979381   0.0001739686
       -0.0000680236  -0.0000229587   0.0000118854   0.0000531035  -0.0001357115
       -0.0000292737   0.0001647012  -0.0007952545  -0.0001529076  -0.0001054625
       -0.0000538202  -0.0000644847
        0.0905116021  -0.1734581164  -0.0728217331   0.0029570240  -0.0016848279
       -0.0013361062   0.0006426863   0.0003328269   0.0003531064  -0.0002125105
        0.0004098278  -0.0002311535  -0.0032011994  -0.0056428899   0.0023973066
        0.0104948473  -0.0331025832  -0.0095511887  -0.1032371071   0.2147666567
        0.0839470743   0.0018293016  -0.0008125853  -0.0029254581  -0.0000919326
        0.0000240055   0.0001109268  -0.0000981001   0.0001261978  -0.0000273474
       -0.0000433492  -0.0000160153  -0.0000431178  -0.0001357121   0.0001013205
        0.0000243353   0.0007960603  -0.0013346635  -0.0003618362  -0.0002116106
        0.0002908464   0.0004651915
        0.0498387640  -0.0773959417  -0.0843368024  -0.0037597659   0.0050550063
        0.0028147946  -0.0020546622   0.0012753151   0.0007426804  -0.0000370395
       -0.0000118986  -0.0000702343   0.0007552377   0.0016224116   0.0004512111
       -0.0048722300   0.0078604733   0.0043213983  -0.0547726445   0.0839470743
        0.0916547728   0.0156012652  -0.0235579186  -0.0163504889  -0.0006287097
        0.0004832900   0.0003068068   0.0001739111   0.0000275044  -0.0000758175
       -0.0000202658  -0.0000070415   0.0000190705  -0.0000292748   0.0000243365
       -0.0000283382  -0.0001530791   0.0003617228   0.0003268147  -0.0000415067
        0.0003156660   0.0002241322
       -0.0420274735   0.0038948043  -0.0125252093  -0.0063974154  -0.0007505349
       -0.0305644004   0.0020775963  -0.0008109290   0.0011628314   0.0001845647
        0.0001389081  -0.0002147922   0.0003720135   0.0002510313  -0.0005800629
       -0.0019840427  -0.0092939281   0.0197291970   0.0012468095   0.0018293016
        0.0156012652   0.0521582546   0.0043621285   0.0116032269  -0.0061932764
        0.0003324195  -0.0030650312   0.0006936526   0.0000923438  -0.0006285587
       -0.0001956291  -0.0002137381   0.0000106240  -0.0000680209  -0.0000433479
       -0.0000202707  -0.0001055594   0.0002113184  -0.0000411808   0.0002385263
        0.0000002224  -0.0004676383
        0.0046942523  -0.0417973870  -0.0036333552   0.0002457011   0.0013260858
        0.0004682805  -0.0004078455   0.0000663986   0.0004527943   0.0003503599
       -0.0002574253  -0.0002057564  -0.0008438458   0.0018665594   0.0041732167
       -0.0072871943  -0.0153008870   0.0336356890  -0.0002078327  -0.0008125853
       -0.0235579186   0.0043621285   0.0535224626  -0.0090004593  -0.0003366730
        0.0007630839  -0.0000253350  -0.0003858187   0.0000238889  -0.0004838343
       -0.0002137382  -0.0001180749  -0.0002325401  -0.0000229576  -0.0000160139
       -0.0000070376   0.0000537679   0.0002908821  -0.0003155589  -0.0000003037
        0.0004430121  -0.0012681849
       -0.0160743344  -0.0050339993  -0.2477135173  -0.0049672792  -0.0014092211
       -0.0150600459   0.0012350702   0.0003598025   0.0012287310  -0.0000358208
        0.0002138345  -0.0003540650  -0.0003667437  -0.0012200000   0.0021738379
        0.0114301702   0.0185757292  -0.0204644618   0.0003825843  -0.0029254581
       -0.0163504889   0.0116032269  -0.0090004593   0.2962486054  -0.0030650553
        0.0000234301  -0.0004894437   0.0003681973  -0.0001106234   0.0003067875
        0.0000106245  -0.0002325407   0.0000046985   0.0000118847  -0.0000431180
        0.0000190758  -0.0000640669  -0.0004653139   0.0002241958  -0.0004684577
        0.0012679375   0.0002260906
       -0.0063977772   0.0007455526  -0.0305639335  -0.0420221227  -0.0038949931
       -0.0125284196  -0.0019938383   0.0093019369   0.0197497338   0.0003717352
       -0.0002519420  -0.0005774509   0.0001848278  -0.0001386620  -0.0002149798
        0.0020767413   0.0008121280   0.0011629757   0.0006935618  -0.0000919326
       -0.0006287097  -0.0061932764  -0.0003366730  -0.0030650553   0.0521631470
       -0.0043626392   0.0115988537   0.0012478848  -0.0018277837   0.0155865984
        0.0002385264  -0.0000003059  -0.0004684561  -0.0001054603  -0.0002116082
       -0.0000415016  -0.0000680113   0.0000432134  -0.0000201385  -0.0001959382
        0.0002137088   0.0000104835
       -0.0002504822   0.0013264675  -0.0004871326  -0.0046944663  -0.0418024789
        0.0036232737   0.0072946571  -0.0152908672  -0.0336235971   0.0008429447
        0.0018668622  -0.0041736157  -0.0003500658  -0.0002578047   0.0002056482
        0.0004094119   0.0000671552  -0.0004519163   0.0003859687   0.0000240055
        0.0004832900   0.0003324195   0.0007630839   0.0000234301  -0.0043626392
        0.0535168521   0.0090101522   0.0002094099  -0.0008134625   0.0235673721
        0.0000002201   0.0004430121   0.0012679373  -0.0000538214   0.0002908456
        0.0003156617   0.0000227343  -0.0000158407   0.0000069340   0.0002137088
       -0.0001178303   0.0002325622
       -0.0049680221   0.0014059890  -0.0150599191  -0.0160782799   0.0050216850
       -0.2477148777   0.0114415429  -0.0185686340  -0.0204639272  -0.0003675519
        0.0012198569   0.0021739016  -0.0000356501  -0.0002138043  -0.0003540170
        0.0012349642  -0.0003590655   0.0012287089   0.0003682254   0.0001109268
        0.0003068068  -0.0030650312  -0.0000253350  -0.0004894437   0.0115988537
        0.0090101522   0.2962495129   0.0003805750   0.0029255869  -0.0163507562
       -0.0004676400  -0.0012681852   0.0002260906  -0.0000644849   0.0004651910
        0.0002241316   0.0000120149   0.0000430733   0.0000190926   0.0000104841
        0.0002325628   0.0000046958
       -0.0140404201  -0.0202209294   0.0104010438  -0.1006541391  -0.0945107741
        0.0490943730   0.0072862285   0.0107800650  -0.0053411074  -0.0002018007
        0.0026989403   0.0009656167   0.0003784117   0.0002716089   0.0000593099
       -0.0095392105  -0.0029260739  -0.0011473284  -0.0000581350  -0.0000981001
        0.0001739111   0.0006936526  -0.0003858187   0.0003681973   0.0012478848
        0.0002094099   0.0003805750   0.1148432906   0.1031735805  -0.0547206254
       -0.0001055617   0.0000537666  -0.0000640668   0.0001647012   0.0007960600
       -0.0001530804   0.0000531118   0.0001355297  -0.0000288341  -0.0000680141
        0.0000227354   0.0000120156
       -0.0029645148  -0.0016991574   0.0013425328  -0.0904658506  -0.1735692854
        0.0728534723  -0.0104686446  -0.0331035770   0.0095491794   0.0032044457
       -0.0056393193  -0.0023968189   0.0002125166   0.0004101707   0.0002311133
       -0.0006488419   0.0003307236  -0.0003535262   0.0000979381   0.0001261978
        0.0000275044   0.0000923438   0.0000238889  -0.0001106234  -0.0018277837
       -0.0008134625   0.0029255869   0.1031735805   0.2148918094  -0.0839833454
        0.0002113208   0.0002908828  -0.0004653144  -0.0007952549  -0.0013346635
        0.0003617239   0.0001355302   0.0001016341  -0.0000245580   0.0000432148
       -0.0000158421   0.0000430733
       -0.0037566400  -0.0050574568   0.0028147148   0.0497922124   0.0774279840
       -0.0843393511  -0.0048688793  -0.0078618207   0.0043208155   0.0007562555
       -0.0016217615   0.0004513495  -0.0000369053   0.0000119285  -0.0000701828
       -0.0020543648  -0.0012766986   0.0007426606   0.0001739686  -0.0000273474
       -0.0000758175  -0.0006285587  -0.0004838343   0.0003067875   0.0155865984
        0.0235673721  -0.0163507562  -0.0547206254  -0.0839833454   0.0916579657
       -0.0000411860  -0.0003155633   0.0002241965  -0.0001529064  -0.0003618352
        0.0003268147  -0.0000288353  -0.0000245592  -0.0000282846  -0.0000201336
        0.0000069379   0.0000190874
        0.0001845653   0.0001389071  -0.0002147895   0.0003720105   0.0002510330
       -0.0005800672  -0.0019840585  -0.0092939307   0.0197292242  -0.0420274208
        0.0038947911  -0.0125250146  -0.0063974213  -0.0007505493  -0.0305644332
        0.0020776055  -0.0008109348   0.0011628349  -0.0000680236  -0.0000433492
       -0.0000202658  -0.0001956291  -0.0002137382   0.0000106245   0.0002385264
        0.0000002201  -0.0004676400  -0.0001055617   0.0002113208  -0.0000411860
        0.0521582426   0.0043621492   0.0116030217   0.0012467963   0.0018293189
        0.0156012789   0.0006936553   0.0000923425  -0.0006285518  -0.0061932869
        0.0003324196  -0.0030650362
        0.0003503586  -0.0002574238  -0.0002057574  -0.0008438448   0.0018665557
        0.0041732166  -0.0072872239  -0.0153008714   0.0336357152   0.0046942408
       -0.0417973583  -0.0036336376   0.0002457029   0.0013260907   0.0004682627
       -0.0004078452   0.0000664005   0.0004527984  -0.0000229587  -0.0000160153
       -0.0000070415  -0.0002137381  -0.0001180749  -0.0002325407  -0.0000003059
        0.0004430121  -0.0012681852   0.0000537666   0.0002908828  -0.0003155633
        0.0043621492   0.0535224481  -0.0090001780  -0.0002078147  -0.0008126121
       -0.0235579312  -0.0003858136   0.0000238877  -0.0004838284  -0.0003366732
        0.0007630783  -0.0000253297
       -0.0000358245   0.0002138367  -0.0003540692  -0.0003667403  -0.0012200027
        0.0021738409   0.0114301891   0.0185757372  -0.0204645090  -0.0160741518
       -0.0050342609  -0.2477138033  -0.0049672897  -0.0014092321  -0.0150600928
        0.0012350750   0.0003598035   0.0012287337   0.0000118854  -0.0000431178
        0.0000190705   0.0000106240  -0.0002325401   0.0000046985  -0.0004684561
        0.0012679373   0.0002260906  -0.0000640668  -0.0004653144   0.0002241965
        0.0116030217  -0.0090001780   0.2962489524   0.0003825982  -0.0029254711
       -0.0163504437   0.0003681962  -0.0001106225   0.0003067858  -0.0030650603
        0.0000234249  -0.0004894509
        0.0003787759  -0.0002717151   0.0000593025  -0.0001983312  -0.0026955609
        0.0009640260   0.0072876802  -0.0107538679  -0.0053334743  -0.1007678679
        0.0945567058   0.0491380264  -0.0140544448   0.0202133056   0.0104017791
       -0.0095414429   0.0029200288  -0.0011471466   0.0000531035  -0.0001357121
       -0.0000292748  -0.0000680209  -0.0000229576   0.0000118847  -0.0001054603
       -0.0000538214  -0.0000644849   0.0001647012  -0.0007952549  -0.0001529064
        0.0012467963  -0.0002078147   0.0003825982   0.1149690817  -0.1032372401
       -0.0547725232  -0.0000581355   0.0000979407   0.0001739690   0.0006935646
        0.0003859637   0.0003682243
       -0.0002125101   0.0004098268  -0.0002311535  -0.0032011933  -0.0056428843
        0.0023973171   0.0104948491  -0.0331025491  -0.0095511637   0.0905117233
       -0.1734582439  -0.0728215174   0.0029570123  -0.0016848187  -0.0013360977
        0.0006426812   0.0003328303   0.0003531076  -0.0001357115   0.0001013205
        0.0000243365  -0.0000433479  -0.0000160139  -0.0000431180  -0.0002116082
        0.0002908456   0.0004651910   0.0007960600  -0.0013346635  -0.0003618352
        0.0018293189  -0.0008126121  -0.0029254711  -0.1032372401   0.2147667582
        0.0839468268  -0.0000981026   0.0001261997  -0.0000273482  -0.0000919313
        0.0000240043   0.0001109258
       -0.0000370435  -0.0000118944  -0.0000702354   0.0007552430   0.0016224074
        0.0004512080  -0.0048722400   0.0078604890   0.0043213936   0.0498386365
       -0.0773957078  -0.0843365312  -0.0037597681   0.0050550228   0.0028147968
       -0.0020546662   0.0012753150   0.0007426794  -0.0000292737   0.0000243353
       -0.0000283382  -0.0000202707  -0.0000070376   0.0000190758  -0.0000415016
        0.0003156617   0.0002241316  -0.0001530804   0.0003617239   0.0003268147
        0.0156012789  -0.0235579312  -0.0163504437  -0.0547725232   0.0839468268
        0.0916544585   0.0001739116   0.0000275052  -0.0000758149  -0.0006287027
        0.0004832840   0.0003068050
       -0.0002018011   0.0026989401   0.0009656204   0.0003784101   0.0002716105
        0.0000593093  -0.0095392066  -0.0029260774  -0.0011473350  -0.0140403924
       -0.0202209155   0.0104010204  -0.1006542709  -0.0945109000   0.0490942563
        0.0072862359   0.0107800608  -0.0053410970   0.0001647012   0.0007960603
       -0.0001530791  -0.0001055594   0.0000537679  -0.0000640669  -0.0000680113
        0.0000227343   0.0000120149   0.0000531118   0.0001355302  -0.0000288353
        0.0006936553  -0.0003858136   0.0003681962  -0.0000581355  -0.0000981026
        0.0001739116   0.1148433914   0.1031737132  -0.0547205048   0.0012478716
        0.0002093919   0.0003805890
        0.0032044398  -0.0056393139  -0.0023968292   0.0002125158   0.0004101697
        0.0002311134  -0.0006488367   0.0003307268  -0.0003535275  -0.0029645034
       -0.0016991482   0.0013425246  -0.0904659716  -0.1735694129   0.0728532578
       -0.0104686465  -0.0331035434   0.0095491545  -0.0007952545  -0.0013346635
        0.0003617228   0.0002113184   0.0002908821  -0.0004653139   0.0000432134
       -0.0000158407   0.0000430733   0.0001355297   0.0001016341  -0.0000245592
        0.0000923425   0.0000238877  -0.0001106225   0.0000979407   0.0001261997
        0.0000275052   0.1031737132   0.2148919116  -0.0839830992  -0.0018278008
       -0.0008134892   0.0029255998
        0.0007562604  -0.0016217576   0.0004513465  -0.0000369091   0.0000119241
       -0.0000701836  -0.0020543686  -0.0012766986   0.0007426593  -0.0037566420
       -0.0050574730   0.0028147172   0.0497920852   0.0774277516  -0.0843390806
       -0.0048688894  -0.0078618363   0.0043208107  -0.0001529076  -0.0003618362
        0.0003268147  -0.0000411808  -0.0003155589   0.0002241958  -0.0000201385
        0.0000069340   0.0000190926  -0.0000288341  -0.0000245580  -0.0000282846
       -0.0006285518  -0.0004838284   0.0003067858   0.0001739690  -0.0000273482
       -0.0000758149  -0.0547205048  -0.0839830992   0.0916576524   0.0155866120
        0.0235673848  -0.0163507112
        0.0003717323  -0.0002519436  -0.0005774552   0.0001848283  -0.0001386608
       -0.0002149772   0.0020767505   0.0008121339   0.0011629793  -0.0063977833
        0.0007455668  -0.0305639664  -0.0420220697  -0.0038949802  -0.0125282250
       -0.0019938541   0.0093019398   0.0197497611  -0.0001054625  -0.0002116106
       -0.0000415067   0.0002385263  -0.0000003037  -0.0004684577  -0.0001959382
        0.0002137088   0.0000104841  -0.0000680141   0.0000432148  -0.0000201336
       -0.0061932869  -0.0003366732  -0.0030650603   0.0006935646  -0.0000919313
       -0.0006287027   0.0012478716  -0.0018278008   0.0155866120   0.0521631352
       -0.0043626599   0.0115986484
        0.0008429437   0.0018668584  -0.0041736155  -0.0003500647  -0.0002578032
        0.0002056491   0.0004094115   0.0000671570  -0.0004519203  -0.0002504840
        0.0013264725  -0.0004871148  -0.0046944547  -0.0418024504   0.0036235545
        0.0072946866  -0.0152908514  -0.0336236231  -0.0000538202   0.0002908464
        0.0003156660   0.0000002224   0.0004430121   0.0012679375   0.0002137088
       -0.0001178303   0.0002325628   0.0000227354  -0.0000158421   0.0000069379
        0.0003324196   0.0007630783   0.0000234249   0.0003859637   0.0000240043
        0.0004832840   0.0002093919  -0.0008134892   0.0235673848  -0.0043626599
        0.0535168376   0.0090098722
       -0.0003675494   0.0012198592   0.0021739046  -0.0000356532  -0.0002138068
       -0.0003540211   0.0012349691  -0.0003590666   0.0012287115  -0.0049680319
        0.0014060004  -0.0150599660  -0.0160780981   0.0050219455  -0.2477151630
        0.0114415619  -0.0185686418  -0.0204639740  -0.0000644847   0.0004651915
        0.0002241322  -0.0004676383  -0.0012681849   0.0002260906   0.0000104835
        0.0002325622   0.0000046958   0.0000120156   0.0000430733   0.0000190874
       -0.0030650362  -0.0000253297  -0.0004894509   0.0003682243   0.0001109258
        0.0003068050   0.0003805890   0.0029255998  -0.0163507112   0.0115986484
        0.0090098722   0.2962498591
