           1           2   1.44155778575515     
           2           3   1.39276996878427     
           3           4   1.35971575818267     
           4           5   1.36704260413337     
           1           6   1.38949800177652     
           5           6   1.35925372469518     
           6           7   1.01935446060957     
           7           8   1.39728042504455     
           8           9   1.39689767414888     
           9          10   1.35034631302824     
          10          11   1.35730941716995     
           7          12   1.35023271454979     
          11          12   1.36004109613799     
          12          13   1.00299933105212     
          11          14   1.00397563501927     
          10          15   1.00536511983113     
           9          16   1.00465604155051     
           5          17  0.989941875048853     
           4          18  0.989627212362332     
           3          19  0.991800819773410     
           1          20  0.954373868468422     
           2          21  0.953233800782734     
           8          22  0.949117206377506     
