           1           2  0.991895514021413     
           2           3  0.980000939448274     
           3           4   1.41828808703968     
           4           5   1.43938291743208     
           3           6  0.106896725688029     
           5           6   1.43878666294778     
           4           7  0.111320339067041     
           6           7   1.43856280347857     
           3           8   1.41811247132211     
           5           8  0.111375374493410     
           7           8   1.43960274781071     
           1           9  0.984248771353036     
           1          10  0.984154679502782     
           1          11  0.978718028053312     
           4          12  0.968493981250799     
           5          13  0.968586037751859     
           6          14  0.969635256002398     
           7          15  0.968582588398956     
           8          16  0.968485616887761     
