           1           2   1.45243688982620     
           2           3   1.39643207058704     
           3           4   1.36358197514367     
           2           5  0.101239035005865     
           4           5   1.42320820120209     
           1           6   1.35363270870321     
           5           6   1.34979748769921     
           6           7   1.11545725496951     
           4           8  0.964542763268790     
           3           9  0.956673528473702     
           1          10  0.959451903693618     
           2          11  0.961047558398223     
           5          12  0.959752126624066     
           7          13  0.824375924525136     
