$hessian                                                                        
        0.4791047801  -0.0217278774   0.0099295814  -0.1847399711  -0.0613659185
        0.0076791300  -0.0071885537  -0.0100707278   0.0003076107   0.0036902267
        0.0005959619  -0.0003633933  -0.0020084217  -0.0012898641   0.0001881752
       -0.0003224583   0.0052133762  -0.0001194248  -0.0341146888  -0.0099418919
        0.0017063757  -0.0014083338  -0.0005288152   0.0000537044  -0.0663762073
        0.0062158486   0.0761766495  -0.1425245440   0.0685825829  -0.0998680479
       -0.0458218145   0.0248660235   0.0037901843   0.0010538042   0.0008715610
        0.0002471749  -0.0000920434  -0.0000986123   0.0000860663   0.0011922643
       -0.0013542348   0.0001911461  -0.0000209936  -0.0000686252  -0.0000540148
       -0.0004147355   0.0001744968  -0.0000071959  -0.0000083095  -0.0000732837
        0.0000562783
       -0.0217278774   0.5212738396   0.0022142702  -0.0653095181  -0.0998583636
        0.0045821957  -0.0283466702  -0.0200653023   0.0027071310   0.0020500303
       -0.0052036932   0.0010313356  -0.0009708111   0.0006118719  -0.0001886433
        0.0028254287  -0.0012997611   0.0000638099   0.0094096599   0.0058824312
       -0.0010802517   0.0006044989   0.0003178730   0.0000064152   0.0074788835
       -0.0423676657  -0.0176490473   0.0698456233  -0.0909558406   0.0648579155
        0.0252007966  -0.2701485142  -0.0563531715  -0.0012348577   0.0013684504
       -0.0002351657  -0.0014986626  -0.0010457532   0.0000110797   0.0015336657
        0.0014589515   0.0000344130  -0.0000462819   0.0000438353   0.0000121354
        0.0002396009  -0.0000514975  -0.0000014694  -0.0000535087   0.0000391384
       -0.0000129522
        0.0099295814   0.0022142702   0.4871161525   0.0034053696   0.0021494519
       -0.0608974430   0.0018843725   0.0023399051   0.0025572253  -0.0009721902
        0.0003859151   0.0075668048   0.0006077625   0.0000526117  -0.0040789375
       -0.0010182025   0.0000183584   0.0089947128   0.0008678520  -0.0003683988
        0.0043443841   0.0000016679  -0.0001580434  -0.0005995999   0.0802856117
       -0.0156253623  -0.2489244138  -0.0998546629   0.0651742802  -0.1338738184
        0.0046349756  -0.0559009965  -0.0566846579   0.0000917638  -0.0000533759
       -0.0022568818   0.0000392742   0.0000440261  -0.0005203435   0.0000334188
       -0.0002647375  -0.0025965451   0.0001096837   0.0000003926  -0.0000136981
       -0.0000116583  -0.0000061484  -0.0001689304  -0.0000346197  -0.0000021486
        0.0000359899
       -0.1847399711  -0.0653095181   0.0034053696   0.6424818823  -0.0094879133
       -0.0107421384  -0.0910003468  -0.0467577134   0.0033554063   0.0218777846
       -0.0300291941   0.0017000466  -0.0074152494   0.0345382852  -0.0022262668
       -0.0696838396  -0.0294306326   0.0032323954  -0.2624967482   0.1428827283
       -0.0046969381  -0.0013189800  -0.0044618934   0.0002643898  -0.0166911120
       -0.0065909773   0.0062791081  -0.0258121156  -0.0065109315   0.0004255276
        0.0008893150  -0.0036513752   0.0009027068  -0.0010364998   0.0255155667
       -0.0019066672  -0.0046836371  -0.0032999261   0.0003765823  -0.0007373847
        0.0018344548  -0.0003908400   0.0007015593   0.0000364217  -0.0002102166
       -0.0010746490   0.0006976797   0.0000337066   0.0007399921   0.0000249386
        0.0001978280
       -0.0613659185  -0.0998583636   0.0021494519  -0.0094879133   0.6352525705
       -0.0308088816   0.0287675612  -0.3098527121   0.0157977968  -0.0939719218
       -0.0268534737   0.0033754492   0.0372312314  -0.0553583370   0.0023342788
        0.0339118359   0.0628767713  -0.0043664554   0.0666525836  -0.1560436414
        0.0048977341  -0.0051388387   0.0006353142   0.0005185832  -0.0019072402
        0.0011786951   0.0020547270   0.0092294756   0.0063741685  -0.0002775576
       -0.0263556776  -0.0193555299   0.0021302201   0.0020372534  -0.0186049313
        0.0010240700  -0.0023388783   0.0004216287   0.0004873430   0.0249298667
       -0.0201740985   0.0006352307  -0.0007232241  -0.0004150279   0.0000023998
       -0.0008574085   0.0002729468  -0.0000331940  -0.0006127869  -0.0004959797
        0.0000788040
        0.0076791300   0.0045821957  -0.0608974430  -0.0107421384  -0.0308088816
        0.1542299139  -0.0013466489   0.0166290454  -0.0528048983   0.0054547910
        0.0024352204   0.0003064711  -0.0025260409   0.0022224029  -0.0065702181
       -0.0005245910  -0.0034591751  -0.0009382787  -0.0005102038   0.0037305617
       -0.0494486333   0.0004711911   0.0005617619   0.0066816480   0.0259773014
        0.0127947578  -0.0029388293  -0.0167008418  -0.0082200647   0.0010719572
       -0.0061893845  -0.0030801778   0.0006034459  -0.0001313952   0.0008428274
        0.0008378971   0.0004182174   0.0005667338   0.0084383690  -0.0014201658
        0.0011618211   0.0008686041  -0.0008272242   0.0006864113   0.0001204588
        0.0001412781  -0.0000399068   0.0003133146   0.0007767256  -0.0006055333
        0.0001262211
       -0.0071885537  -0.0283466702   0.0018843725  -0.0910003468   0.0287675612
       -0.0013466489   0.6797049632  -0.0154289155  -0.0087573145  -0.2760534515
       -0.1323220883   0.0121740129  -0.0887396001   0.0477948239  -0.0011103504
       -0.0156950733  -0.0379052813   0.0024758948   0.0295493605   0.0257334361
       -0.0018162990   0.0005984515   0.0000981082  -0.0000561082  -0.0006421011
       -0.0018057784   0.0001209993   0.0005611169  -0.0020550377   0.0003107142
       -0.0046930021  -0.0034673839   0.0002012826  -0.2197276688   0.1196728084
       -0.0044273470  -0.0039807721  -0.0043948802   0.0003619448  -0.0041214117
        0.0037236338   0.0000051888   0.0004697277  -0.0000469879  -0.0000282914
        0.0005055763   0.0000164236   0.0000153711   0.0004527852  -0.0000337720
       -0.0000074219
       -0.0100707278  -0.0200653023   0.0023399051  -0.0467577134  -0.3098527121
        0.0166290454  -0.0154289155   0.6384505255  -0.0326559677  -0.0527312724
       -0.1392552710   0.0063703170  -0.0191036801   0.0590268175  -0.0022455128
       -0.0292419830  -0.0454034048   0.0027709000   0.0738128585  -0.0368361800
        0.0012170679   0.0016646419  -0.0012689538  -0.0000216533   0.0005299025
       -0.0008881595  -0.0005957733   0.0013883795   0.0001055810   0.0002459613
       -0.0023821815  -0.0013814963  -0.0000363488   0.1200670885  -0.1242927943
        0.0036080061  -0.0259417110  -0.0182899674   0.0017759498   0.0030212395
       -0.0005810946   0.0006286815   0.0006262550   0.0002515539   0.0001750568
       -0.0000496888   0.0000191634   0.0000326623   0.0005975082   0.0002616946
       -0.0002382973
        0.0003076107   0.0027071310   0.0025572253   0.0033554063   0.0157977968
       -0.0528048983  -0.0087573145  -0.0326559677   0.1112859800   0.0075180125
        0.0077698401  -0.0501012313   0.0029190635  -0.0030921583   0.0174301591
        0.0017152842   0.0026792932  -0.0084807608  -0.0046586588   0.0018351296
       -0.0005964724  -0.0000951592   0.0000559930  -0.0000556479   0.0000144843
       -0.0003463341   0.0005947442   0.0002869821  -0.0000496229   0.0004539352
        0.0001079057  -0.0001693834   0.0010283112  -0.0044372737   0.0035930363
       -0.0329991217   0.0017402757   0.0013955125   0.0027005932   0.0000771534
        0.0005012665   0.0089532372  -0.0000340450  -0.0000401508  -0.0000445982
       -0.0000091068   0.0000115344   0.0000991190  -0.0000506204   0.0000070838
       -0.0000205738
        0.0036902267   0.0020500303  -0.0009721902   0.0218777846  -0.0939719218
        0.0054547910  -0.2760534515  -0.0527312724   0.0075180125   0.6503734494
        0.0118156888  -0.0097557403  -0.2929266407   0.0787471288  -0.0006243701
        0.0316073336   0.0937584944  -0.0063108738  -0.0668860836  -0.0024321976
        0.0008655885  -0.0009144564  -0.0003630616   0.0002479228   0.0000387948
        0.0008217959  -0.0001076645   0.0003605304   0.0007234786   0.0000647080
        0.0000327702   0.0003693497   0.0006149247  -0.0222871079  -0.0080915728
        0.0009234534  -0.0460647936  -0.0314336831   0.0020915127  -0.0002837795
       -0.0002415734  -0.0000279760  -0.0013180302   0.0003106554  -0.0004192814
       -0.0000416440   0.0003733575  -0.0000543448  -0.0012049025   0.0002953034
        0.0004915277
        0.0005959619  -0.0052036932   0.0003859151  -0.0300291941  -0.0268534737
        0.0024352204  -0.1323220883  -0.1392552710   0.0077698401   0.0118156888
        0.6611486946  -0.0330441038   0.1222288167  -0.1520484557   0.0038505987
        0.0349669879  -0.0615051094   0.0032347364   0.0077299532   0.0044886255
       -0.0008668506  -0.0003148594  -0.0055601534   0.0009373684   0.0000246862
       -0.0000478407  -0.0001574063   0.0004968925   0.0001098209   0.0001669546
       -0.0012727597  -0.0007629916   0.0002359696   0.0156010009   0.0060713088
       -0.0006721301  -0.0315786090  -0.2805995761   0.0157866162   0.0004861520
        0.0013960573  -0.0001080465   0.0008914037  -0.0006148880   0.0002830322
       -0.0004369387   0.0000719319   0.0000133477   0.0011169054  -0.0008349863
       -0.0002510620
       -0.0003633933   0.0010313356   0.0075668048   0.0017000466   0.0033754492
        0.0003064711   0.0121740129   0.0063703170  -0.0501012313  -0.0097557403
       -0.0330441038   0.1311643114  -0.0032706841   0.0046125701  -0.0550952688
       -0.0026268632   0.0022667698   0.0017332856   0.0005136105  -0.0006609158
       -0.0073027835   0.0001510414   0.0008647376   0.0090871715  -0.0014021475
       -0.0007858655   0.0003297083   0.0007525345   0.0000398510   0.0000292815
        0.0006510050   0.0004445139   0.0002055022  -0.0005534102  -0.0002809126
       -0.0008997841   0.0021182175   0.0157403553  -0.0367729403  -0.0000320913
       -0.0001044181  -0.0004948211  -0.0015027927   0.0012276166   0.0000217042
        0.0000550722   0.0000038712   0.0000970280   0.0013915820  -0.0011011713
        0.0001255604
       -0.0020084217  -0.0009708111   0.0006077625  -0.0074152494   0.0372312314
       -0.0025260409  -0.0887396001  -0.0191036801   0.0029190635  -0.2929266407
        0.1222288167  -0.0032706841   0.4878416547  -0.0983165840  -0.0012099715
       -0.1069561711  -0.0495497505   0.0039850451   0.0269313018  -0.0299083140
        0.0018561770  -0.0007566751   0.0331066103  -0.0021446579  -0.0000977940
       -0.0003862497  -0.0000008230   0.0000025426  -0.0002390239   0.0000214665
        0.0001949068  -0.0002124130  -0.0002880485  -0.0087460455  -0.0034372569
        0.0004296634   0.0006617169   0.0087063507  -0.0006315438  -0.0056044874
       -0.0043180832   0.0004882503  -0.0022062150   0.0025989001   0.0003806495
        0.0023550641  -0.0001916155   0.0000103301  -0.0025298870   0.0027618729
       -0.0006266381
       -0.0012898641   0.0006118719   0.0000526117   0.0345382852  -0.0553583370
        0.0022224029   0.0477948239   0.0590268175  -0.0030921583   0.0787471288
       -0.1520484557   0.0046125701  -0.0983165840   0.5885610824  -0.0294018545
       -0.0025665314  -0.3269957109   0.0164538814  -0.0924260645  -0.0547090389
        0.0057606459   0.0118063513  -0.0294550865   0.0015344335  -0.0001386711
        0.0002331266   0.0001147857  -0.0000822889   0.0001643159  -0.0005117201
       -0.0000858004   0.0002794717   0.0001612022  -0.0021251087   0.0000723433
        0.0005833255   0.0296471804  -0.0252953997   0.0007289582  -0.0063895893
       -0.0037678949   0.0007252942   0.0010974078  -0.0010433684   0.0002350894
       -0.0013774747   0.0007750088  -0.0000822210   0.0011667997  -0.0010507462
       -0.0000972467
        0.0001881752  -0.0001886433  -0.0040789375  -0.0022262668   0.0023342788
       -0.0065702181  -0.0011103504  -0.0022455128   0.0174301591  -0.0006243701
        0.0038505987  -0.0550952688  -0.0012099715  -0.0294018545   0.0814105563
        0.0009991533   0.0172480187  -0.0593819733   0.0055535155   0.0049215424
        0.0170223336  -0.0007273693   0.0010903095  -0.0006548992   0.0008276168
        0.0003175667  -0.0002114094  -0.0005607441  -0.0000900300  -0.0000058011
       -0.0001765089  -0.0002351780  -0.0000355342   0.0003810226   0.0005742678
        0.0083963958  -0.0019396509   0.0011371713  -0.0045247114   0.0005998658
        0.0007362523   0.0077492651   0.0014276425  -0.0005214517  -0.0002708291
        0.0000461297  -0.0001352642  -0.0009626009  -0.0014478895   0.0006079284
       -0.0002165267
       -0.0003224583   0.0028254287  -0.0010182025  -0.0696838396   0.0339118359
       -0.0005245910  -0.0156950733  -0.0292419830   0.0017152842   0.0316073336
        0.0349669879  -0.0026268632  -0.1069561711  -0.0025665314   0.0009991533
        0.6248016952   0.0035371435  -0.0086663153  -0.2443795131  -0.1238412984
        0.0110857000  -0.1814619648   0.0554307903  -0.0014758829  -0.0000383442
       -0.0001466812  -0.0002837089  -0.0008235528  -0.0002846596   0.0007653704
        0.0005189683   0.0004297875   0.0001278153   0.0009635931  -0.0006682687
        0.0000005999  -0.0043180511   0.0034356315   0.0000368426   0.0009929466
       -0.0004207414   0.0000257141  -0.0039380328   0.0069538363   0.0020309896
       -0.0273892975   0.0088359517   0.0000422400  -0.0038782379   0.0068427704
       -0.0022341456
        0.0052133762  -0.0012997611   0.0000183584  -0.0294306326   0.0628767713
       -0.0034591751  -0.0379052813  -0.0454034048   0.0026792932   0.0937584944
       -0.0615051094   0.0022667698  -0.0495497505  -0.3269957109   0.0172480187
        0.0035371435   0.6377183794  -0.0287248820  -0.0476326921  -0.1349293812
        0.0060302035   0.0632950173  -0.0960257340   0.0011069531   0.0003129739
       -0.0001295336  -0.0000899768   0.0007703483   0.0003380090   0.0005629651
        0.0002784916  -0.0001667064   0.0000039602  -0.0011826965  -0.0000204571
       -0.0000178186   0.0043746539  -0.0020977820   0.0006625052  -0.0230224838
       -0.0173961778   0.0014999266   0.0178627676  -0.0129950815  -0.0024275876
       -0.0169608047   0.0100953261  -0.0003383819   0.0162810748  -0.0120636461
        0.0029788684
       -0.0001194248   0.0000638099   0.0089947128   0.0032323954  -0.0043664554
       -0.0009382787   0.0024758948   0.0027709000  -0.0084807608  -0.0063108738
        0.0032347364   0.0017332856   0.0039850451   0.0164538814  -0.0593819733
       -0.0086663153  -0.0287248820   0.1655546094   0.0061973925   0.0071913496
       -0.0556085045  -0.0014927090   0.0010535811  -0.0610863255  -0.0019213576
       -0.0006256603   0.0002883174   0.0013678927   0.0004739582   0.0000423574
        0.0001416025   0.0003353659   0.0000214546   0.0000569976  -0.0000012037
       -0.0001924747  -0.0000256927   0.0006590076   0.0095129910   0.0014117814
        0.0010973054  -0.0000926401   0.0204267535  -0.0124418467  -0.0000076464
        0.0007783830  -0.0003583075   0.0005348887  -0.0215377654   0.0131844602
       -0.0008940130
       -0.0341146888   0.0094096599   0.0008678520  -0.2624967482   0.0666525836
       -0.0005102038   0.0295493605   0.0738128585  -0.0046586588  -0.0668860836
        0.0077299532   0.0005136105   0.0269313018  -0.0924260645   0.0055535155
       -0.2443795131  -0.0476326921   0.0061973925   0.6418860367  -0.0114858392
       -0.0089215997  -0.0349978312  -0.0047864158   0.0010779847  -0.0020879440
        0.0000191592  -0.0002437360  -0.0040877919  -0.0016066670  -0.0002450133
        0.0006591080   0.0018445720  -0.0000464216   0.0011363465  -0.0005840403
        0.0002524436  -0.0003374370   0.0003404706  -0.0000418435  -0.0431735913
       -0.0004548043   0.0000573769  -0.0012256845  -0.0014710769  -0.0003326946
       -0.0052827825   0.0021505712  -0.0000568280  -0.0010920574  -0.0015122280
        0.0005368237
       -0.0099418919   0.0058824312  -0.0003683988   0.1428827283  -0.1560436414
        0.0037305617   0.0257334361  -0.0368361800   0.0018351296  -0.0024321976
        0.0044886255  -0.0006609158  -0.0299083140  -0.0547090389   0.0049215424
       -0.1238412984  -0.1349293812   0.0071913496  -0.0114858392   0.6692455047
       -0.0335185236   0.0107749565   0.0059803459  -0.0003577799  -0.0018669957
       -0.0003807375   0.0005459137  -0.0028963040  -0.0007347778   0.0000210008
       -0.0020201582   0.0011479690   0.0000414135  -0.0000366163  -0.0061313225
        0.0008299584   0.0002000550   0.0013198409  -0.0000915826  -0.0009103456
       -0.2973180027   0.0158135078   0.0012292564   0.0001650630  -0.0000453764
        0.0032251916  -0.0013702247   0.0000967343   0.0012943369   0.0002235265
        0.0000154652
        0.0017063757  -0.0010802517   0.0043443841  -0.0046969381   0.0048977341
       -0.0494486333  -0.0018162990   0.0012170679  -0.0005964724   0.0008655885
       -0.0008668506  -0.0073027835   0.0018561770   0.0057606459   0.0170223336
        0.0110857000   0.0060302035  -0.0556085045  -0.0089215997  -0.0335185236
        0.1123170792   0.0000636422  -0.0000210632   0.0025284032  -0.0001334179
        0.0005134430  -0.0000453351  -0.0001662617   0.0000400333   0.0002361082
        0.0001958537   0.0002015796  -0.0000691947   0.0001302235   0.0009200381
        0.0081606786  -0.0000059322  -0.0000798984   0.0001031820   0.0000758690
        0.0158176966  -0.0343878053  -0.0003833615   0.0000459434   0.0006925422
       -0.0001148740   0.0001164084   0.0013933080   0.0002592547   0.0000057936
        0.0006607097
       -0.0014083338   0.0006044989   0.0000016679  -0.0013189800  -0.0051388387
        0.0004711911   0.0005984515   0.0016646419  -0.0000951592  -0.0009144564
       -0.0003148594   0.0001510414  -0.0007566751   0.0118063513  -0.0007273693
       -0.1814619648   0.0632950173  -0.0014927090  -0.0349978312   0.0107749565
        0.0000636422   0.4855938544   0.0310886072  -0.0011069091  -0.0001764579
       -0.0000536863  -0.0000235215  -0.0003569288  -0.0001198537   0.0000143430
        0.0000414827   0.0001352201  -0.0000056735  -0.0000411712   0.0000329401
       -0.0000356954  -0.0001871452   0.0000263017   0.0000110071   0.0007118970
        0.0013243979  -0.0001050942  -0.0412553908   0.0044031193   0.0098032751
       -0.1821976031  -0.1243005235   0.0048602617  -0.0418727474   0.0047717091
       -0.0117842981
       -0.0005288152   0.0003178730  -0.0001580434  -0.0044618934   0.0006353142
        0.0005617619   0.0000981082  -0.0012689538   0.0000559930  -0.0003630616
       -0.0055601534   0.0008647376   0.0331066103  -0.0294550865   0.0010903095
        0.0554307903  -0.0960257340   0.0010535811  -0.0047864158   0.0059803459
       -0.0000210632   0.0310886072   0.5176851592  -0.0028130814   0.0000145947
       -0.0000083935  -0.0000050115  -0.0001674553  -0.0000316952   0.0000116845
        0.0000996538   0.0001092705   0.0000331703   0.0001427985   0.0001314550
       -0.0001354125   0.0016420083  -0.0012928610   0.0000744486  -0.0005625377
        0.0009382788  -0.0001713961   0.0058789306  -0.1274555567  -0.1162604440
       -0.1226060331  -0.1521215903   0.0044967690   0.0059741102  -0.1125776721
        0.1113219966
        0.0000537044   0.0000064152  -0.0005995999   0.0002643898   0.0005185832
        0.0066816480  -0.0000561082  -0.0000216533  -0.0000556479   0.0002479228
        0.0009373684   0.0090871715  -0.0021446579   0.0015344335  -0.0006548992
       -0.0014758829   0.0011069531  -0.0610863255   0.0010779847  -0.0003577799
        0.0025284032  -0.0011069091  -0.0028130814   0.4919678215   0.0001151651
       -0.0000080439   0.0000172473  -0.0000357598   0.0000022386  -0.0000350197
       -0.0000009274  -0.0000057110  -0.0000025221  -0.0000455015  -0.0001370374
       -0.0019287886  -0.0000902948   0.0000995085   0.0003795620   0.0000220345
       -0.0001618559  -0.0015514301   0.0116675963  -0.1181923126  -0.1925216112
        0.0048591822   0.0044488231  -0.0444986379  -0.0133519382   0.1130431517
       -0.2077273715
       -0.0663762073   0.0074788835   0.0802856117  -0.0166911120  -0.0019072402
        0.0259773014  -0.0006421011   0.0005299025   0.0000144843   0.0000387948
        0.0000246862  -0.0014021475  -0.0000977940  -0.0001386711   0.0008276168
       -0.0000383442   0.0003129739  -0.0019213576  -0.0020879440  -0.0018669957
       -0.0001334179  -0.0001764579   0.0000145947   0.0001151651   0.0799443483
       -0.0059630380  -0.0906149978   0.0066976632  -0.0005841606  -0.0195689127
       -0.0007073767   0.0020299829   0.0053184419   0.0001086838   0.0000842596
        0.0004670674   0.0000095778  -0.0000107709   0.0000764616   0.0000412177
       -0.0000047432   0.0005305034  -0.0000030340  -0.0000153259   0.0000030615
       -0.0000201619   0.0000100214   0.0000363418   0.0000002474   0.0000056407
       -0.0000112232
        0.0062158486  -0.0423676657  -0.0156253623  -0.0065909773   0.0011786951
        0.0127947578  -0.0018057784  -0.0008881595  -0.0003463341   0.0008217959
       -0.0000478407  -0.0007858655  -0.0003862497   0.0002331266   0.0003175667
       -0.0001466812  -0.0001295336  -0.0006256603   0.0000191592  -0.0003807375
        0.0005134430  -0.0000536863  -0.0000083935  -0.0000080439  -0.0059630380
        0.0467627879   0.0193780117  -0.0033231783   0.0015008802   0.0148455304
        0.0110770877  -0.0055687392  -0.0309102226   0.0000683513  -0.0001817465
        0.0002152386   0.0000069078  -0.0000203243   0.0000972969   0.0000550318
       -0.0000771858   0.0001201425   0.0000000086  -0.0000090016   0.0000002712
       -0.0000131411   0.0000052842   0.0000181783   0.0000185393  -0.0000014460
        0.0000010517
        0.0761766495  -0.0176490473  -0.2489244138   0.0062791081   0.0020547270
       -0.0029388293   0.0001209993  -0.0005957733   0.0005947442  -0.0001076645
       -0.0001574063   0.0003297083  -0.0000008230   0.0001147857  -0.0002114094
       -0.0002837089  -0.0000899768   0.0002883174  -0.0002437360   0.0005459137
       -0.0000453351  -0.0000235215  -0.0000050115   0.0000172473  -0.0906149978
        0.0193780117   0.2874884016   0.0048217541  -0.0000399053  -0.0254558089
        0.0039025092  -0.0038647716  -0.0107429974   0.0000022508   0.0002671291
       -0.0002227400  -0.0000433006   0.0000378016  -0.0000085823   0.0000008312
        0.0000195226  -0.0001707998  -0.0000150413  -0.0000088478  -0.0000316231
        0.0000174525   0.0000135872  -0.0000047869   0.0000112391  -0.0000207386
        0.0000389070
       -0.1425245440   0.0698456233  -0.0998546629  -0.0258121156   0.0092294756
       -0.0167008418   0.0005611169   0.0013883795   0.0002869821   0.0003605304
        0.0004968925   0.0007525345   0.0000025426  -0.0000822889  -0.0005607441
       -0.0008235528   0.0007703483   0.0013678927  -0.0040877919  -0.0028963040
       -0.0001662617  -0.0003569288  -0.0001674553  -0.0000357598   0.0066976632
       -0.0033231783   0.0048217541   0.1687071384  -0.0789078955   0.1141796073
       -0.0031603232   0.0045513400  -0.0033339574   0.0002104857  -0.0006157863
       -0.0004062835   0.0001166254   0.0000310234  -0.0000330624   0.0001482103
       -0.0003232609  -0.0002919136   0.0000341441   0.0000044347   0.0000025935
       -0.0001059183   0.0000157570  -0.0000305902   0.0000327176  -0.0000171052
        0.0000027133
        0.0685825829  -0.0909558406   0.0651742802  -0.0065109315   0.0063741685
       -0.0082200647  -0.0020550377   0.0001055810  -0.0000496229   0.0007234786
        0.0001098209   0.0000398510  -0.0002390239   0.0001643159  -0.0000900300
       -0.0002846596   0.0003380090   0.0004739582  -0.0016066670  -0.0007347778
        0.0000400333  -0.0001198537  -0.0000316952   0.0000022386  -0.0005841606
        0.0015008802  -0.0000399053  -0.0789078955   0.1013206906  -0.0768917908
        0.0212252619  -0.0177919505   0.0196294413  -0.0000245012  -0.0004182677
        0.0000020369   0.0000245430   0.0000085954  -0.0000068568  -0.0002096544
        0.0000206683  -0.0000469162   0.0000059240  -0.0000207216  -0.0000046533
       -0.0000138850   0.0000290385  -0.0000112471  -0.0000055204  -0.0000185151
       -0.0000007525
       -0.0998680479   0.0648579155  -0.1338738184   0.0004255276  -0.0002775576
        0.0010719572   0.0003107142   0.0002459613   0.0004539352   0.0000647080
        0.0001669546   0.0000292815   0.0000214665  -0.0005117201  -0.0000058011
        0.0007653704   0.0005629651   0.0000423574  -0.0002450133   0.0000210008
        0.0002361082   0.0000143430   0.0000116845  -0.0000350197  -0.0195689127
        0.0148455304  -0.0254558089   0.1141796073  -0.0768917908   0.1533359753
        0.0039335527  -0.0023450786   0.0042246695  -0.0000783717  -0.0005645548
       -0.0000178072   0.0000383505  -0.0000479286  -0.0000029461   0.0000371443
       -0.0000748732  -0.0000013445  -0.0000039591   0.0000067848   0.0000256361
       -0.0000227388  -0.0000130304  -0.0000015262  -0.0000037410   0.0000077372
       -0.0000258484
       -0.0458218145   0.0252007966   0.0046349756   0.0008893150  -0.0263556776
       -0.0061893845  -0.0046930021  -0.0023821815   0.0001079057   0.0000327702
       -0.0012727597   0.0006510050   0.0001949068  -0.0000858004  -0.0001765089
        0.0005189683   0.0002784916   0.0001416025   0.0006591080  -0.0020201582
        0.0001958537   0.0000414827   0.0000996538  -0.0000009274  -0.0007073767
        0.0110770877   0.0039025092  -0.0031603232   0.0212252619   0.0039335527
        0.0533217869  -0.0260946413  -0.0069351990  -0.0001705795   0.0000007076
       -0.0001028695  -0.0003286540  -0.0002056842   0.0000001614  -0.0007999107
        0.0005374140  -0.0001610218  -0.0000266362  -0.0000001743   0.0000307185
        0.0000644280   0.0000035667  -0.0000042949  -0.0000144691  -0.0000059027
       -0.0000280782
        0.0248660235  -0.2701485142  -0.0559009965  -0.0036513752  -0.0193555299
       -0.0030801778  -0.0034673839  -0.0013814963  -0.0001693834   0.0003693497
       -0.0007629916   0.0004445139  -0.0002124130   0.0002794717  -0.0002351780
        0.0004297875  -0.0001667064   0.0003353659   0.0018445720   0.0011479690
        0.0002015796   0.0001352201   0.0001092705  -0.0000057110   0.0020299829
       -0.0055687392  -0.0038647716   0.0045513400  -0.0177919505  -0.0023450786
       -0.0260946413   0.3129359480   0.0649558390  -0.0001086211   0.0003879860
       -0.0000869528  -0.0002349406  -0.0002348223  -0.0000035190  -0.0004420230
        0.0005072048  -0.0002436694  -0.0000293648   0.0000368294   0.0000549598
        0.0000349195  -0.0000123065  -0.0000041550  -0.0000204322   0.0000183774
       -0.0000526653
        0.0037901843  -0.0563531715  -0.0566846579   0.0009027068   0.0021302201
        0.0006034459   0.0002012826  -0.0000363488   0.0010283112   0.0006149247
        0.0002359696   0.0002055022  -0.0002880485   0.0001612022  -0.0000355342
        0.0001278153   0.0000039602   0.0000214546  -0.0000464216   0.0000414135
       -0.0000691947  -0.0000056735   0.0000331703  -0.0000025221   0.0053184419
       -0.0309102226  -0.0107429974  -0.0033339574   0.0196294413   0.0042246695
       -0.0069351990   0.0649558390   0.0616183295  -0.0000220119  -0.0000274295
       -0.0000432369   0.0000231213  -0.0000020367  -0.0001269118  -0.0003212034
        0.0001217993   0.0000175786   0.0000065220   0.0000021393   0.0000240550
       -0.0000014640   0.0000000212  -0.0000078600  -0.0000310196   0.0000140331
       -0.0000304316
        0.0010538042  -0.0012348577   0.0000917638  -0.0010364998   0.0020372534
       -0.0001313952  -0.2197276688   0.1200670885  -0.0044372737  -0.0222871079
        0.0156010009  -0.0005534102  -0.0087460455  -0.0021251087   0.0003810226
        0.0009635931  -0.0011826965   0.0000569976   0.0011363465  -0.0000366163
        0.0001302235  -0.0000411712   0.0001427985  -0.0000455015   0.0001086838
        0.0000683513   0.0000022508   0.0002104857  -0.0000245012  -0.0000783717
       -0.0001705795  -0.0001086211  -0.0000220119   0.2480640044  -0.1336469437
        0.0046380362   0.0004698833   0.0006509785  -0.0000725941  -0.0000959821
       -0.0001864880   0.0000439937   0.0000292793  -0.0000002057   0.0000225208
        0.0000492207  -0.0000305968   0.0000007603   0.0000197537   0.0000091647
       -0.0000270111
        0.0008715610   0.0013684504  -0.0000533759   0.0255155667  -0.0186049313
        0.0008428274   0.1196728084  -0.1242927943   0.0035930363  -0.0080915728
        0.0060713088  -0.0002809126  -0.0034372569   0.0000723433   0.0005742678
       -0.0006682687  -0.0000204571  -0.0000012037  -0.0005840403  -0.0061313225
        0.0009200381   0.0000329401   0.0001314550  -0.0001370374   0.0000842596
       -0.0001817465   0.0002671291  -0.0006157863  -0.0004182677  -0.0005645548
        0.0000007076   0.0003879860  -0.0000274295  -0.1336469437   0.1418852242
       -0.0050066977  -0.0006331006   0.0007545436  -0.0001663168   0.0015176839
       -0.0010312683   0.0000461870  -0.0000179819  -0.0000304375   0.0000022367
        0.0000497851   0.0000367974  -0.0000017838  -0.0000503612   0.0000031164
       -0.0000064103
        0.0002471749  -0.0002351657  -0.0022568818  -0.0019066672   0.0010240700
        0.0008378971  -0.0044273470   0.0036080061  -0.0329991217   0.0009234534
       -0.0006721301  -0.0008997841   0.0004296634   0.0005833255   0.0083963958
        0.0000005999  -0.0000178186  -0.0001924747   0.0002524436   0.0008299584
        0.0081606786  -0.0000356954  -0.0001354125  -0.0019287886   0.0004670674
        0.0002152386  -0.0002227400  -0.0004062835   0.0000020369  -0.0000178072
       -0.0001028695  -0.0000869528  -0.0000432369   0.0046380362  -0.0050066977
        0.0233238952  -0.0000121178  -0.0001901538  -0.0020716080  -0.0000730465
        0.0000934521   0.0000350415   0.0002491167  -0.0002681889  -0.0000333580
       -0.0000137307  -0.0000034338  -0.0000347364  -0.0002297977   0.0002598663
       -0.0000533710
       -0.0000920434  -0.0014986626   0.0000392742  -0.0046836371  -0.0023388783
        0.0004182174  -0.0039807721  -0.0259417110   0.0017402757  -0.0460647936
       -0.0315786090   0.0021182175   0.0006617169   0.0296471804  -0.0019396509
       -0.0043180511   0.0043746539  -0.0000256927  -0.0003374370   0.0002000550
       -0.0000059322  -0.0001871452   0.0016420083  -0.0000902948   0.0000095778
        0.0000069078  -0.0000433006   0.0001166254   0.0000245430   0.0000383505
       -0.0003286540  -0.0002349406   0.0000231213   0.0004698833  -0.0006331006
       -0.0000121178   0.0590041699   0.0260632186  -0.0022140614  -0.0000633841
        0.0000098121  -0.0000406086  -0.0001757301   0.0001299710   0.0000201015
        0.0001551948  -0.0000093157  -0.0000002759  -0.0001855204   0.0001368677
       -0.0000256233
       -0.0000986123  -0.0010457532   0.0000440261  -0.0032999261   0.0004216287
        0.0005667338  -0.0043948802  -0.0182899674   0.0013955125  -0.0314336831
       -0.2805995761   0.0157403553   0.0087063507  -0.0252953997   0.0011371713
        0.0034356315  -0.0020977820   0.0006590076   0.0003404706   0.0013198409
       -0.0000798984   0.0000263017  -0.0012928610   0.0000995085  -0.0000107709
       -0.0000203243   0.0000378016   0.0000310234   0.0000085954  -0.0000479286
       -0.0002056842  -0.0002348223  -0.0000020367   0.0006509785   0.0007545436
       -0.0001901538   0.0260632186   0.3267282648  -0.0192348105  -0.0000310875
       -0.0001003335  -0.0001399671   0.0001245055  -0.0001436126  -0.0000372918
       -0.0000586242   0.0000480002  -0.0000013281   0.0001547879  -0.0001604415
        0.0000532983
        0.0000860663   0.0000110797  -0.0005203435   0.0003765823   0.0004873430
        0.0084383690   0.0003619448   0.0017759498   0.0027005932   0.0020915127
        0.0157866162  -0.0367729403  -0.0006315438   0.0007289582  -0.0045247114
        0.0000368426   0.0006625052   0.0095129910  -0.0000418435  -0.0000915826
        0.0001031820   0.0000110071   0.0000744486   0.0003795620   0.0000764616
        0.0000972969  -0.0000085823  -0.0000330624  -0.0000068568  -0.0000029461
        0.0000001614  -0.0000035190  -0.0001269118  -0.0000725941  -0.0001663168
       -0.0020716080  -0.0022140614  -0.0192348105   0.0251037772  -0.0000447702
       -0.0001297493  -0.0022377180  -0.0001471065   0.0000958063   0.0000436326
        0.0000074899  -0.0000062535  -0.0000548361   0.0001369133  -0.0000809155
        0.0000384905
        0.0011922643   0.0015336657   0.0000334188  -0.0007373847   0.0249298667
       -0.0014201658  -0.0041214117   0.0030212395   0.0000771534  -0.0002837795
        0.0004861520  -0.0000320913  -0.0056044874  -0.0063895893   0.0005998658
        0.0009929466  -0.0230224838   0.0014117814  -0.0431735913  -0.0009103456
        0.0000758690   0.0007118970  -0.0005625377   0.0000220345   0.0000412177
        0.0000550318   0.0000008312   0.0001482103  -0.0002096544   0.0000371443
       -0.0007999107  -0.0004420230  -0.0003212034  -0.0000959821   0.0015176839
       -0.0000730465  -0.0000633841  -0.0000310875  -0.0000447702   0.0521441998
        0.0000718389  -0.0003374032  -0.0002359140  -0.0001020220   0.0004694704
        0.0001857748   0.0001907865  -0.0000195027  -0.0003006649  -0.0001365216
       -0.0004793857
       -0.0013542348   0.0014589515  -0.0002647375   0.0018344548  -0.0201740985
        0.0011618211   0.0037236338  -0.0005810946   0.0005012665  -0.0002415734
        0.0013960573  -0.0001044181  -0.0043180832  -0.0037678949   0.0007362523
       -0.0004207414  -0.0173961778   0.0010973054  -0.0004548043  -0.2973180027
        0.0158176966   0.0013243979   0.0009382788  -0.0001618559  -0.0000047432
       -0.0000771858   0.0000195226  -0.0003232609   0.0000206683  -0.0000748732
        0.0005374140   0.0005072048   0.0001217993  -0.0001864880  -0.0010312683
        0.0000934521   0.0000098121  -0.0001003335  -0.0001297493   0.0000718389
        0.3358537999  -0.0187698601  -0.0002402199   0.0000896198   0.0002598646
        0.0003429171   0.0000604529  -0.0000138917  -0.0003003196   0.0001210230
       -0.0002895946
        0.0001911461   0.0000344130  -0.0025965451  -0.0003908400   0.0006352307
        0.0008686041   0.0000051888   0.0006286815   0.0089532372  -0.0000279760
       -0.0001080465  -0.0004948211   0.0004882503   0.0007252942   0.0077492651
        0.0000257141   0.0014999266  -0.0000926401   0.0000573769   0.0158135078
       -0.0343878053  -0.0001050942  -0.0001713961  -0.0015514301   0.0005305034
        0.0001201425  -0.0001707998  -0.0002919136  -0.0000469162  -0.0000013445
       -0.0001610218  -0.0002436694   0.0000175786   0.0000439937   0.0000461870
        0.0000350415  -0.0000406086  -0.0001399671  -0.0022377180  -0.0003374032
       -0.0187698601   0.0242311492   0.0003107958  -0.0002597857  -0.0001389549
       -0.0000368559  -0.0000051587  -0.0000953655  -0.0002612557   0.0002414164
       -0.0000874513
       -0.0000209936  -0.0000462819   0.0001096837   0.0007015593  -0.0007232241
       -0.0008272242   0.0004697277   0.0006262550  -0.0000340450  -0.0013180302
        0.0008914037  -0.0015027927  -0.0022062150   0.0010974078   0.0014276425
       -0.0039380328   0.0178627676   0.0204267535  -0.0012256845   0.0012292564
       -0.0003833615  -0.0412553908   0.0058789306   0.0116675963  -0.0000030340
        0.0000000086  -0.0000150413   0.0000341441   0.0000059240  -0.0000039591
       -0.0000266362  -0.0000293648   0.0000065220   0.0000292793  -0.0000179819
        0.0002491167  -0.0001757301   0.0001245055  -0.0001471065  -0.0002359140
       -0.0002402199   0.0003107958   0.0476362587  -0.0098783833  -0.0112238973
        0.0000580223  -0.0158086168  -0.0192180160   0.0014766700  -0.0009723864
       -0.0008426667
       -0.0000686252   0.0000438353   0.0000003926   0.0000364217  -0.0004150279
        0.0006864113  -0.0000469879   0.0002515539  -0.0000401508   0.0003106554
       -0.0006148880   0.0012276166   0.0025989001  -0.0010433684  -0.0005214517
        0.0069538363  -0.0129950815  -0.0124418467  -0.0014710769   0.0001650630
        0.0000459434   0.0044031193  -0.1274555567  -0.1181923126  -0.0000153259
       -0.0000090016  -0.0000088478   0.0000044347  -0.0000207216   0.0000067848
       -0.0000001743   0.0000368294   0.0000021393  -0.0000002057  -0.0000304375
       -0.0002681889   0.0001299710  -0.0001436126   0.0000958063  -0.0001020220
        0.0000896198  -0.0002597857  -0.0098783833   0.1479052314   0.1353288787
       -0.0020679554  -0.0155197986  -0.0187907096  -0.0007865819   0.0097553615
        0.0131293208
       -0.0000540148   0.0000121354  -0.0000136981  -0.0002102166   0.0000023998
        0.0001204588  -0.0000282914   0.0001750568  -0.0000445982  -0.0004192814
        0.0002830322   0.0000217042   0.0003806495   0.0002350894  -0.0002708291
        0.0020309896  -0.0024275876  -0.0000076464  -0.0003326946  -0.0000453764
        0.0006925422   0.0098032751  -0.1162604440  -0.1925216112   0.0000030615
        0.0000002712  -0.0000316231   0.0000025935  -0.0000046533   0.0000256361
        0.0000307185   0.0000549598   0.0000240550   0.0000225208   0.0000022367
       -0.0000333580   0.0000201015  -0.0000372918   0.0000436326   0.0004694704
        0.0002598646  -0.0001389549  -0.0112238973   0.1353288787   0.2216081768
       -0.0011050489  -0.0019222437  -0.0008379364   0.0006100646  -0.0156563277
       -0.0286359503
       -0.0004147355   0.0002396009  -0.0000116583  -0.0010746490  -0.0008574085
        0.0001412781   0.0005055763  -0.0000496888  -0.0000091068  -0.0000416440
       -0.0004369387   0.0000550722   0.0023550641  -0.0013774747   0.0000461297
       -0.0273892975  -0.0169608047   0.0007783830  -0.0052827825   0.0032251916
       -0.0001148740  -0.1821976031  -0.1226060331   0.0048591822  -0.0000201619
       -0.0000131411   0.0000174525  -0.0001059183  -0.0000138850  -0.0000227388
        0.0000644280   0.0000349195  -0.0000014640   0.0000492207   0.0000497851
       -0.0000137307   0.0001551948  -0.0000586242   0.0000074899   0.0001857748
        0.0003429171  -0.0000368559   0.0000580223  -0.0020679554  -0.0011050489
        0.2128893750   0.1422822886  -0.0057820560   0.0002641358  -0.0017327487
        0.0011925458
        0.0001744968  -0.0000514975  -0.0000061484   0.0006976797   0.0002729468
       -0.0000399068   0.0000164236   0.0000191634   0.0000115344   0.0003733575
        0.0000719319   0.0000038712  -0.0001916155   0.0007750088  -0.0001352642
        0.0088359517   0.0100953261  -0.0003583075   0.0021505712  -0.0013702247
        0.0001164084  -0.1243005235  -0.1521215903   0.0044488231   0.0000100214
        0.0000052842   0.0000135872   0.0000157570   0.0000290385  -0.0000130304
        0.0000035667  -0.0000123065   0.0000000212  -0.0000305968   0.0000367974
       -0.0000034338  -0.0000093157   0.0000480002  -0.0000062535   0.0001907865
        0.0000604529  -0.0000051587  -0.0158086168  -0.0155197986  -0.0019222437
        0.1422822886   0.1716777017  -0.0049832662  -0.0144102324  -0.0140162343
        0.0028787677
       -0.0000071959  -0.0000014694  -0.0001689304   0.0000337066  -0.0000331940
        0.0003133146   0.0000153711   0.0000326623   0.0000991190  -0.0000543448
        0.0000133477   0.0000970280   0.0000103301  -0.0000822210  -0.0009626009
        0.0000422400  -0.0003383819   0.0005348887  -0.0000568280   0.0000967343
        0.0013933080   0.0048602617   0.0044967690  -0.0444986379   0.0000363418
        0.0000181783  -0.0000047869  -0.0000305902  -0.0000112471  -0.0000015262
       -0.0000042949  -0.0000041550  -0.0000078600   0.0000007603  -0.0000017838
       -0.0000347364  -0.0000002759  -0.0000013281  -0.0000548361  -0.0000195027
       -0.0000138917  -0.0000953655  -0.0192180160  -0.0187907096  -0.0008379364
       -0.0057820560  -0.0049832662   0.0467049548   0.0201740929   0.0196039563
       -0.0024753965
       -0.0000083095  -0.0000535087  -0.0000346197   0.0007399921  -0.0006127869
        0.0007767256   0.0004527852   0.0005975082  -0.0000506204  -0.0012049025
        0.0011169054   0.0013915820  -0.0025298870   0.0011667997  -0.0014478895
       -0.0038782379   0.0162810748  -0.0215377654  -0.0010920574   0.0012943369
        0.0002592547  -0.0418727474   0.0059741102  -0.0133519382   0.0000002474
        0.0000185393   0.0000112391   0.0000327176  -0.0000055204  -0.0000037410
       -0.0000144691  -0.0000204322  -0.0000310196   0.0000197537  -0.0000503612
       -0.0002297977  -0.0001855204   0.0001547879   0.0001369133  -0.0003006649
       -0.0003003196  -0.0002612557   0.0014766700  -0.0007865819   0.0006100646
        0.0002641358  -0.0144102324   0.0201740929   0.0481004943  -0.0103643191
        0.0135887749
       -0.0000732837   0.0000391384  -0.0000021486   0.0000249386  -0.0004959797
       -0.0006055333  -0.0000337720   0.0002616946   0.0000070838   0.0002953034
       -0.0008349863  -0.0011011713   0.0027618729  -0.0010507462   0.0006079284
        0.0068427704  -0.0120636461   0.0131844602  -0.0015122280   0.0002235265
        0.0000057936   0.0047717091  -0.1125776721   0.1130431517   0.0000056407
       -0.0000014460  -0.0000207386  -0.0000171052  -0.0000185151   0.0000077372
       -0.0000059027   0.0000183774   0.0000140331   0.0000091647   0.0000031164
        0.0002598663   0.0001368677  -0.0001604415  -0.0000809155  -0.0001365216
        0.0001210230   0.0002414164  -0.0009723864   0.0097553615  -0.0156563277
       -0.0017327487  -0.0140162343   0.0196039563  -0.0103643191   0.1307974294
       -0.1295085919
        0.0000562783  -0.0000129522   0.0000359899   0.0001978280   0.0000788040
        0.0001262211  -0.0000074219  -0.0002382973  -0.0000205738   0.0004915277
       -0.0002510620   0.0001255604  -0.0006266381  -0.0000972467  -0.0002165267
       -0.0022341456   0.0029788684  -0.0008940130   0.0005368237   0.0000154652
        0.0006607097  -0.0117842981   0.1113219966  -0.2077273715  -0.0000112232
        0.0000010517   0.0000389070   0.0000027133  -0.0000007525  -0.0000258484
       -0.0000280782  -0.0000526653  -0.0000304316  -0.0000270111  -0.0000064103
       -0.0000533710  -0.0000256233   0.0000532983   0.0000384905  -0.0004793857
       -0.0002895946  -0.0000874513  -0.0008426667   0.0131293208  -0.0286359503
        0.0011925458   0.0028787677  -0.0024753965   0.0135887749  -0.1295085919
        0.2391410555
