           1           2   1.02449416499614     
           2           3   1.41220388300920     
           3           4   1.44349903408811     
           4           5   1.38297440876838     
           3           6  0.101840232644157     
           5           6   1.33903923382509     
           2           7   1.40257891395333     
           4           7  0.104694951022340     
           6           7   1.43356165670206     
           6           8   1.02314116279630     
           5           9   1.05989433991854     
           1          10  0.985816199926019     
           1          11  0.973218232327406     
           1          12  0.972649655979026     
           3          13  0.968856018225258     
           4          14  0.968790811484858     
           7          15  0.967182540641929     
           8          16  0.970563657393383     
           8          17  0.982908248658558     
           8          18  0.970584301129134     
           9          19  0.847715546123830     
