$hessian                                                                        
        0.5059903661  -0.0052930472  -0.0349653628  -0.0899195542  -0.0039387443
       -0.0613713060  -0.0218453156  -0.0072887765  -0.0218705194  -0.0009369861
       -0.0006580754   0.0025142309  -0.0008736285  -0.0011107160   0.0002232939
        0.0004960377  -0.0000838763   0.0014387812  -0.0468886517   0.0229027254
       -0.0095865490  -0.1078317298   0.0782191327   0.0744267031  -0.2426560036
       -0.0850825696   0.0464441643  -0.0022370092   0.0006836518  -0.0070016328
        0.0068084136   0.0016237375   0.0096799474  -0.0002546282   0.0000177229
        0.0000488427  -0.0000323800  -0.0000279154   0.0000303096   0.0001810693
        0.0000367506  -0.0000109032
       -0.0052930472   0.5213571498  -0.0078630712  -0.0060187765  -0.0639117760
       -0.0175553897  -0.0086793021  -0.0032701423  -0.0095630239  -0.0011108414
       -0.0004996886   0.0020166529   0.0003362465   0.0002507728  -0.0005218231
       -0.0000464165  -0.0001519637   0.0005570653   0.0227873360  -0.2330918713
        0.0970244666   0.0785521826  -0.1402603557  -0.0880452780  -0.0850473614
       -0.0802460300   0.0194070670   0.0127679265   0.0024052225   0.0218529033
       -0.0082978123  -0.0026481887  -0.0173028914  -0.0000295502   0.0000773320
        0.0000076690  -0.0000292491  -0.0000202837   0.0000383588   0.0001086652
        0.0000098229  -0.0000527058
       -0.0349653628  -0.0078630712   0.4633038966  -0.0480966933  -0.0115747354
       -0.1599156917  -0.0131100589  -0.0063093454   0.0046211380   0.0013045788
        0.0042634252  -0.0003087625   0.0028830755  -0.0021803466  -0.0013661658
       -0.0002729838  -0.0000512434  -0.0000861193  -0.0100585969   0.0978287472
       -0.0931145119   0.0751014876  -0.0890479683  -0.1257779701   0.0461610898
        0.0194033570  -0.0503327937  -0.0098163421   0.0008762662  -0.0166763848
       -0.0091936234  -0.0054540779  -0.0203926031  -0.0000426549   0.0000344895
       -0.0000106672  -0.0000111132   0.0000076249   0.0000215373   0.0001171977
        0.0000668783   0.0000350984
       -0.0899195542  -0.0060187765  -0.0480966933   0.4591042712  -0.0419454368
       -0.0386059921  -0.1509742008  -0.0456863043   0.0202219099  -0.0092253859
       -0.0169789692   0.0054154538  -0.0459134961   0.0036423662   0.0153539388
        0.0000923701   0.0030120025   0.0016540397  -0.0031560280   0.0011581914
       -0.0064776727   0.0065781555   0.0008565559   0.0100708703  -0.0176813214
       -0.0053362315  -0.0259836579  -0.0448933572   0.0303772000  -0.0086444541
       -0.1025926871   0.0774910709   0.0746544853  -0.0004917622  -0.0000378552
        0.0000618687  -0.0010501160  -0.0005009782   0.0002944396   0.0001231121
       -0.0000328352   0.0000814640
       -0.0039387443  -0.0639117760  -0.0115747354  -0.0419454368   0.5462323203
        0.0014733571  -0.0350147097  -0.0785434464   0.0104449916  -0.0430675622
       -0.0358391135   0.0039665804   0.0170042772   0.0090910940  -0.0043202433
        0.0033987514  -0.0023963443  -0.0016291366   0.0127441370   0.0029177580
        0.0224011080  -0.0087838045  -0.0032954012  -0.0178613859  -0.0071773430
       -0.0013954977  -0.0103706791   0.0300101458  -0.2317976350   0.0932534200
        0.0758080434  -0.1410674260  -0.0854820004   0.0000292804  -0.0001983328
        0.0000072416   0.0010333552   0.0003462149  -0.0003058370  -0.0001003899
       -0.0001424144  -0.0000026810
       -0.0613713060  -0.0175553897  -0.1599156917  -0.0386059921   0.0014733571
        0.4600151892   0.0336058528   0.0172391269  -0.0754948411   0.0026869477
       -0.0040790490   0.0156403286   0.0147073884   0.0026808401   0.0016622688
        0.0036220058  -0.0018555481   0.0045471801  -0.0095512694   0.0008144814
       -0.0165099876  -0.0089480581  -0.0053694228  -0.0208255385  -0.0019659369
       -0.0009767753  -0.0000781682  -0.0088498731   0.0947083469  -0.0859043295
        0.0740950636  -0.0871058134  -0.1231400190  -0.0009214810  -0.0000872413
        0.0004066484   0.0005661577   0.0001397109  -0.0000006669   0.0009305004
       -0.0000266237  -0.0004023728
       -0.0218453156  -0.0086793021  -0.0131100589  -0.1509742008  -0.0350147097
        0.0336058528   0.4927823523   0.1190939656  -0.0705700642  -0.1122525626
       -0.1539604262  -0.0053338101  -0.1459713389   0.0623698421   0.0356448306
       -0.0424160084   0.0196826701   0.0150097527  -0.0000904999  -0.0001777276
       -0.0000776201   0.0009666918   0.0006508080   0.0009014867  -0.0000234521
       -0.0000429709  -0.0006479287   0.0036258444  -0.0020792461  -0.0028367907
       -0.0179403041  -0.0028521889   0.0047659556   0.0006961862   0.0011942359
       -0.0004324412  -0.0065845603  -0.0014677249   0.0020617155   0.0000271681
        0.0012827748   0.0010191199
       -0.0072887765  -0.0032701423  -0.0063093454  -0.0456863043  -0.0785434464
        0.0172391269   0.1190939656   0.8368224665   0.0460743483  -0.1355870623
       -0.5967597497  -0.0243443152   0.0724657715  -0.1604672212  -0.0348450978
        0.0103831979   0.0099848126  -0.0023135450   0.0015821221   0.0002098179
        0.0011908012  -0.0007505987  -0.0005556807  -0.0009996512   0.0003387616
        0.0005851619   0.0005819471  -0.0225832178  -0.0154250475   0.0070753174
        0.0160213509   0.0063918258  -0.0056823138  -0.0022866008   0.0014584176
        0.0035168922  -0.0021910109  -0.0023274891   0.0003390861  -0.0035115985
        0.0018962745  -0.0015232509
       -0.0218705194  -0.0095630239   0.0046211380   0.0202219099   0.0104449916
       -0.0754948411  -0.0705700642   0.0460743483   0.2229192375  -0.0030739327
       -0.0212408199  -0.0662017568   0.0347982742  -0.0310356087  -0.0706795129
        0.0146662075  -0.0046313953  -0.0047800203  -0.0011510385   0.0000768981
        0.0003079902  -0.0009166094  -0.0010694177  -0.0000089691  -0.0041174501
       -0.0012196456  -0.0055185420   0.0125120233   0.0071968281  -0.0022841453
        0.0177771262   0.0055254988  -0.0044055583   0.0013695589  -0.0008325543
        0.0008288738   0.0019814421   0.0001046345  -0.0000764773  -0.0016269278
        0.0001692658   0.0007725836
       -0.0009369861  -0.0011108414   0.0013045788  -0.0092253859  -0.0430675622
        0.0026869477  -0.1122525626  -0.1355870623  -0.0030739327   0.1145182829
        0.1439663552  -0.0084090910   0.0073716451   0.0350706445   0.0098424791
        0.0021583523   0.0051598572  -0.0011705830   0.0003543175   0.0004374789
        0.0004034806  -0.0000378698  -0.0001610757  -0.0000039350  -0.0005182291
       -0.0000040502  -0.0007607430  -0.0067515137  -0.0041399014   0.0016927562
        0.0023749342   0.0000889949  -0.0011961269   0.0005784203  -0.0005267621
       -0.0012452200   0.0012499567   0.0008724753  -0.0002962773   0.0011166380
       -0.0009985505   0.0002256665
       -0.0006580754  -0.0004996886   0.0042634252  -0.0169789692  -0.0358391135
       -0.0040790490  -0.1539604262  -0.5967597497  -0.0212408199   0.1439663552
        0.7424617348   0.0462157698   0.0333922042  -0.1136952786  -0.0271937831
       -0.0019129036   0.0042127399   0.0017963701  -0.0002361622   0.0005405486
       -0.0003988665   0.0002409640  -0.0002118142   0.0001355848  -0.0011189331
       -0.0002701188  -0.0018729139  -0.0052669116  -0.0020557547   0.0017709930
        0.0019991026   0.0008886572   0.0005432286   0.0002587920  -0.0000504752
       -0.0014039436  -0.0008170752   0.0014557733   0.0004219472   0.0010920385
       -0.0001774602   0.0010420574
        0.0025142309   0.0020166529  -0.0003087625   0.0054154538   0.0039665804
        0.0156403286  -0.0053338101  -0.0243443152  -0.0662017568  -0.0084090910
        0.0462157698   0.0335034005   0.0100101095  -0.0280402469   0.0196864780
       -0.0021422839  -0.0007458081  -0.0030625408   0.0004374658   0.0001092627
       -0.0002336223   0.0000795531   0.0001145920  -0.0000988121   0.0004904239
        0.0000796752   0.0010358683  -0.0001940971   0.0002736846   0.0003645278
       -0.0016398415  -0.0001381948   0.0001850308  -0.0004539995   0.0007903951
       -0.0001652396  -0.0004804208  -0.0000947367   0.0001658901  -0.0002936930
       -0.0002033110  -0.0005107899
       -0.0008736285   0.0003362465   0.0028830755  -0.0459134961   0.0170042772
        0.0147073884  -0.1459713389   0.0724657715   0.0347982742   0.0073716451
        0.0333922042   0.0100101095   0.4210672097  -0.0318486997  -0.1098815602
       -0.1567508023  -0.0594089210   0.0253325554   0.0000204654   0.0004802176
       -0.0000827706   0.0003334468  -0.0003899363  -0.0002788191  -0.0007676705
       -0.0002349825  -0.0008594463  -0.0000618705   0.0007328166   0.0009837976
       -0.0071342331  -0.0023817054   0.0026033363  -0.0124859731  -0.0117281904
        0.0111024840  -0.0261011668  -0.0036442510   0.0079027826  -0.0327325871
       -0.0147748473   0.0007787927
       -0.0011107160   0.0002507728  -0.0021803466   0.0036423662   0.0090910940
        0.0026808401   0.0623698421  -0.1604672212  -0.0310356087   0.0350706445
       -0.1136952786  -0.0280402469  -0.0318486997   0.3682870626   0.0446497990
       -0.0460469725  -0.0950263121   0.0092679994  -0.0000028106  -0.0001974036
        0.0000089799   0.0000604323   0.0001687469   0.0003915687   0.0003489520
       -0.0000606198   0.0004914181  -0.0000685094   0.0004042332  -0.0010805480
       -0.0020927479   0.0002170558   0.0000129135  -0.0244083452  -0.0097118159
        0.0079094275   0.0234139102   0.0081443092  -0.0064155768  -0.0193273461
       -0.0074046234   0.0033393806
        0.0002232939  -0.0005218231  -0.0013661658   0.0153539388  -0.0043202433
        0.0016622688   0.0356448306  -0.0348450978  -0.0706795129   0.0098424791
       -0.0271937831   0.0196864780  -0.1098815602   0.0446497990   0.1119938976
        0.0263419832   0.0136839636  -0.0605992731   0.0001247643  -0.0002271960
        0.0000996704   0.0001208431   0.0006380483   0.0004557908   0.0001634386
        0.0002248889   0.0007685927  -0.0011896402  -0.0005256374  -0.0001379248
        0.0021600315   0.0003929460  -0.0001849569   0.0289973743   0.0107973141
       -0.0084371906   0.0112249982   0.0021213247  -0.0027984524  -0.0191267753
       -0.0048745039   0.0095367784
        0.0004960377  -0.0000464165  -0.0002729838   0.0000923701   0.0033987514
        0.0036220058  -0.0424160084   0.0103831979   0.0146662075   0.0021583523
       -0.0019129036  -0.0021422839  -0.1567508023  -0.0460469725   0.0263419832
        0.4099138875  -0.0451137880   0.0218387517  -0.0001645909  -0.0001685596
        0.0000952914  -0.0002727737  -0.0000214343   0.0000250001   0.0001655059
        0.0000872762  -0.0001678805  -0.0001458086   0.0004041950  -0.0002495309
       -0.0015351560  -0.0008171200  -0.0000282059  -0.0408783367   0.0146407504
       -0.0152967981  -0.0941315191   0.1054991774   0.0295940639  -0.0765311578
       -0.0402861539  -0.0780256206
       -0.0000838763  -0.0001519637  -0.0000512434   0.0030120025  -0.0023963443
       -0.0018555481   0.0196826701   0.0099848126  -0.0046313953   0.0051598572
        0.0042127399  -0.0007458081  -0.0594089210  -0.0950263121   0.0136839636
       -0.0451137880   0.5271863295   0.0176716235  -0.0000075684  -0.0000913679
       -0.0000031939  -0.0001313302   0.0001572665   0.0001404317   0.0000073751
        0.0000855467   0.0000162433  -0.0001939197   0.0002317833  -0.0001259594
        0.0010688870   0.0002913063  -0.0004205677   0.0167220535  -0.1382066792
        0.1132482789   0.0984644100  -0.2178242806  -0.0529787867  -0.0391778517
       -0.0884528370  -0.0839480386
        0.0014387812   0.0005570653  -0.0000861193   0.0016540397  -0.0016291366
        0.0045471801   0.0150097527  -0.0023135450  -0.0047800203  -0.0011705830
        0.0017963701  -0.0030625408   0.0253325554   0.0092679994  -0.0605992731
        0.0218387517   0.0176716235   0.4916682964  -0.0000760044   0.0001419681
       -0.0001222396  -0.0000267247  -0.0001832308  -0.0001760469   0.0002365199
        0.0000681281   0.0003467021  -0.0001243735  -0.0003849181   0.0001383655
        0.0002343456  -0.0000249097   0.0003104056  -0.0190839297   0.1138166885
       -0.1780391006   0.0287046453  -0.0551945677  -0.0581603131  -0.0739677761
       -0.0835895353  -0.1919852957
       -0.0468886517   0.0227873360  -0.0100585969  -0.0031560280   0.0127441370
       -0.0095512694  -0.0000904999   0.0015821221  -0.0011510385   0.0003543175
       -0.0002361622   0.0004374658   0.0000204654  -0.0000028106   0.0001247643
       -0.0001645909  -0.0000075684  -0.0000760044   0.0518711910  -0.0267671931
        0.0154773250  -0.0021172767   0.0173873856  -0.0063401771   0.0009622625
       -0.0271511424   0.0137645124  -0.0011702417  -0.0001861708  -0.0033124926
        0.0003771808  -0.0001233385   0.0006501098  -0.0000490391  -0.0000101542
        0.0000239615   0.0000396868  -0.0000245722  -0.0000007631   0.0000112240
        0.0000081316   0.0000122031
        0.0229027254  -0.2330918713   0.0978287472   0.0011581914   0.0029177580
        0.0008144814  -0.0001777276   0.0002098179   0.0000768981   0.0004374789
        0.0005405486   0.0001092627   0.0004802176  -0.0001974036  -0.0002271960
       -0.0001685596  -0.0000913679   0.0001419681  -0.0267671931   0.2660463101
       -0.1136891624   0.0039270530  -0.0231228888   0.0080564498  -0.0011791779
       -0.0149423123   0.0074180713  -0.0003966013   0.0010692994  -0.0002659752
       -0.0002115608   0.0006198142  -0.0002502380   0.0000124188   0.0000398543
       -0.0000223560  -0.0000164042  -0.0000036985   0.0000023994  -0.0000008604
        0.0000061399   0.0000066496
       -0.0095865490   0.0970244666  -0.0931145119  -0.0064776727   0.0224011080
       -0.0165099876  -0.0000776201   0.0011908012   0.0003079902   0.0004034806
       -0.0003988665  -0.0002336223  -0.0000827706   0.0000089799   0.0000996704
        0.0000952914  -0.0000031939  -0.0001222396   0.0154773250  -0.1136891624
        0.1096911733   0.0022964489  -0.0157942314   0.0080888844   0.0011369092
        0.0089883443  -0.0033506464  -0.0034586023  -0.0003886608  -0.0051782828
        0.0002180803   0.0006527630   0.0003316491   0.0000398091  -0.0000013422
        0.0000281275   0.0000229569  -0.0000055249  -0.0000179522  -0.0000070868
        0.0000145190  -0.0000202520
       -0.1078317298   0.0785521826   0.0751014876   0.0065781555  -0.0087838045
       -0.0089480581   0.0009666918  -0.0007505987  -0.0009166094  -0.0000378698
        0.0002409640   0.0000795531   0.0003334468   0.0000604323   0.0001208431
       -0.0002727737  -0.0001313302  -0.0000267247  -0.0021172767   0.0039270530
        0.0022964489   0.1219396992  -0.0902045848  -0.0836755251  -0.0193442895
        0.0182015770   0.0186801258   0.0004450356  -0.0002256225   0.0002285674
       -0.0006926579  -0.0009278916  -0.0029596390  -0.0000086438  -0.0000458677
       -0.0000003850  -0.0000260119   0.0000428324  -0.0000155763   0.0000682242
        0.0000446585   0.0000354917
        0.0782191327  -0.1402603557  -0.0890479683   0.0008565559  -0.0032954012
       -0.0053694228   0.0006508080  -0.0005556807  -0.0010694177  -0.0001610757
       -0.0002118142   0.0001145920  -0.0003899363   0.0001687469   0.0006380483
       -0.0000214343   0.0001572665  -0.0001832308   0.0173873856  -0.0231228888
       -0.0157942314  -0.0902045848   0.1586922356   0.1047197787  -0.0055777514
        0.0070457665   0.0063222819  -0.0001207999   0.0006792428   0.0007610458
       -0.0006774049   0.0007594166  -0.0011196294  -0.0000395362  -0.0000691448
       -0.0000048492   0.0000415493   0.0000200670  -0.0000101386   0.0000370920
       -0.0000074564   0.0000431415
        0.0744267031  -0.0880452780  -0.1257779701   0.0100708703  -0.0178613859
       -0.0208255385   0.0009014867  -0.0009996512  -0.0000089691  -0.0000039350
        0.0001355848  -0.0000988121  -0.0002788191   0.0003915687   0.0004557908
        0.0000250001   0.0001404317  -0.0001760469  -0.0063401771   0.0080564498
        0.0080888844  -0.0836755251   0.1047197787   0.1481009085   0.0072160854
       -0.0050824175  -0.0047473103   0.0006316184  -0.0003028603   0.0003462849
       -0.0031691525  -0.0012462815  -0.0053236681   0.0001132978   0.0000478206
       -0.0000371069   0.0000252833   0.0000189652   0.0000025620   0.0000572635
        0.0000272749   0.0000009915
       -0.2426560036  -0.0850473614   0.0461610898  -0.0176813214  -0.0071773430
       -0.0019659369  -0.0000234521   0.0003387616  -0.0041174501  -0.0005182291
       -0.0011189331   0.0004904239  -0.0007676705   0.0003489520   0.0001634386
        0.0001655059   0.0000073751   0.0002365199   0.0009622625  -0.0011791779
        0.0011369092  -0.0193442895  -0.0055777514   0.0072160854   0.2790789183
        0.0992727916  -0.0500974570   0.0001061128   0.0001395357   0.0003938420
        0.0006187669  -0.0000006501   0.0003963025   0.0000039175   0.0000167467
        0.0000074376   0.0000152680  -0.0000056853   0.0000130001   0.0000402142
       -0.0000172606  -0.0000342048
       -0.0850825696  -0.0802460300   0.0194033570  -0.0053362315  -0.0013954977
       -0.0009767753  -0.0000429709   0.0005851619  -0.0012196456  -0.0000040502
       -0.0002701188   0.0000796752  -0.0002349825  -0.0000606198   0.0002248889
        0.0000872762   0.0000855467   0.0000681281  -0.0271511424  -0.0149423123
        0.0089883443   0.0182015770   0.0070457665  -0.0050824175   0.0992727916
        0.0889304842  -0.0217072844   0.0006392717   0.0004069256   0.0001449360
       -0.0003745973  -0.0001342543   0.0000731636   0.0000105898  -0.0000150744
       -0.0000006837  -0.0000160671   0.0000117451   0.0000027471   0.0000311052
       -0.0000017227   0.0000015662
        0.0464441643   0.0194070670  -0.0503327937  -0.0259836579  -0.0103706791
       -0.0000781682  -0.0006479287   0.0005819471  -0.0055185420  -0.0007607430
       -0.0018729139   0.0010358683  -0.0008594463   0.0004914181   0.0007685927
       -0.0001678805   0.0000162433   0.0003467021   0.0137645124   0.0074180713
       -0.0033506464   0.0186801258   0.0063222819  -0.0047473103  -0.0500974570
       -0.0217072844   0.0605474126  -0.0000337987  -0.0002099668   0.0006407506
       -0.0003310283  -0.0000517723   0.0006658777  -0.0000714698  -0.0000337298
        0.0000187837  -0.0000120557   0.0000038258   0.0000055272   0.0000766635
        0.0000054918  -0.0000020543
       -0.0022370092   0.0127679265  -0.0098163421  -0.0448933572   0.0300101458
       -0.0088498731   0.0036258444  -0.0225832178   0.0125120233  -0.0067515137
       -0.0052669116  -0.0001940971  -0.0000618705  -0.0000685094  -0.0011896402
       -0.0001458086  -0.0001939197  -0.0001243735  -0.0011702417  -0.0003966013
       -0.0034586023   0.0004450356  -0.0001207999   0.0006316184   0.0001061128
        0.0006392717  -0.0000337987   0.0528214475  -0.0305126526   0.0164413073
       -0.0019390506   0.0156407772  -0.0058330183   0.0000804599   0.0000360518
       -0.0000970424   0.0000928729   0.0000474105  -0.0000129649   0.0000270784
        0.0000010288   0.0000248037
        0.0006836518   0.0024052225   0.0008762662   0.0303772000  -0.2317976350
        0.0947083469  -0.0020792461  -0.0154250475   0.0071968281  -0.0041399014
       -0.0020557547   0.0002736846   0.0007328166   0.0004042332  -0.0005256374
        0.0004041950   0.0002317833  -0.0003849181  -0.0001861708   0.0010692994
       -0.0003886608  -0.0002256225   0.0006792428  -0.0003028603   0.0001395357
        0.0004069256  -0.0002099668  -0.0305126526   0.2647347313  -0.1083515848
        0.0044678707  -0.0207442985   0.0072477896   0.0001828210   0.0000418664
       -0.0001210700   0.0001108328   0.0000658137  -0.0000319298   0.0000446699
       -0.0000163826   0.0000137127
       -0.0070016328   0.0218529033  -0.0166763848  -0.0086444541   0.0932534200
       -0.0859043295  -0.0028367907   0.0070753174  -0.0022841453   0.0016927562
        0.0017709930   0.0003645278   0.0009837976  -0.0010805480  -0.0001379248
       -0.0002495309  -0.0001259594   0.0001383655  -0.0033124926  -0.0002659752
       -0.0051782828   0.0002285674   0.0007610458   0.0003462849   0.0003938420
        0.0001449360   0.0006407506   0.0164413073  -0.1083515848   0.1013427002
        0.0025399977  -0.0149554726   0.0072949116  -0.0000893298  -0.0000157247
        0.0000246563  -0.0000410238  -0.0000179896   0.0000241978  -0.0001050134
       -0.0000453613   0.0000046725
        0.0068084136  -0.0082978123  -0.0091936234  -0.1025926871   0.0758080434
        0.0740950636  -0.0179403041   0.0160213509   0.0177771262   0.0023749342
        0.0019991026  -0.0016398415  -0.0071342331  -0.0020927479   0.0021600315
       -0.0015351560   0.0010688870   0.0002343456   0.0003771808  -0.0002115608
        0.0002180803  -0.0006926579  -0.0006774049  -0.0031691525   0.0006187669
       -0.0003745973  -0.0003310283  -0.0019390506   0.0044678707   0.0025399977
        0.1219461936  -0.0876715910  -0.0827098727   0.0001231103   0.0000660639
       -0.0000772605  -0.0003769112  -0.0001521567   0.0000595709  -0.0000375995
        0.0000465524   0.0000365630
        0.0016237375  -0.0026481887  -0.0054540779   0.0774910709  -0.1410674260
       -0.0871058134  -0.0028521889   0.0063918258   0.0055254988   0.0000889949
        0.0008886572  -0.0001381948  -0.0023817054   0.0002170558   0.0003929460
       -0.0008171200   0.0002913063  -0.0000249097  -0.0001233385   0.0006198142
        0.0006527630  -0.0009278916   0.0007594166  -0.0012462815  -0.0000006501
       -0.0001342543  -0.0000517723   0.0156407772  -0.0207442985  -0.0149554726
       -0.0876715910   0.1553800974   0.1023776150   0.0000626082   0.0000302763
       -0.0000439068  -0.0001520159  -0.0000083419   0.0000439573   0.0000193126
        0.0000240598   0.0000276490
        0.0096799474  -0.0173028914  -0.0203926031   0.0746544853  -0.0854820004
       -0.1231400190   0.0047659556  -0.0056823138  -0.0044055583  -0.0011961269
        0.0005432286   0.0001850308   0.0026033363   0.0000129135  -0.0001849569
       -0.0000282059  -0.0004205677   0.0003104056   0.0006501098  -0.0002502380
        0.0003316491  -0.0029596390  -0.0011196294  -0.0053236681   0.0003963025
        0.0000731636   0.0006658777  -0.0058330183   0.0072477896   0.0072949116
       -0.0827098727   0.1023776150   0.1446475810  -0.0000964498  -0.0000420130
        0.0000016768   0.0000577078   0.0000582620  -0.0000194309   0.0000154678
       -0.0000133185   0.0000291036
       -0.0002546282  -0.0000295502  -0.0000426549  -0.0004917622   0.0000292804
       -0.0009214810   0.0006961862  -0.0022866008   0.0013695589   0.0005784203
        0.0002587920  -0.0004539995  -0.0124859731  -0.0244083452   0.0289973743
       -0.0408783367   0.0167220535  -0.0190839297  -0.0000490391   0.0000124188
        0.0000398091  -0.0000086438  -0.0000395362   0.0001132978   0.0000039175
        0.0000105898  -0.0000714698   0.0000804599   0.0001828210  -0.0000893298
        0.0001231103   0.0000626082  -0.0000964498   0.0535940405  -0.0080433032
        0.0121439554  -0.0006892479   0.0098513472  -0.0112382575  -0.0002185038
        0.0076774247  -0.0106664237
        0.0000177229   0.0000773320   0.0000344895  -0.0000378552  -0.0001983328
       -0.0000872413   0.0011942359   0.0014584176  -0.0008325543  -0.0005267621
       -0.0000504752   0.0007903951  -0.0117281904  -0.0097118159   0.0107973141
        0.0146407504  -0.1382066792   0.1138166885  -0.0000101542   0.0000398543
       -0.0000013422  -0.0000458677  -0.0000691448   0.0000478206   0.0000167467
       -0.0000150744  -0.0000337298   0.0000360518   0.0000418664  -0.0000157247
        0.0000660639   0.0000302763  -0.0000420130  -0.0080433032   0.1579048126
       -0.1353844942   0.0052473356  -0.0190915779   0.0200583261  -0.0008267746
        0.0077905410  -0.0091479345
        0.0000488427   0.0000076690  -0.0000106672   0.0000618687   0.0000072416
        0.0004066484  -0.0004324412   0.0035168922   0.0008288738  -0.0012452200
       -0.0014039436  -0.0001652396   0.0111024840   0.0079094275  -0.0084371906
       -0.0152967981   0.1132482789  -0.1780391006   0.0000239615  -0.0000223560
        0.0000281275  -0.0000003850  -0.0000048492  -0.0000371069   0.0000074376
       -0.0000006837   0.0000187837  -0.0000970424  -0.0001210700   0.0000246563
       -0.0000772605  -0.0000439068   0.0000016768   0.0121439554  -0.1353844942
        0.2049983615  -0.0002120145  -0.0036529630   0.0052832651  -0.0060273882
        0.0159447572  -0.0249010881
       -0.0000323800  -0.0000292491  -0.0000111132  -0.0010501160   0.0010333552
        0.0005661577  -0.0065845603  -0.0021910109   0.0019814421   0.0012499567
       -0.0008170752  -0.0004804208  -0.0261011668   0.0234139102   0.0112249982
       -0.0941315191   0.0984644100   0.0287046453   0.0000396868  -0.0000164042
        0.0000229569  -0.0000260119   0.0000415493   0.0000252833   0.0000152680
       -0.0000160671  -0.0000120557   0.0000928729   0.0001108328  -0.0000410238
       -0.0003769112  -0.0001520159   0.0000577078  -0.0006892479   0.0052473356
       -0.0002120145   0.1209195275  -0.1166154058  -0.0389749188   0.0066746014
       -0.0084741649  -0.0028516445
       -0.0000279154  -0.0000202837   0.0000076249  -0.0005009782   0.0003462149
        0.0001397109  -0.0014677249  -0.0023274891   0.0001046345   0.0008724753
        0.0014557733  -0.0000947367  -0.0036442510   0.0081443092   0.0021213247
        0.1054991774  -0.2178242806  -0.0551945677  -0.0000245722  -0.0000036985
       -0.0000055249   0.0000428324   0.0000200670   0.0000189652  -0.0000056853
        0.0000117451   0.0000038258   0.0000474105   0.0000658137  -0.0000179896
       -0.0001521567  -0.0000083419   0.0000582620   0.0098513472  -0.0190915779
       -0.0036529630  -0.1166154058   0.2426150458   0.0616922811   0.0061254468
       -0.0133832973  -0.0051808472
        0.0000303096   0.0000383588   0.0000215373   0.0002944396  -0.0003058370
       -0.0000006669   0.0020617155   0.0003390861  -0.0000764773  -0.0002962773
        0.0004219472   0.0001658901   0.0079027826  -0.0064155768  -0.0027984524
        0.0295940639  -0.0529787867  -0.0581603131  -0.0000007631   0.0000023994
       -0.0000179522  -0.0000155763  -0.0000101386   0.0000025620   0.0000130001
        0.0000027471   0.0000055272  -0.0000129649  -0.0000319298   0.0000241978
        0.0000595709   0.0000439573  -0.0000194309  -0.0112382575   0.0200583261
        0.0052832651  -0.0389749188   0.0616922811   0.0634318947   0.0105828757
       -0.0228568343  -0.0078615813
        0.0001810693   0.0001086652   0.0001171977   0.0001231121  -0.0001003899
        0.0009305004   0.0000271681  -0.0035115985  -0.0016269278   0.0011166380
        0.0010920385  -0.0002936930  -0.0327325871  -0.0193273461  -0.0191267753
       -0.0765311578  -0.0391778517  -0.0739677761   0.0000112240  -0.0000008604
       -0.0000070868   0.0000682242   0.0000370920   0.0000572635   0.0000402142
        0.0000311052   0.0000766635   0.0000270784   0.0000446699  -0.0001050134
       -0.0000375995   0.0000193126   0.0000154678  -0.0002185038  -0.0008267746
       -0.0060273882   0.0066746014   0.0061254468   0.0105828757   0.1012505184
        0.0554864909   0.0893746921
        0.0000367506   0.0000098229   0.0000668783  -0.0000328352  -0.0001424144
       -0.0000266237   0.0012827748   0.0018962745   0.0001692658  -0.0009985505
       -0.0001774602  -0.0002033110  -0.0147748473  -0.0074046234  -0.0048745039
       -0.0402861539  -0.0884528370  -0.0835895353   0.0000081316   0.0000061399
        0.0000145190   0.0000446585  -0.0000074564   0.0000272749  -0.0000172606
       -0.0000017227   0.0000054918   0.0000010288  -0.0000163826  -0.0000453613
        0.0000465524   0.0000240598  -0.0000133185   0.0076774247   0.0077905410
        0.0159447572  -0.0084741649  -0.0133832973  -0.0228568343   0.0554864909
        0.0998593559   0.0953813009
       -0.0000109032  -0.0000527058   0.0000350984   0.0000814640  -0.0000026810
       -0.0004023728   0.0010191199  -0.0015232509   0.0007725836   0.0002256665
        0.0010420574  -0.0005107899   0.0007787927   0.0033393806   0.0095367784
       -0.0780256206  -0.0839480386  -0.1919852957   0.0000122031   0.0000066496
       -0.0000202520   0.0000354917   0.0000431415   0.0000009915  -0.0000342048
        0.0000015662  -0.0000020543   0.0000248037   0.0000137127   0.0000046725
        0.0000365630   0.0000276490   0.0000291036  -0.0106664237  -0.0091479345
       -0.0249010881  -0.0028516445  -0.0051808472  -0.0078615813   0.0893746921
        0.0953813009   0.2153042062
