           1           2   1.03164748517344     
           2           3   1.87000831734296     
           3           4   1.02590745197381     
           4           5  0.978809335783677     
           5           6  0.964792060081486     
           5           7  0.977814557769290     
           2           8  0.994743699671103     
           7           8  0.968361242110440     
           8           9  0.947842294857078     
           8          10  0.987461670180853     
           5          11  0.996298868595747     
          11          12   1.92965047300692     
          11          13   1.02421845953563     
           1          14  0.984234030414683     
           1          15  0.968782316736298     
           1          16  0.967735211104069     
           3          17  0.967529074219645     
           4          18  0.978289431682291     
           4          19  0.956847334730898     
           7          20  0.978692204063765     
           7          21  0.978586445610840     
          10          22  0.864429219380467     
          12          23  0.974666866184617     
          12          24  0.972915180670017     
          13          25  0.971462195980492     
          13          26  0.969914554528178     
          13          27  0.984372571855532     
