           1           2  0.984569038557264     
           2           3  0.957436656707685     
           2           4  0.974815760556419     
           4           5  0.953519483271322     
           4           6  0.962077925556070     
           6           7  0.956977351049545     
           6           8  0.963992106117306     
           8           9  0.955264853461095     
           8          10  0.946427552345386     
          10          11  0.944376003364545     
           2          12  0.951781872930659     
          10          12  0.978662034025142     
          10          13  0.998056774725999     
           8          14   1.00452834071006     
           6          15  0.998996448933673     
           4          16  0.998373366522293     
           1          17  0.996750966218559     
           1          18  0.967364874738013     
           1          19  0.968602648424060     
          13          20  0.814439792213404     
          14          21  0.855721883506786     
          15          22  0.854405629217360     
          16          23  0.841225041519210     
          17          24  0.838372252506804     
