$hessian                                                                        
        0.3295836424   0.0415111214  -0.0001383970  -0.1166731205  -0.0566959477
        0.0002533493  -0.0042270339  -0.0089403528  -0.0033626403  -0.0042143715
       -0.0088911283   0.0034311614  -0.0436854706  -0.0075539404   0.0000480497
       -0.0930857181   0.0496646055  -0.0002132474  -0.0338499300  -0.0045705237
       -0.0018540143  -0.0338479979  -0.0045238340   0.0018357385
        0.0415111214   0.4258333301   0.0004260563  -0.0616121471  -0.0987779701
        0.0001873226  -0.0214853570  -0.0224612356  -0.0151598980  -0.0212887118
       -0.0221046914   0.0152588523   0.0162118272   0.0059846145  -0.0000084624
        0.0513125242  -0.0613945309   0.0001496086  -0.0023264898  -0.1145254461
       -0.1139936014  -0.0023227671  -0.1125540706   0.1131401220
       -0.0001383970   0.0004260563   0.5248074513   0.0002753594   0.0001815792
       -0.0584503682  -0.0220054145  -0.0283164936  -0.0110318760   0.0221738336
        0.0284136766  -0.0113978316  -0.0000497137   0.0000006440   0.0051725879
       -0.0002198922   0.0001500583  -0.0260075007   0.0030441675  -0.1130349296
       -0.2105563512  -0.0030799431   0.1121794090  -0.2125361115
       -0.1166731205  -0.0616121471   0.0002753594   0.4280826166   0.0503352593
       -0.0002198508  -0.0516003005  -0.0246675272  -0.0267212317  -0.0515756163
       -0.0244000251   0.0268540879  -0.1792648748   0.0658286990  -0.0002143368
       -0.0295089003   0.0038684239  -0.0000117346   0.0002649887  -0.0046905570
       -0.0030439883   0.0002752070  -0.0046621258   0.0030816951
       -0.0566959477  -0.0987779701   0.0001815792   0.0503352593   0.4141268048
       -0.0001602820  -0.0124455378  -0.1135064450  -0.0854249852  -0.0123128511
       -0.1122174420   0.0852390421   0.0449514897  -0.0710863573   0.0000974827
        0.0102765382   0.0060028352  -0.0000297917  -0.0121291079  -0.0123541166
       -0.0032714689  -0.0119798427  -0.0121873091   0.0033684238
        0.0002533493   0.0001873226  -0.0584503682  -0.0002198508  -0.0001602820
        0.3814029427  -0.0094786128  -0.0749982460  -0.1376343011   0.0095102665
        0.0748194709  -0.1389682210  -0.0001306004   0.0000876080  -0.0429532187
       -0.0000388402  -0.0000274906  -0.0002057825  -0.0170468206  -0.0156891112
       -0.0015115511   0.0171511089   0.0157807283  -0.0016795001
       -0.0042270339  -0.0214853570  -0.0220054145  -0.0516003005  -0.0124455378
       -0.0094786128   0.0586781282   0.0027703748   0.0052023352   0.0073510917
        0.0020915918  -0.0007430771  -0.0082322225   0.0323084365   0.0273909811
        0.0018290221  -0.0011072919  -0.0002966435  -0.0042379276  -0.0032269663
        0.0004788787   0.0004392424   0.0010947500  -0.0005484471
       -0.0089403528  -0.0224612356  -0.0283164936  -0.0246675272  -0.1135064450
       -0.0749982460   0.0027703748   0.1554166828   0.1310464192   0.0021019322
        0.0163962311   0.0010400692   0.0309077202  -0.0348860575  -0.0293395714
        0.0019001908   0.0005991051   0.0004602009  -0.0051747782  -0.0031592470
        0.0008251978   0.0011024401   0.0016009660  -0.0007175761
       -0.0033626403  -0.0151598980  -0.0110318760  -0.0267212317  -0.0854249852
       -0.1376343011   0.0052023352   0.1310464192   0.2367366214   0.0006602414
       -0.0018261499  -0.0787921102   0.0253511835  -0.0280578982  -0.0107734897
        0.0008876869   0.0005246914   0.0005150891  -0.0022505714  -0.0016094871
        0.0014431701   0.0002329964   0.0005073078  -0.0004631037
       -0.0042143715  -0.0212887118   0.0221738336  -0.0515756163  -0.0123128511
        0.0095102665   0.0073510917   0.0021019322   0.0006602414   0.0586735886
        0.0026356945  -0.0050876430  -0.0082672125   0.0321057787  -0.0276544872
        0.0018322058  -0.0011087196   0.0003070732   0.0004381510   0.0010968003
        0.0005394849  -0.0042378368  -0.0032299231  -0.0004487694
       -0.0088911283  -0.0221046914   0.0284136766  -0.0244000251  -0.1122174420
        0.0748194709   0.0020915918   0.0163962311  -0.0018261499   0.0026356945
        0.1533048256  -0.1303726393   0.0307233061  -0.0344193608   0.0295077228
        0.0018942727   0.0005949891  -0.0004587523   0.0011017874   0.0016013229
        0.0007027156  -0.0051554991  -0.0031558744  -0.0007860445
        0.0034311614   0.0152588523  -0.0113978316   0.0268540879   0.0852390421
       -0.1389682210  -0.0007430771   0.0010400692  -0.0787921102  -0.0050876430
       -0.1303726393   0.2388601436  -0.0256043007   0.0282267654  -0.0111959870
       -0.0009070521  -0.0005242646   0.0005214594  -0.0002425785  -0.0005179840
       -0.0004666083   0.0022994022   0.0016501588   0.0014391550
       -0.0436854706   0.0162118272  -0.0000497137  -0.1792648748   0.0449514897
       -0.0001306004  -0.0082322225   0.0309077202   0.0253511835  -0.0082672125
        0.0307233061  -0.0256043007   0.2457556075  -0.1215986310   0.0004235191
       -0.0076921378  -0.0034561733   0.0000184537   0.0006946700   0.0011342145
        0.0005089334   0.0006916406   0.0011262466  -0.0005174749
       -0.0075539404   0.0059846145   0.0000006440   0.0658286990  -0.0710863573
        0.0000876080   0.0323084365  -0.0348860575  -0.0280578982   0.0321057787
       -0.0344193608   0.0282267654  -0.1215986310   0.1342819885  -0.0002595157
       -0.0017528293  -0.0001290210   0.0000025980   0.0003328415   0.0001313761
        0.0002474550   0.0003296451   0.0001228174  -0.0002476566
        0.0000480497  -0.0000084624   0.0051725879  -0.0002143368   0.0000974827
       -0.0429532187   0.0273909811  -0.0293395714  -0.0107734897  -0.0276544872
        0.0295077228  -0.0111959870   0.0004235191  -0.0002595157   0.0590084087
        0.0000114106   0.0000024395   0.0006866030   0.0004342649   0.0004202075
        0.0000264413  -0.0004394013  -0.0004203030   0.0000286545
       -0.0930857181   0.0513125242  -0.0002198922  -0.0295089003   0.0102765382
       -0.0000388402   0.0018290221   0.0019001908   0.0008876869   0.0018322058
        0.0018942727  -0.0009070521  -0.0076921378  -0.0017528293   0.0000114106
        0.1458183321  -0.0818056863   0.0003421050  -0.0095918066   0.0090978774
        0.0030037909  -0.0096009973   0.0090771124  -0.0030792089
        0.0496646055  -0.0613945309   0.0001500583   0.0038684239   0.0060028352
       -0.0000274906  -0.0011072919   0.0005991051   0.0005246914  -0.0011087196
        0.0005949891  -0.0005242646  -0.0034561733  -0.0001290210   0.0000024395
       -0.0818056863   0.0751255589  -0.0002379624   0.0170316653  -0.0104433025
       -0.0012662728   0.0169131765  -0.0103556339   0.0013788013
       -0.0002132474   0.0001496086  -0.0260075007  -0.0000117346  -0.0000297917
       -0.0002057825  -0.0002966435   0.0004602009   0.0005150891   0.0003070732
       -0.0004587523   0.0005214594   0.0000184537   0.0000025980   0.0006866030
        0.0003421050  -0.0002379624   0.0191371211   0.0138140142  -0.0091293588
        0.0027214821  -0.0139600207   0.0092434577   0.0026315285
       -0.0338499300  -0.0023264898   0.0030441675   0.0002649887  -0.0121291079
       -0.0170468206  -0.0042379276  -0.0051747782  -0.0022505714   0.0004381510
        0.0011017874  -0.0002425785   0.0006946700   0.0003328415   0.0004342649
       -0.0095918066   0.0170316653   0.0138140142   0.0443955538   0.0009885329
        0.0013125616   0.0018863007   0.0001755489   0.0009349623
       -0.0045705237  -0.1145254461  -0.1130349296  -0.0046905570  -0.0123541166
       -0.0156891112  -0.0032269663  -0.0031592470  -0.0016094871   0.0010968003
        0.0016013229  -0.0005179840   0.0011342145   0.0001313761   0.0004202075
        0.0090978774  -0.0104433025  -0.0091293588   0.0009885329   0.1295078640
        0.1282993143   0.0001706221   0.0092415491   0.0112613490
       -0.0018540143  -0.1139936014  -0.2105563512  -0.0030439883  -0.0032714689
       -0.0015115511   0.0004788787   0.0008251978   0.0014431701   0.0005394849
        0.0007027156  -0.0004666083   0.0005089334   0.0002474550   0.0000264413
        0.0030037909  -0.0012662728   0.0027214821   0.0013125616   0.1282993143
        0.2305952887  -0.0009456468  -0.0115433396  -0.0222518717
       -0.0338479979  -0.0023227671  -0.0030799431   0.0002752070  -0.0119798427
        0.0171511089   0.0004392424   0.0011024401   0.0002329964  -0.0042378368
       -0.0051554991   0.0022994022   0.0006916406   0.0003296451  -0.0004394013
       -0.0096009973   0.0169131765  -0.0139600207   0.0018863007   0.0001706221
       -0.0009456468   0.0443944412   0.0009422251  -0.0012584956
       -0.0045238340  -0.1125540706   0.1121794090  -0.0046621258  -0.0121873091
        0.0157807283   0.0010947500   0.0016009660   0.0005073078  -0.0032299231
       -0.0031558744   0.0016501588   0.0011262466   0.0001228174  -0.0004203030
        0.0090771124  -0.0103556339   0.0092434577   0.0001755489   0.0092415491
       -0.0115433396   0.0009422251   0.1272875554  -0.1273974190
        0.0018357385   0.1131401220  -0.2125361115   0.0030816951   0.0033684238
       -0.0016795001  -0.0005484471  -0.0007175761  -0.0004631037  -0.0004487694
       -0.0007860445   0.0014391550  -0.0005174749  -0.0002476566   0.0000286545
       -0.0030792089   0.0013788013   0.0026315285   0.0009349623   0.0112613490
       -0.0222518717  -0.0012584956  -0.1273974190   0.2328312491
