           1           2   1.44934542986225     
           2           3   1.35040545153192     
           3           4   1.37349185347204     
           4           5   1.36940839018831     
           1           6   1.44155788456817     
           5           6   1.34371421573088     
           5           7   1.11624932339500     
           3           8  0.995377809240563     
           8           9   1.42562150530452     
           8          10   1.42742880626512     
           9          10  0.325550629048806     
           1          11  0.964358383624148     
           2          12  0.960859923910384     
           4          13  0.958600570433027     
           6          14  0.961014042084101     
           7          15  0.823986011831333     
