           1           2  0.973439196638675     
           2           3  0.955218460989994     
           2           4  0.967040763434182     
           4           5  0.957313322062652     
           4           6  0.963690813325255     
           6           7  0.954395316343620     
           6           8  0.974326599694328     
           8           9  0.959559156883613     
           8          10  0.947152143078682     
          10          11  0.948357963769286     
           2          12  0.956337017714109     
          10          12  0.971902699834989     
          10          13   1.00005728146769     
           8          14   1.00276815343607     
           6          15   1.00000484883087     
           4          16   1.00238149206818     
           1          17   1.00883388813740     
           1          18  0.967920250745898     
           1          19  0.965128868142935     
          13          20  0.839171146152681     
          14          21  0.843495286514200     
          15          22  0.840487088753740     
          16          23  0.851174684258405     
          17          24  0.854608203914660     
