           1           2   1.03845494230627     
           2           3   1.38368672074633     
           3           4   1.48341737867116     
           4           5   1.34460173511205     
           5           6   1.34889523717189     
           2           7   1.38568378932841     
           6           7   1.48036318428390     
           5           8   1.10211140933672     
           8           9   1.79139802158593     
           1          10  0.975731930396237     
           1          11  0.953540364974921     
           1          12  0.978282496568888     
           3          13  0.966396520298819     
           4          14  0.966637424002440     
           6          15  0.966014943049684     
           7          16  0.966189457351795     
           8          17  0.933493066025505     
