$hessian                                                                        
        0.5072948494   0.0507762197  -0.0000143427  -0.0801463746   0.0277174552
       -0.0000095443  -0.0265121089   0.0345422437  -0.0000104563  -0.0046325830
       -0.0009657447  -0.0000006026  -0.0015432150   0.0018848974   0.0000004211
        0.0001435946   0.0003842556   0.0000000095  -0.0005228739   0.0003640538
        0.0000000282   0.0006609458   0.0006656688  -0.0000002085   0.0003613682
        0.0004654906  -0.0000000233  -0.0598454918  -0.0311324704   0.0507358716
       -0.0597979879  -0.0311137264  -0.0506588617  -0.2727533921  -0.0543389386
       -0.0000415621  -0.0001290796  -0.0001555222  -0.0000000895  -0.0005488000
        0.0000690675   0.0000000608  -0.0000106823   0.0001030921  -0.0000000251
       -0.0020559990   0.0008013414  -0.0000006665   0.0000378301  -0.0000673833
       -0.0000000088
        0.0507762197   0.4216385366   0.0000263254   0.0432798677  -0.1973752724
        0.0000428948   0.0190975243   0.0000736084   0.0000002804   0.0000139105
       -0.0001129854   0.0000009173  -0.0002590021  -0.0012721553   0.0000002748
       -0.0000172664   0.0006268763  -0.0000000139   0.0027480636   0.0008894948
       -0.0000001019  -0.0038140917   0.0009984615  -0.0000015230  -0.0010210754
       -0.0008387061   0.0000000418  -0.0316860902  -0.0886876186   0.0883134623
       -0.0316658996  -0.0887595891  -0.0883725135  -0.0474284984  -0.0487635371
       -0.0000098944   0.0004398833   0.0006734399   0.0000000036   0.0001955208
        0.0003125671  -0.0000000885  -0.0002068588   0.0001424843  -0.0000000271
       -0.0008294430   0.0005096019  -0.0000000825   0.0003772359  -0.0000552068
        0.0000000445
       -0.0000143427   0.0000263254   0.4872589856  -0.0000159390   0.0000463177
       -0.0459440868  -0.0000056535  -0.0000015789  -0.0042301926   0.0000004177
        0.0000005499   0.0014782599   0.0000006249   0.0000002655   0.0016011538
       -0.0000000179  -0.0000008079   0.0000223673  -0.0000002430   0.0000016265
        0.0010333840   0.0000014732  -0.0000000987  -0.0017496491  -0.0000004687
       -0.0000008622  -0.0000347563   0.0518534463   0.0880422224  -0.1974497165
       -0.0517758383  -0.0881030290  -0.1974221799  -0.0000428873  -0.0000107372
       -0.0436471072  -0.0000001059  -0.0000002251   0.0000056989   0.0000000543
       -0.0000001157  -0.0002417917  -0.0000000007  -0.0000000375  -0.0003881532
       -0.0000004696   0.0000001291  -0.0003095140  -0.0000000497   0.0000000559
        0.0000172979
       -0.0801463746   0.0432798677  -0.0000159390   0.4250572294  -0.0715990711
        0.0000230928  -0.2458586287  -0.0234095060   0.0000071206  -0.0370859526
        0.0206470910  -0.0000015760   0.0056279092   0.0017008793  -0.0000018482
       -0.0025545628  -0.0019558185   0.0000001617   0.0067403602   0.0021581321
       -0.0000005841  -0.0499296152  -0.0066833226   0.0000001808  -0.0076161952
       -0.0061041159   0.0000002368   0.0034063844   0.0026026538  -0.0052607260
        0.0034015507   0.0026167100   0.0052610091  -0.0220805319   0.0340099506
       -0.0000120650   0.0010985545  -0.0001441815   0.0000001413  -0.0010947138
        0.0008904426   0.0000000886  -0.0005772364  -0.0001627784   0.0000002908
        0.0007045757   0.0018147325   0.0000004277   0.0009072472   0.0003383344
       -0.0000000118
        0.0277174552  -0.1973752724   0.0000463177  -0.0715990711   0.3704893832
       -0.0000813813   0.0028463108  -0.0835015056   0.0000089819   0.0427884174
       -0.0065305959   0.0000007761   0.0004479123  -0.0058912565   0.0000002948
        0.0001467674   0.0014573039  -0.0000000400  -0.0017069976  -0.0063786113
        0.0000008275  -0.0312881446   0.0026393643   0.0000018707  -0.0011715242
        0.0005318337  -0.0000000136   0.0116886412  -0.0376747517   0.0096527828
        0.0116971277  -0.0376881760  -0.0096314049   0.0064648693  -0.0010960690
        0.0000018374  -0.0005999936   0.0015326820  -0.0000006095   0.0015981884
       -0.0007465498  -0.0000001934   0.0001278601  -0.0001554750  -0.0000001725
        0.0015570534   0.0005676281   0.0000001055  -0.0007148721  -0.0001799319
        0.0000000209
       -0.0000095443   0.0000428948  -0.0459440868   0.0000230928  -0.0000813813
        0.0613710415  -0.0000029584   0.0000126116  -0.0357776088  -0.0000022421
       -0.0000014435   0.0039299123  -0.0000018064   0.0000005004   0.0043717701
        0.0000004570   0.0000014315  -0.0000376703   0.0000007458  -0.0000013110
        0.0072928995  -0.0000010505  -0.0000000579   0.0050032612   0.0000005264
        0.0000008753   0.0000318599  -0.0117733500   0.0250667211   0.0023533358
        0.0117709497  -0.0250475205   0.0023763641  -0.0000043665   0.0000062540
        0.0008814386   0.0000001197   0.0000000843  -0.0027502452  -0.0000003039
        0.0000001522   0.0000742385  -0.0000000368   0.0000000168  -0.0011088178
       -0.0000002787   0.0000002759  -0.0017246808   0.0000000460  -0.0000001036
       -0.0003430119
       -0.0265121089   0.0190975243  -0.0000056535  -0.2458586287   0.0028463108
       -0.0000029584   0.6037751998   0.0235491195   0.0000078681  -0.1060673887
        0.1005238545  -0.0000041949  -0.0236756888   0.0308473951  -0.0000003396
        0.0041461961  -0.0062098026  -0.0000000252  -0.0519917609  -0.0217150883
        0.0000005101  -0.1655001587  -0.1446486001   0.0000028680   0.0018395236
        0.0091602800  -0.0000002458   0.0017133239  -0.0017832634   0.0020026262
        0.0017121996  -0.0017840534  -0.0020012764  -0.0019760803   0.0030425448
       -0.0000001942   0.0059738021  -0.0192711615   0.0000013705  -0.0048004012
        0.0004403744  -0.0000001515   0.0015298937  -0.0001594055  -0.0000002162
        0.0081746590   0.0079513285  -0.0000001451  -0.0024825815  -0.0018873570
        0.0000001580
        0.0345422437   0.0000736084  -0.0000015789  -0.0234095060  -0.0835015056
        0.0000126116   0.0235491195   0.6648425780  -0.0000307474   0.0282817100
       -0.2770377934   0.0000106339   0.0891348397   0.0137821293  -0.0000002184
       -0.0105668905  -0.0636232726   0.0000020160  -0.0740330058   0.0430731249
       -0.0000016509  -0.0698584117  -0.2450283574   0.0000048264   0.0060851938
        0.0014146907   0.0000003157   0.0004594840   0.0008129708  -0.0001124908
        0.0004600228   0.0008116549   0.0001123619   0.0030702735  -0.0050227885
        0.0000014688   0.0063760303  -0.0259077122   0.0000006635   0.0001286631
        0.0013695044   0.0000001799  -0.0000124234  -0.0006566322  -0.0000000235
       -0.0147206599  -0.0251064250   0.0000015952   0.0005133169  -0.0002957747
        0.0000000370
       -0.0000104563   0.0000002804  -0.0042301926   0.0000071206   0.0000089819
       -0.0357776088   0.0000078681  -0.0000307474   0.1295718147  -0.0000029456
        0.0000123733  -0.0507609183  -0.0000019277  -0.0000003803  -0.0017578345
        0.0000001858   0.0000012024  -0.0042892614   0.0000016422  -0.0000013622
       -0.0061456575   0.0000019846   0.0000053747  -0.0448526518  -0.0000000404
        0.0000002297   0.0052870883  -0.0014315010   0.0006115804   0.0005364334
        0.0014302188  -0.0006124654   0.0005359874  -0.0000024377   0.0000029080
        0.0005592839  -0.0000002328   0.0000011051   0.0010803377   0.0000001551
        0.0000002390   0.0084138240   0.0000000148   0.0000000198   0.0004593020
        0.0000003584   0.0000006028  -0.0002259892  -0.0000000071   0.0000000579
        0.0015960428
       -0.0046325830   0.0000139105   0.0000004177  -0.0370859526   0.0427884174
       -0.0000022421  -0.1060673887   0.0282817100  -0.0000029456   0.6987589734
        0.0144918255  -0.0000019367  -0.3465171861   0.0721538067   0.0000009550
       -0.0507069304  -0.0711174348   0.0000028821  -0.0379982533   0.0365296962
       -0.0000009552   0.0487445226   0.0078746557  -0.0000000660   0.0000534515
       -0.0026287522   0.0000001496  -0.0005390904   0.0004824382  -0.0003350506
       -0.0005393122   0.0004831403   0.0003347074  -0.0005842186   0.0015347519
       -0.0000004645  -0.1467447546  -0.1281433334   0.0000048844  -0.0136419776
        0.0041750576  -0.0000006198  -0.0013747413  -0.0032583294  -0.0000000494
       -0.0019531875  -0.0036184525   0.0000002931   0.0008286287  -0.0000431077
        0.0000000406
       -0.0009657447  -0.0001129854   0.0000005499   0.0206470910  -0.0065305959
       -0.0000014435   0.1005238545  -0.2770377934   0.0000123733   0.0144918255
        0.6391357215  -0.0000228721  -0.0033962565  -0.0976514807   0.0000012402
       -0.0144344126   0.0382335870  -0.0000010189   0.0319831549  -0.0225871965
        0.0000005470  -0.0408938386  -0.0573574102   0.0000016647  -0.0014382922
        0.0000193365  -0.0000000827   0.0005018319  -0.0005067375   0.0002118756
        0.0005015370  -0.0005067429  -0.0002114939  -0.0003019502  -0.0000962342
        0.0000000060  -0.1287164876  -0.2029070387   0.0000079722   0.0281885909
       -0.0063258972   0.0000000062  -0.0035405782  -0.0031466179   0.0000004994
       -0.0029650161  -0.0028254287   0.0000001572  -0.0001853089   0.0002035141
        0.0000000194
       -0.0000006026   0.0000009173   0.0014782599  -0.0000015760   0.0000007761
        0.0039299123  -0.0000041949   0.0000106339  -0.0507609183  -0.0000019367
       -0.0000228721   0.1048978878   0.0000027164   0.0000011079  -0.0419743628
        0.0000007231  -0.0000012012   0.0021799038  -0.0000008894   0.0000009644
       -0.0043655529   0.0000010377   0.0000015735   0.0010011076  -0.0000001393
       -0.0000003088  -0.0001154626   0.0001977151  -0.0002308728   0.0000064065
       -0.0001980264   0.0002310723   0.0000063357  -0.0000000291   0.0000000302
        0.0001043846   0.0000053655   0.0000073583  -0.0307054599  -0.0000006238
        0.0000001779   0.0003548723   0.0000003154   0.0000004126   0.0069357002
        0.0000001155   0.0000002206   0.0070258759   0.0000000297   0.0000000099
        0.0000011100
       -0.0015432150  -0.0002590021   0.0000006249   0.0056279092   0.0004479123
       -0.0000018064  -0.0236756888   0.0891348397  -0.0000019277  -0.3465171861
       -0.0033962565   0.0000027164   0.6705961176  -0.0085814030  -0.0000064349
       -0.1855134522  -0.0783874709   0.0000051923   0.0561399055  -0.0513191311
        0.0000013544  -0.0524109337  -0.0208586624   0.0000005794  -0.0000019800
        0.0067266166  -0.0000001549   0.0003921590  -0.0003598489   0.0003786657
        0.0003919341  -0.0003598213  -0.0003784320  -0.0001330371   0.0000334336
        0.0000001202  -0.0204519417   0.0004796168   0.0000001239  -0.0799112220
        0.0898211761  -0.0000014309  -0.0215499784  -0.0229548513   0.0000011952
       -0.0002734466  -0.0004364590  -0.0000003123  -0.0011659437   0.0002693116
       -0.0000000731
        0.0018848974  -0.0012721553   0.0000002655   0.0017008793  -0.0058912565
        0.0000005004   0.0308473951   0.0137821293  -0.0000003803   0.0721538067
       -0.0976514807   0.0000011079  -0.0085814030   0.6691380894  -0.0000195262
       -0.1555456463  -0.2411569499   0.0000093006   0.0105310794  -0.0654194056
        0.0000020478  -0.0224782417  -0.0058627388   0.0000003288   0.0022228519
       -0.0036912514   0.0000001267   0.0001354874   0.0000560716  -0.0000406272
        0.0001354156   0.0000560177   0.0000405837   0.0001531152  -0.0003693387
        0.0000002013  -0.0234001611   0.0018032910  -0.0000001812   0.0898276657
       -0.2667267498   0.0000063642   0.0013457256   0.0027245399  -0.0000000176
       -0.0003939575   0.0006305845  -0.0000000852  -0.0005389099  -0.0001493968
       -0.0000000089
        0.0000004211   0.0000002748   0.0016011538  -0.0000018482   0.0000002948
        0.0043717701  -0.0000003396  -0.0000002184  -0.0017578345   0.0000009550
        0.0000012402  -0.0419743628  -0.0000064349  -0.0000195262   0.1150949570
        0.0000078222   0.0000092962  -0.0434519349  -0.0000002349   0.0000021767
       -0.0018751067   0.0000004421  -0.0000000768  -0.0024644490  -0.0000001049
        0.0000000352   0.0068007088   0.0001963598  -0.0002294104  -0.0000002143
       -0.0001963509   0.0002296362  -0.0000002533   0.0000001503  -0.0000001729
       -0.0000105649   0.0000009927  -0.0000000818  -0.0010048321  -0.0000021025
        0.0000062945  -0.0342526309   0.0000002572   0.0000002796  -0.0009800009
        0.0000000024  -0.0000000361  -0.0003130623   0.0000000132  -0.0000000055
        0.0002166569
        0.0001435946  -0.0000172664  -0.0000000179  -0.0025545628   0.0001467674
        0.0000004570   0.0041461961  -0.0105668905   0.0000001858  -0.0507069304
       -0.0144344126   0.0000007231  -0.1855134522  -0.1555456463   0.0000078222
        0.6766445766   0.0044424141  -0.0000103118  -0.1297287007   0.1303889087
       -0.0000025848  -0.0185450809   0.0286622735  -0.0000004548   0.0035337375
       -0.0306041207   0.0000006209  -0.0000196599   0.0001110382   0.0000501550
       -0.0000195638   0.0001110002  -0.0000502433   0.0000966124  -0.0001119792
       -0.0000000615  -0.0053283340   0.0008654606   0.0000000843   0.0060809689
        0.0082556137  -0.0000005320  -0.2946904562   0.0391575901   0.0000040962
       -0.0057124788   0.0010046180   0.0000000154   0.0021735336  -0.0018653688
        0.0000000464
        0.0003842556   0.0006268763  -0.0000008079  -0.0019558185   0.0014573039
        0.0000014315  -0.0062098026  -0.0636232726   0.0000012024  -0.0711174348
        0.0382335870  -0.0000012012  -0.0783874709  -0.2411569499   0.0000092962
        0.0044424141   0.6548880312  -0.0000166149   0.0479236082  -0.2730979242
        0.0000045604   0.0796107164   0.0082586626  -0.0000005912  -0.0001958605
       -0.0535076177   0.0000018604  -0.0003995098   0.0002630198  -0.0002323174
       -0.0003993080   0.0002630431   0.0002322027   0.0000630798   0.0000765620
       -0.0000000492   0.0013473569   0.0010894094   0.0000001279  -0.0160588646
       -0.0258532028   0.0000008860   0.0383836342  -0.0501816908  -0.0000003807
        0.0002961333   0.0008491507   0.0000003950   0.0022728714   0.0014150120
       -0.0000000000
        0.0000000095  -0.0000000139   0.0000223673   0.0000001617  -0.0000000400
       -0.0000376703  -0.0000000252   0.0000020160  -0.0042892614   0.0000028821
       -0.0000010189   0.0021799038   0.0000051923   0.0000093006  -0.0434519349
       -0.0000103118  -0.0000166149   0.1037591744   0.0000000333   0.0000041419
       -0.0494157938  -0.0000024052  -0.0000005227   0.0008578729   0.0000000228
        0.0000016576   0.0059150534   0.0000396040  -0.0000013846  -0.0000055669
       -0.0000395663   0.0000013530  -0.0000055219  -0.0000000107   0.0000000311
       -0.0000160594   0.0000000591   0.0000002847   0.0075192491   0.0000004788
        0.0000008197   0.0006130155   0.0000039277  -0.0000001130  -0.0292352911
        0.0000000239   0.0000000911   0.0068822112  -0.0000000760   0.0000000123
       -0.0012917480
       -0.0005228739   0.0027480636  -0.0000002430   0.0067403602  -0.0017069976
        0.0000007458  -0.0519917609  -0.0740330058   0.0000016422  -0.0379982533
        0.0319831549  -0.0000008894   0.0561399055   0.0105310794  -0.0000002349
       -0.1297287007   0.0479236082   0.0000000333   0.6480131647  -0.0267549862
       -0.0000010680  -0.3002872851   0.0806164371  -0.0000021140  -0.1308695936
       -0.0709340664   0.0000024692  -0.0006607452  -0.0000617591   0.0000516300
       -0.0006602392  -0.0000620191  -0.0000519599   0.0003124263   0.0000046374
       -0.0000000568   0.0000398724   0.0010318412  -0.0000002429  -0.0014610210
       -0.0033376619   0.0000001796  -0.0161806099   0.0273251259  -0.0000007934
       -0.0125916937   0.0051831543   0.0000002410  -0.0282929526  -0.0304566060
        0.0000006611
        0.0003640538   0.0008894948   0.0000016265   0.0021581321  -0.0063786113
       -0.0000013110  -0.0217150883   0.0430731249  -0.0000013622   0.0365296962
       -0.0225871965   0.0000009644  -0.0513191311  -0.0654194056   0.0000021767
        0.1303889087  -0.2730979242   0.0000041419  -0.0267549862   0.6446257986
       -0.0000121174   0.0053521171  -0.0947948114   0.0000008028  -0.0996915724
       -0.2193426166   0.0000045990   0.0001360848  -0.0002306793  -0.0001057388
        0.0001357514  -0.0002305675   0.0001055501   0.0002004256   0.0001401012
       -0.0000000278   0.0008462085   0.0005805409   0.0000001288  -0.0027095316
       -0.0013613712   0.0000004412   0.0025532122  -0.0051310514   0.0000003874
        0.0304990674  -0.0080947867   0.0000000447  -0.0069733482   0.0073599612
       -0.0000003063
        0.0000000282  -0.0000001019   0.0010333840  -0.0000005841   0.0000008275
        0.0072928995   0.0000005101  -0.0000016509  -0.0061456575  -0.0000009552
        0.0000005470  -0.0043655529   0.0000013544   0.0000020478  -0.0018751067
       -0.0000025848   0.0000045604  -0.0494157938  -0.0000010680  -0.0000121174
        0.1296513315   0.0000007090   0.0000010996  -0.0478719254   0.0000027697
        0.0000047754  -0.0361037691   0.0004685338   0.0000495119  -0.0001984200
       -0.0004684020  -0.0000495217  -0.0001984815   0.0000000298  -0.0000001446
       -0.0000159791  -0.0000000341   0.0000000152   0.0005015756   0.0000002484
        0.0000003426   0.0079048103   0.0000001164  -0.0000002890  -0.0000992773
       -0.0000006919   0.0000002812   0.0012813904   0.0000000204  -0.0000001833
       -0.0013754280
        0.0006609458  -0.0038140917   0.0000014732  -0.0499296152  -0.0312881446
       -0.0000010505  -0.1655001587  -0.0698584117   0.0000019846   0.0487445226
       -0.0408938386   0.0000010377  -0.0524109337  -0.0224782417   0.0000004421
       -0.0185450809   0.0796107164  -0.0000024052  -0.3002872851   0.0053521171
        0.0000007090   0.6546763319   0.0120037389  -0.0000009908  -0.0433441464
       -0.0136943240   0.0000001838   0.0002666264   0.0001891026  -0.0000164849
        0.0002661533   0.0001893657   0.0000159801   0.0002652185  -0.0004975669
        0.0000003468  -0.0004732051   0.0025223167  -0.0000001221  -0.0003563974
       -0.0005131713   0.0000002837  -0.0002475645   0.0018973210   0.0000001864
       -0.0719885869   0.0831816343  -0.0000015361  -0.0017968244  -0.0019085223
       -0.0000000377
        0.0006656688   0.0009984615  -0.0000000987  -0.0066833226   0.0026393643
       -0.0000000579  -0.1446486001  -0.2450283574   0.0000053747   0.0078746557
       -0.0573574102   0.0000015735  -0.0208586624  -0.0058627388  -0.0000000768
        0.0286622735   0.0082586626  -0.0000005227   0.0806164371  -0.0947948114
        0.0000010996   0.0120037389   0.6830048207  -0.0000117290  -0.0406061164
       -0.0017607455   0.0000002822  -0.0001533256   0.0004155914   0.0003273848
       -0.0001530392   0.0004155878  -0.0003276472   0.0004267018  -0.0006077153
        0.0000001807   0.0019100908  -0.0049342727   0.0000005577  -0.0005257420
        0.0007850725   0.0000001388   0.0023775694  -0.0048799154   0.0000002699
        0.0820803238  -0.2784127425   0.0000031806  -0.0029886515  -0.0028788517
        0.0000000897
       -0.0000002085  -0.0000015230  -0.0017496491   0.0000001808   0.0000018707
        0.0050032612   0.0000028680   0.0000048264  -0.0448526518  -0.0000000660
        0.0000016647   0.0010011076   0.0000005794   0.0000003288  -0.0024644490
       -0.0000004548  -0.0000005912   0.0008578729  -0.0000021140   0.0000008028
       -0.0478719254  -0.0000009908  -0.0000117290   0.1002795827   0.0000011479
        0.0000003018   0.0043740829  -0.0001055200  -0.0003658279   0.0001194453
        0.0001058382   0.0003655648   0.0001188399  -0.0000001456  -0.0000000927
        0.0003507854  -0.0000000654   0.0000004641   0.0061943111   0.0000000083
       -0.0000000465  -0.0000402144   0.0000001391   0.0000002483   0.0065054041
       -0.0000012674   0.0000036680  -0.0291989856   0.0000000709   0.0000000699
        0.0013731825
        0.0003613682  -0.0010210754  -0.0000004687  -0.0076161952  -0.0011715242
        0.0000005264   0.0018395236   0.0060851938  -0.0000000404   0.0000534515
       -0.0014382922  -0.0000001393  -0.0000019800   0.0022228519  -0.0000001049
        0.0035337375  -0.0001958605   0.0000000228  -0.1308695936  -0.0996915724
        0.0000027697  -0.0433441464  -0.0406061164   0.0000011479   0.5507744603
        0.0102590528  -0.0000012408   0.0002186982   0.0000825213  -0.0000529017
        0.0002186347   0.0000825697   0.0000531178  -0.0000538045   0.0000580531
       -0.0000000276  -0.0001120301  -0.0000995982  -0.0000000235   0.0000300413
       -0.0004636155  -0.0000000502   0.0018847470   0.0016736610  -0.0000000731
        0.0021142025  -0.0000402032  -0.0000000511  -0.3790311148   0.1242639545
       -0.0000024634
        0.0004654906  -0.0008387061  -0.0000008622  -0.0061041159   0.0005318337
        0.0000008753   0.0091602800   0.0014146907   0.0000002297  -0.0026287522
        0.0000193365  -0.0000003088   0.0067266166  -0.0036912514   0.0000000352
       -0.0306041207  -0.0535076177   0.0000016576  -0.0709340664  -0.2193426166
        0.0000047754  -0.0136943240  -0.0017607455   0.0000003018   0.0102590528
        0.3482857963  -0.0000083786   0.0001212285   0.0000915601  -0.0001304547
        0.0001211679   0.0000916381   0.0001306859  -0.0001074701   0.0000364854
       -0.0000000052  -0.0001423966  -0.0002439252  -0.0000000749  -0.0012148889
       -0.0030244812   0.0000000793  -0.0007451699   0.0025109998  -0.0000001079
       -0.0000725028   0.0008532445  -0.0000000969   0.0993939710  -0.0714262414
        0.0000016488
       -0.0000000233   0.0000000418  -0.0000347563   0.0000002368  -0.0000000136
        0.0000318599  -0.0000002458   0.0000003157   0.0052870883   0.0000001496
       -0.0000000827  -0.0001154626  -0.0000001549   0.0000001267   0.0068007088
        0.0000006209   0.0000018604   0.0059150534   0.0000024692   0.0000045990
       -0.0361037691   0.0000001838   0.0000002822   0.0043740829  -0.0000012408
       -0.0000083786   0.0259459890   0.0000289369   0.0000082910   0.0000057972
       -0.0000289534  -0.0000083485   0.0000058283  -0.0000000018  -0.0000000100
        0.0000033419   0.0000000034  -0.0000000500  -0.0013069649   0.0000000023
        0.0000000190  -0.0003166833  -0.0000000534  -0.0000001268  -0.0016057684
       -0.0000000137  -0.0000000747  -0.0032326230  -0.0000019158   0.0000015491
       -0.0056537221
       -0.0598454918  -0.0316860902   0.0518534463   0.0034063844   0.0116886412
       -0.0117733500   0.0017133239   0.0004594840  -0.0014315010  -0.0005390904
        0.0005018319   0.0001977151   0.0003921590   0.0001354874   0.0001963598
       -0.0000196599  -0.0003995098   0.0000396040  -0.0006607452   0.0001360848
        0.0004685338   0.0002666264  -0.0001533256  -0.0001055200   0.0002186982
        0.0001212285   0.0000289369   0.0658523018   0.0321896688  -0.0565455428
        0.0025731872   0.0028166435  -0.0079846489  -0.0116550792  -0.0153590952
        0.0264151158  -0.0000074401  -0.0001389671  -0.0000096820   0.0000230787
       -0.0000435309  -0.0000244360   0.0000510861  -0.0000365233  -0.0001196356
       -0.0017534020  -0.0002208132  -0.0011820123  -0.0000159371  -0.0000112147
       -0.0000233831
       -0.0311324704  -0.0886876186   0.0880422224   0.0026026538  -0.0376747517
        0.0250667211  -0.0017832634   0.0008129708   0.0006115804   0.0004824382
       -0.0005067375  -0.0002308728  -0.0003598489   0.0000560716  -0.0002294104
        0.0001110382   0.0002630198  -0.0000013846  -0.0000617591  -0.0002306793
        0.0000495119   0.0001891026   0.0004155914  -0.0003658279   0.0000825213
        0.0000915601   0.0000082910   0.0321896688   0.1203913370  -0.1092851157
        0.0028250672   0.0073470165  -0.0109631070  -0.0049932049  -0.0029071302
        0.0071375658  -0.0000461983   0.0001415016   0.0000360352  -0.0000173735
       -0.0000209843   0.0000265388   0.0000316447   0.0000037848   0.0000310674
       -0.0000371089   0.0005053264   0.0000792816  -0.0000829074  -0.0000002786
       -0.0000130973
        0.0507358716   0.0883134623  -0.1974497165  -0.0052607260   0.0096527828
        0.0023533358   0.0020026262  -0.0001124908   0.0005364334  -0.0003350506
        0.0002118756   0.0000064065   0.0003786657  -0.0000406272  -0.0000002143
        0.0000501550  -0.0002323174  -0.0000055669   0.0000516300  -0.0001057388
       -0.0001984200  -0.0000164849   0.0003273848   0.0001194453  -0.0000529017
       -0.0001304547   0.0000057972  -0.0565455428  -0.1092851157   0.2251303553
        0.0079979329   0.0109492354  -0.0286498558   0.0020134899   0.0010426864
       -0.0016979251   0.0000257391  -0.0001024586  -0.0000126245   0.0000019719
        0.0000073784   0.0000014698   0.0000094380  -0.0000570825   0.0000175061
       -0.0011220053  -0.0004488537  -0.0001698892   0.0000651910   0.0000103336
        0.0000134628
       -0.0597979879  -0.0316658996  -0.0517758383   0.0034015507   0.0116971277
        0.0117709497   0.0017121996   0.0004600228   0.0014302188  -0.0005393122
        0.0005015370  -0.0001980264   0.0003919341   0.0001354156  -0.0001963509
       -0.0000195638  -0.0003993080  -0.0000395663  -0.0006602392   0.0001357514
       -0.0004684020   0.0002661533  -0.0001530392   0.0001058382   0.0002186347
        0.0001211679  -0.0000289534   0.0025731872   0.0028250672   0.0079979329
        0.0657996524   0.0321629058   0.0564579344  -0.0116428452  -0.0153699096
       -0.0264140180  -0.0000074174  -0.0001389736   0.0000096842   0.0000230411
       -0.0000434996   0.0000244930   0.0000510893  -0.0000365233   0.0001196169
       -0.0017541599  -0.0002206338   0.0011811325  -0.0000159167  -0.0000112086
        0.0000233547
       -0.0311137264  -0.0887595891  -0.0881030290   0.0026167100  -0.0376881760
       -0.0250475205  -0.0017840534   0.0008116549  -0.0006124654   0.0004831403
       -0.0005067429   0.0002310723  -0.0003598213   0.0000560177   0.0002296362
        0.0001110002   0.0002630431   0.0000013530  -0.0000620191  -0.0002305675
       -0.0000495217   0.0001893657   0.0004155878   0.0003655648   0.0000825697
        0.0000916381  -0.0000083485   0.0028166435   0.0073470165   0.0109492354
        0.0321629058   0.1204809091   0.1093443309  -0.0049914204  -0.0029105252
       -0.0071400340  -0.0000461688   0.0001415214  -0.0000359610  -0.0000173021
       -0.0000209913  -0.0000264728   0.0000316626   0.0000038332  -0.0000310881
       -0.0000365459   0.0005056399  -0.0000797716  -0.0000829403  -0.0000002697
        0.0000130198
       -0.0506588617  -0.0883725135  -0.1974221799   0.0052610091  -0.0096314049
        0.0023763641  -0.0020012764   0.0001123619   0.0005359874   0.0003347074
       -0.0002114939   0.0000063357  -0.0003784320   0.0000405837  -0.0000002533
       -0.0000502433   0.0002322027  -0.0000055219  -0.0000519599   0.0001055501
       -0.0001984815   0.0000159801  -0.0003276472   0.0001188399   0.0000531178
        0.0001306859   0.0000058283  -0.0079846489  -0.0109631070  -0.0286498558
        0.0564579344   0.1093443309   0.2250902400  -0.0020164110  -0.0010497361
       -0.0017083137  -0.0000257189   0.0001023655  -0.0000126718  -0.0000019469
       -0.0000073918   0.0000014989  -0.0000094292   0.0000570470   0.0000176203
        0.0011213176   0.0004484916  -0.0001689783  -0.0000651383  -0.0000103250
        0.0000135416
       -0.2727533921  -0.0474284984  -0.0000428873  -0.0220805319   0.0064648693
       -0.0000043665  -0.0019760803   0.0030702735  -0.0000024377  -0.0005842186
       -0.0003019502  -0.0000000291  -0.0001330371   0.0001531152   0.0000001503
        0.0000966124   0.0000630798  -0.0000000107   0.0003124263   0.0002004256
        0.0000000298   0.0002652185   0.0004267018  -0.0000001456  -0.0000538045
       -0.0001074701  -0.0000000018  -0.0116550792  -0.0049932049   0.0020134899
       -0.0116428452  -0.0049914204  -0.0020164110   0.3202833310   0.0470890442
        0.0000526931  -0.0000201591   0.0000179662  -0.0000000598  -0.0000615220
        0.0000335484  -0.0000000064  -0.0000091464   0.0000148693  -0.0000000245
        0.0000158566   0.0002537547   0.0000000278  -0.0000036285   0.0000348960
       -0.0000000105
       -0.0543389386  -0.0487635371  -0.0000107372   0.0340099506  -0.0010960690
        0.0000062540   0.0030425448  -0.0050227885   0.0000029080   0.0015347519
       -0.0000962342   0.0000000302   0.0000334336  -0.0003693387  -0.0000001729
       -0.0001119792   0.0000765620   0.0000000311   0.0000046374   0.0001401012
       -0.0000001446  -0.0004975669  -0.0006077153  -0.0000000927   0.0000580531
        0.0000364854  -0.0000000100  -0.0153590952  -0.0029071302   0.0010426864
       -0.0153699096  -0.0029105252  -0.0010497361   0.0470890442   0.0610080707
        0.0000088427   0.0000397032   0.0001209585   0.0000000677   0.0001093410
       -0.0000227503   0.0000000331  -0.0000138221   0.0000381283   0.0000000580
       -0.0002052171   0.0003603859  -0.0000000238  -0.0000249310   0.0000153967
        0.0000000060
       -0.0000415621  -0.0000098944  -0.0436471072  -0.0000120650   0.0000018374
        0.0008814386  -0.0000001942   0.0000014688   0.0005592839  -0.0000004645
        0.0000000060   0.0001043846   0.0000001202   0.0000002013  -0.0000105649
       -0.0000000615  -0.0000000492  -0.0000160594  -0.0000000568  -0.0000000278
       -0.0000159791   0.0000003468   0.0000001807   0.0003507854  -0.0000000276
       -0.0000000052   0.0000033419   0.0264151158   0.0071375658  -0.0016979251
       -0.0264140180  -0.0071400340  -0.0017083137   0.0000526931   0.0000088427
        0.0453657243  -0.0000000229  -0.0000000136   0.0000194813  -0.0000000265
        0.0000000019  -0.0000177573   0.0000000269  -0.0000000019  -0.0000041170
        0.0000001750  -0.0000000980  -0.0001846789   0.0000000213   0.0000000195
        0.0000180626
       -0.0001290796   0.0004398833  -0.0000001059   0.0010985545  -0.0005999936
        0.0000001197   0.0059738021   0.0063760303  -0.0000002328  -0.1467447546
       -0.1287164876   0.0000053655  -0.0204519417  -0.0234001611   0.0000009927
       -0.0053283340   0.0013473569   0.0000000591   0.0000398724   0.0008462085
       -0.0000000341  -0.0004732051   0.0019100908  -0.0000000654  -0.0001120301
       -0.0001423966   0.0000000034  -0.0000074401  -0.0000461983   0.0000257391
       -0.0000074174  -0.0000461688  -0.0000257189  -0.0000201591   0.0000397032
       -0.0000000229   0.1663140032   0.1433320038  -0.0000061775   0.0007013555
       -0.0006789739   0.0000000109  -0.0011654687  -0.0012583443   0.0000000680
        0.0001845737   0.0005277750   0.0000000017   0.0001276689   0.0000696724
       -0.0000000026
       -0.0001555222   0.0006734399  -0.0000002251  -0.0001441815   0.0015326820
        0.0000000843  -0.0192711615  -0.0259077122   0.0000011051  -0.1281433334
       -0.2029070387   0.0000073583   0.0004796168   0.0018032910  -0.0000000818
        0.0008654606   0.0010894094   0.0000002847   0.0010318412   0.0005805409
        0.0000000152   0.0025223167  -0.0049342727   0.0000004641  -0.0000995982
       -0.0002439252  -0.0000000500  -0.0001389671   0.0001415016  -0.0001024586
       -0.0001389736   0.0001415214   0.0001023655   0.0000179662   0.0001209585
       -0.0000000136   0.1433320038   0.2281936140  -0.0000087094   0.0007211515
        0.0009417273  -0.0000001533   0.0001033913  -0.0000117355  -0.0000000049
       -0.0009766875  -0.0013414670   0.0000000341  -0.0000053230   0.0001274652
       -0.0000000144
       -0.0000000895   0.0000000036   0.0000056989   0.0000001413  -0.0000006095
       -0.0027502452   0.0000013705   0.0000006635   0.0010803377   0.0000048844
        0.0000079722  -0.0307054599   0.0000001239  -0.0000001812  -0.0010048321
        0.0000000843   0.0000001279   0.0075192491  -0.0000002429   0.0000001288
        0.0005015756  -0.0000001221   0.0000005577   0.0061943111  -0.0000000235
       -0.0000000749  -0.0013069649  -0.0000096820   0.0000360352  -0.0000126245
        0.0000096842  -0.0000359610  -0.0000126718  -0.0000000598   0.0000000677
        0.0000194813  -0.0000061775  -0.0000087094   0.0229957379  -0.0000000267
       -0.0000001123  -0.0027920464   0.0000000005   0.0000000237   0.0004760355
        0.0000001185   0.0000000887  -0.0000537038   0.0000000165  -0.0000000208
       -0.0001538785
       -0.0005488000   0.0001955208   0.0000000543  -0.0010947138   0.0015981884
       -0.0000003039  -0.0048004012   0.0001286631   0.0000001551  -0.0136419776
        0.0281885909  -0.0000006238  -0.0799112220   0.0898276657  -0.0000021025
        0.0060809689  -0.0160588646   0.0000004788  -0.0014610210  -0.0027095316
        0.0000002484  -0.0003563974  -0.0005257420   0.0000000083   0.0000300413
       -0.0012148889   0.0000000023   0.0000230787  -0.0000173735   0.0000019719
        0.0000230411  -0.0000173021  -0.0000019469  -0.0000615220   0.0001093410
       -0.0000000265   0.0007013555   0.0007211515  -0.0000000267   0.0941329811
       -0.0992842238   0.0000022000   0.0008181304  -0.0008891175  -0.0000000417
       -0.0000232053  -0.0000121238  -0.0000000480   0.0000896633  -0.0000399535
        0.0000000008
        0.0000690675   0.0003125671  -0.0000001157   0.0008904426  -0.0007465498
        0.0000001522   0.0004403744   0.0013695044   0.0000002390   0.0041750576
       -0.0063258972   0.0000001779   0.0898211761  -0.2667267498   0.0000062945
        0.0082556137  -0.0258532028   0.0000008197  -0.0033376619  -0.0013613712
        0.0000003426  -0.0005131713   0.0007850725  -0.0000000465  -0.0004636155
       -0.0030244812   0.0000000190  -0.0000435309  -0.0000209843   0.0000073784
       -0.0000434996  -0.0000209913  -0.0000073918   0.0000335484  -0.0000227503
        0.0000000019  -0.0006789739   0.0009417273  -0.0000001123  -0.0992842238
        0.2997757607  -0.0000076097   0.0005158510   0.0007417772  -0.0000000940
       -0.0000411591   0.0000479305  -0.0000000494   0.0002047046   0.0001286380
       -0.0000000057
        0.0000000608  -0.0000000885  -0.0002417917   0.0000000886  -0.0000001934
        0.0000742385  -0.0000001515   0.0000001799   0.0084138240  -0.0000006198
        0.0000000062   0.0003548723  -0.0000014309   0.0000063642  -0.0342526309
       -0.0000005320   0.0000008860   0.0006130155   0.0000001796   0.0000004412
        0.0079048103   0.0000002837   0.0000001388  -0.0000402144  -0.0000000502
        0.0000000793  -0.0003166833  -0.0000244360   0.0000265388   0.0000014698
        0.0000244930  -0.0000264728   0.0000014989  -0.0000000064   0.0000000331
       -0.0000177573   0.0000000109  -0.0000001533  -0.0027920464   0.0000022000
       -0.0000076097   0.0242856136  -0.0000000718  -0.0000000713  -0.0025138166
       -0.0000000029  -0.0000000595  -0.0014986449  -0.0000000151  -0.0000000191
        0.0000242428
       -0.0000106823  -0.0002068588  -0.0000000007  -0.0005772364   0.0001278601
       -0.0000000368   0.0015298937  -0.0000124234   0.0000000148  -0.0013747413
       -0.0035405782   0.0000003154  -0.0215499784   0.0013457256   0.0000002572
       -0.2946904562   0.0383836342   0.0000039277  -0.0161806099   0.0025532122
        0.0000001164  -0.0002475645   0.0023775694   0.0000001391   0.0018847470
       -0.0007451699  -0.0000000534   0.0000510861   0.0000316447   0.0000094380
        0.0000510893   0.0000316626  -0.0000094292  -0.0000091464  -0.0000138221
        0.0000000269  -0.0011654687   0.0001033913   0.0000000005   0.0008181304
        0.0005158510  -0.0000000718   0.3321345082  -0.0418053407  -0.0000046329
       -0.0008526664   0.0001177225  -0.0000000365   0.0001890958   0.0007359196
        0.0000000253
        0.0001030921   0.0001424843  -0.0000000375  -0.0001627784  -0.0001554750
        0.0000000168  -0.0001594055  -0.0006566322   0.0000000198  -0.0032583294
       -0.0031466179   0.0000004126  -0.0229548513   0.0027245399   0.0000002796
        0.0391575901  -0.0501816908  -0.0000001130   0.0273251259  -0.0051310514
       -0.0000002890   0.0018973210  -0.0048799154   0.0000002483   0.0016736610
        0.0025109998  -0.0000001268  -0.0000365233   0.0000037848  -0.0000570825
       -0.0000365233   0.0000038332   0.0000570470   0.0000148693   0.0000381283
       -0.0000000019  -0.0012583443  -0.0000117355   0.0000000237  -0.0008891175
        0.0007417772  -0.0000000713  -0.0418053407   0.0589887118  -0.0000004017
        0.0014962661  -0.0003165548   0.0000000271  -0.0011067116  -0.0006745864
        0.0000000488
       -0.0000000251  -0.0000000271  -0.0003881532   0.0000002908  -0.0000001725
       -0.0011088178  -0.0000002162  -0.0000000235   0.0004593020  -0.0000000494
        0.0000004994   0.0069357002   0.0000011952  -0.0000000176  -0.0009800009
        0.0000040962  -0.0000003807  -0.0292352911  -0.0000007934   0.0000003874
       -0.0000992773   0.0000001864   0.0000002699   0.0065054041  -0.0000000731
       -0.0000001079  -0.0016057684  -0.0001196356   0.0000310674   0.0000175061
        0.0001196169  -0.0000310881   0.0000176203  -0.0000000245   0.0000000580
       -0.0000041170   0.0000000680  -0.0000000049   0.0004760355  -0.0000000417
       -0.0000000940  -0.0025138166  -0.0000046329  -0.0000004017   0.0218299325
       -0.0000000411  -0.0000000133   0.0000436594   0.0000000794   0.0000000493
       -0.0003499179
       -0.0020559990  -0.0008294430  -0.0000004696   0.0007045757   0.0015570534
       -0.0000002787   0.0081746590  -0.0147206599   0.0000003584  -0.0019531875
       -0.0029650161   0.0000001155  -0.0002734466  -0.0003939575   0.0000000024
       -0.0057124788   0.0002961333   0.0000000239  -0.0125916937   0.0304990674
       -0.0000006919  -0.0719885869   0.0820803238  -0.0000012674   0.0021142025
       -0.0000725028  -0.0000000137  -0.0017534020  -0.0000371089  -0.0011220053
       -0.0017541599  -0.0000365459   0.0011213176   0.0000158566  -0.0002052171
        0.0000001750   0.0001845737  -0.0009766875   0.0000001185  -0.0000232053
       -0.0000411591  -0.0000000029  -0.0008526664   0.0014962661  -0.0000000411
        0.0869505415  -0.0955115870   0.0000026496   0.0008144172  -0.0001389593
        0.0000000095
        0.0008013414   0.0005096019   0.0000001291   0.0018147325   0.0005676281
        0.0000002759   0.0079513285  -0.0251064250   0.0000006028  -0.0036184525
       -0.0028254287   0.0000002206  -0.0004364590   0.0006305845  -0.0000000361
        0.0010046180   0.0008491507   0.0000000911   0.0051831543  -0.0080947867
        0.0000002812   0.0831816343  -0.2784127425   0.0000036680  -0.0000402032
        0.0008532445  -0.0000000747  -0.0002208132   0.0005053264  -0.0004488537
       -0.0002206338   0.0005056399   0.0004484916   0.0002537547   0.0003603859
       -0.0000000980   0.0005277750  -0.0013414670   0.0000000887  -0.0000121238
        0.0000479305  -0.0000000595   0.0001177225  -0.0003165548  -0.0000000133
       -0.0955115870   0.3111741645  -0.0000047201  -0.0007757887   0.0000937477
        0.0000000063
       -0.0000006665  -0.0000000825  -0.0003095140   0.0000004277   0.0000001055
       -0.0017246808  -0.0000001451   0.0000015952  -0.0002259892   0.0000002931
        0.0000001572   0.0070258759  -0.0000003123  -0.0000000852  -0.0003130623
        0.0000000154   0.0000003950   0.0068822112   0.0000002410   0.0000000447
        0.0012813904  -0.0000015361   0.0000031806  -0.0291989856  -0.0000000511
       -0.0000000969  -0.0032326230  -0.0011820123   0.0000792816  -0.0001698892
        0.0011811325  -0.0000797716  -0.0001689783   0.0000000278  -0.0000000238
       -0.0001846789   0.0000000017   0.0000000341  -0.0000537038  -0.0000000480
       -0.0000000494  -0.0014986449  -0.0000000365   0.0000000271   0.0000436594
        0.0000026496  -0.0000047201   0.0217808653   0.0000000188   0.0000000085
        0.0000667478
        0.0000378301   0.0003772359  -0.0000000497   0.0009072472  -0.0007148721
        0.0000000460  -0.0024825815   0.0005133169  -0.0000000071   0.0008286287
       -0.0001853089   0.0000000297  -0.0011659437  -0.0005389099   0.0000000132
        0.0021735336   0.0022728714  -0.0000000760  -0.0282929526  -0.0069733482
        0.0000000204  -0.0017968244  -0.0029886515   0.0000000709  -0.3790311148
        0.0993939710  -0.0000019158  -0.0000159371  -0.0000829074   0.0000651910
       -0.0000159167  -0.0000829403  -0.0000651383  -0.0000036285  -0.0000249310
        0.0000000213   0.0001276689  -0.0000053230   0.0000000165   0.0000896633
        0.0002047046  -0.0000000151   0.0001890958  -0.0011067116   0.0000000794
        0.0008144172  -0.0007757887   0.0000000188   0.4076368145  -0.0892824072
        0.0000016947
       -0.0000673833  -0.0000552068   0.0000000559   0.0003383344  -0.0001799319
       -0.0000001036  -0.0018873570  -0.0002957747   0.0000000579  -0.0000431077
        0.0002035141   0.0000000099   0.0002693116  -0.0001493968  -0.0000000055
       -0.0018653688   0.0014150120   0.0000000123  -0.0304566060   0.0073599612
       -0.0000001833  -0.0019085223  -0.0028788517   0.0000000699   0.1242639545
       -0.0714262414   0.0000015491  -0.0000112147  -0.0000002786   0.0000103336
       -0.0000112086  -0.0000002697  -0.0000103250   0.0000348960   0.0000153967
        0.0000000195   0.0000696724   0.0001274652  -0.0000000208  -0.0000399535
        0.0001286380  -0.0000000191   0.0007359196  -0.0006745864   0.0000000493
       -0.0001389593   0.0000937477   0.0000000085  -0.0892824072   0.0663168030
       -0.0000015085
       -0.0000000088   0.0000000445   0.0000172979  -0.0000000118   0.0000000209
       -0.0003430119   0.0000001580   0.0000000370   0.0015960428   0.0000000406
        0.0000000194   0.0000011100  -0.0000000731  -0.0000000089   0.0002166569
        0.0000000464  -0.0000000000  -0.0012917480   0.0000006611  -0.0000003063
       -0.0013754280  -0.0000000377   0.0000000897   0.0013731825  -0.0000024634
        0.0000016488  -0.0056537221  -0.0000233831  -0.0000130973   0.0000134628
        0.0000233547   0.0000130198   0.0000135416  -0.0000000105   0.0000000060
        0.0000180626  -0.0000000026  -0.0000000144  -0.0001538785   0.0000000008
       -0.0000000057   0.0000242428   0.0000000253   0.0000000488  -0.0003499179
        0.0000000095   0.0000000063   0.0000667478   0.0000016947  -0.0000015085
        0.0058273588
