           1           2   1.00175158702160     
           2           3   1.01439827686508     
           3           4   1.01439550356402     
           4           5   1.00175361796610     
           1           6   1.01441456362348     
           5           6   1.01441397948098     
           1           7  0.966277158134229     
           1           8  0.974908256910276     
           2           9  0.974908203758767     
           2          10  0.966289065978035     
           3          11  0.951534775549164     
           4          12  0.974909497718060     
           4          13  0.966286107180379     
           5          14  0.966272964259278     
           5          15  0.974908991604540     
           6          16  0.951535001740395     
