           1           2   1.00553846798886     
           2           3  0.966338261942745     
           2           4  0.987966060662247     
           4           5   1.00695900988283     
           5           6   1.00094131900000     
           2           7  0.953702869273474     
           6           7  0.976315028909082     
           1           8  0.983756754525159     
           1           9  0.984953643556423     
           1          10  0.985130292102281     
           4          11  0.979779971204742     
           4          12  0.977789914475247     
           5          13  0.979596939298625     
           5          14  0.977936907311092     
           6          15  0.972698486540937     
           6          16  0.971119092509053     
