$hessian                                                                        
        0.5024650689   0.0013189204  -0.0342317952  -0.0921544905   0.0034991211
       -0.0623871230  -0.0263857783   0.0008460076  -0.0222703804  -0.0003315842
       -0.0008992161  -0.0001087061   0.0005461856  -0.0003007735   0.0012159567
        0.0001485757  -0.0005419253  -0.0001779973  -0.0012236113  -0.0006679533
        0.0022828290  -0.0014171636   0.0017139609  -0.0011189552  -0.0604681385
       -0.0510685528   0.0341202313  -0.2736693394   0.0089077601   0.0524416605
       -0.0526380624   0.0375473223   0.0266652909   0.0035458465   0.0002624634
        0.0029378969   0.0021405166  -0.0007196049   0.0013703442  -0.0001943163
        0.0000137835  -0.0003871468  -0.0000745520   0.0000401021  -0.0001239568
       -0.0001092633   0.0001104985  -0.0004003623  -0.0001798934  -0.0000619139
        0.0001722134
        0.0013189204   0.5207464641   0.0023603686   0.0026317734  -0.0651765587
        0.0030682431   0.0003415985   0.0010186778   0.0012114399   0.0008423669
       -0.0004186521  -0.0009302743  -0.0006761196  -0.0001976040  -0.0000455686
        0.0000824502   0.0003984266   0.0000589564   0.0005015049  -0.0003857040
       -0.0000595072  -0.0009367813  -0.0000354167   0.0007158121  -0.0513142391
       -0.2050237694   0.1005557286   0.0091124586  -0.0448030874  -0.0021711644
        0.0376211190  -0.2041772805  -0.1058194436   0.0117964089  -0.0019030090
        0.0226317375  -0.0117630973  -0.0002014737  -0.0217668311   0.0003898710
        0.0000025437   0.0001520210   0.0000328816   0.0000247795   0.0000446119
        0.0000167674   0.0000780808  -0.0000033343   0.0000021165   0.0000535830
       -0.0000027956
       -0.0342317952   0.0023603686   0.4674468764  -0.0517229192   0.0029287360
       -0.1604793395  -0.0099330842  -0.0001147505   0.0045805593   0.0021705661
       -0.0013175716  -0.0008317981  -0.0010571497  -0.0002721928   0.0000794510
        0.0002152885   0.0003950579   0.0001228394  -0.0001717366  -0.0003376685
       -0.0003160414   0.0014665705   0.0017949652   0.0000585540   0.0341596119
        0.1011453303  -0.1067422390   0.0523214993  -0.0020075789  -0.0523256040
        0.0265573706  -0.1060747482  -0.1132775178  -0.0099356582   0.0040105482
       -0.0194636240  -0.0102737523  -0.0024986375  -0.0189956506   0.0002034970
       -0.0000878726   0.0001194043   0.0000586868  -0.0000436082  -0.0000194086
        0.0000759254   0.0000203419   0.0000291395   0.0000970794   0.0000992805
        0.0000143990
       -0.0921544905   0.0026317734  -0.0517229192   0.4594867365   0.0076569149
       -0.0292482504  -0.1941780274   0.0079793889   0.0292276982  -0.0216452279
        0.0086669861   0.0076748256   0.0027991545   0.0026731112   0.0015618685
       -0.0008266189  -0.0014763901  -0.0002205260  -0.0008986330  -0.0026437447
        0.0008302754  -0.0299646083  -0.0123718998   0.0024721149   0.0031650519
        0.0010959275   0.0031504221  -0.0198208956   0.0011240995  -0.0268623131
        0.0020241075  -0.0015349110   0.0016716874  -0.0561999042  -0.0494036391
        0.0358155180  -0.0502353144   0.0361265575   0.0266512419   0.0002758912
       -0.0008079191  -0.0008817468  -0.0007016295   0.0000571602   0.0000399055
       -0.0000599218   0.0001989214  -0.0003660582  -0.0010656702   0.0000276632
        0.0002062562
        0.0034991211  -0.0651765587   0.0029287360   0.0076569149   0.5492596789
        0.0130257246   0.0115967125  -0.0663173228  -0.0038071133   0.0229898528
       -0.0027798632  -0.0055679844   0.0020149215  -0.0034865052  -0.0030242719
       -0.0003081579  -0.0001846992   0.0000184690  -0.0035521465  -0.0035186244
       -0.0034656242  -0.0309722591  -0.0012159341   0.0057061553   0.0123576893
       -0.0018393049   0.0219249340   0.0010801017   0.0005124731   0.0013885962
       -0.0122817133  -0.0002678647  -0.0220865161  -0.0503476261  -0.1971583261
        0.0944776873   0.0352215936  -0.2078585226  -0.1022022801   0.0010699624
        0.0005707853   0.0001879673   0.0014818673  -0.0002624261  -0.0002929702
        0.0000950486  -0.0000369555   0.0005976233  -0.0016018830  -0.0002400297
        0.0001908671
       -0.0623871230   0.0030682431  -0.1604793395  -0.0292482504   0.0130257246
        0.4637606312   0.0393214548  -0.0039791046  -0.0674435744   0.0106738405
       -0.0017893746   0.0001667289   0.0027590636  -0.0032513021   0.0053220507
       -0.0001696096  -0.0003066828  -0.0000269038   0.0018662037  -0.0026776213
        0.0081216580  -0.0036082910   0.0013752929  -0.0007279481  -0.0093192838
        0.0038472728  -0.0181179880  -0.0009430241  -0.0002047633   0.0013330217
       -0.0097518152  -0.0027941093  -0.0191927344   0.0361703294   0.0953573411
       -0.1012697906   0.0254513314  -0.1030094520  -0.1081815871  -0.0004113264
        0.0009243046  -0.0012323369   0.0003809995   0.0001394777  -0.0005951083
       -0.0004995387   0.0005335451  -0.0018127687  -0.0002849605  -0.0002587920
        0.0003759894
       -0.0263857783   0.0003415985  -0.0099330842  -0.1941780274   0.0115967125
        0.0393214548   0.6069719769   0.0264156289  -0.0742472731  -0.1281513768
        0.1094596323   0.0450495390  -0.0277467830   0.0258809554   0.0126197136
        0.0058591063  -0.0047047405  -0.0046136281  -0.0564309813  -0.0379614725
        0.0003527724  -0.1509438742  -0.1161384100  -0.0147916746   0.0007186019
       -0.0000160695   0.0006426406  -0.0011497810   0.0002485609  -0.0019661020
        0.0006785532  -0.0000157362   0.0005125500  -0.0136391703  -0.0042504822
        0.0025486831  -0.0108783468   0.0049144871   0.0032558866   0.0059877783
       -0.0142777441  -0.0046868175  -0.0055080630  -0.0002908609   0.0030663983
        0.0014452471  -0.0003740460  -0.0003037821  -0.0066490816  -0.0008280137
        0.0031727232
        0.0008460076   0.0010186778  -0.0001147505   0.0079793889  -0.0663173228
       -0.0039791046   0.0264156289   0.6036611418   0.1203149982   0.0371542829
       -0.2270942154  -0.0553429211   0.0851475533   0.0287647074  -0.0089056655
        0.0027958971  -0.0665152982  -0.0167982821  -0.0956427605   0.0211804422
        0.0245519683  -0.0704022779  -0.2733962743  -0.0479493826   0.0009171922
       -0.0001470965   0.0005703517   0.0001966037   0.0005593350   0.0003519698
       -0.0009009290  -0.0001510378  -0.0003198544  -0.0241772686  -0.0009594007
        0.0065635337   0.0264307452  -0.0036520170  -0.0075648696   0.0065483419
       -0.0207413784  -0.0075369852  -0.0018274049   0.0030497482  -0.0015911935
        0.0002646802  -0.0006175311  -0.0001663296  -0.0017456809   0.0013575198
       -0.0020834829
       -0.0222703804   0.0012114399   0.0045805593   0.0292276982  -0.0038071133
       -0.0674435744  -0.0742472731   0.1203149982   0.2152998235   0.0245701747
       -0.0697601032  -0.0805690179   0.0297871948   0.0029371567  -0.0043691443
       -0.0021694221  -0.0149111787  -0.0133577561  -0.0149091928   0.0127323622
        0.0082341787  -0.0032055419  -0.0396680498  -0.0688680344  -0.0006797161
        0.0001154668   0.0003788955  -0.0041311277   0.0002619403  -0.0042940350
       -0.0005760211  -0.0001355416   0.0005906663   0.0158277715   0.0008932102
       -0.0028500216   0.0171492030  -0.0030163190  -0.0036861409   0.0006758058
       -0.0029572845  -0.0009302006   0.0024717779  -0.0018101296   0.0087300462
       -0.0002606145  -0.0000462489  -0.0001749474   0.0027396640  -0.0023546056
        0.0087287029
       -0.0003315842   0.0008423669   0.0021705661  -0.0216452279   0.0229898528
        0.0106738405  -0.1281513768   0.0371542829   0.0245701747   0.6484547550
        0.0530910727  -0.0924098878  -0.3299407925   0.0345582888   0.0663781384
       -0.0375498455  -0.0765724638  -0.0144840278  -0.0472919949   0.0261178467
        0.0151479632   0.0583516262   0.0158915783  -0.0037777715  -0.0000590506
        0.0001320633  -0.0002004971  -0.0005509480   0.0001241403  -0.0006263659
       -0.0000088840   0.0002334735   0.0002358303  -0.0003302744   0.0019224932
        0.0002390544  -0.0058753130   0.0009695486   0.0018300547  -0.1190458716
       -0.1175474176  -0.0153051370  -0.0156546728   0.0029214763   0.0044982106
       -0.0002590215  -0.0033097933   0.0008105936  -0.0001115235   0.0004811902
        0.0002492605
       -0.0008992161  -0.0004186521  -0.0013175716   0.0086669861  -0.0027798632
       -0.0017893746   0.1094596323  -0.2270942154  -0.0697601032   0.0530910727
        0.6130676325   0.1302214781  -0.0387936244  -0.0926468064  -0.0053540984
       -0.0256716880   0.0259096252   0.0127529365   0.0342608764  -0.0128146869
       -0.0080685895  -0.0439173937  -0.0794735253  -0.0190778385   0.0001221866
       -0.0002692523   0.0000696475  -0.0000656622  -0.0000214507   0.0001006742
       -0.0003378412   0.0003566523  -0.0003885780  -0.0009995434   0.0001962971
        0.0001626487  -0.0001999304   0.0001667845  -0.0003489049  -0.1166318984
       -0.2201687476  -0.0284169917   0.0252222616  -0.0016593640  -0.0062831562
       -0.0039609579  -0.0034086172  -0.0026284749   0.0006547400   0.0010581896
        0.0001262965
       -0.0001087061  -0.0009302743  -0.0008317981   0.0076748256  -0.0055679844
        0.0001667289   0.0450495390  -0.0553429211  -0.0805690179  -0.0924098878
        0.1302214781   0.1664646227   0.0451741712  -0.0199793828  -0.0615881303
        0.0000445469   0.0232256871   0.0055418297   0.0177570656  -0.0065462966
       -0.0139899105  -0.0209723946  -0.0310858238   0.0135714393   0.0000702981
       -0.0000499649   0.0001445464   0.0000467849   0.0000802484   0.0003984524
       -0.0001137535   0.0003512080  -0.0000022373  -0.0004614924  -0.0005870161
        0.0004917210   0.0016208193  -0.0007625955   0.0004919072  -0.0150953489
       -0.0285316324  -0.0384742708   0.0108092438  -0.0018760286   0.0002536389
        0.0006777775  -0.0027881035   0.0078207356   0.0002365114   0.0001694024
        0.0001097427
        0.0005461856  -0.0006761196  -0.0010571497   0.0027991545   0.0020149215
        0.0027590636  -0.0277467830   0.0851475533   0.0297871948  -0.3299407925
       -0.0387936244   0.0451741712   0.6353677276   0.0112242200  -0.0995450735
       -0.1569745790  -0.0675178886   0.0023253559   0.0629030914  -0.0292242782
       -0.0203917823  -0.0547575826  -0.0329933987   0.0001748698  -0.0000432918
        0.0000149314   0.0002184969   0.0004668375  -0.0000910335   0.0002399994
       -0.0001960008  -0.0001603297  -0.0001679730   0.0004600281  -0.0004672761
       -0.0003919800  -0.0006847810   0.0000672074  -0.0001476036  -0.0185600412
       -0.0023080239   0.0030571493  -0.0958421469   0.0955953267   0.0389178437
       -0.0177761277  -0.0249356897  -0.0034439675  -0.0000208982   0.0031035021
        0.0024913850
       -0.0003007735  -0.0001976040  -0.0002721928   0.0026731112  -0.0034865052
       -0.0032513021   0.0258809554   0.0287647074   0.0029371567   0.0345582888
       -0.0926468064  -0.0199793828   0.0112242200   0.6288937861   0.1419075400
       -0.1419435801  -0.2603203181  -0.0319467659   0.0311365178  -0.0630363058
       -0.0248087274  -0.0353501026  -0.0123545583   0.0056790558   0.0000482841
        0.0000398438   0.0000395225  -0.0000530434  -0.0000350906   0.0000346092
       -0.0000107346  -0.0000969631  -0.0000011920   0.0000768336  -0.0003167914
       -0.0000896338   0.0014098419  -0.0001512237  -0.0004733165  -0.0251318444
       -0.0015461790   0.0043905656   0.0956644716  -0.2188191872  -0.0704056686
       -0.0021765218  -0.0016055639  -0.0000712260   0.0022940760  -0.0030852407
       -0.0036890418
        0.0012159567  -0.0000455686   0.0000794510   0.0015618685  -0.0030242719
        0.0053220507   0.0126197136  -0.0089056655  -0.0043691443   0.0663781384
       -0.0053540984  -0.0615881303  -0.0995450735   0.1419075400   0.1800820318
       -0.0187965477  -0.0466705323  -0.0579347504  -0.0032677867  -0.0127227763
       -0.0009457553  -0.0004950868   0.0051879168  -0.0056296543   0.0000330597
        0.0000216103  -0.0001023940   0.0001540472   0.0000727242   0.0002891075
        0.0000492309  -0.0000399540  -0.0000877914  -0.0007516818  -0.0002713101
        0.0001754776   0.0000250269  -0.0000400731   0.0001140544  -0.0033205661
       -0.0001496424   0.0011745702   0.0388785540  -0.0705111002  -0.0641619184
        0.0029861829   0.0043774598   0.0010449958   0.0022749639  -0.0038322582
        0.0065377994
        0.0001485757   0.0000824502   0.0002152885  -0.0008266189  -0.0003081579
       -0.0001696096   0.0058591063   0.0027958971  -0.0021694221  -0.0375498455
       -0.0256716880   0.0000445469  -0.1569745790  -0.1419435801  -0.0187965477
        0.6689782452   0.0302971815  -0.1028942116  -0.1403493769   0.1214671062
        0.0524585491  -0.0525880211   0.0247508555   0.0212553168  -0.0000178684
        0.0000063066   0.0000765563   0.0000645876   0.0000057701  -0.0000284711
        0.0000245484  -0.0000387520   0.0000833717   0.0001091586   0.0001318812
       -0.0000878072   0.0002971691  -0.0002316983  -0.0001894869  -0.0054553283
       -0.0006814051   0.0027966187   0.0069864420   0.0110788771   0.0022737837
       -0.2942665500  -0.0106855502   0.0488523038   0.0055603550  -0.0110554937
       -0.0037207793
       -0.0005419253   0.0003984266   0.0003950579  -0.0014763901  -0.0001846992
       -0.0003066828  -0.0047047405  -0.0665152982  -0.0149111787  -0.0765724638
        0.0259096252   0.0232256871  -0.0675178886  -0.2603203181  -0.0466705323
        0.0302971815   0.5956557609   0.1326496940   0.0451393185  -0.2394175827
       -0.0630234629   0.0893856672   0.0336315146  -0.0136830649  -0.0000521241
        0.0000293464  -0.0001359114  -0.0002127400   0.0001174840  -0.0001413188
        0.0001483105   0.0001622886   0.0003575042  -0.0003849654   0.0005155090
        0.0000324864  -0.0002063696   0.0001390777   0.0002268466   0.0000647908
        0.0023113624  -0.0020014500  -0.0114826629  -0.0245826082  -0.0056079578
       -0.0112633478  -0.0425509986  -0.0004775512   0.0093803495  -0.0252988905
       -0.0099281654
       -0.0001779973   0.0000589564   0.0001228394  -0.0002205260   0.0000184690
       -0.0000269038  -0.0046136281  -0.0167982821  -0.0133577561  -0.0144840278
        0.0127529365   0.0055418297   0.0023253559  -0.0319467659  -0.0579347504
       -0.1028942116   0.1326496940   0.1687397309   0.0305964752  -0.0781227584
       -0.0804283758   0.0397598804  -0.0005941198   0.0102246446  -0.0000300410
        0.0000263279  -0.0001194383  -0.0000650082   0.0000293572  -0.0000533724
        0.0000509297   0.0000567387   0.0000518561  -0.0000956730   0.0001462190
       -0.0000067338  -0.0000349300   0.0000527789   0.0001827793   0.0030202888
       -0.0018395043   0.0083417425  -0.0040629862  -0.0099489849   0.0008087327
        0.0487336933  -0.0005813870  -0.0429443869   0.0021924060  -0.0059596754
        0.0008575623
       -0.0012236113   0.0005015049  -0.0001717366  -0.0008986330  -0.0035521465
        0.0018662037  -0.0564309813  -0.0956427605  -0.0149091928  -0.0472919949
        0.0342608764   0.0177570656   0.0629030914   0.0311365178  -0.0032677867
       -0.1403493769   0.0451393185   0.0305964752   0.6246877985   0.0320719456
       -0.0894414756  -0.3340233333   0.0341321641   0.0649005712  -0.0001713430
       -0.0000603547  -0.0001267353  -0.0000835143   0.0001159493  -0.0002464088
        0.0000708878   0.0002996536   0.0004210823  -0.0019491173   0.0004301548
       -0.0001199866  -0.0000796089  -0.0002051193  -0.0000576055   0.0000953004
        0.0011996388   0.0002496095  -0.0000770230  -0.0050126679   0.0003651648
       -0.0157141257   0.0212709210   0.0091540302  -0.0894644152  -0.0960855958
       -0.0169692747
       -0.0006679533  -0.0003857040  -0.0003376685  -0.0026437447  -0.0035186244
       -0.0026776213  -0.0379614725   0.0211804422   0.0127323622   0.0261178467
       -0.0128146869  -0.0065462966  -0.0292242782  -0.0630363058  -0.0127227763
        0.1214671062  -0.2394175827  -0.0781227584   0.0320719456   0.6293734316
        0.1374104245  -0.0093548414  -0.0990158918  -0.0106211827  -0.0000082150
        0.0000731701   0.0001112070   0.0001438488   0.0000214859  -0.0000689104
       -0.0000924720  -0.0000481028  -0.0000268337  -0.0002951474  -0.0002221003
        0.0001326105   0.0004738263  -0.0000410574  -0.0001549177   0.0003607986
        0.0009341010   0.0002913943  -0.0036231142  -0.0029099156  -0.0026710083
       -0.0007785202   0.0016926133   0.0007846300  -0.0959856133  -0.2318652725
       -0.0375126545
        0.0022828290  -0.0000595072  -0.0003160414   0.0008302754  -0.0034656242
        0.0081216580   0.0003527724   0.0245519683   0.0082341787   0.0151479632
       -0.0080685895  -0.0139899105  -0.0203917823  -0.0248087274  -0.0009457553
        0.0524585491  -0.0630234629  -0.0804283758  -0.0894414756   0.1374104245
        0.1869695319   0.0529561720  -0.0191764711  -0.0707034414   0.0000354437
        0.0001821681  -0.0001482091   0.0005047866  -0.0000228118   0.0004883879
       -0.0000478998  -0.0001175816  -0.0001528093  -0.0013119146  -0.0002848974
        0.0003982497   0.0000328058   0.0001150003   0.0001291996  -0.0000060974
        0.0001637826  -0.0004651209   0.0007983620  -0.0024153181   0.0082935560
        0.0027754782  -0.0035660744  -0.0021866177  -0.0169762678  -0.0374142782
       -0.0432984804
       -0.0014171636  -0.0009367813   0.0014665705  -0.0299646083  -0.0309722591
       -0.0036082910  -0.1509438742  -0.0704022779  -0.0032055419   0.0583516262
       -0.0439173937  -0.0209723946  -0.0547575826  -0.0353501026  -0.0004950868
       -0.0525880211   0.0893856672   0.0397598804  -0.3340233333  -0.0093548414
        0.0529561720   0.5964352620   0.1065838969  -0.0713041909   0.0003484327
        0.0002613982   0.0002878397  -0.0004123355   0.0000798344  -0.0007722937
       -0.0001102215  -0.0003219199  -0.0002733818  -0.0048163200  -0.0012341114
        0.0014291141   0.0022219141  -0.0008036291  -0.0010986802   0.0001953626
        0.0011069543   0.0016317596  -0.0004639821  -0.0000228158  -0.0008005489
       -0.0030437060   0.0050357787   0.0036571932  -0.0250114495  -0.0091373975
        0.0013418804
        0.0017139609  -0.0000354167   0.0017949652  -0.0123718998  -0.0012159341
        0.0013752929  -0.1161384100  -0.2733962743  -0.0396680498   0.0158915783
       -0.0794735253  -0.0310858238  -0.0329933987  -0.0123545583   0.0051879168
        0.0247508555   0.0336315146  -0.0005941198   0.0341321641  -0.0990158918
       -0.0191764711   0.1065838969   0.4445665943   0.0835200507  -0.0000674367
        0.0002377396  -0.0003213929  -0.0000910095  -0.0001113515  -0.0003941928
        0.0000055223  -0.0001704937  -0.0000876518  -0.0001350388   0.0004194074
        0.0002050990   0.0005973264   0.0004382697   0.0005589376   0.0033283800
       -0.0080172007  -0.0050777092   0.0000621454  -0.0002622122   0.0013361353
        0.0035502390  -0.0038398073  -0.0042503578  -0.0288188753  -0.0014008598
        0.0066773714
       -0.0011189552   0.0007158121   0.0000585540   0.0024721149   0.0057061553
       -0.0007279481  -0.0147916746  -0.0479493826  -0.0688680344  -0.0037777715
       -0.0190778385   0.0135714393   0.0001748698   0.0056790558  -0.0056296543
        0.0212553168  -0.0136830649   0.0102246446   0.0649005712  -0.0106211827
       -0.0707034414  -0.0713041909   0.0835200507   0.1177868913   0.0001770147
       -0.0002614370   0.0002932140  -0.0003313430  -0.0000316430  -0.0000502703
        0.0001043754   0.0000163921   0.0001476434   0.0024186195   0.0004295715
       -0.0005099083  -0.0007257588   0.0005796986  -0.0002837858   0.0023838321
       -0.0046441750   0.0058671765  -0.0008446610   0.0012961172  -0.0043140897
        0.0032586960  -0.0044543487   0.0062114947  -0.0042510553   0.0027802192
       -0.0030739256
       -0.0604681385  -0.0513142391   0.0341596119   0.0031650519   0.0123576893
       -0.0093192838   0.0007186019   0.0009171922  -0.0006797161  -0.0000590506
        0.0001221866   0.0000702981  -0.0000432918   0.0000482841   0.0000330597
       -0.0000178684  -0.0000521241  -0.0000300410  -0.0001713430  -0.0000082150
        0.0000354437   0.0003484327  -0.0000674367   0.0001770147   0.0673454040
        0.0592430387  -0.0365818246  -0.0123418871  -0.0273171332   0.0177126853
        0.0021120919   0.0054138723  -0.0026889512  -0.0010459003   0.0006978553
       -0.0033848226   0.0003034795   0.0001000248   0.0005229308   0.0000203279
       -0.0000879235  -0.0000234666   0.0000369809  -0.0000347047  -0.0000131552
        0.0000379246  -0.0000167911  -0.0000081812   0.0000591845  -0.0000015758
        0.0000183983
       -0.0510685528  -0.2050237694   0.1011453303   0.0010959275  -0.0018393049
        0.0038472728  -0.0000160695  -0.0001470965   0.0001154668   0.0001320633
       -0.0002692523  -0.0000499649   0.0000149314   0.0000398438   0.0000216103
        0.0000063066   0.0000293464   0.0000263279  -0.0000603547   0.0000731701
        0.0001821681   0.0002613982   0.0002377396  -0.0002614370   0.0592430387
        0.2346468873  -0.1187729482  -0.0019489123  -0.0009263012   0.0008977995
       -0.0077840696  -0.0285301305   0.0125903740   0.0004280690   0.0009902059
        0.0008376707  -0.0000655291   0.0007090456  -0.0005322271  -0.0001771543
        0.0000349557  -0.0000229493  -0.0000344976  -0.0000186698  -0.0000034654
       -0.0000051494  -0.0000009359  -0.0000143079  -0.0000214454  -0.0000057338
       -0.0000067206
        0.0341202313   0.1005557286  -0.1067422390   0.0031504221   0.0219249340
       -0.0181179880   0.0006426406   0.0005703517   0.0003788955  -0.0002004971
        0.0000696475   0.0001445464   0.0002184969   0.0000395225  -0.0001023940
        0.0000765563  -0.0001359114  -0.0001194383  -0.0001267353   0.0001112070
       -0.0001482091   0.0002878397  -0.0003213929   0.0002932140  -0.0365818246
       -0.1187729482   0.1257791960   0.0050594652   0.0080565048  -0.0044426802
       -0.0038832004  -0.0134682872   0.0083611436  -0.0034224947   0.0009435311
       -0.0056236760   0.0005420525   0.0004971449   0.0003422383   0.0000183729
       -0.0000219484  -0.0000430428   0.0000360044  -0.0000050033   0.0000055884
        0.0000273297  -0.0000260732   0.0000194716   0.0000353403  -0.0000170074
        0.0000153736
       -0.2736693394   0.0091124586   0.0523214993  -0.0198208956   0.0010801017
       -0.0009430241  -0.0011497810   0.0001966037  -0.0041311277  -0.0005509480
       -0.0000656622   0.0000467849   0.0004668375  -0.0000530434   0.0001540472
        0.0000645876  -0.0002127400  -0.0000650082  -0.0000835143   0.0001438488
        0.0005047866  -0.0004123355  -0.0000910095  -0.0003313430  -0.0123418871
       -0.0019489123   0.0050594652   0.3168367778  -0.0106423866  -0.0577503993
       -0.0098720562   0.0025250057   0.0043942929   0.0004492912   0.0001954260
        0.0004396256   0.0003046724  -0.0002354638   0.0003707495  -0.0000418784
       -0.0000144951  -0.0000202268  -0.0000410360   0.0000448794  -0.0000106254
       -0.0000644922   0.0000229970  -0.0000653929  -0.0000740029  -0.0000576082
        0.0000258963
        0.0089077601  -0.0448030874  -0.0020075789   0.0011240995   0.0005124731
       -0.0002047633   0.0002485609   0.0005593350   0.0002619403   0.0001241403
       -0.0000214507   0.0000802484  -0.0000910335  -0.0000350906   0.0000727242
        0.0000057701   0.0001174840   0.0000293572   0.0001159493   0.0000214859
       -0.0000228118   0.0000798344  -0.0001113515  -0.0000316430  -0.0273171332
       -0.0009263012   0.0080565048  -0.0106423866   0.0477009592   0.0022466882
        0.0274902366  -0.0032266398  -0.0083197268   0.0005808729   0.0000245839
        0.0000120959  -0.0005582897   0.0000886093  -0.0000857492  -0.0000556034
        0.0000902883  -0.0000698540  -0.0000123121  -0.0000012085   0.0000168994
       -0.0000059498  -0.0000009863  -0.0000118312   0.0000054841   0.0000108973
       -0.0000225002
        0.0524416605  -0.0021711644  -0.0523256040  -0.0268623131   0.0013885962
        0.0013330217  -0.0019661020   0.0003519698  -0.0042940350  -0.0006263659
        0.0001006742   0.0003984524   0.0002399994   0.0000346092   0.0002891075
       -0.0000284711  -0.0001413188  -0.0000533724  -0.0002464088  -0.0000689104
        0.0004883879  -0.0007722937  -0.0003941928  -0.0000502703   0.0177126853
        0.0008977995  -0.0044426802  -0.0577503993   0.0022466882   0.0623098718
        0.0183719955  -0.0023655631  -0.0047554844  -0.0001797916  -0.0001146893
        0.0006905282  -0.0002285748   0.0001276877   0.0006063991  -0.0000062977
        0.0000767630  -0.0001235210  -0.0000320871   0.0000234738  -0.0000179628
       -0.0000237122   0.0000298181  -0.0000917403  -0.0000435234  -0.0000222409
        0.0000389016
       -0.0526380624   0.0376211190   0.0265573706   0.0020241075  -0.0122817133
       -0.0097518152   0.0006785532  -0.0009009290  -0.0005760211  -0.0000088840
       -0.0003378412  -0.0001137535  -0.0001960008  -0.0000107346   0.0000492309
        0.0000245484   0.0001483105   0.0000509297   0.0000708878  -0.0000924720
       -0.0000478998  -0.0001102215   0.0000055223   0.0001043754   0.0021120919
       -0.0077840696  -0.0038832004  -0.0098720562   0.0274902366   0.0183719955
        0.0587800409  -0.0441476276  -0.0277565184   0.0002972686  -0.0000188992
        0.0005768312  -0.0011347434  -0.0003057852  -0.0033268139  -0.0001663060
        0.0005268393  -0.0002367236   0.0000431111   0.0000109467  -0.0000195687
        0.0000498090   0.0000353859  -0.0000040147   0.0000458560   0.0000417110
        0.0000055961
        0.0375473223  -0.2041772805  -0.1060747482  -0.0015349110  -0.0002678647
       -0.0027941093  -0.0000157362  -0.0001510378  -0.0001355416   0.0002334735
        0.0003566523   0.0003512080  -0.0001603297  -0.0000969631  -0.0000399540
       -0.0000387520   0.0001622886   0.0000567387   0.0002996536  -0.0000481028
       -0.0001175816  -0.0003219199  -0.0001704937   0.0000163921   0.0054138723
       -0.0285301305  -0.0134682872   0.0025250057  -0.0032266398  -0.0023655631
       -0.0441476276   0.2343796584   0.1242959254   0.0000803445   0.0006847042
        0.0004911835  -0.0000992512   0.0011352341  -0.0004305943   0.0002018573
       -0.0000058640   0.0002134531   0.0000297667   0.0000047467   0.0000017287
       -0.0000156755  -0.0000223751   0.0000051161   0.0000029070  -0.0000265322
       -0.0000053664
        0.0266652909  -0.1058194436  -0.1132775178   0.0016716874  -0.0220865161
       -0.0191927344   0.0005125500  -0.0003198544   0.0005906663   0.0002358303
       -0.0003885780  -0.0000022373  -0.0001679730  -0.0000011920  -0.0000877914
        0.0000833717   0.0003575042   0.0000518561   0.0004210823  -0.0000268337
       -0.0001528093  -0.0002733818  -0.0000876518   0.0001476434  -0.0026889512
        0.0125903740   0.0083611436   0.0043942929  -0.0083197268  -0.0047554844
       -0.0277565184   0.1242959254   0.1333274219   0.0004775618  -0.0004827201
        0.0004379683  -0.0033473497  -0.0002157095  -0.0055277463  -0.0003421925
        0.0005094628   0.0000578133   0.0000568574  -0.0000067199   0.0000108618
        0.0000261702   0.0000089558   0.0000115562   0.0000316718  -0.0000072760
       -0.0000006099
        0.0035458465   0.0117964089  -0.0099356582  -0.0561999042  -0.0503476261
        0.0361703294  -0.0136391703  -0.0241772686   0.0158277715  -0.0003302744
       -0.0009995434  -0.0004614924   0.0004600281   0.0000768336  -0.0007516818
        0.0001091586  -0.0003849654  -0.0000956730  -0.0019491173  -0.0002951474
       -0.0013119146  -0.0048163200  -0.0001350388   0.0024186195  -0.0010459003
        0.0004280690  -0.0034224947   0.0004492912   0.0005808729  -0.0001797916
        0.0002972686   0.0000803445   0.0004775618   0.0709314535   0.0586561384
       -0.0368659739   0.0023826580   0.0043661795  -0.0024658084   0.0000329828
        0.0004097690   0.0004200557   0.0001109302  -0.0000089888   0.0000220768
        0.0000736647  -0.0000390722   0.0002519458  -0.0004125956  -0.0000069650
       -0.0000978719
        0.0002624634  -0.0019030090   0.0040105482  -0.0494036391  -0.1971583261
        0.0953573411  -0.0042504822  -0.0009594007   0.0008932102   0.0019224932
        0.0001962971  -0.0005870161  -0.0004672761  -0.0003167914  -0.0002713101
        0.0001318812   0.0005155090   0.0001462190   0.0004301548  -0.0002221003
       -0.0002848974  -0.0012341114   0.0004194074   0.0004295715   0.0006978553
        0.0009902059   0.0009435311   0.0001954260   0.0000245839  -0.0001146893
       -0.0000188992   0.0006847042  -0.0004827201   0.0586561384   0.2248312289
       -0.1125021199  -0.0069588515  -0.0271065163   0.0122794995   0.0001413375
        0.0000407388   0.0000928473   0.0000122395   0.0000313990  -0.0000126146
       -0.0000323781  -0.0000295416   0.0001078101  -0.0000843517  -0.0000383887
       -0.0000052106
        0.0029378969   0.0226317375  -0.0194636240   0.0358155180   0.0944776873
       -0.1012697906   0.0025486831   0.0065635337  -0.0028500216   0.0002390544
        0.0001626487   0.0004917210  -0.0003919800  -0.0000896338   0.0001754776
       -0.0000878072   0.0000324864  -0.0000067338  -0.0001199866   0.0001326105
        0.0003982497   0.0014291141   0.0002050990  -0.0005099083  -0.0033848226
        0.0008376707  -0.0056236760   0.0004396256   0.0000120959   0.0006905282
        0.0005768312   0.0004911835   0.0004379683  -0.0368659739  -0.1125021199
        0.1201866880  -0.0035450676  -0.0124276007   0.0077080900   0.0003396654
       -0.0005314412  -0.0003149596  -0.0000247184  -0.0000179650  -0.0000225739
       -0.0000186560   0.0000017556  -0.0000422313   0.0001126234   0.0000202517
        0.0000147961
        0.0021405166  -0.0117630973  -0.0102737523  -0.0502353144   0.0352215936
        0.0254513314  -0.0108783468   0.0264307452   0.0171492030  -0.0058753130
       -0.0001999304   0.0016208193  -0.0006847810   0.0014098419   0.0000250269
        0.0002971691  -0.0002063696  -0.0000349300  -0.0000796089   0.0004738263
        0.0000328058   0.0022219141   0.0005973264  -0.0007257588   0.0003034795
       -0.0000655291   0.0005420525   0.0003046724  -0.0005582897  -0.0002285748
       -0.0011347434  -0.0000992512  -0.0033473497   0.0023826580  -0.0069588515
       -0.0035450676   0.0615616789  -0.0439729955  -0.0267225728  -0.0000462200
       -0.0003102387   0.0000222990  -0.0004746364   0.0000625547   0.0000785917
        0.0000600494  -0.0000735047   0.0000296610   0.0001368261   0.0000121695
       -0.0000737846
       -0.0007196049  -0.0002014737  -0.0024986375   0.0361265575  -0.2078585226
       -0.1030094520   0.0049144871  -0.0036520170  -0.0030163190   0.0009695486
        0.0001667845  -0.0007625955   0.0000672074  -0.0001512237  -0.0000400731
       -0.0002316983   0.0001390777   0.0000527789  -0.0002051193  -0.0000410574
        0.0001150003  -0.0008036291   0.0004382697   0.0005796986   0.0001000248
        0.0007090456   0.0004971449  -0.0002354638   0.0000886093   0.0001276877
       -0.0003057852   0.0011352341  -0.0002157095   0.0043661795  -0.0271065163
       -0.0124276007  -0.0439729955   0.2360074459   0.1204191720  -0.0001225973
        0.0003029256   0.0001477460   0.0000883788  -0.0000383821   0.0000281602
        0.0000155361   0.0000378100  -0.0000338584  -0.0000510262   0.0000239905
        0.0000368571
        0.0013703442  -0.0217668311  -0.0189956506   0.0266512419  -0.1022022801
       -0.1081815871   0.0032558866  -0.0075648696  -0.0036861409   0.0018300547
       -0.0003489049   0.0004919072  -0.0001476036  -0.0004733165   0.0001140544
       -0.0001894869   0.0002268466   0.0001827793  -0.0000576055  -0.0001549177
        0.0001291996  -0.0010986802   0.0005589376  -0.0002837858   0.0005229308
       -0.0005322271   0.0003422383   0.0003707495  -0.0000857492   0.0006063991
       -0.0033268139  -0.0004305943  -0.0055277463  -0.0024658084   0.0122794995
        0.0077080900  -0.0267225728   0.1204191720   0.1273907125  -0.0000249033
        0.0000268889  -0.0000714712   0.0000879257  -0.0000026325  -0.0001531669
       -0.0000169327   0.0000255720  -0.0000400703  -0.0000387260   0.0000254064
       -0.0000257616
       -0.0001943163   0.0003898710   0.0002034970   0.0002758912   0.0010699624
       -0.0004113264   0.0059877783   0.0065483419   0.0006758058  -0.1190458716
       -0.1166318984  -0.0150953489  -0.0185600412  -0.0251318444  -0.0033205661
       -0.0054553283   0.0000647908   0.0030202888   0.0000953004   0.0003607986
       -0.0000060974   0.0001953626   0.0033283800   0.0023838321   0.0000203279
       -0.0001771543   0.0000183729  -0.0000418784  -0.0000556034  -0.0000062977
       -0.0001663060   0.0002018573  -0.0003421925   0.0000329828   0.0001413375
        0.0003396654  -0.0000462200  -0.0001225973  -0.0000249033   0.1373222994
        0.1317619918   0.0140121335   0.0006206175  -0.0004643429  -0.0008585152
       -0.0009072405  -0.0014170322  -0.0001755611  -0.0001333577   0.0001331414
       -0.0004127867
        0.0000137835   0.0000025437  -0.0000878726  -0.0008079191   0.0005707853
        0.0009243046  -0.0142777441  -0.0207413784  -0.0029572845  -0.1175474176
       -0.2201687476  -0.0285316324  -0.0023080239  -0.0015461790  -0.0001496424
       -0.0006814051   0.0023113624  -0.0018395043   0.0011996388   0.0009341010
        0.0001637826   0.0011069543  -0.0080172007  -0.0046441750  -0.0000879235
        0.0000349557  -0.0000219484  -0.0000144951   0.0000902883   0.0000767630
        0.0005268393  -0.0000058640   0.0005094628   0.0004097690   0.0000407388
       -0.0005314412  -0.0003102387   0.0003029256   0.0000268889   0.1317619918
        0.2457386291   0.0356923627   0.0007970062   0.0007968879   0.0008858285
        0.0001362658  -0.0001569120  -0.0001066723   0.0000829187  -0.0001869360
        0.0005907800
       -0.0003871468   0.0001520210   0.0001194043  -0.0008817468   0.0001879673
       -0.0012323369  -0.0046868175  -0.0075369852  -0.0009302006  -0.0153051370
       -0.0284169917  -0.0384742708   0.0030571493   0.0043905656   0.0011745702
        0.0027966187  -0.0020014500   0.0083417425   0.0002496095   0.0002913943
       -0.0004651209   0.0016317596  -0.0050777092   0.0058671765  -0.0000234666
       -0.0000229493  -0.0000430428  -0.0000202268  -0.0000698540  -0.0001235210
       -0.0002367236   0.0002134531   0.0000578133   0.0004200557   0.0000928473
       -0.0003149596   0.0000222990   0.0001477460  -0.0000714712   0.0140121335
        0.0356923627   0.0305874925  -0.0004802950   0.0011453128  -0.0025313336
        0.0002515460   0.0002029656   0.0001555097  -0.0004196111   0.0006093035
       -0.0021174516
       -0.0000745520   0.0000328816   0.0000586868  -0.0007016295   0.0014818673
        0.0003809995  -0.0055080630  -0.0018274049   0.0024717779  -0.0156546728
        0.0252222616   0.0108092438  -0.0958421469   0.0956644716   0.0388785540
        0.0069864420  -0.0114826629  -0.0040629862  -0.0000770230  -0.0036231142
        0.0007983620  -0.0004639821   0.0000621454  -0.0008446610   0.0000369809
       -0.0000344976   0.0000360044  -0.0000410360  -0.0000123121  -0.0000320871
        0.0000431111   0.0000297667   0.0000568574   0.0001109302   0.0000122395
       -0.0000247184  -0.0004746364   0.0000883788   0.0000879257   0.0006206175
        0.0007970062  -0.0004802950   0.1100663878  -0.1052021661  -0.0469398046
        0.0007749774  -0.0005393990  -0.0008413230   0.0001982947  -0.0006694618
       -0.0003525363
        0.0000401021   0.0000247795  -0.0000436082   0.0000571602  -0.0002624261
        0.0001394777  -0.0002908609   0.0030497482  -0.0018101296   0.0029214763
       -0.0016593640  -0.0018760286   0.0955953267  -0.2188191872  -0.0705111002
        0.0110788771  -0.0245826082  -0.0099489849  -0.0050126679  -0.0029099156
       -0.0024153181  -0.0000228158  -0.0002622122   0.0012961172  -0.0000347047
       -0.0000186698  -0.0000050033   0.0000448794  -0.0000012085   0.0000234738
        0.0000109467   0.0000047467  -0.0000067199  -0.0000089888   0.0000313990
       -0.0000179650   0.0000625547  -0.0000383821  -0.0000026325  -0.0004643429
        0.0007968879   0.0011453128  -0.1052021661   0.2456706698   0.0836692904
        0.0006341534   0.0005628924   0.0007922708   0.0005910703  -0.0015871497
       -0.0004284525
       -0.0001239568   0.0000446119  -0.0000194086   0.0000399055  -0.0002929702
       -0.0005951083   0.0030663983  -0.0015911935   0.0087300462   0.0044982106
       -0.0062831562   0.0002536389   0.0389178437  -0.0704056686  -0.0641619184
        0.0022737837  -0.0056079578   0.0008087327   0.0003651648  -0.0026710083
        0.0082935560  -0.0008005489   0.0013361353  -0.0043140897  -0.0000131552
       -0.0000034654   0.0000055884  -0.0000106254   0.0000168994  -0.0000179628
       -0.0000195687   0.0000017287   0.0000108618   0.0000220768  -0.0000126146
       -0.0000225739   0.0000785917   0.0000281602  -0.0001531669  -0.0008585152
        0.0008858285  -0.0025313336  -0.0469398046   0.0836692904   0.0566026321
       -0.0005065951   0.0010257893  -0.0022748781   0.0000107947  -0.0001404092
       -0.0006146159
       -0.0001092633   0.0000167674   0.0000759254  -0.0000599218   0.0000950486
       -0.0004995387   0.0014452471   0.0002646802  -0.0002606145  -0.0002590215
       -0.0039609579   0.0006777775  -0.0177761277  -0.0021765218   0.0029861829
       -0.2942665500  -0.0112633478   0.0487336933  -0.0157141257  -0.0007785202
        0.0027754782  -0.0030437060   0.0035502390   0.0032586960   0.0000379246
       -0.0000051494   0.0000273297  -0.0000644922  -0.0000059498  -0.0000237122
        0.0000498090  -0.0000156755   0.0000261702   0.0000736647  -0.0000323781
       -0.0000186560   0.0000600494   0.0000155361  -0.0000169327  -0.0009072405
        0.0001362658   0.0002515460   0.0007749774   0.0006341534  -0.0005065951
        0.3293359267   0.0138869778  -0.0569256853   0.0004228497  -0.0003611678
       -0.0005610645
        0.0001104985   0.0000780808   0.0000203419   0.0001989214  -0.0000369555
        0.0005335451  -0.0003740460  -0.0006175311  -0.0000462489  -0.0033097933
       -0.0034086172  -0.0027881035  -0.0249356897  -0.0016055639   0.0043774598
       -0.0106855502  -0.0425509986  -0.0005813870   0.0212709210   0.0016926133
       -0.0035660744   0.0050357787  -0.0038398073  -0.0044543487  -0.0000167911
       -0.0000009359  -0.0000260732   0.0000229970  -0.0000009863   0.0000298181
        0.0000353859  -0.0000223751   0.0000089558  -0.0000390722  -0.0000295416
        0.0000017556  -0.0000735047   0.0000378100   0.0000255720  -0.0014170322
       -0.0001569120   0.0002029656  -0.0005393990   0.0005628924   0.0010257893
        0.0138869778   0.0494605073   0.0047334243   0.0008293980   0.0004383207
        0.0005026081
       -0.0004003623  -0.0000033343   0.0000291395  -0.0003660582   0.0005976233
       -0.0018127687  -0.0003037821  -0.0001663296  -0.0001749474   0.0008105936
       -0.0026284749   0.0078207356  -0.0034439675  -0.0000712260   0.0010449958
        0.0488523038  -0.0004775512  -0.0429443869   0.0091540302   0.0007846300
       -0.0021866177   0.0036571932  -0.0042503578   0.0062114947  -0.0000081812
       -0.0000143079   0.0000194716  -0.0000653929  -0.0000118312  -0.0000917403
       -0.0000040147   0.0000051161   0.0000115562   0.0002519458   0.0001078101
       -0.0000422313   0.0000296610  -0.0000338584  -0.0000400703  -0.0001755611
       -0.0001066723   0.0001555097  -0.0008413230   0.0007922708  -0.0022748781
       -0.0569256853   0.0047334243   0.0359106489  -0.0002213993   0.0007430689
       -0.0016359114
       -0.0001798934   0.0000021165   0.0000970794  -0.0010656702  -0.0016018830
       -0.0002849605  -0.0066490816  -0.0017456809   0.0027396640  -0.0001115235
        0.0006547400   0.0002365114  -0.0000208982   0.0022940760   0.0022749639
        0.0055603550   0.0093803495   0.0021924060  -0.0894644152  -0.0959856133
       -0.0169762678  -0.0250114495  -0.0288188753  -0.0042510553   0.0000591845
       -0.0000214454   0.0000353403  -0.0000740029   0.0000054841  -0.0000435234
        0.0000458560   0.0000029070   0.0000316718  -0.0004125956  -0.0000843517
        0.0001126234   0.0001368261  -0.0000510262  -0.0000387260  -0.0001333577
        0.0000829187  -0.0004196111   0.0001982947   0.0005910703   0.0000107947
        0.0004228497   0.0008293980  -0.0002213993   0.1166995218   0.1144658158
        0.0145044886
       -0.0000619139   0.0000535830   0.0000992805   0.0000276632  -0.0002400297
       -0.0002587920  -0.0008280137   0.0013575198  -0.0023546056   0.0004811902
        0.0010581896   0.0001694024   0.0031035021  -0.0030852407  -0.0038322582
       -0.0110554937  -0.0252988905  -0.0059596754  -0.0960855958  -0.2318652725
       -0.0374142782  -0.0091373975  -0.0014008598   0.0027802192  -0.0000015758
       -0.0000057338  -0.0000170074  -0.0000576082   0.0000108973  -0.0000222409
        0.0000417110  -0.0000265322  -0.0000072760  -0.0000069650  -0.0000383887
        0.0000202517   0.0000121695   0.0000239905   0.0000254064   0.0001331414
       -0.0001869360   0.0006093035  -0.0006694618  -0.0015871497  -0.0001404092
       -0.0003611678   0.0004383207   0.0007430689   0.1144658158   0.2607925327
        0.0455596104
        0.0001722134  -0.0000027956   0.0000143990   0.0002062562   0.0001908671
        0.0003759894   0.0031727232  -0.0020834829   0.0087287029   0.0002492605
        0.0001262965   0.0001097427   0.0024913850  -0.0036890418   0.0065377994
       -0.0037207793  -0.0099281654   0.0008575623  -0.0169692747  -0.0375126545
       -0.0432984804   0.0013418804   0.0066773714  -0.0030739256   0.0000183983
       -0.0000067206   0.0000153736   0.0000258963  -0.0000225002   0.0000389016
        0.0000055961  -0.0000053664  -0.0000006099  -0.0000978719  -0.0000052106
        0.0000147961  -0.0000737846   0.0000368571  -0.0000257616  -0.0004127867
        0.0005907800  -0.0021174516  -0.0003525363  -0.0004284525  -0.0006146159
       -0.0005610645   0.0005026081  -0.0016359114   0.0145044886   0.0455596104
        0.0340734891
