           1           2  0.943928249924414     
           2           3   1.13522315135252     
           2           4  0.159284044467448     
           3           4   1.65081788524156     
           3           5   1.03514040461983     
           5           6   1.36658489132726     
           6           7   1.47906098655176     
           7           8   1.34865749387218     
           8           9   1.33652703370557     
           5          10   1.35670542647495     
           9          10   1.49332469791304     
           8          11   1.11629513685296     
           1          12  0.977025168449050     
           1          13  0.976074136608454     
           1          14  0.975958010619752     
           6          15  0.966141978841995     
           7          16  0.963096740627669     
           9          17  0.965143533441450     
          10          18  0.965025370936593     
          11          19  0.828996497589147     
