           1           2   1.02065632880916     
           2           3   1.01407895028069     
           3           4   1.43875390452794     
           4           5   1.42155159162932     
           3           6  0.105801634816662     
           5           6   1.44751785524386     
           4           7  0.100974929147190     
           6           7   1.43032752082229     
           3           8   1.32600743052446     
           7           8   1.39376108224588     
           8           9   1.06700208333513     
           1          10  0.986478983676689     
           1          11  0.986477179371792     
           1          12  0.986417098544841     
           2          13  0.960687336366464     
           2          14  0.960676442084449     
           4          15  0.966005326940312     
           5          16  0.971207504066625     
           6          17  0.971137453803798     
           7          18  0.965801874209993     
           9          19  0.845390443366014     
