           1           2  0.928819083704436     
           2           3   1.19142170296171     
           2           4  0.184250037520913     
           3           4   1.70939235229782     
           3           5  0.965556951989088     
           5           6  0.934061389373583     
           1           7  0.974727860024401     
           1           8  0.974197924247958     
           1           9  0.974409985034970     
           5          10  0.965614942789351     
           5          11  0.964870444849313     
