           1           2  0.971149483947382     
           2           3  0.955507379210251     
           2           4  0.970554214012798     
           4           5  0.956885736570714     
           4           6  0.966521912578223     
           6           7  0.955483744879707     
           6           8  0.960302020582692     
           8           9  0.958157630933155     
           8          10  0.961720797986159     
          10          11  0.946867437282202     
           2          12  0.955022390007201     
          10          12  0.973421884708240     
          10          13  0.999986386831535     
           8          14  0.995933417765834     
           6          15   1.00194428765121     
           4          16   1.00070341147872     
           1          17   1.00483249230207     
           1          18  0.968674203698436     
           1          19  0.964480455046581     
          13          20  0.840643648703574     
          14          21  0.841682545178359     
          15          22  0.846852412042575     
          16          23  0.850955548692898     
          17          24  0.855766348396598     
