           1           2  0.983725621060001     
           2           3  0.956512969169039     
           2           4  0.957587685106279     
           4           5  0.955997170224357     
           4           6  0.971726926488429     
           6           7  0.953884646974279     
           6           8  0.968899874748624     
           8           9  0.953536317639993     
           8          10  0.957423684374432     
          10          11  0.948132764398223     
           2          12  0.959614553800340     
          10          12  0.964482131577054     
          10          13   1.00316472379840     
           8          14  0.997301519783393     
           6          15   1.00272971185577     
           4          16   1.00387940964028     
           1          17  0.999929075136200     
           1          18  0.968791093540407     
           1          19  0.967691563037881     
          13          20  0.838503760081427     
          14          21  0.845255704335396     
          15          22  0.842539930853424     
          16          23  0.854903093166617     
          17          24  0.842681284910016     
