           1           2  0.931413737624223     
           2           3   1.17728945266711     
           2           4  0.177037750844615     
           3           4   1.71466517638868     
           3           5  0.945591756947099     
           5           6   1.06598578515571     
           6           7   2.84139383671570     
           1           8  0.974450469316708     
           1           9  0.974065281998240     
           1          10  0.976427828695795     
           5          11  0.908871108780565     
           5          12  0.909018981508805     
