           1           2  0.976776638577863     
           2           3  0.956654826969684     
           2           4  0.965675666484914     
           4           5  0.956512851989612     
           4           6  0.966707683225537     
           6           7  0.957028613569975     
           6           8  0.971948798346464     
           8           9  0.956313804301686     
           8          10  0.958397254384541     
          10          11  0.949543016609499     
           2          12  0.952283713331040     
          10          12  0.962372370970844     
          10          13   1.00372464750368     
           8          14   1.00252476411408     
           6          15  0.994406246331381     
           4          16  0.997190272627883     
           1          17   1.00907392684183     
           1          18  0.967164678219596     
           1          19  0.966755208227099     
          13          20  0.837907611733630     
          14          21  0.842409703469103     
          15          22  0.840411502739922     
          16          23  0.852100809650534     
          17          24  0.859237451348172     
