           1           2  0.975634400799493     
           2           3  0.957185821393988     
           2           4  0.959703517447760     
           4           5  0.960002777327230     
           4           6  0.963814131861570     
           6           7  0.957923289609270     
           6           8  0.967926425957122     
           8           9  0.955321332902314     
           8          10  0.952248208306542     
          10          11  0.944328080617569     
           2          12  0.958774924400067     
          10          12  0.956823015241701     
          10          13   1.02076800118359     
           8          14   1.00389901978736     
           6          15   1.00701555609965     
           4          16   1.00075724573675     
           1          17   1.01217990340652     
           1          18  0.967468553672773     
           1          19  0.966557767428537     
          13          20  0.823947144603923     
          14          21  0.845058732067669     
          15          22  0.853997755502094     
          16          23  0.849104168890021     
          17          24  0.855779822991159     
