$hessian                                                                        
        0.5031589176  -0.0000063508  -0.0000151156  -0.2871343973   0.0000330549
       -0.0000375426  -0.0269854578  -0.0000018234  -0.0000006121  -0.0633432060
        0.0677576994   0.0254082549  -0.0633551086  -0.0559356352   0.0459946743
       -0.0633024237  -0.0118504364  -0.0713440586   0.0009616758   0.0000034915
       -0.0000056004
       -0.0000063508   0.4902166043   0.0000019985   0.0000482479  -0.0517965291
        0.0000006381  -0.0000083219  -0.0037187261  -0.0000008932   0.0707798373
       -0.2290249327  -0.0705628036  -0.0584216564  -0.1689174566   0.1052630352
       -0.0123870699  -0.0466835087  -0.0347020086  -0.0000046863   0.0099245488
        0.0000000335
       -0.0000151156   0.0000019985   0.4901859920  -0.0000646889  -0.0000009242
       -0.0517960074   0.0000127694  -0.0000018182  -0.0037187566   0.0265463742
       -0.0705596886  -0.0673722255   0.0480453513   0.1052657481  -0.1274600695
       -0.0745281467  -0.0347046917  -0.2497634809   0.0000034564  -0.0000006240
        0.0099245479
       -0.2871343973   0.0000482479  -0.0000646889   1.5088393543   0.0001048844
       -0.0001527219  -1.1377094099  -0.0001539936   0.0002049838  -0.0229697983
        0.0076135433   0.0028767899  -0.0229838823  -0.0062585517   0.0051516318
       -0.0229657456  -0.0013502372  -0.0080295686  -0.0150761209  -0.0000038931
        0.0000135739
        0.0000330549  -0.0517965291  -0.0000009242   0.0001048844   0.0679231233
       -0.0000024242  -0.0001355673  -0.0096653564   0.0000000027   0.0273930251
        0.0001376217  -0.0001382512  -0.0226006379   0.0002731186   0.0002140554
       -0.0047977351   0.0005316141  -0.0000735082   0.0000029760  -0.0074035923
        0.0000010497
       -0.0000375426   0.0000006381  -0.0517960074  -0.0001527219  -0.0000024242
        0.0679209132   0.0001939484  -0.0000003321  -0.0096658753   0.0102756986
       -0.0001484417   0.0004928588   0.0185851163   0.0002163318   0.0003590991
       -0.0288603883  -0.0000665979   0.0000924392  -0.0000041107   0.0000008259
       -0.0074034277
       -0.0269854578  -0.0000083219   0.0000127694  -1.1377094099  -0.0001355673
        0.0001939484   1.5492752281   0.0002784390  -0.0002626264  -0.0001541764
       -0.0017280548  -0.0006568814  -0.0001591507   0.0014186829  -0.0011681473
       -0.0001555511   0.0003099297   0.0018226473  -0.3841114823  -0.0001351075
        0.0000582900
       -0.0000018234  -0.0037187261  -0.0000018182  -0.0001539936  -0.0096653564
       -0.0000003321   0.0002784390   0.0306390285   0.0000009060   0.0017828760
       -0.0001066233  -0.0001196031  -0.0014694042  -0.0000053444   0.0001810994
       -0.0003112606   0.0002049543  -0.0000598937  -0.0001248334  -0.0173479326
       -0.0000003583
       -0.0000006121  -0.0000008932  -0.0037187566   0.0002049838   0.0000000027
       -0.0096658753  -0.0002626264   0.0000009060   0.0306388433   0.0006685733
       -0.0001222024   0.0001701904   0.0012080162   0.0001796168   0.0000647921
       -0.0018791799  -0.0000571083  -0.0001418607   0.0000608451  -0.0000003217
       -0.0173473333
       -0.0633432060   0.0707798373   0.0265463742  -0.0229697983   0.0273930251
        0.0102756986  -0.0001541764   0.0017828760   0.0006685733   0.0787537957
       -0.0818484246  -0.0307009689   0.0039442527  -0.0079998397  -0.0026852490
        0.0039372231  -0.0077769691  -0.0032294122  -0.0001680907  -0.0023305051
       -0.0008750159
        0.0677576994  -0.2290249327  -0.0705596886   0.0076135433   0.0001376217
       -0.0001484417  -0.0017280548  -0.0001066233  -0.0001222024  -0.0818484246
        0.2624134511   0.0820022773   0.0066866426  -0.0264394020  -0.0062259045
        0.0016708963  -0.0071238625  -0.0049255985  -0.0001523022   0.0001437475
       -0.0000204416
        0.0254082549  -0.0705628036  -0.0673722255   0.0028767899  -0.0001382512
        0.0004928588  -0.0006568814  -0.0001196031   0.0001701904  -0.0307009689
        0.0820022773   0.0745556947  -0.0051260822   0.0171935177   0.0056445523
        0.0082542510  -0.0283518383  -0.0136783174  -0.0000553633  -0.0000232987
        0.0001872466
       -0.0633551086  -0.0584216564   0.0480453513  -0.0229838823  -0.0226006379
        0.0185851163  -0.0001591507  -0.0014694042   0.0012080162   0.0039442527
        0.0066866426  -0.0051260822   0.0787840938   0.0675599061  -0.0555589660
        0.0039394153   0.0063177618  -0.0055695385  -0.0001696202   0.0019273880
       -0.0015838971
       -0.0559356352  -0.1689174566   0.1052657481  -0.0062585517   0.0002731186
        0.0002163318   0.0014186829  -0.0000053444   0.0001796168  -0.0079998397
       -0.0264394020   0.0171935177   0.0675599061   0.1925541589  -0.1223254089
        0.0010901320   0.0023768574  -0.0005635166   0.0001253056   0.0001580679
        0.0000337110
        0.0459946743   0.1052630352  -0.1274600695   0.0051516318   0.0002140554
        0.0003590991  -0.0011681473   0.0001810994   0.0000647921  -0.0026852490
       -0.0062259045   0.0056445523  -0.0555589660  -0.1223254089   0.1443876051
        0.0083690667   0.0228604316  -0.0231667541  -0.0001030105   0.0000326917
        0.0001707751
       -0.0633024237  -0.0123870699  -0.0745281467  -0.0229657456  -0.0047977351
       -0.0288603883  -0.0001555511  -0.0003112606  -0.0018791799   0.0039372231
        0.0016708963   0.0082542510   0.0039394153   0.0010901320   0.0083690667
        0.0787147828   0.0143249854   0.0861897615  -0.0001677008   0.0004100518
        0.0024546356
       -0.0118504364  -0.0466835087  -0.0347046917  -0.0013502372   0.0005316141
       -0.0000665979   0.0003099297   0.0002049543  -0.0000571083  -0.0077769691
       -0.0071238625  -0.0283518383   0.0063177618   0.0023768574   0.0228604316
        0.0143249854   0.0504997462   0.0403340031   0.0000249658   0.0001941991
       -0.0000141986
       -0.0713440586  -0.0347020086  -0.2497634809  -0.0080295686  -0.0000735082
        0.0000924392   0.0018226473  -0.0000598937  -0.0001418607  -0.0032294122
       -0.0049255985  -0.0136783174  -0.0055695385  -0.0005635166  -0.0231667541
        0.0861897615   0.0403340031   0.2865209629   0.0001601691  -0.0000094774
        0.0001370109
        0.0009616758  -0.0000046863   0.0000034564  -0.0150761209   0.0000029760
       -0.0000041107  -0.3841114823  -0.0001248334   0.0000608451  -0.0001680907
       -0.0001523022  -0.0000553633  -0.0001696202   0.0001253056  -0.0001030105
       -0.0001677008   0.0000249658   0.0001601691   0.3987313390   0.0001285744
       -0.0000619861
        0.0000034915   0.0099245488  -0.0000006240  -0.0000038931  -0.0074035923
        0.0000008259  -0.0001351075  -0.0173479326  -0.0000003217  -0.0023305051
        0.0001437475  -0.0000232987   0.0019273880   0.0001580679   0.0000326917
        0.0004100518   0.0001941991  -0.0000094774   0.0001285744   0.0143309614
        0.0000002041
       -0.0000056004   0.0000000335   0.0099245479   0.0000135739   0.0000010497
       -0.0074034277   0.0000582900  -0.0000003583  -0.0173473333  -0.0008750159
       -0.0000204416   0.0001872466  -0.0015838971   0.0000337110   0.0001707751
        0.0024546356  -0.0000141986   0.0001370109  -0.0000619861   0.0000002041
        0.0143311804
