           1           2  0.977814738177181     
           2           3  0.956419094636206     
           2           4  0.957419674101470     
           4           5  0.957566773289030     
           4           6  0.960919689433870     
           6           7  0.956327190933363     
           6           8  0.967087620776951     
           8           9  0.956021331245113     
           8          10  0.950935717233124     
          10          11  0.944071581896510     
           2          12  0.957906085990678     
          10          12  0.956488871458714     
          10          13   1.02138153332568     
           8          14   1.00472909320546     
           6          15   1.00814167267464     
           4          16   1.00827123937600     
           1          17   1.01055052800022     
           1          18  0.967115344569740     
           1          19  0.965820371881959     
          13          20  0.824279168113110     
          14          21  0.844982556360440     
          15          22  0.854050954563756     
          16          23  0.852247455794681     
          17          24  0.854393059939861     
