           1           2  0.982864485470035     
           2           3  0.957952790072054     
           2           4  0.961343452224844     
           4           5  0.958329340863309     
           4           6  0.967809908750535     
           6           7  0.954795925450842     
           6           8  0.968798615985842     
           8           9  0.957235098489148     
           8          10  0.940768718955646     
          10          11  0.947543624535785     
           2          12  0.960482014307405     
          10          12  0.951389871706179     
          10          13   1.03042194634944     
           8          14   1.00902375212391     
           6          15   1.00166582802618     
           4          16  0.999961742396523     
           1          17   1.00407872120277     
           1          18  0.967736630766098     
           1          19  0.968155181610583     
          13          20  0.833796824449360     
          14          21  0.854830990513501     
          15          22  0.844270224097580     
          16          23  0.848807236773752     
          17          24  0.841991494557655     
