           1           2  0.989839926750364     
           2           3  0.955882409392286     
           2           4  0.954394900538448     
           4           5  0.957928032814713     
           4           6  0.973127402886019     
           6           7  0.956539473474777     
           6           8  0.960869563200931     
           8           9  0.960681170937178     
           8          10  0.940595385929674     
          10          11  0.948018020382568     
           2          12  0.959732659933643     
          10          12  0.962835978865907     
          10          13   1.01655331343613     
           8          14  0.994228179855591     
           6          15   1.00849338190934     
           4          16   1.00203899545261     
           1          17  0.999087655447186     
           1          18  0.967658355447647     
           1          19  0.967369526671262     
          13          20  0.832986721789312     
          14          21  0.841266153336365     
          15          22  0.833998763647614     
          16          23  0.845031204374802     
          17          24  0.835525739039731     
