           1           2   1.00856039076962     
           2           3   1.00855555653957     
           2           4  0.985046031788025     
           4           5   1.00855905329237     
           4           6   1.00855679272306     
           1           7  0.985436391160679     
           1           8  0.984466388383523     
           1           9  0.987037320823702     
           2          10  0.968745199472036     
           3          11  0.984479544780156     
           3          12  0.985433584636698     
           3          13  0.987038343894060     
           4          14  0.968745326479095     
           5          15  0.987036980203190     
           5          16  0.985435409122826     
           5          17  0.984468323703286     
           6          18  0.984477836799857     
           6          19  0.987038682161082     
           6          20  0.985434348389491     
