           1           2   1.43876751839272     
           2           3   1.42603287597073     
           3           4   1.42253136332971     
           4           5   1.32560334701433     
           1           6   1.44623267981908     
           3           6  0.105693634739227     
           5           6   1.36841128979152     
           5           7   1.09176453140231     
           4           8  0.915716517757785     
           1           9  0.967631964270030     
           2          10  0.968195165997602     
           3          11  0.965042847918352     
           6          12  0.963310824634360     
           7          13  0.830678834758855     
