$hessian                                                                        
        0.5128107343   0.0023856744   0.0234618484  -0.0888348011   0.0088118503
        0.0508826010  -0.0178291576   0.0089646599   0.0211354901   0.0001132326
        0.0012474769   0.0018265531  -0.1382694085  -0.0786606967  -0.0871650067
       -0.2086285048   0.1089966106  -0.0324822881  -0.0593869387  -0.0509763666
        0.0263838785  -0.0039557597   0.0002705405   0.0097497392   0.0068955825
       -0.0035608860  -0.0146036691  -0.0036793589   0.0036393621   0.0007410686
        0.0007643800  -0.0011182253   0.0000697851
        0.0023856744   0.5213362166  -0.0117041585   0.0094930466  -0.0726872568
       -0.0227629409   0.0100398213  -0.0054048321  -0.0149212155  -0.0002333080
        0.0004760548   0.0002391290  -0.0786228677  -0.1094990172  -0.0707816759
        0.1090323124  -0.1163875820   0.0217848930  -0.0508964739  -0.2172729741
        0.0934348630  -0.0104160133   0.0038654063   0.0221128084   0.0055297465
       -0.0036335216  -0.0159639204   0.0033991718  -0.0016825889  -0.0003154888
        0.0002888900   0.0008900950  -0.0011222934
        0.0234618484  -0.0117041585   0.4747420780   0.0511649543  -0.0236283688
       -0.1750365317   0.0041380606  -0.0023013148   0.0002369368  -0.0017470035
        0.0002073476   0.0003742295  -0.0868226933  -0.0709598868  -0.1220781619
       -0.0314792476   0.0211400002  -0.0478555252   0.0266571877   0.0941196042
       -0.0938154460   0.0090257540  -0.0006651029  -0.0172341062   0.0071060236
       -0.0069915071  -0.0212074526  -0.0005685170   0.0006034756   0.0009125740
       -0.0009363672   0.0001799113   0.0009614053
       -0.0888348011   0.0094930466   0.0511649543   0.4671803346   0.0320216613
        0.0063039337  -0.1436702830   0.0697287068  -0.0052107255  -0.0221319804
        0.0001866996  -0.0092682134   0.0076034180  -0.0033588704  -0.0153265388
       -0.0131882237   0.0069172057   0.0225346016  -0.0045831589   0.0003299658
        0.0095725713  -0.0565441619  -0.0485169013   0.0245390387  -0.1363026503
       -0.0753389548  -0.0838966759  -0.0121768257   0.0082827408   0.0009277059
        0.0026483323   0.0002546999  -0.0013406520
        0.0088118503  -0.0726872568  -0.0236283688   0.0320216613   0.5211912569
       -0.0072400586   0.0622791968  -0.1119713035   0.0101076156  -0.0083002024
        0.0042856765  -0.0021914464   0.0059988270  -0.0041501151  -0.0162311452
        0.0085889147  -0.0043153202  -0.0147225657  -0.0109475455   0.0040051946
        0.0234715460  -0.0503504994  -0.2126555896   0.0894913339  -0.0767091653
       -0.1013346736  -0.0638809192   0.0080529610  -0.0047717465  -0.0000237209
        0.0205540017  -0.0175961228   0.0048477294
        0.0508826010  -0.0227629409  -0.1750365317   0.0063039337  -0.0072400586
        0.4866318311  -0.0077372836   0.0128505435  -0.0634506412  -0.0114081508
        0.0010265453  -0.0040200265   0.0054731230  -0.0069628356  -0.0214366309
        0.0000530698  -0.0004668584   0.0013907170   0.0088122460   0.0000318126
       -0.0179553557   0.0244592751   0.0906592009  -0.0912571356  -0.0850061028
       -0.0626798890  -0.1136736844   0.0202919663  -0.0157956641   0.0007144332
       -0.0121246778   0.0113401442  -0.0019069753
       -0.0178291576   0.0100398213   0.0041380606  -0.1436702830   0.0622791968
       -0.0077372836   0.3384082382  -0.0527486598  -0.0891294730  -0.0438656608
       -0.0218707109  -0.0175093328   0.0008059962  -0.0005361571  -0.0010119781
       -0.0010780438   0.0009118571   0.0030684413   0.0005747053   0.0005606121
       -0.0004501458   0.0019048718  -0.0008130706  -0.0015811979  -0.0228741102
        0.0100056928  -0.0066685081  -0.0663943894   0.0277209048   0.0863022587
       -0.0459821667  -0.0355494863   0.0305791587
        0.0089646599  -0.0054048321  -0.0023013148   0.0697287068  -0.1119713035
        0.0128505435  -0.0527486598   0.4274611607  -0.0530844419  -0.0247737068
       -0.0352648887  -0.0160469586  -0.0002844122  -0.0001013308  -0.0000356616
        0.0009133917  -0.0000299076  -0.0015805932  -0.0011825621   0.0010441847
        0.0004301413   0.0231985706  -0.0198381934   0.0059321803  -0.0073779977
        0.0054128464  -0.0015523299   0.0234981736  -0.0572328633  -0.0550111950
       -0.0399361639  -0.2040748724   0.1103996299
        0.0211354901  -0.0149212155   0.0002369368  -0.0052107255   0.0101076156
       -0.0634506412  -0.0891294730  -0.0530844419   0.4601250687  -0.0178999517
       -0.0142471935  -0.0306036188   0.0002920234  -0.0004959346   0.0003691889
        0.0035777812  -0.0019481919  -0.0044738426   0.0006613123  -0.0006090239
        0.0007751598  -0.0123080614   0.0095479786  -0.0024204436  -0.0142084711
        0.0069463653  -0.0029918715   0.0810313616  -0.0564579722  -0.2420845604
        0.0320587142   0.1151620140  -0.1154813761
        0.0001132326  -0.0002333080  -0.0017470035  -0.0221319804  -0.0083002024
       -0.0114081508  -0.0438656608  -0.0247737068  -0.0178999517   0.0878500906
        0.0433972677   0.0434799744  -0.0012581363   0.0009822065   0.0008700060
       -0.0001283878   0.0000129213  -0.0000449987  -0.0004338858  -0.0007584951
        0.0001277974   0.0004652657   0.0003731048   0.0000036857  -0.0051622699
        0.0027803499  -0.0008482538  -0.0040008380  -0.0042446690  -0.0043767779
       -0.0114474299  -0.0092354689  -0.0081563270
        0.0012474769   0.0004760548   0.0002073476   0.0001866996   0.0042856765
        0.0010265453  -0.0218707109  -0.0352648887  -0.0142471935   0.0433972677
        0.0441436889   0.0289305274   0.0006561462   0.0003891990   0.0004758044
        0.0000164801   0.0000037107   0.0000611407  -0.0001359916  -0.0003619791
       -0.0000046188   0.0007405097   0.0011639737   0.0002573107   0.0008162066
        0.0004676194   0.0001093036  -0.0093122232  -0.0055702160  -0.0058242698
       -0.0157418611  -0.0097328392  -0.0109918975
        0.0018265531   0.0002391290   0.0003742295  -0.0092682134  -0.0021914464
       -0.0040200265  -0.0175093328  -0.0160469586  -0.0306036188   0.0434799744
        0.0289305274   0.0416366524   0.0009052786   0.0003374314   0.0005670181
        0.0000868029  -0.0000043915  -0.0000175589  -0.0002059251  -0.0002734489
       -0.0000119911  -0.0001799235   0.0001984581  -0.0001140200  -0.0021946670
        0.0011475448   0.0000049999  -0.0177221997  -0.0122482772  -0.0096588788
        0.0007816525  -0.0000885680   0.0018431941
       -0.1382694085  -0.0786228677  -0.0868226933   0.0076034180   0.0059988270
        0.0054731230   0.0008059962  -0.0002844122   0.0002920234  -0.0012581363
        0.0006561462   0.0009052786   0.1599881872   0.0910267624   0.1001046366
       -0.0222652600  -0.0131828624  -0.0173329099  -0.0065702935  -0.0068508575
       -0.0047258793   0.0003809509   0.0002487349  -0.0001096497  -0.0001885387
        0.0011190546   0.0023095499  -0.0001733566  -0.0001401978  -0.0000697759
       -0.0000535587   0.0000316725  -0.0000237036
       -0.0786606967  -0.1094990172  -0.0709598868  -0.0033588704  -0.0041501151
       -0.0069628356  -0.0005361571  -0.0001013308  -0.0004959346   0.0009822065
        0.0003891990   0.0003374314   0.0910267624   0.1232349855   0.0844969220
        0.0112586717   0.0084419757   0.0094291414  -0.0212016857  -0.0189311425
       -0.0148058350   0.0001245708   0.0004938364   0.0006673419   0.0007280407
        0.0004883316  -0.0017378301  -0.0001727630  -0.0000058325   0.0001630334
       -0.0001900791  -0.0003608900  -0.0001315481
       -0.0871650067  -0.0707816759  -0.1220781619  -0.0153265388  -0.0162311452
       -0.0214366309  -0.0010119781  -0.0000356616   0.0003691889   0.0008700060
        0.0004758044   0.0005670181   0.1001046366   0.0844969220   0.1437328796
       -0.0070460817  -0.0029141974  -0.0036669784   0.0080749961   0.0069998838
        0.0078728769  -0.0006686611  -0.0001704759   0.0004190770   0.0024869874
       -0.0019114721  -0.0058287119  -0.0002263960   0.0002195942   0.0001870110
       -0.0000919637  -0.0001475762  -0.0001375684
       -0.2086285048   0.1090323124  -0.0314792476  -0.0131882237   0.0085889147
        0.0000530698  -0.0010780438   0.0009133917   0.0035777812  -0.0001283878
        0.0000164801   0.0000868029  -0.0222652600   0.0112586717  -0.0070460817
        0.2405096083  -0.1278831775   0.0350154992   0.0051205195  -0.0021903971
        0.0001391540  -0.0001810827  -0.0001114621  -0.0002335348   0.0005418429
        0.0000172810  -0.0002825933  -0.0007514075   0.0006808877   0.0000619473
        0.0000489395  -0.0003229025   0.0001072029
        0.1089966106  -0.1163875820   0.0211400002   0.0069172057  -0.0043153202
       -0.0004668584   0.0009118571  -0.0000299076  -0.0019481919   0.0000129213
        0.0000037107  -0.0000043915  -0.0131828624   0.0084419757  -0.0029141974
       -0.1278831775   0.1318356300  -0.0235132747   0.0241109930  -0.0198979697
        0.0076092581  -0.0003591012   0.0004654949   0.0002439964   0.0001530637
       -0.0002334134   0.0000194677   0.0004910477  -0.0001634188  -0.0001130598
       -0.0001685581   0.0002808004  -0.0000527486
       -0.0324822881   0.0217848930  -0.0478555252   0.0225346016  -0.0147225657
        0.0013907170   0.0030684413  -0.0015805932  -0.0044738426  -0.0000449987
        0.0000611407  -0.0000175589  -0.0173329099   0.0094291414  -0.0036669784
        0.0350154992  -0.0235132747   0.0564767053  -0.0123464302   0.0099120461
       -0.0027240783   0.0001683299  -0.0002410385   0.0006043594   0.0003247799
       -0.0001628466   0.0005621328   0.0011341126  -0.0010171699  -0.0000788202
       -0.0000391376   0.0000502674  -0.0002171110
       -0.0593869387  -0.0508964739   0.0266571877  -0.0045831589  -0.0109475455
        0.0088122460   0.0005747053  -0.0011825621   0.0006613123  -0.0004338858
       -0.0001359916  -0.0002059251  -0.0065702935  -0.0212016857   0.0080749961
        0.0051205195   0.0241109930  -0.0123464302   0.0657638273   0.0589122968
       -0.0340721826  -0.0007382064   0.0004348036   0.0031283377   0.0003596978
        0.0002110763  -0.0006468971   0.0001746199   0.0001018655  -0.0001823283
       -0.0002808864   0.0005932235   0.0001196835
       -0.0509763666  -0.2172729741   0.0941196042   0.0003299658   0.0040051946
        0.0000318126   0.0005606121   0.0010441847  -0.0006090239  -0.0007584951
       -0.0003619791  -0.0002734489  -0.0068508575  -0.0189311425   0.0069998838
       -0.0021903971  -0.0198979697   0.0099120461   0.0589122968   0.2497809404
       -0.1095277841   0.0007235428   0.0009161096  -0.0005734147   0.0002820173
        0.0005251203  -0.0000412147   0.0001278986   0.0000036192  -0.0000581217
       -0.0001602170   0.0001888967   0.0000196614
        0.0263838785   0.0934348630  -0.0938154460   0.0095725713   0.0234715460
       -0.0179553557  -0.0004501458   0.0004301413   0.0007751598   0.0001277974
       -0.0000046188  -0.0000119911  -0.0047258793  -0.0148058350   0.0078728769
        0.0001391540   0.0076092581  -0.0027240783  -0.0340721826  -0.1095277841
        0.1109470135   0.0032404512  -0.0008063242  -0.0058254477  -0.0001338827
        0.0006693113   0.0003804087  -0.0003818752   0.0000198433   0.0001250889
        0.0003001132  -0.0004904010   0.0002317708
       -0.0039557597  -0.0104160133   0.0090257540  -0.0565441619  -0.0503504994
        0.0244592751   0.0019048718   0.0231985706  -0.0123080614   0.0004652657
        0.0007405097  -0.0001799235   0.0003809509   0.0001245708  -0.0006686611
       -0.0001810827  -0.0003591012   0.0001683299  -0.0007382064   0.0007235428
        0.0032404512   0.0680302001   0.0529382864  -0.0303168621  -0.0063523184
       -0.0207714059   0.0074850589   0.0003649464  -0.0000578340  -0.0003306908
       -0.0033747058   0.0042293736  -0.0005746701
        0.0002705405   0.0038654063  -0.0006651029  -0.0485169013  -0.2126555896
        0.0906592009  -0.0008130706  -0.0198381934   0.0095479786   0.0003731048
        0.0011639737   0.0001984581   0.0002487349   0.0004938364  -0.0001704759
       -0.0001114621   0.0004654949  -0.0002410385   0.0004348036   0.0009161096
       -0.0008063242   0.0529382864   0.2461032663  -0.1050590972  -0.0079748120
       -0.0182469532   0.0063798134  -0.0003936364  -0.0000989319  -0.0000813480
        0.0035444123  -0.0021684190   0.0002379357
        0.0097497392   0.0221128084  -0.0172341062   0.0245390387   0.0894913339
       -0.0912571356  -0.0015811979   0.0059321803  -0.0024204436   0.0000036857
        0.0002573107  -0.0001140200  -0.0001096497   0.0006673419   0.0004190770
       -0.0002335348   0.0002439964   0.0006043594   0.0031283377  -0.0005734147
       -0.0058254477  -0.0303168621  -0.1050590972   0.1076117422  -0.0047639530
       -0.0141409192   0.0072662511   0.0001063131  -0.0003371282   0.0003501032
       -0.0005219169   0.0014055877   0.0005996202
        0.0068955825   0.0055297465   0.0071060236  -0.1363026503  -0.0767091653
       -0.0850061028  -0.0228741102  -0.0073779977  -0.0142084711  -0.0051622699
        0.0008162066  -0.0021946670  -0.0001885387   0.0007280407   0.0024869874
        0.0005418429   0.0001530637   0.0003247799   0.0003596978   0.0002820173
       -0.0001338827  -0.0063523184  -0.0079748120  -0.0047639530   0.1627173157
        0.0852072952   0.0964865935  -0.0000119850  -0.0004275464  -0.0000796189
        0.0003774338  -0.0002268486  -0.0000176888
       -0.0035608860  -0.0036335216  -0.0069915071  -0.0753389548  -0.1013346736
       -0.0626798890   0.0100056928   0.0054128464   0.0069463653   0.0027803499
        0.0004676194   0.0011475448   0.0011190546   0.0004883316  -0.0019114721
        0.0000172810  -0.0002334134  -0.0001628466   0.0002110763   0.0005251203
        0.0006693113  -0.0207714059  -0.0182469532  -0.0141409192   0.0852072952
        0.1157901563   0.0765624341   0.0001485100   0.0005653327   0.0004653392
        0.0001819868   0.0001991550   0.0000956393
       -0.0146036691  -0.0159639204  -0.0212074526  -0.0838966759  -0.0638809192
       -0.1136736844  -0.0066685081  -0.0015523299  -0.0029918715  -0.0008482538
        0.0001093036   0.0000049999   0.0023095499  -0.0017378301  -0.0058287119
       -0.0002825933   0.0000194677   0.0005621328  -0.0006468971  -0.0000412147
        0.0003804087   0.0074850589   0.0063798134   0.0072662511   0.0964865935
        0.0765624341   0.1350719165   0.0005823366  -0.0000417775   0.0005560753
        0.0000830584   0.0001469729  -0.0001400640
       -0.0036793589   0.0033991718  -0.0005685170  -0.0121768257   0.0080529610
        0.0202919663  -0.0663943894   0.0234981736   0.0810313616  -0.0040008380
       -0.0093122232  -0.0177221997  -0.0001733566  -0.0001727630  -0.0002263960
       -0.0007514075   0.0004910477   0.0011341126   0.0001746199   0.0001278986
       -0.0003818752   0.0003649464  -0.0003936364   0.0001063131  -0.0000119850
        0.0001485100   0.0005823366   0.0882899170  -0.0270545352  -0.0916232081
       -0.0016413223   0.0012153952   0.0073761057
        0.0036393621  -0.0016825889   0.0006034756   0.0082827408  -0.0047717465
       -0.0157956641   0.0277209048  -0.0572328633  -0.0564579722  -0.0042446690
       -0.0055702160  -0.0122482772  -0.0001401978  -0.0000058325   0.0002195942
        0.0006808877  -0.0001634188  -0.0010171699   0.0001018655   0.0000036192
        0.0000198433  -0.0000578340  -0.0000989319  -0.0003371282  -0.0004275464
        0.0005653327  -0.0000417775  -0.0270545352   0.0634084718   0.0622005817
       -0.0085009783   0.0055481743   0.0228544944
        0.0007410686  -0.0003154888   0.0009125740   0.0009277059  -0.0000237209
        0.0007144332   0.0863022587  -0.0550111950  -0.2420845604  -0.0043767779
       -0.0058242698  -0.0096588788  -0.0000697759   0.0001630334   0.0001870110
        0.0000619473  -0.0001130598  -0.0000788202  -0.0001823283  -0.0000581217
        0.0001250889  -0.0003306908  -0.0000813480   0.0003501032  -0.0000796189
        0.0004653392   0.0005560753  -0.0916232081   0.0622005817   0.2680195564
        0.0086294194  -0.0014017501  -0.0190425826
        0.0007643800   0.0002888900  -0.0009363672   0.0026483323   0.0205540017
       -0.0121246778  -0.0459821667  -0.0399361639   0.0320587142  -0.0114474299
       -0.0157418611   0.0007816525  -0.0000535587  -0.0001900791  -0.0000919637
        0.0000489395  -0.0001685581  -0.0000391376  -0.0002808864  -0.0001602170
        0.0003001132  -0.0033747058   0.0035444123  -0.0005219169   0.0003774338
        0.0001819868   0.0000830584  -0.0016413223  -0.0085009783   0.0086294194
        0.0589409843   0.0401285667  -0.0281388945
       -0.0011182253   0.0008900950   0.0001799113   0.0002546999  -0.0175961228
        0.0113401442  -0.0355494863  -0.2040748724   0.1151620140  -0.0092354689
       -0.0097328392  -0.0000885680   0.0000316725  -0.0003608900  -0.0001475762
       -0.0003229025   0.0002808004   0.0000502674   0.0005932235   0.0001888967
       -0.0004904010   0.0042293736  -0.0021684190   0.0014055877  -0.0002268486
        0.0001991550   0.0001469729   0.0012153952   0.0055481743  -0.0014017501
        0.0401285667   0.2268260220  -0.1261566023
        0.0000697851  -0.0011222934   0.0009614053  -0.0013406520   0.0048477294
       -0.0019069753   0.0305791587   0.1103996299  -0.1154813761  -0.0081563270
       -0.0109918975   0.0018431941  -0.0000237036  -0.0001315481  -0.0001375684
        0.0001072029  -0.0000527486  -0.0002171110   0.0001196835   0.0000196614
        0.0002317708  -0.0005746701   0.0002379357   0.0005996202  -0.0000176888
        0.0000956393  -0.0001400640   0.0073761057   0.0228544944  -0.0190425826
       -0.0281388945  -0.1261566023   0.1332896871
