           1           2  0.973194423454405     
           2           3  0.956804259647642     
           2           4  0.965883638473083     
           4           5  0.958883693981974     
           4           6  0.960331927450083     
           6           7  0.957779635419384     
           6           8  0.973081989934245     
           8           9  0.958058563016772     
           8          10  0.955064331484647     
          10          11  0.943371193523705     
           2          12  0.956055171172805     
          10          12  0.977570843930669     
          10          13  0.998877054442926     
           8          14  0.997203218986517     
           6          15   1.00087102725014     
           4          16   1.00281215858105     
           1          17   1.00641190996231     
           1          18  0.963564287659435     
           1          19  0.967947128808394     
          13          20  0.840732350590068     
          14          21  0.843355962264625     
          15          22  0.844648668747220     
          16          23  0.850466497969520     
          17          24  0.856940438802280     
