           1           2  0.980894166031412     
           2           3  0.954995826431954     
           2           4  0.968496869317923     
           4           5  0.957396745534452     
           4           6  0.960508513227836     
           6           7  0.957881246327418     
           6           8  0.966072578069581     
           8           9  0.955851969457475     
           8          10  0.944120811782194     
          10          11  0.950001504872072     
           2          12  0.955891123368056     
          10          12  0.950703425607719     
          10          13   1.02049609704111     
           8          14   1.00255967527825     
           6          15   1.00361462949470     
           4          16   1.00041898626397     
           1          17   1.01017318776814     
           1          18  0.963154028907180     
           1          19  0.968804926896832     
          13          20  0.833703389995113     
          14          21  0.847335921048444     
          15          22  0.855604451607009     
          16          23  0.848782617292820     
          17          24  0.852817623622846     
