           1           2  0.971111651756067     
           2           3  0.955824907697888     
           2           4  0.970463207809081     
           4           5  0.955445646489548     
           4           6  0.964761152913427     
           6           7  0.954387021246015     
           6           8  0.973905998934815     
           8           9  0.958748396845302     
           8          10  0.948143279955683     
          10          11  0.948738100721206     
           2          12  0.956222556612214     
          10          12  0.968268999951116     
          10          13   1.00098643972292     
           8          14   1.00295399950177     
           6          15  0.999380787811827     
           4          16  0.997946966421710     
           1          17   1.00886149074570     
           1          18  0.970123523842427     
           1          19  0.966831052065872     
          13          20  0.837445101294750     
          14          21  0.843460559100698     
          15          22  0.841258133444284     
          16          23  0.853413813564870     
          17          24  0.852859948033376     
