           1           2  0.938750881322949     
           2           3   1.15520758961695     
           2           4  0.167693210450445     
           3           4   1.70257722130240     
           3           5  0.965733405818168     
           5           6  0.961694147363525     
           6           7   1.00689730698109     
           7           8   1.00472088830291     
           8           9   1.00542138875797     
           5          10  0.991856243158871     
           9          10   1.01013548085196     
           1          11  0.976247858021506     
           1          12  0.976789494325354     
           1          13  0.976818299876336     
           5          14  0.957699266806978     
           6          15  0.976487904742662     
           6          16  0.977363859915665     
           7          17  0.976389610383089     
           7          18  0.978606447994280     
           8          19  0.980942593465083     
           8          20  0.980657952794738     
           9          21  0.978715871505919     
           9          22  0.977885351974484     
          10          23  0.975603998262907     
          10          24  0.977004451928993     
