           1           2   1.00082078397119     
           2           3  0.973201068183848     
           3           4  0.973187158180312     
           4           5   1.00082238063744     
           1           6  0.973186951295749     
           5           6  0.973210054713641     
           1           7  0.968140540864459     
           1           8  0.968527019893608     
           2           9  0.968523166460430     
           2          10  0.968138883564229     
           4          11  0.968142398789443     
           4          12  0.968526254979143     
           5          13  0.968522059100332     
           5          14  0.968135898928942     
