           1           2   1.45095892875924     
           2           3   1.42468077647948     
           1           4  0.108082829636681     
           3           4   1.43647364457373     
           2           5  0.108082386464463     
           4           5   1.36539963415257     
           1           6   1.42468011606284     
           3           6  0.106300115978611     
           5           6   1.43647423389069     
           5           7   1.01273273280030     
           7           8   1.00296100443518     
           4           9   1.01273317426201     
           8           9   1.00296087574446     
           1          10  0.971516990335559     
           2          11  0.971516968291548     
           3          12  0.969787097473462     
           6          13  0.969787102041713     
           7          14  0.961017753225492     
           7          15  0.971914903083906     
           8          16  0.981867524554761     
           8          17  0.982546550615964     
           9          18  0.961018213832186     
           9          19  0.971914194953971     
