$hessian                                                                        
        0.4185117878   0.0094126541   0.0618853924  -0.1811271684   0.0014001767
        0.0422053713  -0.0019468439   0.0055030716   0.0238542657   0.0050380891
       -0.0001707214  -0.0033085132   0.0024062709  -0.0003373354  -0.0004558327
        0.0000919788   0.0001992142  -0.0002358518   0.0004773922  -0.0000542190
       -0.0002343471   0.0001252521   0.0000279462   0.0000727279   0.0004917604
        0.0000065422  -0.0002688741  -0.0000208263  -0.0002862615  -0.0000111787
       -0.1078734950   0.0905132451  -0.0611011003  -0.0507804230  -0.0131143727
       -0.0524742352  -0.0825904821  -0.0927793279  -0.0097223799  -0.0004747402
       -0.0001186687  -0.0002621078  -0.0002122704  -0.0001395212   0.0001398622
        0.0001085956   0.0000618963  -0.0001444297  -0.0009100545   0.0003901043
       -0.0001295929  -0.0001017941  -0.0000894500   0.0001138012  -0.0000971616
        0.0000012024   0.0000535575   0.0000015002  -0.0000324627  -0.0001363883
       -0.0008244288  -0.0005442898   0.0001231548  -0.0001244053   0.0001143793
        0.0000775217  -0.0002440712   0.0001759061   0.0000635332   0.0000755378
       -0.0001397085  -0.0001043564
        0.0094126541   0.4987695489   0.0078677336  -0.0020082824  -0.0545845595
       -0.0022070250   0.0077835019  -0.0004803552  -0.0068577310   0.0017464659
       -0.0036815037   0.0010300427  -0.0007704390   0.0050645971  -0.0024554980
       -0.0010547468   0.0002785082   0.0006692333   0.0001155759  -0.0000829063
       -0.0001741340   0.0000104277  -0.0000600831   0.0000143491  -0.0002210352
       -0.0000971810   0.0001620312   0.0009837296   0.0000689699  -0.0007733625
        0.0882485629  -0.1580447576   0.0763398550  -0.0147740643  -0.0567539153
       -0.0561534275  -0.0898183824  -0.2308547467  -0.0173432430   0.0003434858
        0.0002707108  -0.0003318833   0.0000201984  -0.0002510393   0.0000021955
       -0.0003022536   0.0001787635  -0.0000895618   0.0001662411   0.0001503040
        0.0002441004  -0.0000161828  -0.0000135153   0.0000546369   0.0000027100
       -0.0000039527   0.0000077352  -0.0000088614   0.0000114198  -0.0000000261
       -0.0001669972   0.0000847245  -0.0001099034  -0.0000057139  -0.0000455704
       -0.0000038382   0.0000395949  -0.0002208601   0.0000912972   0.0002738107
        0.0002973992   0.0000164238
        0.0618853924   0.0078677336   0.5112411675   0.0286357221  -0.0031689807
       -0.0752364190   0.0329547161  -0.0062589984  -0.0351540041   0.0048400805
        0.0016226071   0.0012900063  -0.0022309662  -0.0025936685  -0.0044564259
        0.0001829997  -0.0001625471  -0.0001160432  -0.0004447560   0.0001421717
       -0.0000588431  -0.0000104196   0.0000096282  -0.0000230393  -0.0003394734
       -0.0001809719  -0.0000626858  -0.0003164865   0.0000819738   0.0001828651
       -0.0588978201   0.0736980835  -0.0912842403  -0.0595053578  -0.0566356788
       -0.2626228239  -0.0091441009  -0.0144995907  -0.0437338229   0.0016718062
       -0.0001931358  -0.0009619974   0.0001099485   0.0000780537  -0.0000877550
        0.0000644498  -0.0001493019   0.0001689145   0.0002567470  -0.0001484588
        0.0004042033  -0.0000289517   0.0000781099   0.0000203534   0.0000397517
        0.0000093917   0.0000163344  -0.0000335566   0.0000059406   0.0000503286
        0.0003061940   0.0003292373   0.0003778615  -0.0000190870  -0.0000403397
        0.0000618593   0.0001117572   0.0000205021  -0.0000961584  -0.0000885895
        0.0000882390   0.0000803645
       -0.1811271684  -0.0020082824   0.0286357221   0.3735040192   0.0120609690
       -0.0354924468  -0.0879104431  -0.0019170772   0.0011241854  -0.0176365373
       -0.0172407243  -0.0592067599  -0.0044296493   0.0069264453   0.0310973700
       -0.0003379720  -0.0003515367   0.0000367669  -0.0017346176   0.0010119755
       -0.0001479435   0.0000553325   0.0000332301   0.0000516213  -0.0014828187
       -0.0010598480   0.0004526009  -0.0004179375   0.0002658467  -0.0000447110
       -0.0359868385   0.0071420247   0.0115990222  -0.0001176848   0.0009627555
        0.0041576427  -0.0317891924  -0.0061817945   0.0129082970  -0.0054195210
        0.0006965471   0.0047714518   0.0002643479   0.0002158010  -0.0000715015
       -0.0001816271   0.0000224639  -0.0000374694  -0.0025517758   0.0010098479
       -0.0002884557  -0.0002672768   0.0002819142   0.0000453828   0.0000241798
       -0.0000304242  -0.0001307523  -0.0001808087   0.0000218939   0.0002355790
       -0.0022200363  -0.0012599097   0.0001355984  -0.0001787239  -0.0002723811
        0.0001389114   0.0002992979  -0.0002268840   0.0000621061  -0.0001765479
       -0.0001028527  -0.0000322178
        0.0014001767  -0.0545845595  -0.0031689807   0.0120609690   0.0980298442
        0.0853729298  -0.0042173166  -0.0665867903  -0.0424018068  -0.0169016348
        0.0176749522  -0.0314090236   0.0040681750   0.0022302429  -0.0049100087
       -0.0006083191   0.0007953051  -0.0000617328   0.0006378468  -0.0002891833
        0.0008929791   0.0000193720  -0.0001866865   0.0001582088  -0.0008055245
       -0.0009675645  -0.0004123605   0.0000150027  -0.0005115512  -0.0007362751
        0.0223794129  -0.0003609100  -0.0122486840   0.0075728581  -0.0001511636
       -0.0046515166  -0.0254552668   0.0038615519   0.0138759218   0.0002783678
        0.0009026816  -0.0005998870  -0.0000920961   0.0002672321   0.0000999533
        0.0000708588  -0.0000135765  -0.0001653571   0.0009926904  -0.0008681378
       -0.0004209558   0.0002977961   0.0000247445  -0.0002456820   0.0000269513
        0.0000256558   0.0000012400  -0.0000738584   0.0002854235  -0.0000483627
       -0.0013047913  -0.0005603772   0.0012301701  -0.0003556419   0.0000594478
        0.0002706622  -0.0001077701   0.0003714553  -0.0004652307   0.0001017421
        0.0005519634   0.0000437992
        0.0422053713  -0.0022070250  -0.0752364190  -0.0354924468   0.0853729298
        0.4427280466  -0.0082599961  -0.0429719587  -0.2328828979  -0.0578104692
       -0.0313150610  -0.0875762042   0.0191551635  -0.0057262668  -0.0263590740
       -0.0011456928   0.0020019226  -0.0020803552  -0.0002531323   0.0003677869
        0.0000687727  -0.0000186134   0.0001521407   0.0004237164   0.0001173117
        0.0000811562   0.0004999439  -0.0009275190  -0.0029303910  -0.0006575194
       -0.0014715292  -0.0039189188   0.0057927334   0.0319095066  -0.0027780531
       -0.0203334359   0.0092903733   0.0044045848  -0.0026841681   0.0030248902
       -0.0007487586  -0.0029342444  -0.0003904525  -0.0008661994  -0.0003128894
        0.0006028796  -0.0010602633   0.0002780601  -0.0004622506  -0.0000340337
        0.0012374898  -0.0001017909  -0.0000078747   0.0001188529   0.0001327177
        0.0000263432   0.0000891396  -0.0001287194  -0.0000834995   0.0000038775
        0.0000279035   0.0008284795   0.0006209078   0.0000469186  -0.0000063546
       -0.0000015286  -0.0004855283   0.0004189091  -0.0005034404   0.0004351045
        0.0010004057  -0.0002993642
       -0.0019468439   0.0077835019   0.0329547161  -0.0879104431  -0.0042173166
       -0.0082599961   0.7588202082   0.0715182126   0.1353993244  -0.4904106538
       -0.0843361051  -0.2281941754  -0.1378529844   0.0086161651   0.0566283526
       -0.0220233519   0.0116245144  -0.0009015507   0.0004139695  -0.0007607088
        0.0000513499  -0.0016756391  -0.0000864878   0.0001227816   0.0002953277
        0.0006920645  -0.0003187876  -0.0174178903  -0.0134610601   0.0034956828
        0.0000675354   0.0020288025   0.0026622526  -0.0067235311   0.0001576616
        0.0027450182   0.0003480086  -0.0007788947   0.0031093821   0.0007724085
        0.0000418661   0.0003839369   0.0005806593  -0.0010495726   0.0005338884
        0.0001877020   0.0001852096  -0.0002292249   0.0004005754   0.0002084826
       -0.0007634242   0.0008841389  -0.0003003590   0.0006661944   0.0004166338
        0.0001928795   0.0006442316   0.0002310596  -0.0000578168  -0.0003715073
        0.0004979867  -0.0005003516  -0.0005048172   0.0008123195   0.0007088640
        0.0004397507   0.0005575140   0.0013416896  -0.0001208666   0.0006752905
        0.0004487592  -0.0001725123
        0.0055030716  -0.0004803552  -0.0062589984  -0.0019170772  -0.0665867903
       -0.0429719587   0.0715182126   0.2252353948   0.0953383041  -0.0804848111
       -0.0810394383  -0.0457309404   0.0027610090  -0.0658204313  -0.0004604675
        0.0190370311  -0.0036230816  -0.0097012881  -0.0001698884   0.0002645719
       -0.0001200340  -0.0001330376  -0.0000424694  -0.0001764584   0.0001052102
        0.0005037827   0.0000635529  -0.0221201652  -0.0006624394   0.0129948568
        0.0002164556   0.0012550225  -0.0010153129   0.0000621080   0.0004028761
       -0.0006863241  -0.0010660222   0.0005539790   0.0018987219   0.0065092149
        0.0005184069  -0.0054345154   0.0012010539  -0.0008472730  -0.0002459718
        0.0036342574  -0.0036068683   0.0018499449  -0.0000346770   0.0007132565
        0.0000642667   0.0000437421  -0.0001639676   0.0000722165  -0.0000503122
       -0.0001065156   0.0000288946   0.0001234730  -0.0002394671  -0.0000269472
       -0.0006116995  -0.0003975283  -0.0009929049   0.0001300143  -0.0000818860
       -0.0001898163  -0.0008497534  -0.0004303990   0.0011442086  -0.0034074100
       -0.0053183802   0.0005569709
        0.0238542657  -0.0068577310  -0.0351540041   0.0011241854  -0.0424018068
       -0.2328828979   0.1353993244   0.0953383041   0.5558441477  -0.2122017308
       -0.0446299697  -0.1890835849   0.0323543930  -0.0021507174  -0.0842449057
       -0.0059894064  -0.0026251016   0.0078236455  -0.0000649216  -0.0001405756
        0.0003734941  -0.0000755720  -0.0001895664  -0.0007730843  -0.0001478534
        0.0000910278   0.0002548465   0.0032837082   0.0055379178   0.0002347269
       -0.0019002554   0.0023881109   0.0016318053   0.0023883175  -0.0007010333
       -0.0031213880  -0.0012738040  -0.0021268782   0.0020550179   0.0272539976
       -0.0035427403  -0.0213433066   0.0000928588   0.0003976872   0.0012491179
       -0.0020103576   0.0028528116  -0.0003034086  -0.0015826738   0.0009393968
       -0.0019588739   0.0001013269  -0.0002208458  -0.0005073190  -0.0003611767
       -0.0000417654  -0.0001635245   0.0003758368   0.0000280560  -0.0002492352
       -0.0012181110  -0.0019689044  -0.0009563328   0.0000674845   0.0000542427
       -0.0005184568   0.0005779258   0.0005305550   0.0008714199  -0.0000477618
       -0.0005604740   0.0009221007
        0.0050380891   0.0017464659   0.0048400805  -0.0176365373  -0.0169016348
       -0.0578104692  -0.4904106538  -0.0804848111  -0.2122017308   0.5665931396
        0.1060486997   0.2850982012  -0.0566185996  -0.0111667240  -0.0244609438
       -0.0038931479  -0.0026212285   0.0046893146  -0.0003163571   0.0004492071
       -0.0000662299   0.0007085069   0.0000033688  -0.0001104946  -0.0002513977
       -0.0005070110   0.0001324242  -0.0046462489   0.0040970686   0.0033034607
        0.0004656923  -0.0017403561  -0.0009995355   0.0013952255   0.0003470607
        0.0010477470   0.0003109375   0.0012545775  -0.0016481128   0.0025346992
       -0.0002466349  -0.0020441037   0.0005030586   0.0003428961  -0.0001075085
       -0.0018732758   0.0020477335  -0.0004342696   0.0001392614  -0.0004619363
        0.0003902280  -0.0004041616   0.0001799349  -0.0002560917  -0.0000551900
       -0.0000613943  -0.0002545939  -0.0000754508   0.0000610329   0.0002737028
        0.0000413068   0.0006207620   0.0001355708  -0.0003913830  -0.0003334853
       -0.0001497862   0.0004916798  -0.0002951553   0.0000296507  -0.0016491932
       -0.0023784359   0.0006034897
       -0.0001707214  -0.0036815037   0.0016226071  -0.0172407243   0.0176749522
       -0.0313150610  -0.0843361051  -0.0810394383  -0.0446299697   0.1060486997
        0.0500239420   0.0771516679  -0.0045468532   0.0179172521  -0.0050321164
       -0.0019161518  -0.0010668451   0.0025639853  -0.0000851336   0.0002878047
       -0.0003379431   0.0000980675   0.0002676219  -0.0000463417  -0.0000625903
        0.0001762443   0.0001551222   0.0022652238  -0.0004344096  -0.0009760571
        0.0004558042  -0.0005389933   0.0005120501  -0.0001578258   0.0001371912
        0.0003818388  -0.0002258265  -0.0004194067  -0.0002681977   0.0003387555
       -0.0007374454   0.0005183327  -0.0003913250   0.0000870873  -0.0001697225
       -0.0009142062   0.0009533282  -0.0004234040  -0.0000227885  -0.0002292880
        0.0001747075  -0.0002263401   0.0000055877  -0.0000893849   0.0000222076
       -0.0000264515  -0.0000117352  -0.0000503611   0.0000113139   0.0000592965
        0.0002443116   0.0001140052   0.0000157620   0.0000679429  -0.0000246219
        0.0001044673   0.0004688059  -0.0001198654   0.0000002885   0.0003371341
        0.0006619382   0.0000398076
       -0.0033085132   0.0010300427   0.0012900063  -0.0592067599  -0.0314090236
       -0.0875762042  -0.2281941754  -0.0457309404  -0.1890835849   0.2850982012
        0.0771516679   0.2633828432   0.0030663975  -0.0031277214   0.0055680908
        0.0022798597  -0.0007931761   0.0011273040  -0.0001768330   0.0002197948
       -0.0001605264   0.0002976673  -0.0000187733   0.0001117474  -0.0001365911
       -0.0004312322  -0.0001156825   0.0010642685   0.0020657499   0.0012530393
        0.0001455881  -0.0000527769   0.0003412625  -0.0010551921   0.0002348463
        0.0013580970   0.0002613474   0.0005198625   0.0003916900   0.0004135587
        0.0006891921   0.0018726961   0.0000909792   0.0004570357  -0.0004501469
       -0.0003219264   0.0001187145   0.0000253069   0.0004935248  -0.0004500870
        0.0003506656  -0.0001928310   0.0001384301   0.0000765535   0.0000955307
        0.0000119306  -0.0000120079  -0.0002008168   0.0000287378   0.0001761615
        0.0003428541   0.0006615316   0.0001041661  -0.0002475928  -0.0001243256
        0.0000928542  -0.0000388556  -0.0006147362  -0.0002230525  -0.0005696900
       -0.0005747436   0.0000987208
        0.0024062709  -0.0007704390  -0.0022309662  -0.0044296493   0.0040681750
        0.0191551635  -0.1378529844   0.0027610090   0.0323543930  -0.0566185996
       -0.0045468532   0.0030663975   0.4605518617   0.0070098128   0.0185279938
       -0.0963154295   0.0451950833  -0.0200989197  -0.0087432213   0.0070562690
       -0.0099948751   0.0016137762   0.0004592233   0.0011223449  -0.0068013773
       -0.0113155281  -0.0045184273  -0.0827490388  -0.0423244680   0.0031762906
       -0.0001459178  -0.0000708548  -0.0000808560   0.0002092050  -0.0000454859
       -0.0001563216  -0.0002453452   0.0000405848   0.0000000591  -0.0498009677
       -0.0092568803  -0.0357795370   0.0073879811  -0.0079655951   0.0044298782
       -0.0194887378   0.0213599588  -0.0077834350   0.0002153813  -0.0001922104
        0.0004437997  -0.0006704766  -0.0004720876  -0.0026913047   0.0000107015
        0.0000204862   0.0000967242  -0.0003215152   0.0000033798   0.0000996033
        0.0001770063   0.0003500273   0.0002876451  -0.0006588580  -0.0010455741
       -0.0025236568   0.0076610548   0.0136698329  -0.0001489932  -0.0153911201
       -0.0239878655   0.0032469998
       -0.0003373354   0.0050645971  -0.0025936685   0.0069264453   0.0022302429
       -0.0057262668   0.0086161651  -0.0658204313  -0.0021507174  -0.0111667240
        0.0179172521  -0.0031277214   0.0070098128   0.4295436692   0.0249712366
        0.0519477672  -0.1198560300   0.0274835911   0.0001545929   0.0044800096
        0.0038773895   0.0005072792  -0.0008239421   0.0009054202  -0.0082179588
       -0.0105399098  -0.0076923187  -0.0523108157  -0.1509067829   0.0029097655
       -0.0007340887   0.0001546492   0.0006757797   0.0003429712   0.0001425869
       -0.0002280913   0.0006497061  -0.0001561767  -0.0007261457  -0.0100968727
       -0.0534724582  -0.0518469738   0.0152727362  -0.0235406934   0.0106252863
        0.0083084674  -0.0070233005   0.0030458268   0.0000295466   0.0003414367
       -0.0000736251  -0.0009751059   0.0009937767  -0.0014711208   0.0000717787
        0.0000955243   0.0000347305  -0.0000531454  -0.0000302117  -0.0000047639
        0.0000158861   0.0003408633   0.0003232203  -0.0005824732   0.0005491484
       -0.0017821554  -0.0102150629  -0.0248636801   0.0019934353  -0.0051635721
       -0.0048201398   0.0005778869
       -0.0004558327  -0.0024554980  -0.0044564259   0.0310973700  -0.0049100087
       -0.0263590740   0.0566283526  -0.0004604675  -0.0842449057  -0.0244609438
       -0.0050321164   0.0055680908   0.0185279938   0.0249712366   0.5216835524
       -0.0293673301   0.0351056994  -0.0820946121  -0.0176820464   0.0171546115
       -0.0146389879   0.0013230860   0.0009203224   0.0023632179  -0.0126731353
       -0.0220742190  -0.0015689482  -0.0009451234  -0.0056650604  -0.0645799541
        0.0000332750   0.0000963749  -0.0003002486   0.0014176116  -0.0001125281
       -0.0007182843  -0.0002753822  -0.0001664410   0.0001151212  -0.0392918952
       -0.0520904872  -0.2456753783  -0.0021163118   0.0039269684  -0.0007930560
        0.0091243774  -0.0114455326   0.0048928413   0.0001085657   0.0003845944
        0.0007042954  -0.0026975754  -0.0009474840  -0.0050235186   0.0003162205
        0.0000538993   0.0002018761  -0.0001358631  -0.0000222362  -0.0000730654
        0.0001505561  -0.0001697123   0.0007427675  -0.0026873261  -0.0023205647
       -0.0045942075   0.0037107850   0.0085083195   0.0002601263   0.0103505718
        0.0167503296  -0.0014112222
        0.0000919788  -0.0010547468   0.0001829997  -0.0003379720  -0.0006083191
       -0.0011456928  -0.0220233519   0.0190370311  -0.0059894064  -0.0038931479
       -0.0019161518   0.0022798597  -0.0963154295   0.0519477672  -0.0293673301
        0.4972644383   0.0337046828  -0.0342750703  -0.0826791846  -0.0103939621
       -0.0384992544  -0.0088196311  -0.0094176839  -0.0141652931   0.0002462132
        0.0013727007  -0.0003209851   0.0067715434  -0.0054055226   0.0031977847
        0.0001827020  -0.0000665986  -0.0001291319   0.0000417702  -0.0000329724
        0.0000026217  -0.0001120123   0.0000694730   0.0001304560  -0.0052114680
        0.0066046711  -0.0053597857  -0.1083667949  -0.1030262803   0.0121772427
       -0.1752527598   0.0245210965   0.1122123131   0.0075266251   0.0051183699
        0.0195339557  -0.0087245389  -0.0029244244  -0.0195595078  -0.0012168352
       -0.0034669645  -0.0003106762   0.0004063947  -0.0001566782  -0.0010438243
        0.0000971431  -0.0001570386   0.0000162048   0.0000552275   0.0000946617
        0.0000881213  -0.0004149548  -0.0032867881   0.0002667232   0.0006840446
       -0.0005563226   0.0000776754
        0.0001992142   0.0002785082  -0.0001625471  -0.0003515367   0.0007953051
        0.0020019226   0.0116245144  -0.0036230816  -0.0026251016  -0.0026212285
       -0.0010668451  -0.0007931761   0.0451950833  -0.1198560300   0.0351056994
        0.0337046828   0.4878136728   0.0059493687  -0.0124253498  -0.0735097751
       -0.0326179242  -0.0130731366  -0.0115863435  -0.0228399936   0.0016200906
        0.0030572090   0.0005424581   0.0111653571  -0.0273979596   0.0109851371
       -0.0001232118   0.0000400851   0.0000241991  -0.0000187788   0.0000008221
       -0.0000144503  -0.0000452776  -0.0000471411  -0.0000371490  -0.0004608054
        0.0024640451  -0.0008396538  -0.1027050463  -0.2037664221   0.0155931672
        0.0245128778  -0.0485910067  -0.0223434447  -0.0009237189  -0.0008397906
       -0.0052757671   0.0086615740   0.0041087628   0.0184989241  -0.0032806337
       -0.0048648393  -0.0007624157   0.0006424850   0.0007567137  -0.0004440795
        0.0000415604  -0.0002178989  -0.0002073253   0.0001477882   0.0004392964
        0.0002023070  -0.0020675908  -0.0050509047   0.0003272783   0.0005810871
        0.0006636176  -0.0002674335
       -0.0002358518   0.0006692333  -0.0001160432   0.0000367669  -0.0000617328
       -0.0020803552  -0.0009015507  -0.0097012881   0.0078236455   0.0046893146
        0.0025639853   0.0011273040  -0.0200989197   0.0274835911  -0.0820946121
       -0.0342750703   0.0059493687   0.4760356358  -0.0397057948  -0.0297753893
       -0.1725059952  -0.0046219535  -0.0068486007  -0.0018463318  -0.0003428142
        0.0004044576  -0.0005467457  -0.0002669605   0.0036205631   0.0005936762
       -0.0000422263   0.0000213368   0.0000694916  -0.0000776022   0.0000076352
        0.0000327597   0.0001250789   0.0000045349  -0.0000458141  -0.0176745906
        0.0199364537  -0.0151264346   0.0123559265   0.0155880932  -0.0440574935
        0.1118865972  -0.0225531635  -0.1325832760  -0.0055393956  -0.0069554338
       -0.0246696064  -0.0065360344  -0.0016321428  -0.0131657480   0.0004870534
        0.0002901102   0.0011962637   0.0005515769   0.0007940053   0.0009888610
        0.0001038199  -0.0000544123   0.0000505781   0.0001403625   0.0002037981
        0.0000610569   0.0002215251  -0.0001416942   0.0007184762  -0.0002792574
        0.0001866911   0.0001407072
        0.0004773922   0.0001155759  -0.0004447560  -0.0017346176   0.0006378468
       -0.0002531323   0.0004139695  -0.0001698884  -0.0000649216  -0.0003163571
       -0.0000851336  -0.0001768330  -0.0087432213   0.0001545929  -0.0176820464
       -0.0826791846  -0.0124253498  -0.0397057948   0.5150739766  -0.0380035871
       -0.0257331086  -0.1016120070  -0.0574919493   0.0071041741   0.0081274858
        0.0122107450  -0.0006177585   0.0007006704  -0.0018201505   0.0006481976
       -0.0001620245  -0.0000310000   0.0001335064  -0.0000632117   0.0000559824
       -0.0000133498  -0.0000176772   0.0000378766  -0.0000330676  -0.0014106931
        0.0022866215  -0.0017344162  -0.0068525115  -0.0069740721  -0.0159852435
        0.0065724605   0.0058210998   0.0193314103  -0.1734551230   0.0198641024
        0.1143157312  -0.1318350301   0.1042461415  -0.0411936473  -0.0067512131
       -0.0116894162  -0.0007218974  -0.0152835359  -0.0218792164   0.0047115723
        0.0008518951   0.0009588872  -0.0004610358  -0.0012706387   0.0041118429
       -0.0014673790   0.0000126523  -0.0000685371   0.0001059877  -0.0000434559
        0.0001369855  -0.0000621917
       -0.0000542190  -0.0000829063   0.0001421717   0.0010119755  -0.0002891833
        0.0003677869  -0.0007607088   0.0002645719  -0.0001405756   0.0004492071
        0.0002878047   0.0002197948   0.0070562690   0.0044800096   0.0171546115
       -0.0103939621  -0.0735097751  -0.0297753893  -0.0380035871   0.4926788814
       -0.0117010424  -0.0587507685  -0.1618277832   0.0077759945  -0.0059142452
       -0.0299579962   0.0055137905  -0.0015849274   0.0015063818  -0.0015479082
        0.0000740094   0.0000213305  -0.0000347779  -0.0000274824  -0.0000084398
        0.0000257461   0.0000866645  -0.0000056326  -0.0000098066   0.0029653883
       -0.0024297551   0.0029607189  -0.0108386050  -0.0089270886  -0.0233405567
       -0.0014504554  -0.0008836763  -0.0060631238   0.0192344288  -0.0458562315
       -0.0147910415   0.1045215347  -0.1620380557   0.0505773988  -0.0069709445
       -0.0100382322  -0.0012764369  -0.0024698005  -0.0008184237   0.0017933641
       -0.0008884090   0.0007935468   0.0000854440   0.0027829626  -0.0036043321
        0.0019830979  -0.0000912935   0.0003701240  -0.0001685625   0.0000169685
       -0.0001251388   0.0002493018
       -0.0002343471  -0.0001741340  -0.0000588431  -0.0001479435   0.0008929791
        0.0000687727   0.0000513499  -0.0001200340   0.0003734941  -0.0000662299
       -0.0003379431  -0.0001605264  -0.0099948751   0.0038773895  -0.0146389879
       -0.0384992544  -0.0326179242  -0.1725059952  -0.0257331086  -0.0117010424
        0.4902084963   0.0074109935   0.0090572201  -0.0671323103   0.0034389309
        0.0097722907  -0.0006176302   0.0005721232  -0.0016903422   0.0005481990
        0.0000198896   0.0000428459  -0.0000499646  -0.0000070031  -0.0000451393
       -0.0000088227  -0.0000291656  -0.0000022578   0.0000530887  -0.0015038207
        0.0015600507  -0.0002322263  -0.0012766573  -0.0015995816  -0.0010941578
       -0.0048857810  -0.0067642387  -0.0251536616   0.1156567464  -0.0156593152
       -0.1433444199  -0.0418476153   0.0511183361  -0.0636648540  -0.0144771938
       -0.0236309095  -0.0001869625   0.0121189529   0.0170192167  -0.0028160527
        0.0000674958  -0.0007955650   0.0003851324  -0.0009855627   0.0019209375
       -0.0000386090   0.0001762234  -0.0002620020   0.0002056595   0.0001758525
        0.0001391625  -0.0001388184
        0.0001252521   0.0000104277  -0.0000104196   0.0000553325   0.0000193720
       -0.0000186134  -0.0016756391  -0.0001330376  -0.0000755720   0.0007085069
        0.0000980675   0.0002976673   0.0016137762   0.0005072792   0.0013230860
       -0.0088196311  -0.0130731366  -0.0046219535  -0.1016120070  -0.0587507685
        0.0074109935   0.5025969669   0.0022304192  -0.0063682665  -0.1183206214
        0.0608971771  -0.0231396456  -0.0110815360   0.0084241205  -0.0107555567
        0.0000542457  -0.0000132781   0.0000067888  -0.0000207472  -0.0000063114
       -0.0000064697   0.0000449164   0.0000194232   0.0000022834   0.0002969325
        0.0000704089   0.0002310887  -0.0005095316  -0.0009787903  -0.0021859406
        0.0008480623   0.0008156487   0.0006829363  -0.0155399224  -0.0212595164
        0.0043863841   0.0079327940   0.0146785677  -0.0014206541  -0.0735600024
       -0.0199704629  -0.0734523145  -0.1722813794   0.0173429924   0.1103212555
       -0.0190009828   0.0190939553  -0.0052118978   0.0077200618  -0.0093507508
        0.0039161804  -0.0005317085  -0.0003370217  -0.0023417321   0.0009568618
       -0.0003347853   0.0010303720
        0.0000279462  -0.0000600831   0.0000096282   0.0000332301  -0.0001866865
        0.0001521407  -0.0000864878  -0.0000424694  -0.0001895664   0.0000033688
        0.0002676219  -0.0000187733   0.0004592233  -0.0008239421   0.0009203224
       -0.0094176839  -0.0115863435  -0.0068486007  -0.0574919493  -0.1618277832
        0.0090572201   0.0022304192   0.4542335219   0.0211743883   0.0595964189
       -0.1337507967   0.0280526141   0.0003468809   0.0037924983   0.0032499804
       -0.0000466998   0.0000119507   0.0000281156  -0.0000062861   0.0000153776
        0.0000037279   0.0000527250   0.0000107871  -0.0000373472   0.0000634944
        0.0001124661   0.0000406412  -0.0007012370   0.0004056608  -0.0015914782
        0.0000153403   0.0004351579   0.0006249988  -0.0028010449  -0.0007712950
        0.0013280945  -0.0109184658  -0.0245445833   0.0031865905  -0.0198519578
       -0.0540696236  -0.0511517133   0.0172593323  -0.0441361988  -0.0161189825
        0.0065557303  -0.0049104524   0.0009325802   0.0161331337  -0.0239251190
        0.0092159666  -0.0010648086   0.0009572591  -0.0016692868  -0.0003906226
        0.0003930750  -0.0003512611
        0.0000727279   0.0000143491  -0.0000230393   0.0000516213   0.0001582088
        0.0004237164   0.0001227816  -0.0001764584  -0.0007730843  -0.0001104946
       -0.0000463417   0.0001117474   0.0011223449   0.0009054202   0.0023632179
       -0.0141652931  -0.0228399936  -0.0018463318   0.0071041741   0.0077759945
       -0.0671323103  -0.0063682665   0.0211743883   0.5389542932  -0.0230106924
        0.0293210753  -0.0784927676  -0.0196234674   0.0179527712  -0.0149657378
        0.0000117726  -0.0000149721  -0.0000145591  -0.0000131346   0.0000045688
        0.0000420315  -0.0000130986   0.0000041363  -0.0000033818   0.0002046013
        0.0000415499   0.0002110754  -0.0031564042  -0.0027675359  -0.0047372300
       -0.0009356368  -0.0006144766   0.0007559346   0.0119337919   0.0171166980
       -0.0022159114   0.0041180683   0.0084347761  -0.0002593960  -0.0729581664
       -0.0511167220  -0.2318640277   0.1099704630  -0.0161431738  -0.1406803968
        0.0118738482  -0.0131298646   0.0053833683  -0.0020758241   0.0039334349
       -0.0006629916  -0.0032272960  -0.0006305943  -0.0052677440  -0.0009284206
        0.0006427614   0.0006935249
        0.0004917604  -0.0002210352  -0.0003394734  -0.0014828187  -0.0008055245
        0.0001173117   0.0002953277   0.0001052102  -0.0001478534  -0.0002513977
       -0.0000625903  -0.0001365911  -0.0068013773  -0.0082179588  -0.0126731353
        0.0002462132   0.0016200906  -0.0003428142   0.0081274858  -0.0059142452
        0.0034389309  -0.1183206214   0.0595964189  -0.0230106924   0.5064364073
        0.0230904820  -0.0414357842  -0.0828679386  -0.0094098298  -0.0405688523
        0.0000011503  -0.0000495658  -0.0000160830  -0.0000580573  -0.0000605657
        0.0000170119  -0.0001573233   0.0000668305   0.0001063336  -0.0006598565
       -0.0024011459  -0.0002866444  -0.0000095178   0.0000440374   0.0000611902
       -0.0000296883  -0.0001175053   0.0000323286   0.0008745534  -0.0010631973
        0.0000575840  -0.0003495183  -0.0037725545   0.0005602084  -0.0086563409
        0.0093870557  -0.0060536953  -0.0188034092   0.0198619426  -0.0051423311
       -0.1731932796   0.0171128582   0.1151285240  -0.1028531831  -0.1006059826
        0.0113117771  -0.0085605497  -0.0025239802  -0.0202004492   0.0065819795
        0.0043407551   0.0195231990
        0.0000065422  -0.0000971810  -0.0001809719  -0.0010598480  -0.0009675645
        0.0000811562   0.0006920645   0.0005037827   0.0000910278  -0.0005070110
        0.0001762443  -0.0004312322  -0.0113155281  -0.0105399098  -0.0220742190
        0.0013727007   0.0030572090   0.0004044576   0.0122107450  -0.0299579962
        0.0097722907   0.0608971771  -0.1337507967   0.0293210753   0.0230904820
        0.5076542386  -0.0002542240  -0.0107647969  -0.0710311929  -0.0282633976
       -0.0000876757  -0.0000066993   0.0000356795   0.0000125763  -0.0000083906
       -0.0000306737  -0.0000771698   0.0000056741   0.0000234276  -0.0029416705
       -0.0045697896  -0.0010938404   0.0000919864   0.0005392945   0.0000183465
        0.0000921488  -0.0002921485  -0.0001775495   0.0007933272   0.0009603425
       -0.0004204879  -0.0023744579  -0.0053385591   0.0004316465  -0.0017513431
        0.0032339991  -0.0006435352   0.0063934485  -0.0051489964   0.0003288270
        0.0182482682  -0.0467014138  -0.0168435970  -0.1011271965  -0.2111722151
        0.0150942534   0.0082571596   0.0037043527   0.0185991898  -0.0001519287
       -0.0002522838  -0.0037876495
       -0.0002688741   0.0001620312  -0.0000626858   0.0004526009  -0.0004123605
        0.0004999439  -0.0003187876   0.0000635529   0.0002548465   0.0001324242
        0.0001551222  -0.0001156825  -0.0045184273  -0.0076923187  -0.0015689482
       -0.0003209851   0.0005424581  -0.0005467457  -0.0006177585   0.0055137905
       -0.0006176302  -0.0231396456   0.0280526141  -0.0784927676  -0.0414357842
       -0.0002542240   0.4838383774  -0.0389625831  -0.0252253841  -0.1747997816
        0.0000119724   0.0000280014   0.0000363385  -0.0000230319   0.0000376406
       -0.0000151411   0.0000637356  -0.0000672083  -0.0000398731   0.0000367956
        0.0003419958   0.0011567217   0.0001026400   0.0001212907   0.0000595638
        0.0001734244  -0.0000400804   0.0000142311  -0.0004266567   0.0004628058
        0.0001923728   0.0003802798   0.0005106110   0.0007731498  -0.0189985265
        0.0198479319  -0.0115538510   0.0121717085  -0.0131661474   0.0050363331
        0.1159049021  -0.0158275227  -0.1427354118   0.0109334383   0.0144826430
       -0.0435055119  -0.0061103207  -0.0011280231  -0.0120129072  -0.0052225405
       -0.0065092200  -0.0257949409
       -0.0000208263   0.0009837296  -0.0003164865  -0.0004179375   0.0000150027
       -0.0009275190  -0.0174178903  -0.0221201652   0.0032837082  -0.0046462489
        0.0022652238   0.0010642685  -0.0827490388  -0.0523108157  -0.0009451234
        0.0067715434   0.0111653571  -0.0002669605   0.0007006704  -0.0015849274
        0.0005721232  -0.0110815360   0.0003468809  -0.0196234674  -0.0828679386
       -0.0107647969  -0.0389625831   0.5079729486  -0.0421635517  -0.0146998602
       -0.0001157705  -0.0000113613   0.0001403903   0.0000360124   0.0000381734
       -0.0000204067   0.0001613553   0.0000253123  -0.0001423928  -0.0036450730
       -0.0083461735  -0.0014397663  -0.0012097023   0.0034939787  -0.0014925971
        0.0006932759   0.0005278124  -0.0002012114   0.0000725688   0.0001685696
       -0.0000968126   0.0000836507  -0.0000677137   0.0001643313  -0.0021610906
        0.0031792324  -0.0021917854   0.0004906350  -0.0003749244  -0.0010547607
        0.0075082054   0.0052143360   0.0194321722  -0.0070059987  -0.0064004482
       -0.0155394655  -0.1376778848   0.1051844097  -0.0408627894  -0.1734739295
        0.0115368594   0.1141269944
       -0.0002862615   0.0000689699   0.0000819738   0.0002658467  -0.0005115512
       -0.0029303910  -0.0134610601  -0.0006624394   0.0055379178   0.0040970686
       -0.0004344096   0.0020657499  -0.0423244680  -0.1509067829  -0.0056650604
       -0.0054055226  -0.0273979596   0.0036205631  -0.0018201505   0.0015063818
       -0.0016903422   0.0084241205   0.0037924983   0.0179527712  -0.0094098298
       -0.0710311929  -0.0252253841  -0.0421635517   0.4688893006  -0.0088521433
        0.0000884109  -0.0000231504   0.0000443198  -0.0000141032   0.0000110577
        0.0000217326   0.0001095335   0.0000417306  -0.0000221719  -0.0069673465
       -0.0109659798  -0.0023218873   0.0023698012  -0.0032132225   0.0018044360
       -0.0006268350   0.0005695866   0.0000336158   0.0000341135  -0.0000323844
        0.0002503284  -0.0000923594   0.0001771682  -0.0002488116   0.0034121354
       -0.0025846487   0.0027450227  -0.0003265145   0.0005723071   0.0004807185
       -0.0007964025  -0.0003402766  -0.0042633610  -0.0114737520  -0.0085966843
       -0.0239216744   0.1049770286  -0.1565210332   0.0471803453   0.0113900984
       -0.0424072854  -0.0066782679
       -0.0000111787  -0.0007733625   0.0001828651  -0.0000447110  -0.0007362751
       -0.0006575194   0.0034956828   0.0129948568   0.0002347269   0.0033034607
       -0.0009760571   0.0012530393   0.0031762906   0.0029097655  -0.0645799541
        0.0031977847   0.0109851371   0.0005936762   0.0006481976  -0.0015479082
        0.0005481990  -0.0107555567   0.0032499804  -0.0149657378  -0.0405688523
       -0.0282633976  -0.1747997816  -0.0146998602  -0.0088521433   0.4842169940
        0.0000915622   0.0000062605  -0.0000689258  -0.0000783207  -0.0000069301
        0.0000293627  -0.0000969111  -0.0000119912   0.0000868890  -0.0127637619
       -0.0247443425  -0.0032554676  -0.0010456168   0.0022968837  -0.0003301659
        0.0000568869  -0.0004337662   0.0002255688   0.0000911279   0.0001164304
       -0.0001084475   0.0002336357  -0.0002376319   0.0002946052  -0.0012651094
        0.0018113267  -0.0001420677   0.0008806038  -0.0005088762   0.0010896990
       -0.0056361637  -0.0060947012  -0.0251469748  -0.0014650822  -0.0018933035
       -0.0021834777  -0.0405573290   0.0472208868  -0.0619814401   0.1138132206
       -0.0065108413  -0.1405356653
       -0.1078734950   0.0882485629  -0.0588978201  -0.0359868385   0.0223794129
       -0.0014715292   0.0000675354   0.0002164556  -0.0019002554   0.0004656923
        0.0004558042   0.0001455881  -0.0001459178  -0.0007340887   0.0000332750
        0.0001827020  -0.0001232118  -0.0000422263  -0.0001620245   0.0000740094
        0.0000198896   0.0000542457  -0.0000466998   0.0000117726   0.0000011503
       -0.0000876757   0.0000119724  -0.0001157705   0.0000884109   0.0000915622
        0.1394217317  -0.1081934171   0.0639671366  -0.0034617533   0.0056962353
       -0.0064315398   0.0074958927  -0.0079249367   0.0043834602   0.0000766767
       -0.0000434324  -0.0000577194   0.0000127141  -0.0000236369  -0.0000384563
        0.0000315369  -0.0000514940   0.0000049187   0.0001553008  -0.0000711821
        0.0001112000  -0.0000307071   0.0000062676   0.0000212814   0.0000129688
        0.0000068172  -0.0000058806   0.0000288889  -0.0000110097   0.0000113836
       -0.0001296581   0.0001854509   0.0000005764  -0.0000397236   0.0000027270
        0.0000076026  -0.0000516164   0.0000099224   0.0000464154  -0.0000095315
       -0.0000592915  -0.0000226077
        0.0905132451  -0.1580447576   0.0736980835   0.0071420247  -0.0003609100
       -0.0039189188   0.0020288025   0.0012550225   0.0023881109  -0.0017403561
       -0.0005389933  -0.0000527769  -0.0000708548   0.0001546492   0.0000963749
       -0.0000665986   0.0000400851   0.0000213368  -0.0000310000   0.0000213305
        0.0000428459  -0.0000132781   0.0000119507  -0.0000149721  -0.0000495658
       -0.0000066993   0.0000280014  -0.0000113613  -0.0000231504   0.0000062605
       -0.1081934171   0.1790889336  -0.0846414480  -0.0033921129   0.0045564901
       -0.0022255868   0.0139354549  -0.0261300330   0.0147108080  -0.0000393875
       -0.0000134414  -0.0000212224  -0.0000204973  -0.0000029871   0.0000426509
       -0.0000026407   0.0000198152  -0.0000275150  -0.0000326664  -0.0000326413
       -0.0000649607  -0.0000068827  -0.0000100428  -0.0000104901  -0.0000030522
       -0.0000048797   0.0000025392   0.0000216893   0.0000035434  -0.0000149070
        0.0000343466  -0.0000160881  -0.0000379007  -0.0000082467   0.0000066548
       -0.0000013048  -0.0000021533   0.0000323016   0.0000083680   0.0000085081
       -0.0000061525  -0.0000133769
       -0.0611011003   0.0763398550  -0.0912842403   0.0115990222  -0.0122486840
        0.0057927334   0.0026622526  -0.0010153129   0.0016318053  -0.0009995355
        0.0005120501   0.0003412625  -0.0000808560   0.0006757797  -0.0003002486
       -0.0001291319   0.0000241991   0.0000694916   0.0001335064  -0.0000347779
       -0.0000499646   0.0000067888   0.0000281156  -0.0000145591  -0.0000160830
        0.0000356795   0.0000363385   0.0001403903   0.0000443198  -0.0000689258
        0.0639671366  -0.0846414480   0.0983741671  -0.0163585031   0.0206834986
       -0.0156926010   0.0002145594  -0.0004032009   0.0012532936   0.0000115732
        0.0000147249   0.0000151658  -0.0000102622  -0.0000054272  -0.0000062746
       -0.0000542476   0.0000498949   0.0000237405  -0.0000040625   0.0000141873
       -0.0000618085  -0.0000005565  -0.0000083810  -0.0000087377  -0.0000042659
       -0.0000016892  -0.0000176360  -0.0000192196  -0.0000223907   0.0000186518
       -0.0000229733   0.0000122790  -0.0000755579   0.0000001277  -0.0000349464
       -0.0000155188   0.0000588148  -0.0000378450   0.0000295310   0.0000066254
        0.0000195196   0.0000098918
       -0.0507804230  -0.0147740643  -0.0595053578  -0.0001176848   0.0075728581
        0.0319095066  -0.0067235311   0.0000621080   0.0023883175   0.0013952255
       -0.0001578258  -0.0010551921   0.0002092050   0.0003429712   0.0014176116
        0.0000417702  -0.0000187788  -0.0000776022  -0.0000632117  -0.0000274824
       -0.0000070031  -0.0000207472  -0.0000062861  -0.0000131346  -0.0000580573
        0.0000125763  -0.0000230319   0.0000360124  -0.0000141032  -0.0000783207
       -0.0034617533  -0.0033921129  -0.0163585031   0.0622301862   0.0140837282
        0.0536663295  -0.0024122032  -0.0037878687  -0.0127703487  -0.0003319085
        0.0000446237   0.0002765029   0.0000188775  -0.0000150959  -0.0000022996
        0.0000069467  -0.0000141436  -0.0000317195  -0.0000564440   0.0001219339
        0.0001483919   0.0000452756  -0.0000150450  -0.0000010477  -0.0000190610
       -0.0000012956   0.0000044175   0.0000411467   0.0000001701  -0.0000216926
       -0.0000403739  -0.0000519946   0.0001878591   0.0000425033   0.0000210384
       -0.0000092661   0.0000131974   0.0000150510  -0.0000131901   0.0000050524
       -0.0000009619  -0.0000312268
       -0.0131143727  -0.0567539153  -0.0566356788   0.0009627555  -0.0001511636
       -0.0027780531   0.0001576616   0.0004028761  -0.0007010333   0.0003470607
        0.0001371912   0.0002348463  -0.0000454859   0.0001425869  -0.0001125281
       -0.0000329724   0.0000008221   0.0000076352   0.0000559824  -0.0000084398
       -0.0000451393  -0.0000063114   0.0000153776   0.0000045688  -0.0000605657
       -0.0000083906   0.0000376406   0.0000381734   0.0000110577  -0.0000069301
        0.0056962353   0.0045564901   0.0206834986   0.0140837282   0.0602366457
        0.0659955211  -0.0081527112  -0.0085852232  -0.0267058237   0.0000253612
       -0.0000256713   0.0000083661  -0.0000274976  -0.0000074160  -0.0000180656
       -0.0000104869   0.0000090549   0.0000309480   0.0000953655   0.0000254113
       -0.0000543217  -0.0000045172  -0.0000133118   0.0000156958   0.0000023364
        0.0000127108   0.0000059364  -0.0000010975  -0.0000354051   0.0000079462
       -0.0000297084   0.0000554622   0.0000262671  -0.0000026589  -0.0000112171
        0.0000090444   0.0000159481  -0.0000052799   0.0000133556   0.0000077777
       -0.0000002529  -0.0000236965
       -0.0524742352  -0.0561534275  -0.2626228239   0.0041576427  -0.0046515166
       -0.0203334359   0.0027450182  -0.0006863241  -0.0031213880   0.0010477470
        0.0003818388   0.0013580970  -0.0001563216  -0.0002280913  -0.0007182843
        0.0000026217  -0.0000144503   0.0000327597  -0.0000133498   0.0000257461
       -0.0000088227  -0.0000064697   0.0000037279   0.0000420315   0.0000170119
       -0.0000306737  -0.0000151411  -0.0000204067   0.0000217326   0.0000293627
       -0.0064315398  -0.0022255868  -0.0156926010   0.0536663295   0.0659955211
        0.3046927249  -0.0028896190  -0.0024431253  -0.0035799211   0.0001895983
        0.0000023246  -0.0000705322  -0.0000203913   0.0000287931  -0.0000140383
       -0.0000082033   0.0000062641   0.0000232006   0.0001566870  -0.0000816088
       -0.0000471088  -0.0000355346   0.0000116536   0.0000379488   0.0000148584
        0.0000041511   0.0000267074  -0.0000345785   0.0000079607   0.0000046752
        0.0001758719   0.0000448142  -0.0000959321  -0.0000383075   0.0000086883
        0.0000426024  -0.0000310520  -0.0000362182  -0.0000056307  -0.0000133775
        0.0000078065   0.0000355499
       -0.0825904821  -0.0898183824  -0.0091441009  -0.0317891924  -0.0254552668
        0.0092903733   0.0003480086  -0.0010660222  -0.0012738040   0.0003109375
       -0.0002258265   0.0002613474  -0.0002453452   0.0006497061  -0.0002753822
       -0.0001120123  -0.0000452776   0.0001250789  -0.0000176772   0.0000866645
       -0.0000291656   0.0000449164   0.0000527250  -0.0000130986  -0.0001573233
       -0.0000771698   0.0000637356   0.0001613553   0.0001095335  -0.0000969111
        0.0074958927   0.0139354549   0.0002145594  -0.0024122032  -0.0081527112
       -0.0028896190   0.1089198138   0.1099157376   0.0037358328   0.0000661979
        0.0000231355  -0.0000761911  -0.0000521147   0.0000029095   0.0000470852
       -0.0000160281   0.0000393450  -0.0000478284  -0.0000991978  -0.0001771181
        0.0000854234  -0.0000413082  -0.0000046014   0.0000118526   0.0000131972
       -0.0000042633  -0.0000019048   0.0000299229   0.0000169719   0.0000027601
        0.0001356531   0.0001354616   0.0000524792  -0.0000296537   0.0000016654
        0.0000199425   0.0000095179   0.0000095625  -0.0000402597   0.0000271253
        0.0000477662  -0.0000222047
       -0.0927793279  -0.2308547467  -0.0144995907  -0.0061817945   0.0038615519
        0.0044045848  -0.0007788947   0.0005539790  -0.0021268782   0.0012545775
       -0.0004194067   0.0005198625   0.0000405848  -0.0001561767  -0.0001664410
        0.0000694730  -0.0000471411   0.0000045349   0.0000378766  -0.0000056326
       -0.0000022578   0.0000194232   0.0000107871   0.0000041363   0.0000668305
        0.0000056741  -0.0000672083   0.0000253123   0.0000417306  -0.0000119912
       -0.0079249367  -0.0261300330  -0.0004032009  -0.0037878687  -0.0085852232
       -0.0024431253   0.1099157376   0.2616787247   0.0147091935   0.0000484534
        0.0000028497   0.0000187345   0.0000083093   0.0000448875  -0.0000090964
       -0.0000049589  -0.0000044457   0.0000141001  -0.0000561027  -0.0000436263
        0.0000239403  -0.0000015824   0.0000190770  -0.0000125272   0.0000044937
       -0.0000055491  -0.0000062761  -0.0000249670   0.0000209867   0.0000132899
        0.0000467917   0.0000072919   0.0000483577   0.0000046701   0.0000019076
        0.0000051967   0.0000132662  -0.0000088786  -0.0000465167  -0.0000153663
        0.0000114118   0.0000291786
       -0.0097223799  -0.0173432430  -0.0437338229   0.0129082970   0.0138759218
       -0.0026841681   0.0031093821   0.0018987219   0.0020550179  -0.0016481128
       -0.0002681977   0.0003916900   0.0000000591  -0.0007261457   0.0001151212
        0.0001304560  -0.0000371490  -0.0000458141  -0.0000330676  -0.0000098066
        0.0000530887   0.0000022834  -0.0000373472  -0.0000033818   0.0001063336
        0.0000234276  -0.0000398731  -0.0001423928  -0.0000221719   0.0000868890
        0.0043834602   0.0147108080   0.0012532936  -0.0127703487  -0.0267058237
       -0.0035799211   0.0037358328   0.0147091935   0.0462511407  -0.0000083841
       -0.0000049951   0.0000131490   0.0000471674   0.0000381295   0.0000163932
        0.0000113112  -0.0000116156   0.0000117452   0.0000008911  -0.0000373532
       -0.0000760740  -0.0000065622   0.0000172918  -0.0000239370  -0.0000061598
       -0.0000041419  -0.0000138285  -0.0000116507   0.0000189631   0.0000009069
       -0.0000197994  -0.0000425706  -0.0000787497  -0.0000041283   0.0000037334
       -0.0000173152  -0.0000185326   0.0000067223   0.0000125790  -0.0000439550
       -0.0000523515   0.0000358710
       -0.0004747402   0.0003434858   0.0016718062  -0.0054195210   0.0002783678
        0.0030248902   0.0007724085   0.0065092149   0.0272539976   0.0025346992
        0.0003387555   0.0004135587  -0.0498009677  -0.0100968727  -0.0392918952
       -0.0052114680  -0.0004608054  -0.0176745906  -0.0014106931   0.0029653883
       -0.0015038207   0.0002969325   0.0000634944   0.0002046013  -0.0006598565
       -0.0029416705   0.0000367956  -0.0036450730  -0.0069673465  -0.0127637619
        0.0000766767  -0.0000393875   0.0000115732  -0.0003319085   0.0000253612
        0.0001895983   0.0000661979   0.0000484534  -0.0000083841   0.0647865155
        0.0107926265   0.0413140338   0.0001579767  -0.0002155398   0.0001990185
       -0.0003385548  -0.0000678407  -0.0010315755  -0.0001217301   0.0000178937
        0.0000640714  -0.0004984557  -0.0001296757  -0.0008560526   0.0000162651
        0.0000268030   0.0000965873  -0.0000572758   0.0000024089   0.0000027568
       -0.0001236262   0.0000031749   0.0000406949  -0.0003957382  -0.0002638071
       -0.0006580875   0.0000985294   0.0002942135   0.0001178285  -0.0003165927
       -0.0005266958  -0.0008536444
       -0.0001186687   0.0002707108  -0.0001931358   0.0006965471   0.0009026816
       -0.0007487586   0.0000418661   0.0005184069  -0.0035427403  -0.0002466349
       -0.0007374454   0.0006891921  -0.0092568803  -0.0534724582  -0.0520904872
        0.0066046711   0.0024640451   0.0199364537   0.0022866215  -0.0024297551
        0.0015600507   0.0000704089   0.0001124661   0.0000415499  -0.0024011459
       -0.0045697896   0.0003419958  -0.0083461735  -0.0109659798  -0.0247443425
       -0.0000434324  -0.0000134414   0.0000147249   0.0000446237  -0.0000256713
        0.0000023246   0.0000231355   0.0000028497  -0.0000049951   0.0107926265
        0.0672237411   0.0589199417  -0.0001250835   0.0001723000   0.0002503098
       -0.0000966130   0.0006763938   0.0004271360  -0.0000146990  -0.0001314308
       -0.0000900887   0.0005440775   0.0000456557   0.0009637911   0.0000168824
       -0.0000282978   0.0000378575  -0.0000078754  -0.0000833899   0.0000163441
        0.0000190362  -0.0000230409   0.0002636643  -0.0007494028  -0.0006064909
       -0.0012410137   0.0002222160   0.0000146265  -0.0003070653   0.0000438967
        0.0006833138  -0.0005027090
       -0.0002621078  -0.0003318833  -0.0009619974   0.0047714518  -0.0005998870
       -0.0029342444   0.0003839369  -0.0054345154  -0.0213433066  -0.0020441037
        0.0005183327   0.0018726961  -0.0357795370  -0.0518469738  -0.2456753783
       -0.0053597857  -0.0008396538  -0.0151264346  -0.0017344162   0.0029607189
       -0.0002322263   0.0002310887   0.0000406412   0.0002110754  -0.0002866444
       -0.0010938404   0.0011567217  -0.0014397663  -0.0023218873  -0.0032554676
       -0.0000577194  -0.0000212224   0.0000151658   0.0002765029   0.0000083661
       -0.0000705322  -0.0000761911   0.0000187345   0.0000131490   0.0413140338
        0.0589199417   0.2854855846   0.0002279468   0.0001358570  -0.0001715202
        0.0002361631  -0.0004841570   0.0008192363   0.0000213028   0.0000496603
        0.0002978166  -0.0005258893  -0.0001491111  -0.0008714045   0.0000512603
        0.0000325227   0.0000889445  -0.0000418762   0.0000135718  -0.0000209988
        0.0000053837   0.0001174903   0.0001912594  -0.0002087215  -0.0000740885
       -0.0003180532   0.0001676785  -0.0001861599   0.0000417122   0.0001300095
        0.0005675427   0.0007882024
       -0.0002122704   0.0000201984   0.0001099485   0.0002643479  -0.0000920961
       -0.0003904525   0.0005806593   0.0012010539   0.0000928588   0.0005030586
       -0.0003913250   0.0000909792   0.0073879811   0.0152727362  -0.0021163118
       -0.1083667949  -0.1027050463   0.0123559265  -0.0068525115  -0.0108386050
       -0.0012766573  -0.0005095316  -0.0007012370  -0.0031564042  -0.0000095178
        0.0000919864   0.0001026400  -0.0012097023   0.0023698012  -0.0010456168
        0.0000127141  -0.0000204973  -0.0000102622   0.0000188775  -0.0000274976
       -0.0000203913  -0.0000521147   0.0000083093   0.0000471674   0.0001579767
       -0.0001250835   0.0002279468   0.1253831795   0.1176000513  -0.0103125602
       -0.0173343642  -0.0222912986   0.0057228835   0.0005415169   0.0003250801
        0.0003079221  -0.0004016250  -0.0000499728  -0.0000263248  -0.0004147078
       -0.0008641109  -0.0002682633   0.0002552489   0.0002614115  -0.0000978146
       -0.0000328739   0.0000228354  -0.0000294090  -0.0000151009   0.0000202133
       -0.0000086888   0.0003081403   0.0007612380  -0.0001498719  -0.0000025857
        0.0001518549  -0.0001492437
       -0.0001395212  -0.0002510393   0.0000780537   0.0002158010   0.0002672321
       -0.0008661994  -0.0010495726  -0.0008472730   0.0003976872   0.0003428961
        0.0000870873   0.0004570357  -0.0079655951  -0.0235406934   0.0039269684
       -0.1030262803  -0.2037664221   0.0155880932  -0.0069740721  -0.0089270886
       -0.0015995816  -0.0009787903   0.0004056608  -0.0027675359   0.0000440374
        0.0005392945   0.0001212907   0.0034939787  -0.0032132225   0.0022968837
       -0.0000236369  -0.0000029871  -0.0000054272  -0.0000150959  -0.0000074160
        0.0000287931   0.0000029095   0.0000448875   0.0000381295  -0.0002155398
        0.0001723000   0.0001358570   0.1176000513   0.2389167237  -0.0188001847
       -0.0009135131   0.0017873307   0.0007600341   0.0001410231  -0.0000396659
        0.0000883627   0.0000103334   0.0004176779   0.0001795412  -0.0003855205
       -0.0007698242  -0.0000644976   0.0001275147   0.0000535353  -0.0000288183
        0.0000144899  -0.0000467954  -0.0000032252   0.0000578785   0.0000889915
        0.0000341246  -0.0005070793  -0.0015005110   0.0000630769   0.0001433036
        0.0001322172  -0.0000584616
        0.0001398622   0.0000021955  -0.0000877550  -0.0000715015   0.0000999533
       -0.0003128894   0.0005338884  -0.0002459718   0.0012491179  -0.0001075085
       -0.0001697225  -0.0004501469   0.0044298782   0.0106252863  -0.0007930560
        0.0121772427   0.0155931672  -0.0440574935  -0.0159852435  -0.0233405567
       -0.0010941578  -0.0021859406  -0.0015914782  -0.0047372300   0.0000611902
        0.0000183465   0.0000595638  -0.0014925971   0.0018044360  -0.0003301659
       -0.0000384563   0.0000426509  -0.0000062746  -0.0000022996  -0.0000180656
       -0.0000140383   0.0000470852  -0.0000090964   0.0000163932   0.0001990185
        0.0002503098  -0.0001715202  -0.0103125602  -0.0188001847   0.0528033772
        0.0137626597   0.0169646054  -0.0027576392  -0.0001422473  -0.0003683420
        0.0006438215   0.0000398096  -0.0000841361   0.0004708305  -0.0009171186
       -0.0013659695  -0.0001824920  -0.0000128429   0.0000917430  -0.0001437805
       -0.0000574495   0.0000086059  -0.0000636504  -0.0000139093   0.0000046609
       -0.0000347543   0.0001121081   0.0006889637  -0.0000180997  -0.0001630677
       -0.0002014008   0.0000120396
        0.0001085956  -0.0003022536   0.0000644498  -0.0001816271   0.0000708588
        0.0006028796   0.0001877020   0.0036342574  -0.0020103576  -0.0018732758
       -0.0009142062  -0.0003219264  -0.0194887378   0.0083084674   0.0091243774
       -0.1752527598   0.0245128778   0.1118865972   0.0065724605  -0.0014504554
       -0.0048857810   0.0008480623   0.0000153403  -0.0009356368  -0.0000296883
        0.0000921488   0.0001734244   0.0006932759  -0.0006268350   0.0000568869
        0.0000315369  -0.0000026407  -0.0000542476   0.0000069467  -0.0000104869
       -0.0000082033  -0.0000160281  -0.0000049589   0.0000113112  -0.0003385548
       -0.0000966130   0.0002361631  -0.0173343642  -0.0009135131   0.0137626597
        0.2050120616  -0.0314673611  -0.1255720025   0.0001969156  -0.0007610677
       -0.0016534642   0.0006696694  -0.0002112385  -0.0002262833  -0.0000395020
       -0.0000019302  -0.0000385269  -0.0000257855   0.0000624089   0.0000587664
       -0.0000885745  -0.0000284751  -0.0000831043  -0.0000367778   0.0000103451
       -0.0000316147   0.0000499211  -0.0002237740  -0.0000941336   0.0003285281
        0.0003091051  -0.0000622333
        0.0000618963   0.0001787635  -0.0001493019   0.0000224639  -0.0000135765
       -0.0010602633   0.0001852096  -0.0036068683   0.0028528116   0.0020477335
        0.0009533282   0.0001187145   0.0213599588  -0.0070233005  -0.0114455326
        0.0245210965  -0.0485910067  -0.0225531635   0.0058210998  -0.0008836763
       -0.0067642387   0.0008156487   0.0004351579  -0.0006144766  -0.0001175053
       -0.0002921485  -0.0000400804   0.0005278124   0.0005695866  -0.0004337662
       -0.0000514940   0.0000198152   0.0000498949  -0.0000141436   0.0000090549
        0.0000062641   0.0000393450  -0.0000044457  -0.0000116156  -0.0000678407
        0.0006763938  -0.0004841570  -0.0222912986   0.0017873307   0.0169646054
       -0.0314673611   0.0557943293   0.0242081084  -0.0004214955   0.0002650468
       -0.0019892383  -0.0000263272   0.0002072133   0.0007193641  -0.0000528556
       -0.0000088120   0.0001926190  -0.0004774334  -0.0001586139  -0.0001562256
       -0.0000416828   0.0000338546   0.0001419682   0.0000297731  -0.0000308540
       -0.0000053732  -0.0002211790   0.0001559704   0.0000940942  -0.0001814208
       -0.0004725430   0.0003589884
       -0.0001444297  -0.0000895618   0.0001689145  -0.0000374694  -0.0001653571
        0.0002780601  -0.0002292249   0.0018499449  -0.0003034086  -0.0004342696
       -0.0004234040   0.0000253069  -0.0077834350   0.0030458268   0.0048928413
        0.1122123131  -0.0223434447  -0.1325832760   0.0193314103  -0.0060631238
       -0.0251536616   0.0006829363   0.0006249988   0.0007559346   0.0000323286
       -0.0001775495   0.0000142311  -0.0002012114   0.0000336158   0.0002255688
        0.0000049187  -0.0000275150   0.0000237405  -0.0000317195   0.0000309480
        0.0000232006  -0.0000478284   0.0000141001   0.0000117452  -0.0010315755
        0.0004271360   0.0008192363   0.0057228835   0.0007600341  -0.0027576392
       -0.1255720025   0.0242081084   0.1594117556  -0.0022431670  -0.0018348475
       -0.0063946874   0.0004682245   0.0002235527   0.0002371582  -0.0000015832
        0.0003001156   0.0002186450  -0.0005517861  -0.0004524579   0.0002192355
       -0.0001210082   0.0001531134  -0.0001099952  -0.0000473488   0.0000117536
       -0.0000643217  -0.0000622165  -0.0000463089  -0.0000648081   0.0000852606
       -0.0000596779   0.0001062237
       -0.0009100545   0.0001662411   0.0002567470  -0.0025517758   0.0009926904
       -0.0004622506   0.0004005754  -0.0000346770  -0.0015826738   0.0001392614
       -0.0000227885   0.0004935248   0.0002153813   0.0000295466   0.0001085657
        0.0075266251  -0.0009237189  -0.0055393956  -0.1734551230   0.0192344288
        0.1156567464  -0.0155399224  -0.0028010449   0.0119337919   0.0008745534
        0.0007933272  -0.0004266567   0.0000725688   0.0000341135   0.0000911279
        0.0001553008  -0.0000326664  -0.0000040625  -0.0000564440   0.0000953655
        0.0001566870  -0.0000991978  -0.0000561027   0.0000008911  -0.0001217301
       -0.0000146990   0.0000213028   0.0005415169   0.0001410231  -0.0001422473
        0.0001969156  -0.0004214955  -0.0022431670   0.2037078463  -0.0198602650
       -0.1323385055  -0.0193655353   0.0060650925   0.0138773547  -0.0001455767
        0.0002245403  -0.0000452929  -0.0019239496  -0.0036990778   0.0005060609
        0.0005009531  -0.0000998206   0.0000182269  -0.0000462754   0.0002448431
       -0.0001933082  -0.0000259043  -0.0000354557  -0.0000431054  -0.0000900092
       -0.0000194001  -0.0001003613
        0.0003901043   0.0001503040  -0.0001484588   0.0010098479  -0.0008681378
       -0.0000340337   0.0002084826   0.0007132565   0.0009393968  -0.0004619363
       -0.0002292880  -0.0004500870  -0.0001922104   0.0003414367   0.0003845944
        0.0051183699  -0.0008397906  -0.0069554338   0.0198641024  -0.0458562315
       -0.0156593152  -0.0212595164  -0.0007712950   0.0171166980  -0.0010631973
        0.0009603425   0.0004628058   0.0001685696  -0.0000323844   0.0001164304
       -0.0000711821  -0.0000326413   0.0000141873   0.0001219339   0.0000254113
       -0.0000816088  -0.0001771181  -0.0000436263  -0.0000373532   0.0000178937
       -0.0001314308   0.0000496603   0.0003250801  -0.0000396659  -0.0003683420
       -0.0007610677   0.0002650468  -0.0018348475  -0.0198602650   0.0551138866
        0.0196309246   0.0200763247  -0.0040518290  -0.0142058546  -0.0000015269
        0.0006326721   0.0002632584  -0.0037610157  -0.0046258729   0.0012116477
        0.0002489805  -0.0006613567  -0.0000375002   0.0001025998   0.0001590995
       -0.0001902029  -0.0000317016  -0.0000595229  -0.0000200649  -0.0000115518
       -0.0001183829  -0.0001665012
       -0.0001295929   0.0002441004   0.0004042033  -0.0002884557  -0.0004209558
        0.0012374898  -0.0007634242   0.0000642667  -0.0019588739   0.0003902280
        0.0001747075   0.0003506656   0.0004437997  -0.0000736251   0.0007042954
        0.0195339557  -0.0052757671  -0.0246696064   0.1143157312  -0.0147910415
       -0.1433444199   0.0043863841   0.0013280945  -0.0022159114   0.0000575840
       -0.0004204879   0.0001923728  -0.0000968126   0.0002503284  -0.0001084475
        0.0001112000  -0.0000649607  -0.0000618085   0.0001483919  -0.0000543217
       -0.0000471088   0.0000854234   0.0000239403  -0.0000760740   0.0000640714
       -0.0000900887   0.0002978166   0.0003079221   0.0000883627   0.0006438215
       -0.0016534642  -0.0019892383  -0.0063946874  -0.1323385055   0.0196309246
        0.1684363692  -0.0046767029   0.0006281054   0.0054709401  -0.0004561177
       -0.0001873592   0.0004813000   0.0008796453   0.0007453951   0.0004838548
       -0.0001010891   0.0004409302   0.0001320518  -0.0001418080  -0.0001008763
        0.0000566423  -0.0000159674  -0.0000030782  -0.0000561802  -0.0000623966
       -0.0001473554   0.0000412948
       -0.0001017941  -0.0000161828  -0.0000289517  -0.0002672768   0.0002977961
       -0.0001017909   0.0008841389   0.0000437421   0.0001013269  -0.0004041616
       -0.0002263401  -0.0001928310  -0.0006704766  -0.0009751059  -0.0026975754
       -0.0087245389   0.0086615740  -0.0065360344  -0.1318350301   0.1045215347
       -0.0418476153   0.0079327940  -0.0109184658   0.0041180683  -0.0003495183
       -0.0023744579   0.0003802798   0.0000836507  -0.0000923594   0.0002336357
       -0.0000307071  -0.0000068827  -0.0000005565   0.0000452756  -0.0000045172
       -0.0000355346  -0.0000413082  -0.0000015824  -0.0000065622  -0.0004984557
        0.0005440775  -0.0005258893  -0.0004016250   0.0000103334   0.0000398096
        0.0006696694  -0.0000263272   0.0004682245  -0.0193655353   0.0200763247
       -0.0046767029   0.1517930087  -0.1185792654   0.0510389596   0.0003693525
        0.0001680301   0.0002677689   0.0005698823  -0.0002216665  -0.0000130935
        0.0000146359  -0.0001841675  -0.0000826181   0.0003584334  -0.0005809032
        0.0001028947  -0.0000012665  -0.0000693230   0.0000207625  -0.0000291471
       -0.0000458654  -0.0000259748
       -0.0000894500  -0.0000135153   0.0000781099   0.0002819142   0.0000247445
       -0.0000078747  -0.0003003590  -0.0001639676  -0.0002208458   0.0001799349
        0.0000055877   0.0001384301  -0.0004720876   0.0009937767  -0.0009474840
       -0.0029244244   0.0041087628  -0.0016321428   0.1042461415  -0.1620380557
        0.0511183361   0.0146785677  -0.0245445833   0.0084347761  -0.0037725545
       -0.0053385591   0.0005106110  -0.0000677137   0.0001771682  -0.0002376319
        0.0000062676  -0.0000100428  -0.0000083810  -0.0000150450  -0.0000133118
        0.0000116536  -0.0000046014   0.0000190770   0.0000172918  -0.0001296757
        0.0000456557  -0.0001491111  -0.0000499728   0.0004176779  -0.0000841361
       -0.0002112385   0.0002072133   0.0002235527   0.0060650925  -0.0040518290
        0.0006281054  -0.1185792654   0.1909450077  -0.0584296853   0.0003675704
        0.0001426007  -0.0002758413   0.0003301386   0.0005650833   0.0002036141
       -0.0003380964   0.0001896267  -0.0000001827   0.0008534238  -0.0016559740
        0.0007048592  -0.0000330009   0.0000378981  -0.0000473536  -0.0000215659
       -0.0000500418  -0.0000286696
        0.0001138012   0.0000546369   0.0000203534   0.0000453828  -0.0002456820
        0.0001188529   0.0006661944   0.0000722165  -0.0005073190  -0.0002560917
       -0.0000893849   0.0000765535  -0.0026913047  -0.0014711208  -0.0050235186
       -0.0195595078   0.0184989241  -0.0131657480  -0.0411936473   0.0505773988
       -0.0636648540  -0.0014206541   0.0031865905  -0.0002593960   0.0005602084
        0.0004316465   0.0007731498   0.0001643313  -0.0002488116   0.0002946052
        0.0000212814  -0.0000104901  -0.0000087377  -0.0000010477   0.0000156958
        0.0000379488   0.0000118526  -0.0000125272  -0.0000239370  -0.0008560526
        0.0009637911  -0.0008714045  -0.0000263248   0.0001795412   0.0004708305
       -0.0002262833   0.0007193641   0.0002371582   0.0138773547  -0.0142058546
        0.0054709401   0.0510389596  -0.0584296853   0.0761284386   0.0001171394
       -0.0004665371   0.0001684875  -0.0000999552   0.0003608509  -0.0001588995
       -0.0000728978   0.0000846658  -0.0000361504  -0.0002007599   0.0001171920
       -0.0000314370   0.0000112964  -0.0000747373   0.0000079307  -0.0000232754
       -0.0000076831  -0.0000538474
       -0.0000971616   0.0000027100   0.0000397517   0.0000241798   0.0000269513
        0.0001327177   0.0004166338  -0.0000503122  -0.0003611767  -0.0000551900
        0.0000222076   0.0000955307   0.0000107015   0.0000717787   0.0003162205
       -0.0012168352  -0.0032806337   0.0004870534  -0.0067512131  -0.0069709445
       -0.0144771938  -0.0735600024  -0.0198519578  -0.0729581664  -0.0086563409
       -0.0017513431  -0.0189985265  -0.0021610906   0.0034121354  -0.0012651094
        0.0000129688  -0.0000030522  -0.0000042659  -0.0000190610   0.0000023364
        0.0000148584   0.0000131972   0.0000044937  -0.0000061598   0.0000162651
        0.0000168824   0.0000512603  -0.0004147078  -0.0003855205  -0.0009171186
       -0.0000395020  -0.0000528556  -0.0000015832  -0.0001455767  -0.0000015269
       -0.0004561177   0.0003693525   0.0003675704   0.0001171394   0.0856399214
        0.0233553741   0.0874279322   0.0068597605   0.0057137056   0.0221215676
       -0.0000858077  -0.0003005797  -0.0004044105   0.0004256950  -0.0002748054
        0.0002106690  -0.0005397641  -0.0001343224  -0.0011664964  -0.0000464225
        0.0000617083   0.0000016238
        0.0000012024  -0.0000039527   0.0000093917  -0.0000304242   0.0000256558
        0.0000263432   0.0001928795  -0.0001065156  -0.0000417654  -0.0000613943
       -0.0000264515   0.0000119306   0.0000204862   0.0000955243   0.0000538993
       -0.0034669645  -0.0048648393   0.0002901102  -0.0116894162  -0.0100382322
       -0.0236309095  -0.0199704629  -0.0540696236  -0.0511167220   0.0093870557
        0.0032339991   0.0198479319   0.0031792324  -0.0025846487   0.0018113267
        0.0000068172  -0.0000048797  -0.0000016892  -0.0000012956   0.0000127108
        0.0000041511  -0.0000042633  -0.0000055491  -0.0000041419   0.0000268030
       -0.0000282978   0.0000325227  -0.0008641109  -0.0007698242  -0.0013659695
       -0.0000019302  -0.0000088120   0.0003001156   0.0002245403   0.0006326721
       -0.0001873592   0.0001680301   0.0001426007  -0.0004665371   0.0233553741
        0.0676215690   0.0577700264  -0.0007700318  -0.0000142236  -0.0048337038
       -0.0003037055   0.0005063800   0.0000980170  -0.0000239937   0.0004053899
        0.0003579577   0.0006272932   0.0000031760   0.0011434222  -0.0000017211
       -0.0001538278  -0.0001083489
        0.0000535575   0.0000077352   0.0000163344  -0.0001307523   0.0000012400
        0.0000891396   0.0006442316   0.0000288946  -0.0001635245  -0.0002545939
       -0.0000117352  -0.0000120079   0.0000967242   0.0000347305   0.0002018761
       -0.0003106762  -0.0007624157   0.0011962637  -0.0007218974  -0.0012764369
       -0.0001869625  -0.0734523145  -0.0511517133  -0.2318640277  -0.0060536953
       -0.0006435352  -0.0115538510  -0.0021917854   0.0027450227  -0.0001420677
       -0.0000058806   0.0000025392  -0.0000176360   0.0000044175   0.0000059364
        0.0000267074  -0.0000019048  -0.0000062761  -0.0000138285   0.0000965873
        0.0000378575   0.0000889445  -0.0002682633  -0.0000644976  -0.0001824920
       -0.0000385269   0.0001926190   0.0002186450  -0.0000452929   0.0002632584
        0.0004813000   0.0002677689  -0.0002758413   0.0001684875   0.0874279322
        0.0577700264   0.2670545020  -0.0048537818  -0.0067207404  -0.0253507655
        0.0001210007  -0.0002836822   0.0005523045   0.0002770411   0.0001844617
       -0.0001507564  -0.0006387674  -0.0000740954  -0.0008286431  -0.0000211281
       -0.0000033526   0.0003720580
        0.0000015002  -0.0000088614  -0.0000335566  -0.0001808087  -0.0000738584
       -0.0001287194   0.0002310596   0.0001234730   0.0003758368  -0.0000754508
       -0.0000503611  -0.0002008168  -0.0003215152  -0.0000531454  -0.0001358631
        0.0004063947   0.0006424850   0.0005515769  -0.0152835359  -0.0024698005
        0.0121189529  -0.1722813794   0.0172593323   0.1099704630  -0.0188034092
        0.0063934485   0.0121717085   0.0004906350  -0.0003265145   0.0008806038
        0.0000288889   0.0000216893  -0.0000192196   0.0000411467  -0.0000010975
       -0.0000345785   0.0000299229  -0.0000249670  -0.0000116507  -0.0000572758
       -0.0000078754  -0.0000418762   0.0002552489   0.0001275147  -0.0000128429
       -0.0000257855  -0.0004774334  -0.0005517861  -0.0019239496  -0.0037610157
        0.0008796453   0.0005698823   0.0003301386  -0.0000999552   0.0068597605
       -0.0007700318  -0.0048537818   0.2022069981  -0.0206227809  -0.1291763661
       -0.0029947565   0.0039761252  -0.0010537994   0.0005828641  -0.0002989127
        0.0001221194   0.0003059833  -0.0000810526   0.0000520466  -0.0000624186
        0.0001535017  -0.0007681411
       -0.0000324627   0.0000114198   0.0000059406   0.0000218939   0.0002854235
       -0.0000834995  -0.0000578168  -0.0002394671   0.0000280560   0.0000610329
        0.0000113139   0.0000287378   0.0000033798  -0.0000302117  -0.0000222362
       -0.0001566782   0.0007567137   0.0007940053  -0.0218792164  -0.0008184237
        0.0170192167   0.0173429924  -0.0441361988  -0.0161431738   0.0198619426
       -0.0051489964  -0.0131661474  -0.0003749244   0.0005723071  -0.0005088762
       -0.0000110097   0.0000035434  -0.0000223907   0.0000001701  -0.0000354051
        0.0000079607   0.0000169719   0.0000209867   0.0000189631   0.0000024089
       -0.0000833899   0.0000135718   0.0002614115   0.0000535353   0.0000917430
        0.0000624089  -0.0001586139  -0.0004524579  -0.0036990778  -0.0046258729
        0.0007453951  -0.0002216665   0.0005650833   0.0003608509   0.0057137056
       -0.0000142236  -0.0067207404  -0.0206227809   0.0560880813   0.0168111527
        0.0037645217  -0.0033671929   0.0014805774   0.0002269870   0.0001695581
       -0.0005313441  -0.0002393948  -0.0000612101  -0.0001432727  -0.0000447989
        0.0001812400   0.0003879680
       -0.0001363883  -0.0000000261   0.0000503286   0.0002355790  -0.0000483627
        0.0000038775  -0.0003715073  -0.0000269472  -0.0002492352   0.0002737028
        0.0000592965   0.0001761615   0.0000996033  -0.0000047639  -0.0000730654
       -0.0010438243  -0.0004440795   0.0009888610   0.0047115723   0.0017933641
       -0.0028160527   0.1103212555  -0.0161189825  -0.1406803968  -0.0051423311
        0.0003288270   0.0050363331  -0.0010547607   0.0004807185   0.0010896990
        0.0000113836  -0.0000149070   0.0000186518  -0.0000216926   0.0000079462
        0.0000046752   0.0000027601   0.0000132899   0.0000009069   0.0000027568
        0.0000163441  -0.0000209988  -0.0000978146  -0.0000288183  -0.0001437805
        0.0000587664  -0.0001562256   0.0002192355   0.0005060609   0.0012116477
        0.0004838548  -0.0000130935   0.0002036141  -0.0001588995   0.0221215676
       -0.0048337038  -0.0253507655  -0.1291763661   0.0168111527   0.1610749256
       -0.0012924976   0.0009704551   0.0002923361  -0.0000756376  -0.0003792905
        0.0002182280   0.0000235664  -0.0000285105  -0.0000773602   0.0000573390
        0.0001879618  -0.0000875198
       -0.0008244288  -0.0001669972   0.0003061940  -0.0022200363  -0.0013047913
        0.0000279035   0.0004979867  -0.0006116995  -0.0012181110   0.0000413068
        0.0002443116   0.0003428541   0.0001770063   0.0000158861   0.0001505561
        0.0000971431   0.0000415604   0.0001038199   0.0008518951  -0.0008884090
        0.0000674958  -0.0190009828   0.0065557303   0.0118738482  -0.1731932796
        0.0182482682   0.1159049021   0.0075082054  -0.0007964025  -0.0056361637
       -0.0001296581   0.0000343466  -0.0000229733  -0.0000403739  -0.0000297084
        0.0001758719   0.0001356531   0.0000467917  -0.0000197994  -0.0001236262
        0.0000190362   0.0000053837  -0.0000328739   0.0000144899  -0.0000574495
       -0.0000885745  -0.0000416828  -0.0001210082   0.0005009531   0.0002489805
       -0.0001010891   0.0000146359  -0.0003380964  -0.0000728978  -0.0000858077
       -0.0003037055   0.0001210007  -0.0029947565   0.0037645217  -0.0012924976
        0.2040395057  -0.0222141919  -0.1316463041  -0.0158937104  -0.0016820186
        0.0134192165   0.0005885964  -0.0001363566  -0.0001435298   0.0001752210
       -0.0007198634  -0.0021672232
       -0.0005442898   0.0000847245   0.0003292373  -0.0012599097  -0.0005603772
        0.0008284795  -0.0005003516  -0.0003975283  -0.0019689044   0.0006207620
        0.0001140052   0.0006615316   0.0003500273   0.0003408633  -0.0001697123
       -0.0001570386  -0.0002178989  -0.0000544123   0.0009588872   0.0007935468
       -0.0007955650   0.0190939553  -0.0049104524  -0.0131298646   0.0171128582
       -0.0467014138  -0.0158275227   0.0052143360  -0.0003402766  -0.0060947012
        0.0001854509  -0.0000160881   0.0000122790  -0.0000519946   0.0000554622
        0.0000448142   0.0001354616   0.0000072919  -0.0000425706   0.0000031749
       -0.0000230409   0.0001174903   0.0000228354  -0.0000467954   0.0000086059
       -0.0000284751   0.0000338546   0.0001531134  -0.0000998206  -0.0006613567
        0.0004409302  -0.0001841675   0.0001896267   0.0000846658  -0.0003005797
        0.0005063800  -0.0002836822   0.0039761252  -0.0033671929   0.0009704551
       -0.0222141919   0.0540524330   0.0182507187  -0.0220910499   0.0005538958
        0.0178192720  -0.0000843576   0.0001777004   0.0005778625  -0.0001576474
        0.0003326366  -0.0019325204
        0.0001231548  -0.0001099034   0.0003778615   0.0001355984   0.0012301701
        0.0006209078  -0.0005048172  -0.0009929049  -0.0009563328   0.0001355708
        0.0000157620   0.0001041661   0.0002876451   0.0003232203   0.0007427675
        0.0000162048  -0.0002073253   0.0000505781  -0.0004610358   0.0000854440
        0.0003851324  -0.0052118978   0.0009325802   0.0053833683   0.1151285240
       -0.0168435970  -0.1427354118   0.0194321722  -0.0042633610  -0.0251469748
        0.0000005764  -0.0000379007  -0.0000755579   0.0001878591   0.0000262671
       -0.0000959321   0.0000524792   0.0000483577  -0.0000787497   0.0000406949
        0.0002636643   0.0001912594  -0.0000294090  -0.0000032252  -0.0000636504
       -0.0000831043   0.0001419682  -0.0001099952   0.0000182269  -0.0000375002
        0.0001320518  -0.0000826181  -0.0000001827  -0.0000361504  -0.0004044105
        0.0000980170   0.0005523045  -0.0010537994   0.0014805774   0.0002923361
       -0.1316463041   0.0182507187   0.1691344778   0.0053382447   0.0011238278
       -0.0026052687   0.0003959376   0.0001896928   0.0003784045  -0.0018154926
       -0.0017143674  -0.0064415919
       -0.0001244053  -0.0000057139  -0.0000190870  -0.0001787239  -0.0003556419
        0.0000469186   0.0008123195   0.0001300143   0.0000674845  -0.0003913830
        0.0000679429  -0.0002475928  -0.0006588580  -0.0005824732  -0.0026873261
        0.0000552275   0.0001477882   0.0001403625  -0.0012706387   0.0027829626
       -0.0009855627   0.0077200618   0.0161331337  -0.0020758241  -0.1028531831
       -0.1011271965   0.0109334383  -0.0070059987  -0.0114737520  -0.0014650822
       -0.0000397236  -0.0000082467   0.0000001277   0.0000425033  -0.0000026589
       -0.0000383075  -0.0000296537   0.0000046701  -0.0000041283  -0.0003957382
       -0.0007494028  -0.0002087215  -0.0000151009   0.0000578785  -0.0000139093
       -0.0000367778   0.0000297731  -0.0000473488  -0.0000462754   0.0001025998
       -0.0001418080   0.0003584334   0.0008534238  -0.0002007599   0.0004256950
       -0.0000239937   0.0002770411   0.0005828641   0.0002269870  -0.0000756376
       -0.0158937104  -0.0220910499   0.0053382447   0.1187166158   0.1156606267
       -0.0090452459  -0.0003927354  -0.0001009377   0.0000518638   0.0006191857
        0.0003232664   0.0004008604
        0.0001143793  -0.0000455704  -0.0000403397  -0.0002723811   0.0000594478
       -0.0000063546   0.0007088640  -0.0000818860   0.0000542427  -0.0003334853
       -0.0000246219  -0.0001243256  -0.0010455741   0.0005491484  -0.0023205647
        0.0000946617   0.0004392964   0.0002037981   0.0041118429  -0.0036043321
        0.0019209375  -0.0093507508  -0.0239251190   0.0039334349  -0.1006059826
       -0.2111722151   0.0144826430  -0.0064004482  -0.0085966843  -0.0018933035
        0.0000027270   0.0000066548  -0.0000349464   0.0000210384  -0.0000112171
        0.0000086883   0.0000016654   0.0000019076   0.0000037334  -0.0002638071
       -0.0006064909  -0.0000740885   0.0000202133   0.0000889915   0.0000046609
        0.0000103451  -0.0000308540   0.0000117536   0.0002448431   0.0001590995
       -0.0001008763  -0.0005809032  -0.0016559740   0.0001171920  -0.0002748054
        0.0004053899   0.0001844617  -0.0002989127   0.0001695581  -0.0003792905
       -0.0016820186   0.0005538958   0.0011238278   0.1156606267   0.2470521792
       -0.0172295014  -0.0000704691   0.0003783022   0.0001241746   0.0001883313
       -0.0001089065   0.0000300428
        0.0000775217  -0.0000038382   0.0000618593   0.0001389114   0.0002706622
       -0.0000015286   0.0004397507  -0.0001898163  -0.0005184568  -0.0001497862
        0.0001044673   0.0000928542  -0.0025236568  -0.0017821554  -0.0045942075
        0.0000881213   0.0002023070   0.0000610569  -0.0014673790   0.0019830979
       -0.0000386090   0.0039161804   0.0092159666  -0.0006629916   0.0113117771
        0.0150942534  -0.0435055119  -0.0155394655  -0.0239216744  -0.0021834777
        0.0000076026  -0.0000013048  -0.0000155188  -0.0000092661   0.0000090444
        0.0000426024   0.0000199425   0.0000051967  -0.0000173152  -0.0006580875
       -0.0012410137  -0.0003180532  -0.0000086888   0.0000341246  -0.0000347543
       -0.0000316147  -0.0000053732  -0.0000643217  -0.0001933082  -0.0001902029
        0.0000566423   0.0001028947   0.0007048592  -0.0000314370   0.0002106690
        0.0003579577  -0.0001507564   0.0001221194  -0.0005313441   0.0002182280
        0.0134192165   0.0178192720  -0.0026052687  -0.0090452459  -0.0172295014
        0.0530916669   0.0000017392  -0.0001478557   0.0005034113  -0.0002299477
       -0.0005571287   0.0006138872
       -0.0002440712   0.0000395949   0.0001117572   0.0002992979  -0.0001077701
       -0.0004855283   0.0005575140  -0.0008497534   0.0005779258   0.0004916798
        0.0004688059  -0.0000388556   0.0076610548  -0.0102150629   0.0037107850
       -0.0004149548  -0.0020675908   0.0002215251   0.0000126523  -0.0000912935
        0.0001762234  -0.0005317085  -0.0010648086  -0.0032272960  -0.0085605497
        0.0082571596  -0.0061103207  -0.1376778848   0.1049770286  -0.0405573290
       -0.0000516164  -0.0000021533   0.0000588148   0.0000131974   0.0000159481
       -0.0000310520   0.0000095179   0.0000132662  -0.0000185326   0.0000985294
        0.0002222160   0.0001676785   0.0003081403  -0.0005070793   0.0001121081
        0.0000499211  -0.0002211790  -0.0000622165  -0.0000259043  -0.0000317016
       -0.0000159674  -0.0000012665  -0.0000330009   0.0000112964  -0.0005397641
        0.0006272932  -0.0006387674   0.0003059833  -0.0002393948   0.0000235664
        0.0005885964  -0.0000843576   0.0003959376  -0.0003927354  -0.0000704691
        0.0000017392   0.1587452324  -0.1191013233   0.0499634489  -0.0207008613
        0.0200656257  -0.0043469409
        0.0001759061  -0.0002208601   0.0000205021  -0.0002268840   0.0003714553
        0.0004189091   0.0013416896  -0.0004303990   0.0005305550  -0.0002951553
       -0.0001198654  -0.0006147362   0.0136698329  -0.0248636801   0.0085083195
       -0.0032867881  -0.0050509047  -0.0001416942  -0.0000685371   0.0003701240
       -0.0002620020  -0.0003370217   0.0009572591  -0.0006305943  -0.0025239802
        0.0037043527  -0.0011280231   0.1051844097  -0.1565210332   0.0472208868
        0.0000099224   0.0000323016  -0.0000378450   0.0000150510  -0.0000052799
       -0.0000362182   0.0000095625  -0.0000088786   0.0000067223   0.0002942135
        0.0000146265  -0.0001861599   0.0007612380  -0.0015005110   0.0006889637
       -0.0002237740   0.0001559704  -0.0000463089  -0.0000354557  -0.0000595229
       -0.0000030782  -0.0000693230   0.0000378981  -0.0000747373  -0.0001343224
        0.0000031760  -0.0000740954  -0.0000810526  -0.0000612101  -0.0000285105
       -0.0001363566   0.0001777004   0.0001896928  -0.0001009377   0.0003783022
       -0.0001478557  -0.1191013233   0.1853295899  -0.0544169179   0.0051590860
       -0.0026906110   0.0002442256
        0.0000635332   0.0000912972  -0.0000961584   0.0000621061  -0.0004652307
       -0.0005034404  -0.0001208666   0.0011442086   0.0008714199   0.0000296507
        0.0000002885  -0.0002230525  -0.0001489932   0.0019934353   0.0002601263
        0.0002667232   0.0003272783   0.0007184762   0.0001059877  -0.0001685625
        0.0002056595  -0.0023417321  -0.0016692868  -0.0052677440  -0.0202004492
        0.0185991898  -0.0120129072  -0.0408627894   0.0471803453  -0.0619814401
        0.0000464154   0.0000083680   0.0000295310  -0.0000131901   0.0000133556
       -0.0000056307  -0.0000402597  -0.0000465167   0.0000125790   0.0001178285
       -0.0003070653   0.0000417122  -0.0001498719   0.0000630769  -0.0000180997
       -0.0000941336   0.0000940942  -0.0000648081  -0.0000431054  -0.0000200649
       -0.0000561802   0.0000207625  -0.0000473536   0.0000079307  -0.0011664964
        0.0011434222  -0.0008286431   0.0000520466  -0.0001432727  -0.0000773602
       -0.0001435298   0.0005778625   0.0003784045   0.0000518638   0.0001241746
        0.0005034113   0.0499634489  -0.0544169179   0.0730202485   0.0145450507
       -0.0140761259   0.0050859654
        0.0000755378   0.0002738107  -0.0000885895  -0.0001765479   0.0001017421
        0.0004351045   0.0006752905  -0.0034074100  -0.0000477618  -0.0016491932
        0.0003371341  -0.0005696900  -0.0153911201  -0.0051635721   0.0103505718
        0.0006840446   0.0005810871  -0.0002792574  -0.0000434559   0.0000169685
        0.0001758525   0.0009568618  -0.0003906226  -0.0009284206   0.0065819795
       -0.0001519287  -0.0052225405  -0.1734739295   0.0113900984   0.1138132206
       -0.0000095315   0.0000085081   0.0000066254   0.0000050524   0.0000077777
       -0.0000133775   0.0000271253  -0.0000153663  -0.0000439550  -0.0003165927
        0.0000438967   0.0001300095  -0.0000025857   0.0001433036  -0.0001630677
        0.0003285281  -0.0001814208   0.0000852606  -0.0000900092  -0.0000115518
       -0.0000623966  -0.0000291471  -0.0000215659  -0.0000232754  -0.0000464225
       -0.0000017211  -0.0000211281  -0.0000624186  -0.0000447989   0.0000573390
        0.0001752210  -0.0001576474  -0.0018154926   0.0006191857   0.0001883313
       -0.0002299477  -0.0207008613   0.0051590860   0.0145450507   0.2018629885
       -0.0087041387  -0.1300901344
       -0.0001397085   0.0002973992   0.0000882390  -0.0001028527   0.0005519634
        0.0010004057   0.0004487592  -0.0053183802  -0.0005604740  -0.0023784359
        0.0006619382  -0.0005747436  -0.0239878655  -0.0048201398   0.0167503296
       -0.0005563226   0.0006636176   0.0001866911   0.0001369855  -0.0001251388
        0.0001391625  -0.0003347853   0.0003930750   0.0006427614   0.0043407551
       -0.0002522838  -0.0065092200   0.0115368594  -0.0424072854  -0.0065108413
       -0.0000592915  -0.0000061525   0.0000195196  -0.0000009619  -0.0000002529
        0.0000078065   0.0000477662   0.0000114118  -0.0000523515  -0.0005266958
        0.0006833138   0.0005675427   0.0001518549   0.0001322172  -0.0002014008
        0.0003091051  -0.0004725430  -0.0000596779  -0.0000194001  -0.0001183829
       -0.0001473554  -0.0000458654  -0.0000500418  -0.0000076831   0.0000617083
       -0.0001538278  -0.0000033526   0.0001535017   0.0001812400   0.0001879618
       -0.0007198634   0.0003326366  -0.0017143674   0.0003232664  -0.0001089065
       -0.0005571287   0.0200656257  -0.0026906110  -0.0140761259  -0.0087041387
        0.0526151335   0.0113843025
       -0.0001043564   0.0000164238   0.0000803645  -0.0000322178   0.0000437992
       -0.0002993642  -0.0001725123   0.0005569709   0.0009221007   0.0006034897
        0.0000398076   0.0000987208   0.0032469998   0.0005778869  -0.0014112222
        0.0000776754  -0.0002674335   0.0001407072  -0.0000621917   0.0002493018
       -0.0001388184   0.0010303720  -0.0003512611   0.0006935249   0.0195231990
       -0.0037876495  -0.0257949409   0.1141269944  -0.0066782679  -0.1405356653
       -0.0000226077  -0.0000133769   0.0000098918  -0.0000312268  -0.0000236965
        0.0000355499  -0.0000222047   0.0000291786   0.0000358710  -0.0008536444
       -0.0005027090   0.0007882024  -0.0001492437  -0.0000584616   0.0000120396
       -0.0000622333   0.0003589884   0.0001062237  -0.0001003613  -0.0001665012
        0.0000412948  -0.0000259748  -0.0000286696  -0.0000538474   0.0000016238
       -0.0001083489   0.0003720580  -0.0007681411   0.0003879680  -0.0000875198
       -0.0021672232  -0.0019325204  -0.0064415919   0.0004008604   0.0000300428
        0.0006138872  -0.0043469409   0.0002442256   0.0050859654  -0.1300901344
        0.0113843025   0.1657265682
