           1           2   1.01067608885343     
           2           3   1.01238728005586     
           3           4   1.52340036395143     
           4           5   1.32887860274512     
           3           6  0.115762180223639     
           5           6   1.55148622840401     
           6           7   1.27930311408538     
           3           8   1.25158372163548     
           7           8   1.25265293067623     
           8           9   1.28470254280961     
           9          10   1.55466605321389     
          10          11   1.32199504268158     
           7          12   1.27978069074364     
           9          12  0.118083539613518     
          11          12   1.55697151768358     
           1          13  0.986535485934750     
           1          14  0.984924344727414     
           1          15  0.988346368015760     
           2          16  0.959255957821319     
           2          17  0.967320503156363     
           4          18  0.965756979999324     
           5          19  0.970487570481030     
           6          20  0.968118909858289     
           9          21  0.960444313999047     
          10          22  0.970865007289534     
          11          23  0.970655889787742     
          12          24  0.968021267785298     
