           1           2   1.37595333555115     
           2           3   1.48260289715481     
           3           4   1.33605656089310     
           4           5   1.27509689514209     
           1           6   1.49924781540328     
           3           6  0.107028953900599     
           5           6   1.33104013281642     
           5           7   1.03092847450456     
           7           8   1.41931207669589     
           7           9   1.39421656667075     
           8           9  0.310380547245039     
           4          10   1.15922533553142     
           1          11  0.965172467893092     
           2          12  0.964400285152050     
           3          13  0.959544525620404     
           6          14  0.959040649305711     
          10          15  0.813201996680512     
