$hessian                                                                        
        0.4709110378  -0.0151776657   0.0000279671  -0.1965971984  -0.0504419476
        0.0000103898  -0.0099534503  -0.0103128653  -0.0000009351   0.0028609037
       -0.0000856401  -0.0000007457  -0.0016733682   0.0001029674  -0.0000002055
        0.0010391313   0.0001118698   0.0000003381  -0.0003298475   0.0003492889
        0.0000000898  -0.0001896263  -0.0000030067  -0.0000000421  -0.0012623749
       -0.0007018524  -0.0000000514  -0.0010761997   0.0034434163   0.0000005179
       -0.0330043800  -0.0058011828   0.0000020906  -0.0001645213  -0.0000955447
        0.0000000101  -0.0942594310   0.0360495567   0.0942197308  -0.0944106944
        0.0362271482  -0.0942597069  -0.0432704810   0.0072072070  -0.0000006635
        0.0007568031   0.0009256276   0.0000007225  -0.0001015219  -0.0000955524
        0.0000001112  -0.0001276298  -0.0000314090   0.0000001345  -0.0002647925
        0.0000239424   0.0000000180   0.0000126233  -0.0000772541  -0.0000000920
        0.0011302318  -0.0015504966   0.0000001525  -0.0000100850  -0.0000217559
        0.0000688747  -0.0000098880  -0.0000217986  -0.0000687697  -0.0000052409
       -0.0000230523   0.0000000643
       -0.0151776657   0.5248260267   0.0000055639  -0.0568026357  -0.0876298912
        0.0000052316  -0.0283077665  -0.0167199823   0.0000029998   0.0004749463
       -0.0049457039   0.0000008494  -0.0002217118   0.0000045703  -0.0000000135
        0.0001896167   0.0001059362   0.0000000994  -0.0001384690   0.0001727073
        0.0000000015  -0.0000109191  -0.0002972458   0.0000001482   0.0009339089
        0.0002360150   0.0000000946   0.0019051235  -0.0016728165  -0.0000014776
        0.0141745506   0.0049278283  -0.0000020955  -0.0011912001  -0.0007536011
       -0.0000000835   0.0379110199  -0.0678289410  -0.0623977704   0.0380886853
       -0.0680082958   0.0625518662   0.0079103486  -0.2850872452  -0.0001656126
       -0.0015234227   0.0013190377  -0.0000005221   0.0000670208   0.0000470405
        0.0000000194  -0.0000060291   0.0000363747   0.0000000246   0.0000972407
        0.0000317951   0.0000000292  -0.0000054828   0.0000878385  -0.0000000380
        0.0018620770   0.0014206538   0.0000007015  -0.0000613696  -0.0002320601
        0.0000263673  -0.0000613938  -0.0002322465  -0.0000263095  -0.0001064723
        0.0001922053  -0.0000000736
        0.0000279671   0.0000055639   0.4889062748  -0.0000024077   0.0000018457
       -0.0598460427  -0.0000002019   0.0000005408   0.0008273785  -0.0000018252
        0.0000003003   0.0049723716   0.0000012263   0.0000010946  -0.0003064652
       -0.0000009462  -0.0000007964  -0.0012181116   0.0000003904  -0.0000002403
        0.0000367452  -0.0000001150   0.0000007987  -0.0008896007   0.0000010674
       -0.0000006861   0.0001437439   0.0000000146  -0.0000001115   0.0092564844
       -0.0000002450  -0.0000027408   0.0025949163  -0.0000001812  -0.0000014888
       -0.0002207650   0.0965968073  -0.0617201707  -0.1981545741  -0.0966241710
        0.0618796725  -0.1978461779   0.0000018278  -0.0001644426  -0.0443650852
        0.0000001514   0.0000004254  -0.0015866740  -0.0000000017   0.0000000982
        0.0000343731   0.0000000522  -0.0000000569   0.0002764121   0.0000000170
       -0.0000001390  -0.0000111091  -0.0000000522   0.0000001478   0.0001809285
        0.0000006643   0.0000002961  -0.0028383319  -0.0000142208   0.0000094836
        0.0000249698   0.0000142787  -0.0000095653   0.0000248553  -0.0000000967
        0.0000001706   0.0000034839
       -0.1965971984  -0.0568026357  -0.0000024077   0.6659972014  -0.0452539858
       -0.0000238956  -0.0893675309  -0.0586828225   0.0000001546   0.0112672761
       -0.0293447291   0.0000010706  -0.0065704858   0.0146530900   0.0000001465
        0.0039316704  -0.0005250477  -0.0000001556  -0.0013335633   0.0061377638
       -0.0000000030  -0.0064997286  -0.0055692177  -0.0000004674   0.0067070975
       -0.0050379754   0.0000000094  -0.0660597411   0.0001362402   0.0000012435
       -0.2722672538   0.1709555605   0.0000069398  -0.0040083992  -0.0018995149
        0.0000007895  -0.0227994195  -0.0038958541   0.0037980095  -0.0228153238
       -0.0038909267  -0.0037805592  -0.0013811678  -0.0043664738   0.0000021892
        0.0001338631   0.0248298559  -0.0000014328   0.0003287431   0.0002696105
       -0.0000001123   0.0003051777   0.0000651936  -0.0000001799  -0.0001336566
       -0.0002877924   0.0000000039   0.0001395624  -0.0004363977   0.0000001714
        0.0013682882  -0.0002791874  -0.0000013164  -0.0000620828  -0.0005361232
        0.0000815904  -0.0000621739  -0.0005371772  -0.0000816356  -0.0002211544
        0.0002985467  -0.0000001529
       -0.0504419476  -0.0876298912   0.0000018457  -0.0452539858   0.6233252142
       -0.0000063073   0.0159702917  -0.2733405425   0.0000061490  -0.0829660260
       -0.0259919210   0.0000002385   0.0324557341  -0.0287730805   0.0000015671
       -0.0173773806   0.0003655748  -0.0000005024   0.0062575651  -0.0160796847
       -0.0000002476   0.0114155125   0.0149587136   0.0000010010  -0.0246981374
        0.0049269935  -0.0000002565   0.0476184462   0.0291890680  -0.0000001352
        0.0986246322  -0.1893211992  -0.0000066957  -0.0002948737   0.0014202786
        0.0000009847   0.0067709319   0.0044121483   0.0004091912   0.0068066800
        0.0044220344  -0.0004065141  -0.0285668778  -0.0165548847   0.0000021876
        0.0013350656  -0.0205778833  -0.0000010402  -0.0000538388   0.0001446387
       -0.0000000563   0.0000730487  -0.0000503700   0.0000000109  -0.0001892354
        0.0000902623  -0.0000000131  -0.0002799340  -0.0000382679  -0.0000000151
        0.0231913092  -0.0237999937  -0.0000004009  -0.0002024420  -0.0006834470
        0.0003001275  -0.0002029303  -0.0006835423  -0.0003010191   0.0000083919
        0.0002697814  -0.0000000995
        0.0000103898   0.0000052316  -0.0598460427  -0.0000238956  -0.0000063073
        0.1449023276  -0.0000000461   0.0000042619  -0.0513606539   0.0000003387
        0.0000003681  -0.0016621763  -0.0000007789  -0.0000004567  -0.0046206295
        0.0000004201   0.0000002549   0.0000224645  -0.0000002269   0.0000001733
        0.0004380160   0.0000000182  -0.0000004220   0.0005844947   0.0000001678
       -0.0000003031   0.0055662725  -0.0000000785  -0.0000005581  -0.0006831355
        0.0000074173  -0.0000055678  -0.0441109937  -0.0000005307   0.0000011541
        0.0093397275   0.0233785503   0.0083222081  -0.0000644575  -0.0233539498
       -0.0083129444  -0.0000580769  -0.0000185561  -0.0000077304   0.0003899572
       -0.0000001754   0.0000006299   0.0014770057  -0.0000000339  -0.0000000123
       -0.0002253448  -0.0000000722  -0.0000000025  -0.0000501561  -0.0000000053
        0.0000001073  -0.0008426717   0.0000000060   0.0000000661  -0.0001312093
        0.0000005072  -0.0000005033   0.0006439931   0.0005648522   0.0018870590
        0.0001369513  -0.0005646612  -0.0018863880   0.0001369970   0.0000003429
       -0.0000003185   0.0000173405
       -0.0099534503  -0.0283077665  -0.0000002019  -0.0893675309   0.0159702917
       -0.0000000461   0.6922310662   0.0179078312   0.0000008235  -0.3220648447
       -0.1394197629   0.0000016482  -0.0687837984   0.0199734272  -0.0000017937
        0.0118923723   0.0031322088   0.0000003432  -0.0058824624   0.0104134585
        0.0000000408  -0.0053192766  -0.0084032246  -0.0000005804   0.0083632728
       -0.0019285397  -0.0000001896  -0.0193009117  -0.0153866171   0.0000002330
        0.0320574528   0.0166430321   0.0000011289  -0.0079721168  -0.0095826084
       -0.0000008052   0.0001026574  -0.0017594130  -0.0002456169   0.0001048673
       -0.0017606803   0.0002458665  -0.0053707275  -0.0032476379   0.0000001966
       -0.2096374491   0.1185854948  -0.0000025662   0.0002931533   0.0002119984
        0.0000001269  -0.0001903585   0.0002411686   0.0000000947   0.0001388069
       -0.0000917172   0.0000000615   0.0002049696  -0.0002197869  -0.0000000506
       -0.0034596240   0.0036676361   0.0000001211   0.0003216635   0.0005671368
        0.0003761692   0.0003220146   0.0005661378  -0.0003749997   0.0012702543
        0.0022279323  -0.0000000038
       -0.0103128653  -0.0167199823   0.0000005408  -0.0586828225  -0.2733405425
        0.0000042619   0.0179078312   0.6250780750  -0.0000114077  -0.0684820736
       -0.1366634746   0.0000015179  -0.0228196752   0.0328907801  -0.0000015056
        0.0218090708  -0.0022549777   0.0000008982  -0.0058547557   0.0145584738
        0.0000003415  -0.0087365099  -0.0119417588  -0.0000008676   0.0152767951
       -0.0037091615   0.0000000715  -0.0338563868  -0.0172811482   0.0000003711
        0.0658411828  -0.0491764514   0.0000010705  -0.0285435754  -0.0233925836
       -0.0000000259   0.0010646643  -0.0003368088  -0.0006394973   0.0010663149
       -0.0003347569   0.0006391311  -0.0021011486  -0.0010260485  -0.0000000968
        0.1183761347  -0.1283725953   0.0000042239   0.0000084429  -0.0003388574
        0.0000001714   0.0002178064  -0.0000508635   0.0000000337  -0.0001363671
       -0.0000357031  -0.0000000419   0.0000476392   0.0002695063  -0.0000000454
        0.0028300875  -0.0014761692   0.0000000275  -0.0011501016  -0.0034678295
       -0.0000755263  -0.0011499039  -0.0034713607   0.0000765815  -0.0026197843
        0.0005942382  -0.0000002278
       -0.0000009351   0.0000029998   0.0008273785   0.0000001546   0.0000061490
       -0.0513606539   0.0000008235  -0.0000114077   0.1118319398   0.0000026099
        0.0000014071  -0.0439019687  -0.0000017326   0.0000003010   0.0012126587
       -0.0000001543  -0.0000000048   0.0053888754  -0.0000002453   0.0000003181
        0.0002130618  -0.0000001794  -0.0000002913   0.0004157832   0.0000001845
        0.0000000051  -0.0000488347  -0.0000005782  -0.0000002168  -0.0046436816
        0.0000013328  -0.0000001026   0.0012243030  -0.0000004830   0.0000008004
        0.0031959590  -0.0001015108  -0.0000269577   0.0006758823   0.0001025964
        0.0000254276   0.0006757592  -0.0000004615  -0.0000011827   0.0012816408
       -0.0000032746   0.0000028369  -0.0339744177   0.0000000466   0.0000000617
       -0.0002233337   0.0000000493   0.0000000559  -0.0008201465   0.0000000096
        0.0000000035   0.0000195953   0.0000000135  -0.0000000265  -0.0001639232
        0.0000002027  -0.0000003981   0.0088758509  -0.0000801801  -0.0006856644
       -0.0002457543   0.0000813551   0.0006861295  -0.0002456388   0.0000003562
       -0.0000002428  -0.0002103349
        0.0028609037   0.0004749463  -0.0000018252   0.0112672761  -0.0829660260
        0.0000003387  -0.3220648447  -0.0684820736   0.0000026099   0.6635872636
        0.0465347542   0.0000074463  -0.1737776486   0.0756620886  -0.0000042905
       -0.0668618134   0.0139770742  -0.0000024209   0.0063595040  -0.0241862034
       -0.0000008972   0.0087151668   0.0154141136   0.0000011334  -0.0130388195
        0.0014080273  -0.0000003509   0.0356891406   0.0389865960  -0.0000007967
       -0.0522776925   0.0092144304  -0.0000010200  -0.0669245798  -0.0157147630
       -0.0000002965  -0.0000434153   0.0007180735   0.0001146458  -0.0000424460
        0.0007179376  -0.0001144146  -0.0000959978   0.0001850705   0.0000013537
       -0.0280614568  -0.0067101477  -0.0000007149   0.0009751310   0.0007850686
        0.0000002226  -0.0010937456   0.0005930030  -0.0000000989   0.0001936603
       -0.0000508721  -0.0000000239   0.0000822343  -0.0005768666  -0.0000000921
       -0.0004388189   0.0002469806   0.0000005340  -0.0022783098  -0.0170461718
       -0.0013861671  -0.0022833614  -0.0170644825   0.0013864221  -0.0004473303
        0.0278794423  -0.0000012971
       -0.0000856401  -0.0049457039   0.0000003003  -0.0293447291  -0.0259919210
        0.0000003681  -0.1394197629  -0.1366634746   0.0000014071   0.0465347542
        0.6035599632  -0.0000112544   0.1037382773  -0.1505796862   0.0000038413
        0.0070402496   0.0091228285   0.0000006926  -0.0058005559   0.0048275673
       -0.0000000485  -0.0019177795  -0.0041162161  -0.0000004963   0.0015130388
       -0.0064531314  -0.0000002663   0.0174400246  -0.0336669303   0.0000006986
        0.0036509564   0.0037571416   0.0000001038  -0.0078859162  -0.2133982966
        0.0000094044   0.0002524004   0.0000020644  -0.0000899952   0.0002532518
        0.0000021327   0.0000895365  -0.0014063580  -0.0005679660   0.0000003711
        0.0162368292   0.0048375643   0.0000004399  -0.0013477960  -0.0002634333
        0.0000004265  -0.0011065410   0.0002783635   0.0000001094  -0.0003371528
        0.0001543445  -0.0000000004   0.0011141180  -0.0009159168  -0.0000000725
        0.0001450872   0.0008104523   0.0000000326  -0.0066383136  -0.0156775048
       -0.0036759347  -0.0066416202  -0.0156708141   0.0036703923   0.0040131777
       -0.0184414272  -0.0000000563
       -0.0000007457   0.0000008494   0.0049723716   0.0000010706   0.0000002385
       -0.0016621763   0.0000016482   0.0000015179  -0.0439019687   0.0000074463
       -0.0000112544   0.1459452264  -0.0000063756   0.0000051358  -0.0542614398
       -0.0000025782   0.0000010471  -0.0002222497  -0.0000003251  -0.0000009770
        0.0060115376   0.0000003899   0.0000002713  -0.0001552630  -0.0000005923
       -0.0000002741   0.0062313471   0.0000007806  -0.0000000711   0.0008112825
       -0.0000003382  -0.0000000101  -0.0029239834   0.0000000824   0.0000033234
       -0.0594518807  -0.0007106387  -0.0001124197   0.0000840136   0.0007093672
        0.0001111509   0.0000836245   0.0000010607   0.0000006021   0.0002520737
       -0.0000004362  -0.0000000532   0.0008148524   0.0000001231   0.0000002033
       -0.0018758948  -0.0000000613   0.0000000186   0.0002982731   0.0000000808
        0.0000000780  -0.0014745735   0.0000000272  -0.0000000151  -0.0002870318
        0.0000000081  -0.0000000096   0.0001264681  -0.0028223846  -0.0243411293
        0.0001081629   0.0028219622   0.0243305242   0.0001075035   0.0000004286
        0.0000112531   0.0003697246
       -0.0016733682  -0.0002217118   0.0000012263  -0.0065704858   0.0324557341
       -0.0000007789  -0.0687837984  -0.0228196752  -0.0000017326  -0.1737776486
        0.1037382773  -0.0000063756   0.6447488868   0.0024531214   0.0000260029
       -0.2348672033  -0.0980767620  -0.0000163399  -0.0659591954   0.0493257048
       -0.0000015952  -0.0207611587  -0.0365354887  -0.0000025954   0.0366732608
        0.0163057991   0.0000017712  -0.1080218503  -0.0168272854   0.0000011489
        0.0177307505  -0.0293818502  -0.0000001021   0.0021668217   0.0058159383
        0.0000012897   0.0000451986  -0.0003924451  -0.0002031842   0.0000452478
       -0.0003924048   0.0002029629   0.0001491677   0.0000755197  -0.0000005110
       -0.0046402602  -0.0019676811   0.0000000997  -0.0041483049  -0.0049307879
        0.0000008607  -0.0029982633   0.0029595700  -0.0000003402   0.0001528391
       -0.0007082838  -0.0000001587  -0.0035141192   0.0038337694  -0.0000003126
       -0.0048800923  -0.0027902214  -0.0000004682  -0.0004843929  -0.0005087907
       -0.0003516548  -0.0004842423  -0.0005088832   0.0003510857  -0.0001477892
       -0.0009011630  -0.0000002985
        0.0001029674   0.0000045703   0.0000010946   0.0146530900  -0.0287730805
       -0.0000004567   0.0199734272   0.0328907801   0.0000003010   0.0756620886
       -0.1505796862   0.0000051358   0.0024531214   0.6097534427   0.0000083731
       -0.0634503468  -0.1169551452  -0.0000066126   0.0007958281   0.0306468506
        0.0000015692  -0.0171184428  -0.0184346832  -0.0000011371   0.0392062817
       -0.0341674985   0.0000012406  -0.0197765279  -0.2583547912  -0.0000054706
       -0.0506053258  -0.0183908719  -0.0000016811   0.0221352962  -0.0242397464
        0.0000005808   0.0001072500   0.0002172543   0.0001102072   0.0001075768
        0.0002171927  -0.0001109775  -0.0000412098   0.0000820214   0.0000001268
       -0.0032715848  -0.0002957868  -0.0000000350  -0.0269163042  -0.0147436107
       -0.0000018474   0.0040452001  -0.0014984607  -0.0000000636  -0.0006142765
        0.0000372620  -0.0000002149   0.0024984130  -0.0011979194  -0.0000005967
       -0.0015217824   0.0000001892   0.0000002411   0.0007864471  -0.0000691067
        0.0001886211   0.0007865142  -0.0000672517  -0.0001886783   0.0000022990
       -0.0060819242   0.0000002801
       -0.0000002055  -0.0000000135  -0.0003064652   0.0000001465   0.0000015671
       -0.0046206295  -0.0000017937  -0.0000015056   0.0012126587  -0.0000042905
        0.0000038413  -0.0542614398   0.0000260029   0.0000083731   0.1342408611
       -0.0000126072  -0.0000080060  -0.0510144639  -0.0000037664   0.0000039783
        0.0009569970  -0.0000014815  -0.0000026184  -0.0056908792   0.0000036839
       -0.0000011036   0.0008987196  -0.0000031338  -0.0000042411  -0.0562784829
        0.0000009279  -0.0000006796   0.0014018301   0.0000006324   0.0000010795
        0.0002750105   0.0000482222   0.0000345708  -0.0000080755  -0.0000481798
       -0.0000346238  -0.0000080152  -0.0000000567   0.0000000178  -0.0000033373
       -0.0000000705   0.0000002114   0.0092247197  -0.0000017582  -0.0000009493
        0.0010894028  -0.0000006676  -0.0000003649   0.0094298474  -0.0000000016
       -0.0000000377  -0.0002213032  -0.0000001262  -0.0000002387   0.0060367252
       -0.0000000290  -0.0000001867   0.0055076607  -0.0000767957  -0.0001172095
        0.0004960482   0.0000757355   0.0001171832   0.0004962192  -0.0000003875
        0.0000009559   0.0011463913
        0.0010391313   0.0001896167  -0.0000009462   0.0039316704  -0.0173773806
        0.0000004201   0.0118923723   0.0218090708  -0.0000001543  -0.0668618134
        0.0070402496  -0.0000025782  -0.2348672033  -0.0634503468  -0.0000126072
        0.6449263549  -0.0417717132   0.0000295690  -0.2711617180   0.0992299622
       -0.0000084063   0.0362905735   0.0696645793   0.0000049172  -0.0537489354
        0.0037979295  -0.0000018323   0.0176044643  -0.0550001041  -0.0000033487
       -0.0123291220   0.0000339072  -0.0000005309  -0.0010545611  -0.0018949926
       -0.0000004818   0.0000430427   0.0002797331   0.0000014553   0.0000431582
        0.0002796829  -0.0000011351   0.0000779131   0.0000441124   0.0000003534
       -0.0009929460  -0.0004142011  -0.0000001172  -0.0483339315  -0.0371705448
       -0.0000042539  -0.0272816665   0.0162372630  -0.0000010422   0.0011762803
       -0.0012116215  -0.0000002478  -0.0004737903   0.0002033467   0.0000004956
       -0.0000904363   0.0003118791   0.0000001280   0.0001398728  -0.0000807886
       -0.0003273470   0.0001389851  -0.0000805847   0.0003271500  -0.0001076953
       -0.0006690544   0.0000005404
        0.0001118698   0.0001059362  -0.0000007964  -0.0005250477   0.0003655748
        0.0000002549   0.0031322088  -0.0022549777  -0.0000000048   0.0139770742
        0.0091228285   0.0000010471  -0.0980767620  -0.1169551452  -0.0000080060
       -0.0417717132   0.6754323244   0.0000265841   0.1728692661  -0.1970058390
        0.0000023474   0.0144696371  -0.0509366121  -0.0000015689   0.0110498975
        0.0023380393   0.0000007836  -0.0315247553  -0.0174175059  -0.0000020301
        0.0009063459  -0.0058832362  -0.0000002317  -0.0000710364  -0.0000550482
        0.0000007217   0.0001071867   0.0000112768  -0.0000874715   0.0001070510
        0.0000111548   0.0000876712   0.0000739586   0.0001167570   0.0000002025
        0.0013849780   0.0000601715  -0.0000001154  -0.0377883057  -0.2964556295
       -0.0000190565  -0.0083397106   0.0059995818  -0.0000001792  -0.0005250452
       -0.0060234401  -0.0000006166   0.0001088882   0.0008902739   0.0000000387
       -0.0013002124  -0.0007757975   0.0000001310   0.0007839769  -0.0002373617
       -0.0003806181   0.0007853613  -0.0002381022   0.0003811103   0.0000548884
       -0.0002152235  -0.0000001974
        0.0000003381   0.0000000994  -0.0012181116  -0.0000001556  -0.0000005024
        0.0000224645   0.0000003432   0.0000008982   0.0053888754  -0.0000024209
        0.0000006926  -0.0002222497  -0.0000163399  -0.0000066126  -0.0510144639
        0.0000295690   0.0000265841   0.1140869663  -0.0000053347  -0.0000009365
       -0.0435341298   0.0000023050   0.0000006867   0.0011426273  -0.0000015913
        0.0000003366  -0.0036331799  -0.0000004690  -0.0000030325   0.0009111927
       -0.0000001844  -0.0000003163   0.0060622824   0.0000000152  -0.0000000068
       -0.0020020274   0.0002238370  -0.0000095660  -0.0000337098  -0.0002236183
        0.0000098473  -0.0000335858  -0.0000000693  -0.0000001548  -0.0000196033
       -0.0000001085  -0.0000001118   0.0002100713  -0.0000029644  -0.0000183254
       -0.0330716796  -0.0000020977   0.0000012932   0.0004054185  -0.0000002279
       -0.0000007722   0.0061867916  -0.0000000030   0.0000000806  -0.0001559659
       -0.0000000799  -0.0000000038  -0.0000178134   0.0001268348  -0.0001803610
        0.0001527993  -0.0001274636   0.0001802369   0.0001528112  -0.0000001139
       -0.0000000534   0.0002342194
       -0.0003298475  -0.0001384690   0.0000003904  -0.0013335633   0.0062575651
       -0.0000002269  -0.0058824624  -0.0058547557  -0.0000002453   0.0063595040
       -0.0058005559  -0.0000003251  -0.0659591954   0.0007958281  -0.0000037664
       -0.2711617180   0.1728692661  -0.0000053347   0.6885594405  -0.0190248509
        0.0000336091  -0.0948470231  -0.0641443204  -0.0000057066   0.0101944652
       -0.0307953627  -0.0000009736  -0.0074981501   0.0149131583   0.0000007746
        0.0041267638  -0.0001916519  -0.0000000173   0.0008127329   0.0000221216
        0.0000002951   0.0000419932  -0.0001035982  -0.0000672393   0.0000420900
       -0.0001036697   0.0000671045  -0.0000240356   0.0000268608  -0.0000000520
       -0.0003099940  -0.0002023462   0.0000001193   0.0017703598  -0.0007008244
        0.0000002849  -0.2608757888  -0.0893976224  -0.0000189780   0.0010020095
        0.0243542638   0.0000012417  -0.0047221083  -0.0030043897  -0.0000007965
        0.0002179692   0.0001883075  -0.0000000178  -0.0001879162   0.0000858913
        0.0000292090  -0.0001878644   0.0000860443  -0.0000293402   0.0001923391
       -0.0001368898  -0.0000000087
        0.0003492889   0.0001727073  -0.0000002403   0.0061377638  -0.0160796847
        0.0000001733   0.0104134585   0.0145584738   0.0000003181  -0.0241862034
        0.0048275673  -0.0000009770   0.0493257048   0.0306468506   0.0000039783
        0.0992299622  -0.1970058390  -0.0000009365  -0.0190248509   0.6348216280
        0.0000269153   0.0147148611  -0.2913593332  -0.0000131923  -0.0857696978
       -0.0253810393  -0.0000050752   0.0331724204  -0.0317772946  -0.0000007776
       -0.0175988159  -0.0000155525  -0.0000002297   0.0001521116  -0.0006153462
       -0.0000000980   0.0000098288   0.0001596253   0.0000647943   0.0000098885
        0.0001595871  -0.0000648382   0.0000659301   0.0000818345   0.0000002230
       -0.0001241478   0.0001261273  -0.0000000677   0.0239410997  -0.0231535188
        0.0000000398  -0.0891950911  -0.0806730099  -0.0000088403  -0.0000066324
       -0.0201791411  -0.0000008748  -0.0020689557   0.0004327907  -0.0000001749
        0.0000276221   0.0003607224   0.0000000042   0.0001439208  -0.0001002181
        0.0002990992   0.0001440031  -0.0001003369  -0.0002992142   0.0001365306
        0.0000924000  -0.0000000085
        0.0000000898   0.0000000015   0.0000367452  -0.0000000030  -0.0000002476
        0.0004380160   0.0000000408   0.0000003415   0.0002130618  -0.0000008972
       -0.0000000485   0.0060115376  -0.0000015952   0.0000015692   0.0009569970
       -0.0000084063   0.0000023474  -0.0435341298   0.0000336091   0.0000269153
        0.1130968749  -0.0000024269  -0.0000176045  -0.0488088331  -0.0000030696
       -0.0000026837   0.0011507785   0.0000014018  -0.0000002292  -0.0058642270
       -0.0000005025  -0.0000001405  -0.0001125680  -0.0000001649  -0.0000002545
       -0.0000139491  -0.0000123755  -0.0000048186   0.0000011534   0.0000123903
        0.0000048172   0.0000011404   0.0000000055   0.0000000036  -0.0000005216
       -0.0000000552  -0.0000000527  -0.0008680566   0.0000013169  -0.0000012490
        0.0009605089  -0.0000188873  -0.0000082642  -0.0337686778  -0.0000000123
        0.0000000422   0.0010667442  -0.0000005605  -0.0000004851   0.0093446832
        0.0000000091   0.0000000644  -0.0002126239  -0.0000396087  -0.0000063969
       -0.0000408939   0.0000397129   0.0000063497  -0.0000409820  -0.0000000110
        0.0000000230  -0.0000127784
       -0.0001896263  -0.0000109191  -0.0000001150  -0.0064997286   0.0114155125
        0.0000000182  -0.0053192766  -0.0087365099  -0.0000001794   0.0087151668
       -0.0019177795   0.0000003899  -0.0207611587  -0.0171184428  -0.0000014815
        0.0362905735   0.0144696371   0.0000023050  -0.0948470231   0.0147148611
       -0.0000024269   0.6990703621   0.0026691957   0.0000237742  -0.3376562282
       -0.1377392991  -0.0000163149  -0.0714470107   0.0249235683  -0.0000008254
        0.0135201571   0.0034122758   0.0000000099   0.0000058251   0.0000432405
        0.0000000739  -0.0000041631  -0.0000850148  -0.0001090543  -0.0000043375
       -0.0000850310   0.0001092133   0.0000150478   0.0000448092  -0.0000000323
        0.0001309192  -0.0000934475   0.0000000606  -0.0030382338   0.0037876785
       -0.0000003500  -0.0061709925  -0.0280639744  -0.0000017737  -0.2067582396
        0.1218060854  -0.0000023319  -0.0052930915  -0.0037167679  -0.0000009074
        0.0003180822   0.0002725907  -0.0000000263  -0.0000602712   0.0000558469
       -0.0000511513  -0.0000602244   0.0000559221   0.0000511624   0.0000434718
       -0.0001040379  -0.0000000368
       -0.0000030067  -0.0002972458   0.0000007987  -0.0055692177   0.0149587136
       -0.0000004220  -0.0084032246  -0.0119417588  -0.0000002913   0.0154141136
       -0.0041162161   0.0000002713  -0.0365354887  -0.0184346832  -0.0000026184
        0.0696645793  -0.0509366121   0.0000006867  -0.0641443204  -0.2913593332
       -0.0000176045   0.0026691957   0.6272788130   0.0000257418  -0.0649327228
       -0.1351171880  -0.0000055570  -0.0221666560   0.0367377870   0.0000013957
        0.0216784009  -0.0019168091  -0.0000000276   0.0002601634   0.0002347163
        0.0000001115  -0.0000462858  -0.0001274074  -0.0000230729  -0.0000461525
       -0.0001272344   0.0000230186  -0.0000367932  -0.0000463967  -0.0000002489
       -0.0001368750   0.0000062006   0.0000001003   0.0030050890  -0.0012581820
       -0.0000000955  -0.0036036674  -0.0132582944  -0.0000002607   0.1215884481
       -0.1349367066   0.0000002310  -0.0286963777  -0.0156393116  -0.0000020078
        0.0001708420  -0.0002217116  -0.0000000393  -0.0000584343   0.0002078665
        0.0001983389  -0.0000581674   0.0002079103  -0.0001983271  -0.0000134417
        0.0001030837  -0.0000001213
       -0.0000000421   0.0000001482  -0.0008896007  -0.0000004674   0.0000010010
        0.0005844947  -0.0000005804  -0.0000008676   0.0004157832   0.0000011334
       -0.0000004963  -0.0001552630  -0.0000025954  -0.0000011371  -0.0056908792
        0.0000049172  -0.0000015689   0.0011426273  -0.0000057066  -0.0000131923
       -0.0488088331   0.0000237742   0.0000257418   0.1133582367  -0.0000142952
       -0.0000088627  -0.0430770656  -0.0000030863   0.0000022711   0.0008309157
        0.0000013368  -0.0000000894   0.0058120874   0.0000001830   0.0000001106
       -0.0003996227   0.0002052659   0.0000454396  -0.0000229010  -0.0002051786
       -0.0000454450  -0.0000228877  -0.0000000774  -0.0000000467   0.0000054949
       -0.0000000288   0.0000000018   0.0000166626  -0.0000005916  -0.0000004903
        0.0094565420  -0.0000006008  -0.0000023370   0.0010048277  -0.0000019242
        0.0000005025  -0.0341504177  -0.0000013216  -0.0000007269   0.0006864595
        0.0000000107  -0.0000000042  -0.0001218519   0.0001138664  -0.0001014915
        0.0000180134  -0.0001140445   0.0001015201   0.0000178849   0.0000000532
        0.0000000192  -0.0000107076
       -0.0012623749   0.0009339089   0.0000010674   0.0067070975  -0.0246981374
        0.0000001678   0.0083632728   0.0152767951   0.0000001845  -0.0130388195
        0.0015130388  -0.0000005923   0.0366732608   0.0392062817   0.0000036839
       -0.0537489354   0.0110498975  -0.0000015913   0.0101944652  -0.0857696978
       -0.0000030696  -0.3376562282  -0.0649327228  -0.0000142952   0.6757355262
        0.0482785157   0.0000198911  -0.1879615001   0.0842827926  -0.0000011676
       -0.0705524033   0.0139307957  -0.0000008652   0.0000371830  -0.0002623803
       -0.0000001308  -0.0001530004   0.0000645316   0.0000488699  -0.0001533121
        0.0000642651  -0.0000496293   0.0001382895   0.0002474884   0.0000000799
        0.0001395989   0.0000525773  -0.0000001767  -0.0004613201   0.0002187488
       -0.0000003785   0.0011264030  -0.0006374978  -0.0000002852  -0.0269484381
       -0.0075657425  -0.0000010846  -0.0482564768  -0.0327430463  -0.0000007341
        0.0008964632   0.0018423597  -0.0000000648   0.0000640130  -0.0001189939
       -0.0000777133   0.0000639175  -0.0001190533   0.0000777088   0.0000533186
       -0.0001147248   0.0000001252
       -0.0007018524   0.0002360150  -0.0000006861  -0.0050379754   0.0049269935
       -0.0000003031  -0.0019285397  -0.0037091615   0.0000000051   0.0014080273
       -0.0064531314  -0.0000002741   0.0163057991  -0.0341674985  -0.0000011036
        0.0037979295   0.0023380393   0.0000003366  -0.0307953627  -0.0253810393
       -0.0000026837  -0.1377392991  -0.1351171880  -0.0000088627   0.0482785157
        0.6449911907   0.0000242077   0.1187989144  -0.1653485526  -0.0000013239
        0.0049564890   0.0076706056   0.0000003528   0.0012855805  -0.0008214413
        0.0000006153  -0.0002773472  -0.0000700244   0.0000980055  -0.0002775606
       -0.0000699356  -0.0000974605  -0.0000251838  -0.0000659359  -0.0000000511
       -0.0002828149   0.0001269479   0.0000000818   0.0002705817   0.0009146306
       -0.0000000122  -0.0013043913  -0.0059826646  -0.0000007903   0.0171429599
        0.0059172034   0.0000011503  -0.0314975573  -0.2911142464  -0.0000112451
       -0.0023584801   0.0010668737   0.0000002077   0.0000238201   0.0002092482
        0.0001892534   0.0000238759   0.0002092189  -0.0001893720  -0.0000661286
       -0.0003061474  -0.0000000478
       -0.0000000514   0.0000000946   0.0001437439   0.0000000094  -0.0000002565
        0.0055662725  -0.0000001896   0.0000000715  -0.0000488347  -0.0000003509
       -0.0000002663   0.0062313471   0.0000017712   0.0000012406   0.0008987196
       -0.0000018323   0.0000007836  -0.0036331799  -0.0000009736  -0.0000050752
        0.0011507785  -0.0000163149  -0.0000055570  -0.0430770656   0.0000198911
        0.0000242077   0.1134215739   0.0000006854  -0.0000036027  -0.0514815243
       -0.0000003543   0.0000005352   0.0008983075   0.0000000646   0.0000000339
       -0.0001241263  -0.0000874390  -0.0000378285   0.0000302470   0.0000874368
        0.0000377704   0.0000300983   0.0000000644   0.0000000215  -0.0000406813
       -0.0000000076  -0.0000000292  -0.0013226577  -0.0000000342   0.0000000479
       -0.0000999778  -0.0000004274  -0.0000007194   0.0061559205  -0.0000003692
       -0.0000000810   0.0005373059  -0.0000015327  -0.0000113311  -0.0332731957
       -0.0000000934   0.0000000580  -0.0018679186   0.0000137904  -0.0000091238
       -0.0000001286  -0.0000137639   0.0000090886  -0.0000001577   0.0000000212
       -0.0000000829  -0.0000948667
       -0.0010761997   0.0019051235   0.0000000146  -0.0660597411   0.0476184462
       -0.0000000785  -0.0193009117  -0.0338563868  -0.0000005782   0.0356891406
        0.0174400246   0.0000007806  -0.1080218503  -0.0197765279  -0.0000031338
        0.0176044643  -0.0315247553  -0.0000004690  -0.0074981501   0.0331724204
        0.0000014018  -0.0714470107  -0.0221666560  -0.0000030863  -0.1879615001
        0.1187989144   0.0000006854   0.6584117481  -0.0023287697   0.0000068065
       -0.2336017484  -0.1032762987  -0.0000005349  -0.0037637510   0.0028646997
       -0.0000007443  -0.0009446990  -0.0003030468  -0.0003166993  -0.0009459384
       -0.0003028219   0.0003176889   0.0002306156   0.0001220631  -0.0000004036
        0.0002057649  -0.0006207898   0.0000002765  -0.0050806884  -0.0026735293
       -0.0000004560   0.0006404101   0.0006237321   0.0000003659  -0.0044969637
       -0.0022305878  -0.0000005284   0.0023443204  -0.0002467758  -0.0000007205
       -0.0040946422  -0.0043882203  -0.0000006463  -0.0002974579  -0.0001278230
       -0.0001141519  -0.0002972986  -0.0001279125   0.0001144129  -0.0002379128
        0.0014054777  -0.0000002021
        0.0034434163  -0.0016728165  -0.0000001115   0.0001362402   0.0291890680
       -0.0000005581  -0.0153866171  -0.0172811482  -0.0000002168   0.0389865960
       -0.0336669303  -0.0000000711  -0.0168272854  -0.2583547912  -0.0000042411
       -0.0550001041  -0.0174175059  -0.0000030325   0.0149131583  -0.0317772946
       -0.0000002292   0.0249235683   0.0367377870   0.0000022711   0.0842827926
       -0.1653485526  -0.0000036027  -0.0023287697   0.6194177568   0.0000103106
       -0.0698820024  -0.1196533375  -0.0000001125   0.0020548163   0.0002422744
       -0.0000002709   0.0004138470   0.0001463643  -0.0001088428   0.0004147568
        0.0001471452   0.0001090816   0.0000633678  -0.0000966092   0.0000000508
       -0.0005351694   0.0000011206   0.0000003352  -0.0016808377   0.0002170370
       -0.0000002255   0.0005539090  -0.0002869610   0.0000000298  -0.0032794895
        0.0000955689  -0.0000004071   0.0220011451  -0.0231824189   0.0000002639
       -0.0265446251  -0.0165854458  -0.0000005789  -0.0002391490  -0.0000349982
       -0.0001339623  -0.0002391223  -0.0000345681   0.0001342816  -0.0002444420
       -0.0008007442  -0.0000001616
        0.0000005179  -0.0000014776   0.0092564844   0.0000012435  -0.0000001352
       -0.0006831355   0.0000002330   0.0000003711  -0.0046436816  -0.0000007967
        0.0000006986   0.0008112825   0.0000011489  -0.0000054706  -0.0562784829
       -0.0000033487  -0.0000020301   0.0009111927   0.0000007746  -0.0000007776
       -0.0058642270  -0.0000008254   0.0000013957   0.0008309157  -0.0000011676
       -0.0000013239  -0.0514815243   0.0000068065   0.0000103106   0.1346149157
       -0.0000030358  -0.0000007283  -0.0500372647  -0.0000002441   0.0000002890
        0.0050462879  -0.0019824284  -0.0003867293   0.0001656983   0.0019812598
        0.0003865157   0.0001652763   0.0000003712   0.0000007078   0.0000028536
        0.0000000193   0.0000000261  -0.0002452453  -0.0000007712  -0.0000002835
        0.0059126609   0.0000000639  -0.0000000090  -0.0002068021  -0.0000006700
       -0.0000005229   0.0096025080   0.0000009391  -0.0000009364   0.0012619145
       -0.0000001871  -0.0000001304   0.0006957066  -0.0000508198   0.0008205189
        0.0000047894   0.0000509837  -0.0008198611   0.0000048345  -0.0000000667
       -0.0000004177   0.0001530424
       -0.0330043800   0.0141745506  -0.0000002450  -0.2722672538   0.0986246322
        0.0000074173   0.0320574528   0.0658411828   0.0000013328  -0.0522776925
        0.0036509564  -0.0000003382   0.0177307505  -0.0506053258   0.0000009279
       -0.0123291220   0.0009063459  -0.0000001844   0.0041267638  -0.0175988159
       -0.0000005025   0.0135201571   0.0216784009   0.0000013368  -0.0705524033
        0.0049564890  -0.0000003543  -0.2336017484  -0.0698820024  -0.0000030358
        0.6566167326  -0.0446843727  -0.0000055861   0.0001459007  -0.0000351451
       -0.0000000761  -0.0028761903  -0.0003864765   0.0000132009  -0.0028829229
       -0.0003901697  -0.0000143828   0.0010241469   0.0019397193   0.0000006739
        0.0008411828  -0.0010367951  -0.0000000785  -0.0001188341   0.0001690858
       -0.0000001594   0.0000894360  -0.0000970562  -0.0000002535  -0.0011526596
       -0.0002582496  -0.0000001461   0.0010272088  -0.0016246344   0.0000001353
       -0.0465893609  -0.0247996067   0.0000005634   0.0001311647  -0.0002722388
        0.0001169751   0.0001308573  -0.0002722019  -0.0001174182   0.0002108136
        0.0000017280   0.0000001974
       -0.0058011828   0.0049278283  -0.0000027408   0.1709555605  -0.1893211992
       -0.0000055678   0.0166430321  -0.0491764514  -0.0000001026   0.0092144304
        0.0037571416  -0.0000000101  -0.0293818502  -0.0183908719  -0.0000006796
        0.0000339072  -0.0058832362  -0.0000003163  -0.0001916519  -0.0000155525
       -0.0000001405   0.0034122758  -0.0019168091  -0.0000000894   0.0139307957
        0.0076706056   0.0000005352  -0.1032762987  -0.1196533375  -0.0000007283
       -0.0446843727   0.6644339550   0.0000109679  -0.0006430927  -0.0008889718
        0.0000003221  -0.0023194678  -0.0003034657   0.0003544254  -0.0023213449
       -0.0003035357  -0.0003521877  -0.0021574145   0.0012700024   0.0000006628
       -0.0005201955  -0.0060642075   0.0000002349  -0.0012230340  -0.0006393581
       -0.0000003229   0.0003186591   0.0001321786  -0.0000001253   0.0014377138
        0.0000761376   0.0000001403   0.0023298807   0.0009480521   0.0000001786
       -0.0258092776  -0.2911835109  -0.0000043038   0.0001373330   0.0001008640
        0.0000684202   0.0001373591   0.0001008771  -0.0000684442  -0.0002217642
        0.0003228653  -0.0000001282
        0.0000020906  -0.0000020955   0.0025949163   0.0000069398  -0.0000066957
       -0.0441109937   0.0000011289   0.0000010705   0.0012243030  -0.0000010200
        0.0000001038  -0.0029239834  -0.0000001021  -0.0000016811   0.0014018301
       -0.0000005309  -0.0000002317   0.0060622824  -0.0000000173  -0.0000002297
       -0.0001125680   0.0000000099  -0.0000000276   0.0058120874  -0.0000008652
        0.0000003528   0.0008983075  -0.0000005349  -0.0000001125  -0.0500372647
       -0.0000055861   0.0000109679   0.1097587266  -0.0000000595   0.0000001873
       -0.0000540883   0.0007275101   0.0003323423  -0.0002406295  -0.0007288064
       -0.0003307866  -0.0002402318   0.0000001935   0.0000006228  -0.0001861885
       -0.0000000635   0.0000002648   0.0057422404   0.0000000364   0.0000000171
       -0.0002231071   0.0000001031   0.0000000911  -0.0014178748   0.0000000181
        0.0000000036   0.0002101540   0.0000001101   0.0000000794  -0.0019185297
       -0.0000005926  -0.0000042593  -0.0322705944   0.0000213821   0.0000266346
        0.0000088216  -0.0000213907  -0.0000266239   0.0000088171   0.0000000467
        0.0000000058   0.0000135674
       -0.0001645213  -0.0011912001  -0.0000001812  -0.0040083992  -0.0002948737
       -0.0000005307  -0.0079721168  -0.0285435754  -0.0000004830  -0.0669245798
       -0.0078859162   0.0000000824   0.0021668217   0.0221352962   0.0000006324
       -0.0010545611  -0.0000710364   0.0000000152   0.0008127329   0.0001521116
       -0.0000001649   0.0000058251   0.0002601634   0.0000001830   0.0000371830
        0.0012855805   0.0000000646  -0.0037637510   0.0020548163  -0.0000002441
        0.0001459007  -0.0006430927  -0.0000000595   0.5256513932  -0.0096848406
       -0.0000013465   0.0001104176  -0.0000173388  -0.0000586262   0.0001106509
       -0.0000173870   0.0000586938  -0.0003466621  -0.0002715581   0.0000000632
        0.0010955823  -0.0024179973   0.0000004531  -0.0008346978   0.0017836389
       -0.0000008161   0.0000068943   0.0000344632  -0.0000000870  -0.0000148614
        0.0001636418   0.0000000172  -0.0002534440   0.0003675967   0.0000000166
        0.0001286290  -0.0000909143   0.0000001318  -0.1008742153  -0.0342332256
       -0.0970409053  -0.1010296198  -0.0342691660   0.0971252933  -0.2430306013
        0.0913948133  -0.0000822019
       -0.0000955447  -0.0007536011  -0.0000014888  -0.0018995149   0.0014202786
        0.0000011541  -0.0095826084  -0.0233925836   0.0000008004  -0.0157147630
       -0.2133982966   0.0000033234   0.0058159383  -0.0242397464   0.0000010795
       -0.0018949926  -0.0000550482  -0.0000000068   0.0000221216  -0.0006153462
       -0.0000002545   0.0000432405   0.0002347163   0.0000001106  -0.0002623803
       -0.0008214413   0.0000000339   0.0028646997   0.0002422744   0.0000002890
       -0.0000351451  -0.0008889718   0.0000001873  -0.0096848406   0.4657334303
       -0.0000093125   0.0000344062  -0.0000273891  -0.0000762569   0.0000344686
       -0.0000274706   0.0000767901  -0.0002046142  -0.0001085520   0.0000000656
        0.0016998632   0.0011898461  -0.0000008683   0.0005903235  -0.0003045267
       -0.0000002386   0.0000416255  -0.0000094797  -0.0000001594   0.0000767169
       -0.0000360753   0.0000000655   0.0002116580  -0.0001935059   0.0000001578
        0.0000230827   0.0000123393  -0.0000000075  -0.0320103225  -0.0598177804
       -0.0570338689  -0.0320461637  -0.0598095143   0.0569978632   0.0919727453
       -0.0843335559   0.0000405416
        0.0000000101  -0.0000000835  -0.0002207650   0.0000007895   0.0000009847
        0.0093397275  -0.0000008052  -0.0000000259   0.0031959590  -0.0000002965
        0.0000094044  -0.0594518807   0.0000012897   0.0000005808   0.0002750105
       -0.0000004818   0.0000007217  -0.0020020274   0.0000002951  -0.0000000980
       -0.0000139491   0.0000000739   0.0000001115  -0.0003996227  -0.0000001308
        0.0000006153  -0.0001241263  -0.0000007443  -0.0000002709   0.0050462879
       -0.0000000761   0.0000003221  -0.0000540883  -0.0000013465  -0.0000093125
        0.4899676573  -0.0000124827   0.0000085881   0.0000089790   0.0000123696
       -0.0000085353   0.0000087555   0.0000000061   0.0000000080  -0.0001346372
       -0.0000002330  -0.0000001187  -0.0030750827   0.0000001784  -0.0000000059
        0.0007826260  -0.0000000669   0.0000000468   0.0002388042   0.0000000026
        0.0000000957   0.0000278169  -0.0000000396   0.0000000043   0.0003626281
       -0.0000000310  -0.0000001386  -0.0018348448  -0.0975621460  -0.0596789989
       -0.1988081806   0.0976457608   0.0596370194  -0.1986733612  -0.0000818956
        0.0000390855  -0.0444616861
       -0.0942594310   0.0379110199   0.0965968073  -0.0227994195   0.0067709319
        0.0233785503   0.0001026574   0.0010646643  -0.0001015108  -0.0000434153
        0.0002524004  -0.0007106387   0.0000451986   0.0001072500   0.0000482222
        0.0000430427   0.0001071867   0.0002238370   0.0000419932   0.0000098288
       -0.0000123755  -0.0000041631  -0.0000462858   0.0002052659  -0.0001530004
       -0.0002773472  -0.0000874390  -0.0009446990   0.0004138470  -0.0019824284
       -0.0028761903  -0.0023194678   0.0007275101   0.0001104176   0.0000344062
       -0.0000124827   0.1137962481  -0.0421824603  -0.1101114952   0.0073559597
       -0.0039379304  -0.0117081139  -0.0006623337   0.0025854510   0.0027210223
        0.0002144918  -0.0002835751   0.0004033823  -0.0000185472  -0.0000318264
       -0.0000055606  -0.0000222993  -0.0000075571  -0.0000557533  -0.0000452736
        0.0000137812   0.0000087035   0.0000277737   0.0000145941  -0.0000326766
        0.0000683270  -0.0001827766   0.0005051958  -0.0000236543  -0.0000005961
       -0.0000184281   0.0000114881   0.0000271518  -0.0000030010   0.0000348287
       -0.0000426905   0.0000234071
        0.0360495567  -0.0678289410  -0.0617201707  -0.0038958541   0.0044121483
        0.0083222081  -0.0017594130  -0.0003368088  -0.0000269577   0.0007180735
        0.0000020644  -0.0001124197  -0.0003924451   0.0002172543   0.0000345708
        0.0002797331   0.0000112768  -0.0000095660  -0.0001035982   0.0001596253
       -0.0000048186  -0.0000850148  -0.0001274074   0.0000454396   0.0000645316
       -0.0000700244  -0.0000378285  -0.0003030468   0.0001463643  -0.0003867293
       -0.0003864765  -0.0003034657   0.0003323423  -0.0000173388  -0.0000273891
        0.0000085881  -0.0421824603   0.0750516824   0.0727331313  -0.0039474705
        0.0039166834   0.0086478999   0.0161137250  -0.0148432830  -0.0279060491
       -0.0000231669  -0.0003452338   0.0000760830  -0.0000091325  -0.0000060420
       -0.0000020302  -0.0000015155  -0.0000032914  -0.0000017553  -0.0000103030
       -0.0000026725   0.0000056804  -0.0000110137  -0.0000174642  -0.0000144989
       -0.0001200391  -0.0000134297   0.0000102495   0.0000057297   0.0000153107
        0.0000102630   0.0000194173   0.0000135226  -0.0000192557  -0.0000024780
       -0.0000204796   0.0000156235
        0.0942197308  -0.0623977704  -0.1981545741   0.0037980095   0.0004091912
       -0.0000644575  -0.0002456169  -0.0006394973   0.0006758823   0.0001146458
       -0.0000899952   0.0000840136  -0.0002031842   0.0001102072  -0.0000080755
        0.0000014553  -0.0000874715  -0.0000337098  -0.0000672393   0.0000647943
        0.0000011534  -0.0001090543  -0.0000230729  -0.0000229010   0.0000488699
        0.0000980055   0.0000302470  -0.0003166993  -0.0001088428   0.0001656983
        0.0000132009   0.0003544254  -0.0002406295  -0.0000586262  -0.0000762569
        0.0000089790  -0.1101114952   0.0727331313   0.2288399240   0.0116750718
       -0.0085992559  -0.0292939730   0.0011655886  -0.0025075463  -0.0017812699
        0.0000737397   0.0005923369  -0.0001407289   0.0000241980   0.0000456553
       -0.0000015412   0.0000326523   0.0000143179   0.0000092569   0.0000344975
       -0.0000193980  -0.0000018831  -0.0000063275  -0.0000386436  -0.0000022918
       -0.0000542692   0.0000813919  -0.0000611159   0.0000073591   0.0000091476
        0.0000268202  -0.0000008382   0.0000072607  -0.0000262318  -0.0000356687
        0.0000678857  -0.0000085918
       -0.0944106944   0.0380886853  -0.0966241710  -0.0228153238   0.0068066800
       -0.0233539498   0.0001048673   0.0010663149   0.0001025964  -0.0000424460
        0.0002532518   0.0007093672   0.0000452478   0.0001075768  -0.0000481798
        0.0000431582   0.0001070510  -0.0002236183   0.0000420900   0.0000098885
        0.0000123903  -0.0000043375  -0.0000461525  -0.0002051786  -0.0001533121
       -0.0002775606   0.0000874368  -0.0009459384   0.0004147568   0.0019812598
       -0.0028829229  -0.0023213449  -0.0007288064   0.0001106509   0.0000344686
        0.0000123696   0.0073559597  -0.0039474705   0.0116750718   0.1139715239
       -0.0423901800   0.1101461885  -0.0006660561   0.0025901806  -0.0027179622
        0.0002146260  -0.0002855085  -0.0004034549  -0.0000185779  -0.0000318319
        0.0000055462  -0.0000222812  -0.0000075554   0.0000557212  -0.0000452967
        0.0000137607  -0.0000087210   0.0000278374   0.0000145521   0.0000326492
        0.0000685292  -0.0001833417  -0.0005045423   0.0000114933   0.0000271792
        0.0000029899  -0.0000236474  -0.0000005297   0.0000184058   0.0000348506
       -0.0000428706  -0.0000234083
        0.0362271482  -0.0680082958   0.0618796725  -0.0038909267   0.0044220344
       -0.0083129444  -0.0017606803  -0.0003347569   0.0000254276   0.0007179376
        0.0000021327   0.0001111509  -0.0003924048   0.0002171927  -0.0000346238
        0.0002796829   0.0000111548   0.0000098473  -0.0001036697   0.0001595871
        0.0000048172  -0.0000850310  -0.0001272344  -0.0000454450   0.0000642651
       -0.0000699356   0.0000377704  -0.0003028219   0.0001471452   0.0003865157
       -0.0003901697  -0.0003035357  -0.0003307866  -0.0000173870  -0.0000274706
       -0.0000085353  -0.0039379304   0.0039166834  -0.0085992559  -0.0423901800
        0.0752584399  -0.0729183702   0.0161358706  -0.0148836072   0.0278747130
       -0.0000238333  -0.0003455690  -0.0000757257  -0.0000090917  -0.0000059512
        0.0000020581  -0.0000014589  -0.0000032610   0.0000017041  -0.0000102572
       -0.0000027034  -0.0000056994  -0.0000110756  -0.0000174916   0.0000144620
       -0.0001206614  -0.0000129953  -0.0000102313   0.0000193994   0.0000135360
        0.0000193067   0.0000058312   0.0000153543  -0.0000102821  -0.0000025556
       -0.0000204528  -0.0000155458
       -0.0942597069   0.0625518662  -0.1978461779  -0.0037805592  -0.0004065141
       -0.0000580769   0.0002458665   0.0006391311   0.0006757592  -0.0001144146
        0.0000895365   0.0000836245   0.0002029629  -0.0001109775  -0.0000080152
       -0.0000011351   0.0000876712  -0.0000335858   0.0000671045  -0.0000648382
        0.0000011404   0.0001092133   0.0000230186  -0.0000228877  -0.0000496293
       -0.0000974605   0.0000300983   0.0003176889   0.0001090816   0.0001652763
       -0.0000143828  -0.0003521877  -0.0002402318   0.0000586938   0.0000767901
        0.0000087555  -0.0117081139   0.0086478999  -0.0292939730   0.1101461885
       -0.0729183702   0.2284809141  -0.0011441281   0.0024866242  -0.0017373396
       -0.0000740159  -0.0005933027  -0.0001401578  -0.0000242014  -0.0000456718
       -0.0000015598  -0.0000326519  -0.0000143068   0.0000092103  -0.0000344780
        0.0000194405  -0.0000018913   0.0000063693   0.0000385220  -0.0000022977
        0.0000542203  -0.0000815989  -0.0000606410   0.0000007404  -0.0000073017
       -0.0000262833  -0.0000073262  -0.0000090755   0.0000267751   0.0000356951
       -0.0000679763  -0.0000084349
       -0.0432704810   0.0079103486   0.0000018278  -0.0013811678  -0.0285668778
       -0.0000185561  -0.0053707275  -0.0021011486  -0.0000004615  -0.0000959978
       -0.0014063580   0.0000010607   0.0001491677  -0.0000412098  -0.0000000567
        0.0000779131   0.0000739586  -0.0000000693  -0.0000240356   0.0000659301
        0.0000000055   0.0000150478  -0.0000367932  -0.0000000774   0.0001382895
       -0.0000251838   0.0000000644   0.0002306156   0.0000633678   0.0000003712
        0.0010241469  -0.0021574145   0.0000001935  -0.0003466621  -0.0002046142
        0.0000000061  -0.0006623337   0.0161137250   0.0011655886  -0.0006660561
        0.0161358706  -0.0011441281   0.0513113274  -0.0066387896  -0.0000052586
       -0.0001882999   0.0000729599  -0.0000002291   0.0000311750   0.0000175159
        0.0000000199   0.0000135000   0.0000090369   0.0000000278   0.0000263142
        0.0000025773  -0.0000000289  -0.0000491635   0.0000404311  -0.0000000259
       -0.0009359652   0.0007203439  -0.0000003631  -0.0000065010  -0.0000480519
        0.0000008576  -0.0000065200  -0.0000481314  -0.0000007804  -0.0000135860
        0.0000485070   0.0000000117
        0.0072072070  -0.2850872452  -0.0001644426  -0.0043664738  -0.0165548847
       -0.0000077304  -0.0032476379  -0.0010260485  -0.0000011827   0.0001850705
       -0.0005679660   0.0000006021   0.0000755197   0.0000820214   0.0000000178
        0.0000441124   0.0001167570  -0.0000001548   0.0000268608   0.0000818345
        0.0000000036   0.0000448092  -0.0000463967  -0.0000000467   0.0002474884
       -0.0000659359   0.0000000215   0.0001220631  -0.0000966092   0.0000007078
        0.0019397193   0.0012700024   0.0000006228  -0.0002715581  -0.0001085520
        0.0000000080   0.0025854510  -0.0148432830  -0.0025075463   0.0025901806
       -0.0148836072   0.0024866242  -0.0066387896   0.3307176568   0.0001930708
       -0.0000860596   0.0004195559  -0.0000000462   0.0000143424  -0.0000317054
       -0.0000000035  -0.0000327543  -0.0000154942   0.0000000061  -0.0000197449
        0.0000167172  -0.0000000055  -0.0000379900   0.0000823750   0.0000000372
       -0.0003725721   0.0006153111  -0.0000005695  -0.0000213631  -0.0000645755
       -0.0000439887  -0.0000214631  -0.0000646510   0.0000440174   0.0000335821
        0.0000547231  -0.0000000223
       -0.0000006635  -0.0001656126  -0.0443650852   0.0000021892   0.0000021876
        0.0003899572   0.0000001966  -0.0000000968   0.0012816408   0.0000013537
        0.0000003711   0.0002520737  -0.0000005110   0.0000001268  -0.0000033373
        0.0000003534   0.0000002025  -0.0000196033  -0.0000000520   0.0000002230
       -0.0000005216  -0.0000000323  -0.0000002489   0.0000054949   0.0000000799
       -0.0000000511  -0.0000406813  -0.0000004036   0.0000000508   0.0000028536
        0.0000006739   0.0000006628  -0.0001861885   0.0000000632   0.0000000656
       -0.0001346372   0.0027210223  -0.0279060491  -0.0017812699  -0.0027179622
        0.0278747130  -0.0017373396  -0.0000052586   0.0001930708   0.0464063671
       -0.0000000962   0.0000000028  -0.0000941546   0.0000000234  -0.0000000271
        0.0000009789  -0.0000000320  -0.0000000256   0.0000035408  -0.0000000206
        0.0000000196   0.0000051882  -0.0000000342   0.0000000373   0.0000143487
       -0.0000008835   0.0000003413   0.0000148520  -0.0000038060  -0.0000347335
       -0.0000018373   0.0000037905   0.0000347531  -0.0000017970   0.0000000097
        0.0000000165  -0.0000108430
        0.0007568031  -0.0015234227   0.0000001514   0.0001338631   0.0013350656
       -0.0000001754  -0.2096374491   0.1183761347  -0.0000032746  -0.0280614568
        0.0162368292  -0.0000004362  -0.0046402602  -0.0032715848  -0.0000000705
       -0.0009929460   0.0013849780  -0.0000001085  -0.0003099940  -0.0001241478
       -0.0000000552   0.0001309192  -0.0001368750  -0.0000000288   0.0001395989
       -0.0002828149  -0.0000000076   0.0002057649  -0.0005351694   0.0000000193
        0.0008411828  -0.0005201955  -0.0000000635   0.0010955823   0.0016998632
       -0.0000002330   0.0002144918  -0.0000231669   0.0000737397   0.0002146260
       -0.0000238333  -0.0000740159  -0.0001882999  -0.0000860596  -0.0000000962
        0.2400401433  -0.1314495344   0.0000040451  -0.0000022268  -0.0000071956
       -0.0000000018  -0.0002350086   0.0000508129   0.0000000214  -0.0000764283
        0.0000349002  -0.0000000031  -0.0000016254   0.0000893906   0.0000000022
       -0.0000100494   0.0000326996   0.0000001488   0.0001489104   0.0001386467
        0.0001038864   0.0001493891   0.0001387699  -0.0001039725   0.0000844695
       -0.0015340906   0.0000005285
        0.0009256276   0.0013190377   0.0000004254   0.0248298559  -0.0205778833
        0.0000006299   0.1185854948  -0.1283725953   0.0000028369  -0.0067101477
        0.0048375643  -0.0000000532  -0.0019676811  -0.0002957868   0.0000002114
       -0.0004142011   0.0000601715  -0.0000001118  -0.0002023462   0.0001261273
       -0.0000000527  -0.0000934475   0.0000062006   0.0000000018   0.0000525773
        0.0001269479  -0.0000000292  -0.0006207898   0.0000011206   0.0000000261
       -0.0010367951  -0.0060642075   0.0000002648  -0.0024179973   0.0011898461
       -0.0000001187  -0.0002835751  -0.0003452338   0.0005923369  -0.0002855085
       -0.0003455690  -0.0005933027   0.0000729599   0.0004195559   0.0000000028
       -0.1314495344   0.1501347055  -0.0000033123   0.0000192640   0.0000900929
       -0.0000000171   0.0000279831   0.0000175610  -0.0000000015   0.0000390829
       -0.0000327716   0.0000000242  -0.0000722330  -0.0000460692   0.0000000159
        0.0013408307  -0.0014051511  -0.0000000896   0.0000480491  -0.0000879599
       -0.0000064579   0.0000481324  -0.0000880796   0.0000063683  -0.0004356009
       -0.0006676243   0.0000004022
        0.0000007225  -0.0000005221  -0.0015866740  -0.0000014328  -0.0000010402
        0.0014770057  -0.0000025662   0.0000042239  -0.0339744177  -0.0000007149
        0.0000004399   0.0008148524   0.0000000997  -0.0000000350   0.0092247197
       -0.0000001172  -0.0000001154   0.0002100713   0.0000001193  -0.0000000677
       -0.0008680566   0.0000000606   0.0000001003   0.0000166626  -0.0000001767
        0.0000000818  -0.0013226577   0.0000002765   0.0000003352  -0.0002452453
       -0.0000000785   0.0000002349   0.0057422404   0.0000004531  -0.0000008683
       -0.0030750827   0.0004033823   0.0000760830  -0.0001407289  -0.0004034549
       -0.0000757257  -0.0001401578  -0.0000002291  -0.0000000462  -0.0000941546
        0.0000040451  -0.0000033123   0.0235259761   0.0000000063  -0.0000000201
        0.0002094308   0.0000000232  -0.0000000040  -0.0000129099  -0.0000000143
       -0.0000000202   0.0002924613   0.0000000061  -0.0000000199   0.0000222736
       -0.0000000709   0.0000001704  -0.0000160456  -0.0002606598  -0.0005038341
       -0.0000802293   0.0002605168   0.0005035142  -0.0000800497  -0.0000001962
        0.0000004475   0.0001007159
       -0.0001015219   0.0000670208  -0.0000000017   0.0003287431  -0.0000538388
       -0.0000000339   0.0002931533   0.0000084429   0.0000000466   0.0009751310
       -0.0013477960   0.0000001231  -0.0041483049  -0.0269163042  -0.0000017582
       -0.0483339315  -0.0377883057  -0.0000029644   0.0017703598   0.0239410997
        0.0000013169  -0.0030382338   0.0030050890  -0.0000005916  -0.0004613201
        0.0002705817  -0.0000000342  -0.0050806884  -0.0016808377  -0.0000007712
       -0.0001188341  -0.0012230340   0.0000000364  -0.0008346978   0.0005903235
        0.0000001784  -0.0000185472  -0.0000091325   0.0000241980  -0.0000185779
       -0.0000090917  -0.0000242014   0.0000311750   0.0000143424   0.0000000234
       -0.0000022268   0.0000192640   0.0000000063   0.0603388994   0.0372818611
        0.0000053624   0.0008273134   0.0009727722   0.0000002966  -0.0000317127
        0.0011897337   0.0000000599  -0.0000223888  -0.0000356167   0.0000001158
       -0.0004133131  -0.0003058910   0.0000000123  -0.0010421903   0.0009938535
        0.0012189741  -0.0010432193   0.0009951613  -0.0012203320   0.0001449336
        0.0000203024  -0.0000000614
       -0.0000955524   0.0000470405   0.0000000982   0.0002696105   0.0001446387
       -0.0000000123   0.0002119984  -0.0003388574   0.0000000617   0.0007850686
       -0.0002634333   0.0000002033  -0.0049307879  -0.0147436107  -0.0000009493
       -0.0371705448  -0.2964556295  -0.0000183254  -0.0007008244  -0.0231535188
       -0.0000012490   0.0037876785  -0.0012581820  -0.0000004903   0.0002187488
        0.0009146306   0.0000000479  -0.0026735293   0.0002170370  -0.0000002835
        0.0001690858  -0.0006393581   0.0000000171   0.0017836389  -0.0003045267
       -0.0000000059  -0.0000318264  -0.0000060420   0.0000456553  -0.0000318319
       -0.0000059512  -0.0000456718   0.0000175159  -0.0000317054  -0.0000000271
       -0.0000071956   0.0000900929  -0.0000000201   0.0372818611   0.3362716634
        0.0000200657  -0.0005041924   0.0009275966   0.0000002586   0.0000091109
       -0.0012940805  -0.0000000977  -0.0000217999  -0.0000506033   0.0000001174
       -0.0002073170  -0.0002316893  -0.0000000855   0.0007795957   0.0000447196
       -0.0002460798   0.0007808759   0.0000445600   0.0002467042   0.0002806128
        0.0000752089   0.0000000681
        0.0000001112   0.0000000194   0.0000343731  -0.0000001123  -0.0000000563
       -0.0002253448   0.0000001269   0.0000001714  -0.0002233337   0.0000002226
        0.0000004265  -0.0018758948   0.0000008607  -0.0000018474   0.0010894028
       -0.0000042539  -0.0000190565  -0.0330716796   0.0000002849   0.0000000398
        0.0009605089  -0.0000003500  -0.0000000955   0.0094565420  -0.0000003785
       -0.0000000122  -0.0000999778  -0.0000004560  -0.0000002255   0.0059126609
       -0.0000001594  -0.0000003229  -0.0002231071  -0.0000008161  -0.0000002386
        0.0007826260  -0.0000055606  -0.0000020302  -0.0000015412   0.0000055462
        0.0000020581  -0.0000015598   0.0000000199  -0.0000000035   0.0000009789
       -0.0000000018  -0.0000000171   0.0002094308   0.0000053624   0.0000200657
        0.0228278855   0.0000002611   0.0000002690  -0.0033397807  -0.0000000103
        0.0000000438  -0.0000485206   0.0000000469   0.0000000944  -0.0020258383
       -0.0000000512  -0.0000000360   0.0003943992   0.0005597524  -0.0003194841
       -0.0001734651  -0.0005604825   0.0003201969  -0.0001735249   0.0000000374
        0.0000000408  -0.0001852397
       -0.0001276298  -0.0000060291   0.0000000522   0.0003051777   0.0000730487
       -0.0000000722  -0.0001903585   0.0002178064   0.0000000493  -0.0010937456
       -0.0011065410  -0.0000000613  -0.0029982633   0.0040452001  -0.0000006676
       -0.0272816665  -0.0083397106  -0.0000020977  -0.2608757888  -0.0891950911
       -0.0000188873  -0.0061709925  -0.0036036674  -0.0000006008   0.0011264030
       -0.0013043913  -0.0000004274   0.0006404101   0.0005539090   0.0000000639
        0.0000894360   0.0003186591   0.0000001031   0.0000068943   0.0000416255
       -0.0000000669  -0.0000222993  -0.0000015155   0.0000326523  -0.0000222812
       -0.0000014589  -0.0000326519   0.0000135000  -0.0000327543  -0.0000000320
       -0.0002350086   0.0000279831   0.0000000232   0.0008273134  -0.0005041924
        0.0000002611   0.2955423411   0.0985985083   0.0000221716   0.0009848937
        0.0006151152   0.0000001854  -0.0004474218  -0.0002876506  -0.0000000040
       -0.0000013645  -0.0001035263   0.0000000044  -0.0000140513  -0.0000178599
        0.0000252068  -0.0000140831  -0.0000178756  -0.0000251806  -0.0000414143
        0.0000304086  -0.0000000235
       -0.0000314090   0.0000363747  -0.0000000569   0.0000651936  -0.0000503700
       -0.0000000025   0.0002411686  -0.0000508635   0.0000000559   0.0005930030
        0.0002783635   0.0000000186   0.0029595700  -0.0014984607  -0.0000003649
        0.0162372630   0.0059995818   0.0000012932  -0.0893976224  -0.0806730099
       -0.0000082642  -0.0280639744  -0.0132582944  -0.0000023370  -0.0006374978
       -0.0059826646  -0.0000007194   0.0006237321  -0.0002869610  -0.0000000090
       -0.0000970562   0.0001321786   0.0000000911   0.0000344632  -0.0000094797
        0.0000000468  -0.0000075571  -0.0000032914   0.0000143179  -0.0000075554
       -0.0000032610  -0.0000143068   0.0000090369  -0.0000154942  -0.0000000256
        0.0000508129   0.0000175610  -0.0000000040   0.0009727722   0.0009275966
        0.0000002690   0.0985985083   0.0947811885   0.0000098670  -0.0007136014
        0.0005913495   0.0000001268  -0.0015090869  -0.0009930479  -0.0000000206
        0.0000725878  -0.0000306000  -0.0000000064   0.0000088600   0.0000420109
        0.0000278980   0.0000088735   0.0000420249  -0.0000278909  -0.0000104844
        0.0000075685   0.0000000237
        0.0000001345   0.0000000246   0.0002764121  -0.0000001799   0.0000000109
       -0.0000501561   0.0000000947   0.0000000337  -0.0008201465  -0.0000000989
        0.0000001094   0.0002982731  -0.0000003402  -0.0000000636   0.0094298474
       -0.0000010422  -0.0000001792   0.0004054185  -0.0000189780  -0.0000088403
       -0.0337686778  -0.0000017737  -0.0000002607   0.0010048277  -0.0000002852
       -0.0000007903   0.0061559205   0.0000003659   0.0000000298  -0.0002068021
       -0.0000002535  -0.0000001253  -0.0014178748  -0.0000000870  -0.0000001594
        0.0002388042  -0.0000557533  -0.0000017553   0.0000092569   0.0000557212
        0.0000017041   0.0000092103   0.0000000278   0.0000000061   0.0000035408
        0.0000000214  -0.0000000015  -0.0000129099   0.0000002966   0.0000002586
       -0.0033397807   0.0000221716   0.0000098670   0.0237360564   0.0000000853
        0.0000001826  -0.0019657338  -0.0000001674  -0.0000000974   0.0000112214
        0.0000000258   0.0000000285   0.0000114227  -0.0000179438   0.0000499509
       -0.0000056638   0.0000180115  -0.0000499450  -0.0000056477  -0.0000000531
        0.0000000120   0.0000031812
       -0.0002647925   0.0000972407   0.0000000170  -0.0001336566  -0.0001892354
       -0.0000000053   0.0001388069  -0.0001363671   0.0000000096   0.0001936603
       -0.0003371528   0.0000000808   0.0001528391  -0.0006142765  -0.0000000016
        0.0011762803  -0.0005250452  -0.0000002279   0.0010020095  -0.0000066324
       -0.0000000123  -0.2067582396   0.1215884481  -0.0000019242  -0.0269484381
        0.0171429599  -0.0000003692  -0.0044969637  -0.0032794895  -0.0000006700
       -0.0011526596   0.0014377138   0.0000000181  -0.0000148614   0.0000767169
        0.0000000026  -0.0000452736  -0.0000103030   0.0000344975  -0.0000452967
       -0.0000102572  -0.0000344780   0.0000263142  -0.0000197449  -0.0000000206
       -0.0000764283   0.0000390829  -0.0000000143  -0.0000317127   0.0000091109
       -0.0000000103   0.0009848937  -0.0007136014   0.0000000853   0.2355117468
       -0.1350238609   0.0000028473   0.0007560179   0.0004709484   0.0000001686
        0.0000338141  -0.0000374528  -0.0000000069   0.0000154299   0.0000117662
        0.0000231136   0.0000154332   0.0000117350  -0.0000230930  -0.0000389230
        0.0000176963  -0.0000000064
        0.0000239424   0.0000317951  -0.0000001390  -0.0002877924   0.0000902623
        0.0000001073  -0.0000917172  -0.0000357031   0.0000000035  -0.0000508721
        0.0001543445   0.0000000780  -0.0007082838   0.0000372620  -0.0000000377
       -0.0012116215  -0.0060234401  -0.0000007722   0.0243542638  -0.0201791411
        0.0000000422   0.1218060854  -0.1349367066   0.0000005025  -0.0075657425
        0.0059172034  -0.0000000810  -0.0022305878   0.0000955689  -0.0000005229
       -0.0002582496   0.0000761376   0.0000000036   0.0001636418  -0.0000360753
        0.0000000957   0.0000137812  -0.0000026725  -0.0000193980   0.0000137607
       -0.0000027034   0.0000194405   0.0000025773   0.0000167172   0.0000000196
        0.0000349002  -0.0000327716  -0.0000000202   0.0011897337  -0.0012940805
        0.0000000438   0.0006151152   0.0005913495   0.0000001826  -0.1350238609
        0.1544141236   0.0000003498  -0.0007891690   0.0010156856   0.0000001686
        0.0000504032   0.0000804342  -0.0000000076  -0.0000528799   0.0000133491
        0.0000307533  -0.0000528859   0.0000133625  -0.0000308183   0.0000554580
       -0.0000043011   0.0000000059
        0.0000000180   0.0000000292  -0.0000111091   0.0000000039  -0.0000000131
       -0.0008426717   0.0000000615  -0.0000000419   0.0000195953  -0.0000000239
       -0.0000000004  -0.0014745735  -0.0000001587  -0.0000002149  -0.0002213032
       -0.0000002478  -0.0000006166   0.0061867916   0.0000012417  -0.0000008748
        0.0010667442  -0.0000023319   0.0000002310  -0.0341504177  -0.0000010846
        0.0000011503   0.0005373059  -0.0000005284  -0.0000004071   0.0096025080
       -0.0000001461   0.0000001403   0.0002101540   0.0000000172   0.0000000655
        0.0000278169   0.0000087035   0.0000056804  -0.0000018831  -0.0000087210
       -0.0000056994  -0.0000018913  -0.0000000289  -0.0000000055   0.0000051882
       -0.0000000031   0.0000000242   0.0002924613   0.0000000599  -0.0000000977
       -0.0000485206   0.0000001854   0.0000001268  -0.0019657338   0.0000028473
        0.0000003498   0.0238230674   0.0000000998   0.0000001991  -0.0032640322
        0.0000000068  -0.0000000132   0.0002051861  -0.0000074451   0.0000031976
       -0.0000016734   0.0000074600  -0.0000031925  -0.0000016930   0.0000000144
       -0.0000000173   0.0000086834
        0.0000126233  -0.0000054828  -0.0000000522   0.0001395624  -0.0002799340
        0.0000000060   0.0002049696   0.0000476392   0.0000000135   0.0000822343
        0.0011141180   0.0000000272  -0.0035141192   0.0024984130  -0.0000001262
       -0.0004737903   0.0001088882  -0.0000000030  -0.0047221083  -0.0020689557
       -0.0000005605  -0.0052930915  -0.0286963777  -0.0000013216  -0.0482564768
       -0.0314975573  -0.0000015327   0.0023443204   0.0220011451   0.0000009391
        0.0010272088   0.0023298807   0.0000001101  -0.0002534440   0.0002116580
       -0.0000000396   0.0000277737  -0.0000110137  -0.0000063275   0.0000278374
       -0.0000110756   0.0000063693  -0.0000491635  -0.0000379900  -0.0000000342
       -0.0000016254  -0.0000722330   0.0000000061  -0.0000223888  -0.0000217999
        0.0000000469  -0.0004474218  -0.0015090869  -0.0000001674   0.0007560179
       -0.0007891690   0.0000000998   0.0593036291   0.0371248931   0.0000025618
       -0.0008490464  -0.0004554840  -0.0000000004  -0.0000248788  -0.0000354780
       -0.0000124268  -0.0000249016  -0.0000355047   0.0000124187   0.0000062793
        0.0000905072  -0.0000000063
       -0.0000772541   0.0000878385   0.0000001478  -0.0004363977  -0.0000382679
        0.0000000661  -0.0002197869   0.0002695063  -0.0000000265  -0.0005768666
       -0.0009159168  -0.0000000151   0.0038337694  -0.0011979194  -0.0000002387
        0.0002033467   0.0008902739   0.0000000806  -0.0030043897   0.0004327907
       -0.0000004851  -0.0037167679  -0.0156393116  -0.0000007269  -0.0327430463
       -0.2911142464  -0.0000113311  -0.0002467758  -0.0231824189  -0.0000009364
       -0.0016246344   0.0009480521   0.0000000794   0.0003675967  -0.0001935059
        0.0000000043   0.0000145941  -0.0000174642  -0.0000386436   0.0000145521
       -0.0000174916   0.0000385220   0.0000404311   0.0000823750   0.0000000373
        0.0000893906  -0.0000460692  -0.0000000199  -0.0000356167  -0.0000506033
        0.0000000944  -0.0002876506  -0.0009930479  -0.0000000974   0.0004709484
        0.0010156856   0.0000001991   0.0371248931   0.3292934650   0.0000133461
        0.0007939205   0.0005187539  -0.0000000472  -0.0000340393   0.0000066040
       -0.0000146887  -0.0000340438   0.0000066593   0.0000146549   0.0000838272
       -0.0001457411   0.0000000245
       -0.0000000920  -0.0000000380   0.0001809285   0.0000001714  -0.0000000151
       -0.0001312093  -0.0000000506  -0.0000000454  -0.0001639232  -0.0000000921
       -0.0000000725  -0.0002870318  -0.0000003126  -0.0000005967   0.0060367252
        0.0000004956   0.0000000387  -0.0001559659  -0.0000007965  -0.0000001749
        0.0093446832  -0.0000009074  -0.0000020078   0.0006864595  -0.0000007341
       -0.0000112451  -0.0332731957  -0.0000007205   0.0000002639   0.0012619145
        0.0000001353   0.0000001786  -0.0019185297   0.0000000166   0.0000001578
        0.0003626281  -0.0000326766  -0.0000144989  -0.0000022918   0.0000326492
        0.0000144620  -0.0000022977  -0.0000000259   0.0000000372   0.0000143487
        0.0000000022   0.0000000159   0.0000222736   0.0000001158   0.0000001174
       -0.0020258383  -0.0000000040  -0.0000000206   0.0000112214   0.0000001686
        0.0000001686  -0.0032640322   0.0000025618   0.0000133461   0.0231856071
        0.0000000344  -0.0000000156   0.0001040635  -0.0000267187   0.0000740914
       -0.0000013248   0.0000267534  -0.0000740653  -0.0000013094   0.0000000268
       -0.0000000817   0.0000160965
        0.0011302318   0.0018620770   0.0000006643   0.0013682882   0.0231913092
        0.0000005072  -0.0034596240   0.0028300875   0.0000002027  -0.0004388189
        0.0001450872   0.0000000081  -0.0048800923  -0.0015217824  -0.0000000290
       -0.0000904363  -0.0013002124  -0.0000000799   0.0002179692   0.0000276221
        0.0000000091   0.0003180822   0.0001708420   0.0000000107   0.0008964632
       -0.0023584801  -0.0000000934  -0.0040946422  -0.0265446251  -0.0000001871
       -0.0465893609  -0.0258092776  -0.0000005926   0.0001286290   0.0000230827
       -0.0000000310   0.0000683270  -0.0001200391  -0.0000542692   0.0000685292
       -0.0001206614   0.0000542203  -0.0009359652  -0.0003725721  -0.0000008835
       -0.0000100494   0.0013408307  -0.0000000709  -0.0004133131  -0.0002073170
       -0.0000000512  -0.0000013645   0.0000725878   0.0000000258   0.0000338141
        0.0000504032   0.0000000068  -0.0008490464   0.0007939205   0.0000000344
        0.0575511227   0.0278701904   0.0000005973  -0.0000129360   0.0000101512
        0.0000164428  -0.0000128948   0.0000101719  -0.0000164655   0.0000070871
       -0.0000433960   0.0000000233
       -0.0015504966   0.0014206538   0.0000002961  -0.0002791874  -0.0237999937
       -0.0000005033   0.0036676361  -0.0014761692  -0.0000003981   0.0002469806
        0.0008104523  -0.0000000096  -0.0027902214   0.0000001892  -0.0000001867
        0.0003118791  -0.0007757975  -0.0000000038   0.0001883075   0.0003607224
        0.0000000644   0.0002725907  -0.0002217116  -0.0000000042   0.0018423597
        0.0010668737   0.0000000580  -0.0043882203  -0.0165854458  -0.0000001304
       -0.0247996067  -0.2911835109  -0.0000042593  -0.0000909143   0.0000123393
       -0.0000001386  -0.0001827766  -0.0000134297   0.0000813919  -0.0001833417
       -0.0000129953  -0.0000815989   0.0007203439   0.0006153111   0.0000003413
        0.0000326996  -0.0014051511   0.0000001704  -0.0003058910  -0.0002316893
       -0.0000000360  -0.0001035263  -0.0000306000   0.0000000285  -0.0000374528
        0.0000804342  -0.0000000132  -0.0004554840   0.0005187539  -0.0000000156
        0.0278701904   0.3308941190   0.0000048766  -0.0000316889  -0.0000281824
       -0.0000405793  -0.0000317219  -0.0000281743   0.0000406240   0.0000775425
        0.0000130021   0.0000000258
        0.0000001525   0.0000007015  -0.0028383319  -0.0000013164  -0.0000004009
        0.0006439931   0.0000001211   0.0000000275   0.0088758509   0.0000005340
        0.0000000326   0.0001264681  -0.0000004682   0.0000002411   0.0055076607
        0.0000001280   0.0000001310  -0.0000178134  -0.0000000178   0.0000000042
       -0.0002126239  -0.0000000263  -0.0000000393  -0.0001218519  -0.0000000648
        0.0000002077  -0.0018679186  -0.0000006463  -0.0000005789   0.0006957066
        0.0000005634  -0.0000043038  -0.0322705944   0.0000001318  -0.0000000075
       -0.0018348448   0.0005051958   0.0000102495  -0.0000611159  -0.0005045423
       -0.0000102313  -0.0000606410  -0.0000003631  -0.0000005695   0.0000148520
        0.0000001488  -0.0000000896  -0.0000160456   0.0000000123  -0.0000000855
        0.0003943992   0.0000000044  -0.0000000064   0.0000114227  -0.0000000069
       -0.0000000076   0.0002051861  -0.0000000004  -0.0000000472   0.0001040635
        0.0000005973   0.0000048766   0.0227785070  -0.0000647288  -0.0003327855
       -0.0000213167   0.0000646290   0.0003326078  -0.0000212937  -0.0000000372
        0.0000000737  -0.0000137184
       -0.0000100850  -0.0000613696  -0.0000142208  -0.0000620828  -0.0002024420
        0.0005648522   0.0003216635  -0.0011501016  -0.0000801801  -0.0022783098
       -0.0066383136  -0.0028223846  -0.0004843929   0.0007864471  -0.0000767957
        0.0001398728   0.0007839769   0.0001268348  -0.0001879162   0.0001439208
       -0.0000396087  -0.0000602712  -0.0000584343   0.0001138664   0.0000640130
        0.0000238201   0.0000137904  -0.0002974579  -0.0002391490  -0.0000508198
        0.0001311647   0.0001373330   0.0000213821  -0.1008742153  -0.0320103225
       -0.0975621460  -0.0000236543   0.0000057297   0.0000073591   0.0000114933
        0.0000193994   0.0000007404  -0.0000065010  -0.0000213631  -0.0000038060
        0.0001489104   0.0000480491  -0.0002606598  -0.0010421903   0.0007795957
        0.0005597524  -0.0000140513   0.0000088600  -0.0000179438   0.0000154299
       -0.0000528799  -0.0000074451  -0.0000248788  -0.0000340393  -0.0000267187
       -0.0000129360  -0.0000316889  -0.0000647288   0.1165267076   0.0406896306
        0.1130420942   0.0076088547   0.0038383773   0.0128645373  -0.0195891669
       -0.0067650358  -0.0262877516
       -0.0000217559  -0.0002320601   0.0000094836  -0.0005361232  -0.0006834470
        0.0018870590   0.0005671368  -0.0034678295  -0.0006856644  -0.0170461718
       -0.0156775048  -0.0243411293  -0.0005087907  -0.0000691067  -0.0001172095
       -0.0000807886  -0.0002373617  -0.0001803610   0.0000858913  -0.0001002181
       -0.0000063969   0.0000558469   0.0002078665  -0.0001014915  -0.0001189939
        0.0002092482  -0.0000091238  -0.0001278230  -0.0000349982   0.0008205189
       -0.0002722388   0.0001008640   0.0000266346  -0.0342332256  -0.0598177804
       -0.0596789989  -0.0000005961   0.0000153107   0.0000091476   0.0000271792
        0.0000135360  -0.0000073017  -0.0000480519  -0.0000645755  -0.0000347335
        0.0001386467  -0.0000879599  -0.0005038341   0.0009938535   0.0000447196
       -0.0003194841  -0.0000178599   0.0000420109   0.0000499509   0.0000117662
        0.0000133491   0.0000031976  -0.0000354780   0.0000066040   0.0000740914
        0.0000101512  -0.0000281824  -0.0003327855   0.0406896306   0.0723332435
        0.0669567751   0.0038316582   0.0035193956   0.0067120083   0.0066361367
        0.0039948764   0.0097696474
        0.0000688747   0.0000263673   0.0000249698   0.0000815904   0.0003001275
        0.0001369513   0.0003761692  -0.0000755263  -0.0002457543  -0.0013861671
       -0.0036759347   0.0001081629  -0.0003516548   0.0001886211   0.0004960482
       -0.0003273470  -0.0003806181   0.0001527993   0.0000292090   0.0002990992
       -0.0000408939  -0.0000511513   0.0001983389   0.0000180134  -0.0000777133
        0.0001892534  -0.0000001286  -0.0001141519  -0.0001339623   0.0000047894
        0.0001169751   0.0000684202   0.0000088216  -0.0970409053  -0.0570338689
       -0.1988081806  -0.0000184281   0.0000102630   0.0000268202   0.0000029899
        0.0000193067  -0.0000262833   0.0000008576  -0.0000439887  -0.0000018373
        0.0001038864  -0.0000064579  -0.0000802293   0.0012189741  -0.0002460798
       -0.0001734651   0.0000252068   0.0000278980  -0.0000056638   0.0000231136
        0.0000307533  -0.0000016734  -0.0000124268  -0.0000146887  -0.0000013248
        0.0000164428  -0.0000405793  -0.0000213167   0.1130420942   0.0669567751
        0.2292887054  -0.0128360277  -0.0067125834  -0.0290512784  -0.0028904103
        0.0000490644  -0.0018080519
       -0.0000098880  -0.0000613938   0.0000142787  -0.0000621739  -0.0002029303
       -0.0005646612   0.0003220146  -0.0011499039   0.0000813551  -0.0022833614
       -0.0066416202   0.0028219622  -0.0004842423   0.0007865142   0.0000757355
        0.0001389851   0.0007853613  -0.0001274636  -0.0001878644   0.0001440031
        0.0000397129  -0.0000602244  -0.0000581674  -0.0001140445   0.0000639175
        0.0000238759  -0.0000137639  -0.0002972986  -0.0002391223   0.0000509837
        0.0001308573   0.0001373591  -0.0000213907  -0.1010296198  -0.0320461637
        0.0976457608   0.0000114881   0.0000194173  -0.0000008382  -0.0000236474
        0.0000058312  -0.0000073262  -0.0000065200  -0.0000214631   0.0000037905
        0.0001493891   0.0000481324   0.0002605168  -0.0010432193   0.0007808759
       -0.0005604825  -0.0000140831   0.0000088735   0.0000180115   0.0000154332
       -0.0000528859   0.0000074600  -0.0000249016  -0.0000340438   0.0000267534
       -0.0000128948  -0.0000317219   0.0000646290   0.0076088547   0.0038316582
       -0.0128360277   0.1167106957   0.0407297560  -0.1131389242  -0.0196116964
       -0.0067622418   0.0262739725
       -0.0000217986  -0.0002322465  -0.0000095653  -0.0005371772  -0.0006835423
       -0.0018863880   0.0005661378  -0.0034713607   0.0006861295  -0.0170644825
       -0.0156708141   0.0243305242  -0.0005088832  -0.0000672517   0.0001171832
       -0.0000805847  -0.0002381022   0.0001802369   0.0000860443  -0.0001003369
        0.0000063497   0.0000559221   0.0002079103   0.0001015201  -0.0001190533
        0.0002092189   0.0000090886  -0.0001279125  -0.0000345681  -0.0008198611
       -0.0002722019   0.0001008771  -0.0000266239  -0.0342691660  -0.0598095143
        0.0596370194   0.0000271518   0.0000135226   0.0000072607  -0.0000005297
        0.0000153543  -0.0000090755  -0.0000481314  -0.0000646510   0.0000347531
        0.0001387699  -0.0000880796   0.0005035142   0.0009951613   0.0000445600
        0.0003201969  -0.0000178756   0.0000420249  -0.0000499450   0.0000117350
        0.0000133625  -0.0000031925  -0.0000355047   0.0000066593  -0.0000740653
        0.0000101719  -0.0000281743   0.0003326078   0.0038383773   0.0035193956
       -0.0067125834   0.0407297560   0.0723223227  -0.0669099746   0.0066440740
        0.0039934335  -0.0097651095
       -0.0000687697  -0.0000263095   0.0000248553  -0.0000816356  -0.0003010191
        0.0001369970  -0.0003749997   0.0000765815  -0.0002456388   0.0013864221
        0.0036703923   0.0001075035   0.0003510857  -0.0001886783   0.0004962192
        0.0003271500   0.0003811103   0.0001528112  -0.0000293402  -0.0002992142
       -0.0000409820   0.0000511624  -0.0001983271   0.0000178849   0.0000777088
       -0.0001893720  -0.0000001577   0.0001144129   0.0001342816   0.0000048345
       -0.0001174182  -0.0000684442   0.0000088171   0.0971252933   0.0569978632
       -0.1986733612  -0.0000030010  -0.0000192557  -0.0000262318   0.0000184058
       -0.0000102821   0.0000267751  -0.0000007804   0.0000440174  -0.0000017970
       -0.0001039725   0.0000063683  -0.0000800497  -0.0012203320   0.0002467042
       -0.0001735249  -0.0000251806  -0.0000278909  -0.0000056477  -0.0000230930
       -0.0000308183  -0.0000016930   0.0000124187   0.0000146549  -0.0000013094
       -0.0000164655   0.0000406240  -0.0000212937   0.0128645373   0.0067120083
       -0.0290512784  -0.1131389242  -0.0669099746   0.2291306113   0.0028753156
       -0.0000550199  -0.0017843438
       -0.0000052409  -0.0001064723  -0.0000000967  -0.0002211544   0.0000083919
        0.0000003429   0.0012702543  -0.0026197843   0.0000003562  -0.0004473303
        0.0040131777   0.0000004286  -0.0001477892   0.0000022990  -0.0000003875
       -0.0001076953   0.0000548884  -0.0000001139   0.0001923391   0.0001365306
       -0.0000000110   0.0000434718  -0.0000134417   0.0000000532   0.0000533186
       -0.0000661286   0.0000000212  -0.0002379128  -0.0002444420  -0.0000000667
        0.0002108136  -0.0002217642   0.0000000467  -0.2430306013   0.0919727453
       -0.0000818956   0.0000348287  -0.0000024780  -0.0000356687   0.0000348506
       -0.0000025556   0.0000356951  -0.0000135860   0.0000335821   0.0000000097
        0.0000844695  -0.0004356009  -0.0000001962   0.0001449336   0.0002806128
        0.0000000374  -0.0000414143  -0.0000104844  -0.0000000531  -0.0000389230
        0.0000554580   0.0000000144   0.0000062793   0.0000838272   0.0000000268
        0.0000070871   0.0000775425  -0.0000000372  -0.0195891669   0.0066361367
       -0.0028904103  -0.0196116964   0.0066440740   0.0028753156   0.2814098646
       -0.1062761144   0.0000965888
       -0.0000230523   0.0001922053   0.0000001706   0.0002985467   0.0002697814
       -0.0000003185   0.0022279323   0.0005942382  -0.0000002428   0.0278794423
       -0.0184414272   0.0000112531  -0.0009011630  -0.0060819242   0.0000009559
       -0.0006690544  -0.0002152235  -0.0000000534  -0.0001368898   0.0000924000
        0.0000000230  -0.0001040379   0.0001030837   0.0000000192  -0.0001147248
       -0.0003061474  -0.0000000829   0.0014054777  -0.0008007442  -0.0000004177
        0.0000017280   0.0003228653   0.0000000058   0.0913948133  -0.0843335559
        0.0000390855  -0.0000426905  -0.0000204796   0.0000678857  -0.0000428706
       -0.0000204528  -0.0000679763   0.0000485070   0.0000547231   0.0000000165
       -0.0015340906  -0.0006676243   0.0000004475   0.0000203024   0.0000752089
        0.0000000408   0.0000304086   0.0000075685   0.0000000120   0.0000176963
       -0.0000043011  -0.0000000173   0.0000905072  -0.0001457411  -0.0000000817
       -0.0000433960   0.0000130021   0.0000000737  -0.0067650358   0.0039948764
        0.0000490644  -0.0067622418   0.0039934335  -0.0000550199  -0.1062761144
        0.1013242350  -0.0000448431
        0.0000000643  -0.0000000736   0.0000034839  -0.0000001529  -0.0000000995
        0.0000173405  -0.0000000038  -0.0000002278  -0.0002103349  -0.0000012971
       -0.0000000563   0.0003697246  -0.0000002985   0.0000002801   0.0011463913
        0.0000005404  -0.0000001974   0.0002342194  -0.0000000087  -0.0000000085
       -0.0000127784  -0.0000000368  -0.0000001213  -0.0000107076   0.0000001252
       -0.0000000478  -0.0000948667  -0.0000002021  -0.0000001616   0.0001530424
        0.0000001974  -0.0000001282   0.0000135674  -0.0000822019   0.0000405416
       -0.0444616861   0.0000234071   0.0000156235  -0.0000085918  -0.0000234083
       -0.0000155458  -0.0000084349   0.0000000117  -0.0000000223  -0.0000108430
        0.0000005285   0.0000004022   0.0001007159  -0.0000000614   0.0000000681
       -0.0001852397  -0.0000000235   0.0000000237   0.0000031812  -0.0000000064
        0.0000000059   0.0000086834  -0.0000000063   0.0000000245   0.0000160965
        0.0000000233   0.0000000258  -0.0000137184  -0.0262877516   0.0097696474
       -0.0018080519   0.0262739725  -0.0097651095  -0.0017843438   0.0000965888
       -0.0000448431   0.0465431507
