           1           2   1.00232596630994     
           2           3   1.00679924953668     
           2           4  0.976808018580213     
           1           5  0.985542178473921     
           1           6  0.984632384379815     
           1           7  0.985000147911310     
           2           8  0.963598882134451     
           3           9  0.985426412982506     
           3          10  0.985486338569034     
           3          11  0.985566605570950     
           4          12  0.863375817119387     
