           1           2  0.982792918796035     
           2           3  0.956259437510346     
           2           4  0.961134706821956     
           4           5  0.955126844817621     
           4           6  0.966617055888226     
           6           7  0.955216903175588     
           6           8  0.969370054789492     
           8           9  0.953137690534350     
           8          10  0.963765493328632     
          10          11  0.949051659503413     
           2          12  0.959149048214877     
          10          12  0.962055819112757     
          10          13   1.00849951893227     
           8          14   1.00057479267541     
           6          15  0.996476578627542     
           4          16  0.999654589124505     
           1          17   1.00020440248584     
           1          18  0.968106821845034     
           1          19  0.968594085075168     
          13          20  0.837992626132628     
          14          21  0.842088970006633     
          15          22  0.845999086260184     
          16          23  0.855021403391175     
          17          24  0.844160805042653     
