           1           2  0.977570844523940     
           2           3  0.956915122052964     
           2           4  0.967140007579447     
           4           5  0.953562911164076     
           4           6  0.964803653732397     
           6           7  0.957769415436757     
           6           8  0.964833868731397     
           8           9  0.953193854682870     
           8          10  0.948689293345548     
          10          11  0.949497540280114     
           2          12  0.960079113739719     
          10          12  0.950667539748942     
          10          13   1.03098647538056     
           8          14   1.00339879048057     
           6          15  0.997896094197051     
           4          16   1.00336164828431     
           1          17   1.01061935712532     
           1          18  0.966255214535493     
           1          19  0.967084903286494     
          13          20  0.831818073351361     
          14          21  0.840054431953562     
          15          22  0.852613968247228     
          16          23  0.839386656469397     
          17          24  0.854181861137214     
