           1           2   1.02062258723128     
           2           3  0.983668420282847     
           3           4   1.67634817373507     
           3           5   1.17499166813441     
           4           5  0.170163829199300     
           5           6  0.939195970752893     
           1           7  0.984488673299234     
           1           8  0.985759341815105     
           1           9  0.985711660083286     
           2          10  0.945955263032426     
           2          11  0.946639705349823     
           6          12  0.973758828046250     
           6          13  0.976984455880580     
           6          14  0.975540514859913     
