           1           2   1.00926722409084     
           2           3  0.976556898807126     
           2           4  0.981870853692626     
           4           5   1.81180385422935     
           4           6   1.01710971174468     
           1           7  0.985620460975076     
           1           8  0.985099091828116     
           1           9  0.986668652319281     
           2          10  0.950983576268780     
           3          11  0.984139064226400     
           3          12  0.987383594260321     
           3          13  0.980750509356965     
           6          14  0.983191095355157     
           6          15  0.951753198278790     
           6          16  0.952453529261037     
