           1           2   1.01766829470784     
           2           3   1.01190108929970     
           3           4   1.41780671361902     
           4           5   1.43941453022040     
           3           6  0.109900229411002     
           5           6   1.44383053149545     
           4           7  0.109495148965411     
           6           7   1.43174305882156     
           3           8   1.40441285971734     
           5           8  0.111826325925954     
           7           8   1.45359093657087     
           1           9  0.986519687593752     
           1          10  0.987538320105370     
           1          11  0.985926750591842     
           2          12  0.970002029953658     
           2          13  0.958359996932483     
           4          14  0.966653506856565     
           5          15  0.971186616019492     
           6          16  0.971501456053340     
           7          17  0.971051001724912     
           8          18  0.969560230836299     
