           1           2  0.987979353208569     
           2           3  0.932143291802837     
           2           4  0.997643863473326     
           4           5   1.00847495830333     
           5           6  0.983976219317781     
           6           7  0.972055733374841     
           6           8  0.955238797926347     
           2           9  0.985991493194143     
           8           9   1.00799328596745     
           9          10   1.79999850376978     
           6          11  0.991365761410760     
          11          12   1.93018388322766     
          11          13   1.02809749858072     
           1          14  0.984917577896475     
           1          15  0.985115301652566     
           1          16  0.984403842795931     
           4          17  0.973905123983218     
           4          18  0.974384662143867     
           5          19  0.977406901432364     
           5          20  0.974235353423080     
           8          21  0.973661158200828     
           8          22  0.940306367287000     
          12          23  0.974847060131011     
          12          24  0.973390882419771     
          13          25  0.983799023131381     
          13          26  0.970073704604278     
          13          27  0.968824937129681     
