$hessian                                                                        
        0.4570820295  -0.0489688458  -0.0310415699  -0.1500979531  -0.0279197272
       -0.0154496399  -0.0028375933  -0.0021151627  -0.0018534300  -0.0103887973
       -0.0115857299   0.0012015685   0.0002161818   0.0003594610  -0.0005449724
       -0.0001142200  -0.0012688637   0.0000029040   0.0000806140   0.0000103104
        0.0000768472  -0.0006988103   0.0002039292   0.0002025611  -0.0001694269
       -0.0000323951   0.0000723707  -0.0024412480   0.0025861504   0.0006793812
        0.0000319690   0.0000534775   0.0002398108  -0.0358620236   0.0018528987
       -0.0019086216  -0.0015352539   0.0005051561   0.0002280855   0.0005333208
       -0.0000415615   0.0001158581   0.0000816843   0.0001736185  -0.0000558720
       -0.0007933009   0.0013800728  -0.0001367586  -0.0650562367   0.0114393811
       -0.0347922454  -0.1394242730   0.1107077770   0.0368175394  -0.0509983771
       -0.0367083946   0.0225863857  -0.0000057953  -0.0000645008  -0.0000401107
       -0.0000302886   0.0000199891  -0.0000237447  -0.0001269085  -0.0000784542
        0.0000063001  -0.0000337108  -0.0002248923   0.0001624510   0.0025884179
       -0.0002836940   0.0234549020
       -0.0489688458   0.5277592196  -0.0071987711  -0.0353231289  -0.0715815637
       -0.0052530997  -0.0015338512   0.0001340892  -0.0003869725  -0.0248042733
       -0.0134834583  -0.0030189679  -0.0005557185   0.0008775281  -0.0004077820
       -0.0003276037  -0.0039082902   0.0016582689   0.0000803551   0.0000578879
        0.0000626671  -0.0001713225  -0.0003399630   0.0002455376  -0.0000647353
       -0.0000096100   0.0000585626   0.0005047017  -0.0018193944  -0.0019181846
        0.0000931027   0.0000449949   0.0001138276   0.0257565225   0.0044306411
        0.0032340552   0.0023997847  -0.0010866412  -0.0003982830   0.0004424118
        0.0002106781   0.0000358093  -0.0014662031  -0.0006231681   0.0002751337
       -0.0008662018   0.0003589941   0.0000496296   0.0158832880  -0.0634288744
       -0.0051796820   0.1087562975  -0.1664568660  -0.0384289325  -0.0344003062
       -0.2060621917   0.0823066203  -0.0000908499   0.0000772631  -0.0000132556
       -0.0000316205  -0.0000467949  -0.0000401666  -0.0001873417  -0.0003550091
        0.0000673750  -0.0000375260   0.0000214492  -0.0001536904  -0.0050869357
       -0.0047709204  -0.0257096991
       -0.0310415699  -0.0071987711   0.4384115745  -0.0179315660  -0.0018022239
       -0.0604658965  -0.0239104275  -0.0080878152  -0.0098001652   0.0101330223
        0.0012429429   0.0045492638   0.0006959034   0.0005276817  -0.0003343205
        0.0002410117   0.0019998173  -0.0009936297   0.0000663420  -0.0000586257
        0.0000678026  -0.0006235982  -0.0000794279   0.0001843417   0.0002015305
        0.0000645681  -0.0000185923   0.0003022253  -0.0012023876  -0.0000786171
        0.0001363835   0.0000728566   0.0000764794   0.0090952135   0.0024152836
        0.0021885162   0.0009769940  -0.0003758169  -0.0001845305   0.0001113911
       -0.0000101129   0.0001060122   0.0009604547   0.0004946842  -0.0002515457
       -0.0006200043  -0.0005450854   0.0001500845  -0.0130255806  -0.0193537870
       -0.2227917764   0.0405558835  -0.0434484912  -0.0537301860   0.0206132594
        0.0824032024  -0.0770493949  -0.0000326325  -0.0000173969  -0.0000101571
       -0.0000071475  -0.0000092368  -0.0001394524   0.0001206228   0.0002025083
       -0.0000514984   0.0001266628   0.0003739272  -0.0002473398   0.0028556259
       -0.0076082938  -0.0195869725
       -0.1500979531  -0.0353231289  -0.0179315660   0.4470217594   0.0133377652
        0.0139907858  -0.0436699924  -0.0027558867  -0.0242739356  -0.0648695986
       -0.0270236361   0.0077335891   0.0020963832   0.0041009716  -0.0017995737
       -0.0078928062  -0.0228924955   0.0103818347   0.0004544954  -0.0001317413
        0.0003031111   0.0018665872  -0.0003086496   0.0003036478  -0.0004118868
       -0.0001063591   0.0004266362  -0.0308650056   0.0221902260   0.0083784586
        0.0012742200   0.0002036183   0.0010131977  -0.0990191689   0.0412748770
        0.0225374022  -0.0087779567   0.0020712601   0.0011620731   0.0006808702
        0.0006338114  -0.0000079511  -0.0077624335  -0.0033631550   0.0009168658
        0.0019043207   0.0192206922  -0.0042005659  -0.0079512484  -0.0048298004
       -0.0183218935  -0.0213652944  -0.0024735066  -0.0017486756  -0.0117783325
       -0.0059626990  -0.0007271797  -0.0003362818  -0.0000953723  -0.0002364211
       -0.0001148423  -0.0002237636  -0.0000534945  -0.0004710637  -0.0015551101
        0.0003145649  -0.0011633585   0.0022836771   0.0012587511   0.0012485876
        0.0017284052   0.0005803384
       -0.0279197272  -0.0715815637  -0.0018022239   0.0133377652   0.4432302114
        0.0084909396  -0.0024236079  -0.0404721259  -0.0044529386  -0.0259251067
       -0.1375926432   0.0437661721  -0.0006153422  -0.0030964622   0.0046972619
       -0.0111357008  -0.0129460414   0.0047769093   0.0006336562   0.0004502955
        0.0003010221  -0.0004635297   0.0012475089  -0.0005427309   0.0000636643
        0.0001289075   0.0001623532   0.0136670075   0.0035097680   0.0057606154
       -0.0021793809   0.0009408965  -0.0000136098   0.0588177904  -0.1457511438
       -0.0540823241  -0.0038318611   0.0032898414   0.0007879843   0.0003204213
       -0.0007470793   0.0000740874  -0.0007490461   0.0013492147  -0.0007260131
        0.0028927525  -0.0294913569   0.0033552481  -0.0060587810   0.0000826661
       -0.0102101174   0.0188017227   0.0038816461   0.0029327995  -0.0282228724
       -0.0122273974  -0.0022047796   0.0003485649  -0.0004798668   0.0000176828
        0.0000958111   0.0002492657  -0.0000264669   0.0000241811  -0.0003462463
        0.0002031324   0.0011902116  -0.0033753767  -0.0004930371  -0.0006685929
       -0.0002529182  -0.0007719668
       -0.0154496399  -0.0052530997  -0.0604658965   0.0139907858   0.0084909396
        0.5034682536  -0.0206458320  -0.0067798955  -0.2425534341   0.0090887785
        0.0476837468  -0.0906024348   0.0053019845   0.0271799943  -0.0166505570
        0.0013706805  -0.0002682374   0.0014738629  -0.0011804270  -0.0009169443
        0.0001835418   0.0010372785   0.0003105429   0.0005433896   0.0003929593
        0.0000472495  -0.0004091581   0.0059428987   0.0045309566  -0.0005002805
       -0.0034722490   0.0009716215   0.0016144160   0.0277838674  -0.0509485697
       -0.0774438400  -0.0035616722   0.0021850073   0.0011478994  -0.0014156122
       -0.0005408406  -0.0002240842  -0.0010447228  -0.0015065787   0.0007238286
       -0.0013374252  -0.0159100907   0.0063388760  -0.0353758004  -0.0129351246
       -0.0314266483   0.0063260201   0.0015788694   0.0020523274   0.0106159841
        0.0042386699   0.0029253346   0.0001748298  -0.0000520407   0.0003343280
        0.0002167705   0.0001273545  -0.0000088175   0.0002572151   0.0000560391
        0.0002034238   0.0017554223  -0.0014930309  -0.0007264896  -0.0007720945
       -0.0007965385   0.0000021589
       -0.0028375933  -0.0015338512  -0.0239104275  -0.0436699924  -0.0024236079
       -0.0206458320   0.0529524097  -0.0005486839   0.0183917087   0.0016969533
       -0.0014020151   0.0067139291   0.0000052489  -0.0009977971   0.0004391027
        0.0004725987  -0.0002634219   0.0009907131  -0.0001488208  -0.0003149679
       -0.0001154929  -0.0004060517  -0.0001408155  -0.0002160614   0.0000444665
        0.0001243207  -0.0001969265   0.0022902047   0.0012489493   0.0040593318
        0.0004417905  -0.0001854228  -0.0011996961  -0.0046744237   0.0088346771
        0.0226371617   0.0002036995  -0.0007028716  -0.0006078011   0.0001912664
        0.0000285694  -0.0000384224  -0.0000309368   0.0003610122  -0.0003217194
       -0.0001810705   0.0002705613  -0.0002446228  -0.0068637455  -0.0024832165
       -0.0053596882   0.0000489610   0.0000012621  -0.0004417903   0.0005302054
        0.0000076489  -0.0003514121   0.0000631635   0.0000046449  -0.0000053935
       -0.0001336730  -0.0000194723   0.0000187217  -0.0000367442  -0.0000437499
        0.0000138637  -0.0000492802  -0.0000715579   0.0000530516   0.0000913641
        0.0002498055   0.0003377022
       -0.0021151627   0.0001340892  -0.0080878152  -0.0027558867  -0.0404721259
       -0.0067798955  -0.0005486839   0.0556896716   0.0159079772   0.0014081094
       -0.0030209587   0.0279336425  -0.0011386404  -0.0049209614   0.0023682579
        0.0009733194   0.0005588452   0.0009811664  -0.0003164560  -0.0002158489
       -0.0001549969   0.0001042542  -0.0000098448   0.0001919669   0.0000507148
       -0.0002205060   0.0000047811  -0.0009466323   0.0001802158  -0.0010168743
        0.0001662329   0.0001144941   0.0007711703   0.0081159594  -0.0103215887
       -0.0294609823  -0.0002412381   0.0001715997   0.0003549421   0.0000077181
        0.0000073127  -0.0000172149   0.0000485058   0.0000606959  -0.0004796981
       -0.0008430562   0.0019035083  -0.0007481323  -0.0021263768  -0.0001809833
       -0.0015601132   0.0002311103   0.0000950198   0.0002582327  -0.0001872186
       -0.0001572254  -0.0005484812  -0.0000118161   0.0001008560  -0.0000902981
       -0.0000349359   0.0000124688  -0.0000072164  -0.0000893955   0.0000323870
        0.0000098342   0.0001261142   0.0003459840   0.0000697164   0.0001234605
        0.0001128950   0.0001000306
       -0.0018534300  -0.0003869725  -0.0098001652  -0.0242739356  -0.0044529386
       -0.2425534341   0.0183917087   0.0159079772   0.2914815836  -0.0013201758
        0.0045626643  -0.0205067968   0.0010220604   0.0031375899  -0.0015725386
       -0.0003081375  -0.0007428334  -0.0000908829   0.0003617930   0.0002834427
        0.0002958534  -0.0000255697   0.0000048862  -0.0001721634  -0.0002656868
       -0.0000059696   0.0001462631  -0.0012480252   0.0000291075   0.0009449245
        0.0014567522  -0.0000155811   0.0001321245   0.0112264458  -0.0168243526
       -0.0198508705  -0.0000944966   0.0001807753   0.0005091706   0.0001318344
        0.0001140176   0.0000552961  -0.0000801683   0.0001200185   0.0003768965
       -0.0000269824  -0.0004063730   0.0012697388  -0.0031805505  -0.0011069698
       -0.0015049611  -0.0000706946   0.0001808505  -0.0000490530   0.0003808133
       -0.0001684096   0.0002664507  -0.0001486901   0.0002162271  -0.0000831557
       -0.0000049896  -0.0000817054   0.0000517216  -0.0000698739  -0.0001020291
       -0.0000094249  -0.0002442023  -0.0007378062   0.0003063129   0.0002442011
        0.0002943839   0.0003571100
       -0.0103887973  -0.0248042733   0.0101330223  -0.0648695986  -0.0259251067
        0.0090887785   0.0016969533   0.0014081094  -0.0013201758   0.4402684147
        0.0065904761   0.0050698198  -0.0516563534  -0.0019119654  -0.0503059282
       -0.1526082052  -0.0332802059  -0.0230500785  -0.0107360728  -0.0021054324
       -0.0046477671  -0.0219664518   0.0036345491   0.0007604273   0.0005355298
       -0.0005727861  -0.0003996141   0.0022112067   0.0019818982  -0.0010102913
       -0.0001915833  -0.0000776936  -0.0001812304  -0.0015506291   0.0230701208
       -0.0032086062   0.0000654472  -0.0011935359  -0.0001268123   0.0016858684
        0.0016581359   0.0009854380  -0.0130709721  -0.0103486688   0.0036338069
       -0.1131021438   0.0660295948   0.0593009190   0.0008017477  -0.0003233202
        0.0004265975  -0.0000252887  -0.0007604602   0.0005100334  -0.0058805407
       -0.0029103436  -0.0009830226  -0.0000308402   0.0000056758   0.0001266367
       -0.0006042638   0.0001397913  -0.0000677369  -0.0018741644  -0.0015199969
       -0.0000653473   0.0016930983   0.0008543491  -0.0048820137  -0.0004023609
        0.0003610885   0.0002131446
       -0.0115857299  -0.0134834583   0.0012429429  -0.0270236361  -0.1375926432
        0.0476837468  -0.0014020151  -0.0030209587   0.0045626643   0.0065904761
        0.4618628897  -0.0053105748  -0.0021813393  -0.0410998857   0.0052921782
       -0.0208470841  -0.0580212307  -0.0064837363  -0.0072005076  -0.0002123449
       -0.0031158136   0.0156216126   0.0025166662   0.0020434332   0.0004474287
        0.0002361919   0.0002004752   0.0002157673   0.0003596141   0.0002110827
        0.0002000440  -0.0000276217   0.0000215228   0.0064299595  -0.0330834116
        0.0018427790  -0.0004651013   0.0007038680   0.0000600553   0.0051403483
       -0.0021796991  -0.0011961816  -0.0333401157  -0.0170491902   0.0049310318
        0.0487704795  -0.1294567698  -0.0380228140   0.0009208181   0.0006303239
        0.0020746605   0.0010968116   0.0003649070   0.0000841919  -0.0010461644
       -0.0001709206  -0.0002407829  -0.0000753270   0.0000769740   0.0000157691
        0.0002128506  -0.0000536747  -0.0001073241  -0.0011975229  -0.0045202501
        0.0011317750   0.0206975228  -0.0263101123  -0.0167899046   0.0000204242
       -0.0004692633  -0.0001311769
        0.0012015685  -0.0030189679   0.0045492638   0.0077335891   0.0437661721
       -0.0906024348   0.0067139291   0.0279336425  -0.0205067968   0.0050698198
       -0.0053105748   0.5180491355  -0.0496657652   0.0049808691  -0.2381167454
       -0.0262291034  -0.0041454043  -0.0692459282  -0.0296225374  -0.0066575612
       -0.0096222548   0.0075014021   0.0006014746   0.0005046177   0.0011857166
       -0.0002868856   0.0000150552  -0.0010645063   0.0002871155   0.0014238368
        0.0002584037   0.0000828139  -0.0003332285   0.0010448531  -0.0138612501
        0.0055282117   0.0004650981  -0.0006831879  -0.0004491266   0.0027256735
       -0.0008189067   0.0001309857   0.0191462562   0.0076273119   0.0011906414
        0.0616076287  -0.0549458168  -0.1070265642   0.0000491359  -0.0005047512
       -0.0013496395   0.0004935824  -0.0002420656   0.0003419356  -0.0014611317
       -0.0007071676   0.0005948528   0.0000593600   0.0002047254  -0.0000420007
       -0.0000894155  -0.0000644500  -0.0000453485   0.0013028514   0.0028536270
       -0.0003416198  -0.0082924717   0.0031912757   0.0052448237  -0.0001339372
       -0.0002820380   0.0001083278
        0.0002161818  -0.0005557185   0.0006959034   0.0020963832  -0.0006153422
        0.0053019845   0.0000052489  -0.0011386404   0.0010220604  -0.0516563534
       -0.0021813393  -0.0496657652   0.0653314470  -0.0025751026   0.0493122555
       -0.0127104708  -0.0009388499  -0.0295692300  -0.0059570610  -0.0013487618
       -0.0015144912   0.0004297282  -0.0007047574  -0.0012055084  -0.0005263719
        0.0002662884   0.0002910739  -0.0002453763   0.0002331463  -0.0003312583
       -0.0000274083  -0.0001806051   0.0002759362   0.0000552842  -0.0003211436
       -0.0000644997   0.0000525715  -0.0001272534   0.0001479327   0.0001186994
        0.0001422057   0.0003466619   0.0021572806   0.0015968190   0.0008090541
       -0.0006496350   0.0081184702   0.0240727233   0.0001549087   0.0002596104
        0.0000548317  -0.0000968449   0.0000334068   0.0002137397  -0.0000170954
        0.0001920427  -0.0001345153   0.0000192397   0.0000102267  -0.0000667294
        0.0001127752  -0.0000146653   0.0001699454   0.0002186106   0.0000589083
       -0.0003119600   0.0008986562  -0.0000063012   0.0001846506   0.0000196020
       -0.0002026437  -0.0000347957
        0.0003594610   0.0008775281   0.0005276817   0.0041009716  -0.0030964622
        0.0271799943  -0.0009977971  -0.0049209614   0.0031375899  -0.0019119654
       -0.0410998857   0.0049808691  -0.0025751026   0.0538963158   0.0037086986
       -0.0042817597   0.0009986719  -0.0069408813  -0.0013203601  -0.0000955355
       -0.0002707345   0.0002664529   0.0001626740   0.0002814337   0.0002584357
        0.0000448613  -0.0001419487   0.0002598118  -0.0001740064   0.0002553400
       -0.0002461215   0.0000030561  -0.0001435696  -0.0002653686   0.0013227614
       -0.0009580076  -0.0001342602   0.0000119849  -0.0001064291  -0.0002712392
       -0.0001356091  -0.0000475230   0.0007725785   0.0005899066  -0.0001996991
        0.0053438056  -0.0081474516  -0.0288300214   0.0005897734   0.0004188211
       -0.0003051066   0.0000333425  -0.0000590879  -0.0000794478   0.0002829880
        0.0003144614  -0.0002220825   0.0000450907  -0.0000046122   0.0000676936
       -0.0000250167   0.0000108010  -0.0000084905   0.0000868525  -0.0000055523
       -0.0000656254  -0.0002199646  -0.0000406043  -0.0018713431  -0.0001506085
       -0.0008720749   0.0000516095
       -0.0005449724  -0.0004077820  -0.0003343205  -0.0017995737   0.0046972619
       -0.0166505570   0.0004391027   0.0023682579  -0.0015725386  -0.0503059282
        0.0052921782  -0.2381167454   0.0493122555   0.0037086986   0.2880280783
       -0.0062785168   0.0001502170  -0.0097743662  -0.0015394218  -0.0002637101
       -0.0003400789   0.0004364324   0.0000580369   0.0001621204  -0.0001947997
        0.0000297509   0.0002565080  -0.0001277210   0.0003351836  -0.0004403538
        0.0001808508  -0.0001192589   0.0000588357  -0.0004260841  -0.0003695820
        0.0011913599   0.0001306032   0.0000325078   0.0001410034   0.0000187570
        0.0000974595   0.0000289747   0.0007388875   0.0000991169   0.0011062767
        0.0093261869  -0.0150737333  -0.0253525837  -0.0005457729  -0.0004067006
        0.0006375234   0.0001005538  -0.0000309391  -0.0003057234  -0.0001150169
       -0.0003796425  -0.0001236109  -0.0000454974  -0.0000683358  -0.0000266185
        0.0000838046  -0.0000517023   0.0001104155   0.0005199296  -0.0000025245
       -0.0001465292   0.0004762859   0.0002526955   0.0012407697   0.0001596550
        0.0000525464   0.0002221603
       -0.0001142200  -0.0003276037   0.0002410117  -0.0078928062  -0.0111357008
        0.0013706805   0.0004725987   0.0009733194  -0.0003081375  -0.1526082052
       -0.0208470841  -0.0262291034  -0.0127104708  -0.0042817597  -0.0062785168
        0.4663750251   0.0032159647   0.0056429268  -0.0507354595  -0.0052498687
       -0.0347424214  -0.0791243307   0.0370065622   0.0209082902   0.0007838487
        0.0012935350   0.0016545215   0.0042074488   0.0007612878  -0.0013736550
        0.0000286993  -0.0004366762   0.0000404003  -0.0012073186   0.0020560203
       -0.0000536088  -0.0000093026  -0.0022776207   0.0002256175  -0.0513200186
        0.0208779073   0.0081563317  -0.0747497532  -0.0016694308   0.0029310962
       -0.0381025118   0.0108820697   0.0083329335   0.0004721265   0.0003321214
        0.0003701080   0.0001099656   0.0001770002  -0.0000137979   0.0000335218
        0.0001318454  -0.0000138853   0.0001221210  -0.0005520208   0.0000284108
        0.0002623782   0.0002756509   0.0004914372  -0.0051095177  -0.0308663840
        0.0178552521   0.0009058406  -0.0002212179   0.0008634683  -0.0000896593
       -0.0001179169  -0.0000993602
       -0.0012688637  -0.0039082902   0.0019998173  -0.0228924955  -0.0129460414
       -0.0002682374  -0.0002634219   0.0005588452  -0.0007428334  -0.0332802059
       -0.0580212307  -0.0041454043  -0.0009388499   0.0009986719   0.0001502170
        0.0032159647   0.4393916598   0.0078593291  -0.0057388115  -0.0436993205
       -0.0401964353   0.0499881532  -0.1086681606  -0.0352277609   0.0033141441
       -0.0045821285  -0.0040794061   0.0076067790  -0.0278486130  -0.0034283436
        0.0003926756   0.0006838292  -0.0011521490   0.0021340120   0.0037686870
       -0.0003841978  -0.0016641937  -0.0028660794   0.0017575517  -0.0005870039
        0.0020997103   0.0006776019  -0.0251505645  -0.1724767857   0.0790855340
        0.0318901977  -0.0044406588  -0.0059734572   0.0006499299   0.0005355436
        0.0002047405   0.0002217892  -0.0000470826  -0.0000065323  -0.0011011299
       -0.0004925516  -0.0002218494   0.0005135755  -0.0010572970  -0.0001561921
        0.0003662795   0.0007424116   0.0009539423  -0.0088914117  -0.0078300485
        0.0030017865   0.0016765915   0.0003299672   0.0003814708  -0.0001931399
       -0.0002250374  -0.0000891923
        0.0000029040   0.0016582689  -0.0009936297   0.0103818347   0.0047769093
        0.0014738629   0.0009907131   0.0009811664  -0.0000908829  -0.0230500785
       -0.0064837363  -0.0692459282  -0.0295692300  -0.0069408813  -0.0097743662
        0.0056429268   0.0078593291   0.4878967183  -0.0326635354  -0.0376902112
       -0.2222540703   0.0196005527  -0.0334145552  -0.0824976631   0.0153774677
       -0.0235879127  -0.0150886928  -0.0050468843   0.0070849120   0.0033737783
       -0.0002163806   0.0019169644  -0.0003215597   0.0002130884  -0.0001970210
       -0.0000586005   0.0000202413   0.0041876656  -0.0003848418  -0.0017490396
        0.0042150938   0.0052590067   0.0145352550   0.0709348641  -0.0954172897
        0.0216735364  -0.0027330563   0.0007448162   0.0000255878  -0.0000310794
        0.0003725946   0.0000420290  -0.0000718299  -0.0000712307   0.0007157081
        0.0003642931   0.0000343564  -0.0003148530   0.0003944649   0.0003199880
       -0.0010827459   0.0013031178   0.0008215115   0.0053149372   0.0046000635
       -0.0049520800  -0.0007641587   0.0010132090   0.0008916732  -0.0000798763
       -0.0001400387  -0.0000374707
        0.0000806140   0.0000803551   0.0000663420   0.0004544954   0.0006336562
       -0.0011804270  -0.0001488208  -0.0003164560   0.0003617930  -0.0107360728
       -0.0072005076  -0.0296225374  -0.0059570610  -0.0013203601  -0.0015394218
       -0.0507354595  -0.0057388115  -0.0326635354   0.0582385817   0.0072084984
        0.0385868180   0.0021816475   0.0059123611   0.0163646682  -0.0017181818
        0.0025323245   0.0012745619   0.0003948131  -0.0003418873   0.0003775375
        0.0000485841  -0.0000955663  -0.0000423747  -0.0006954993   0.0000277490
        0.0001642060  -0.0001286380  -0.0001016720  -0.0000249029   0.0016869233
       -0.0006640239   0.0002399921   0.0041020251  -0.0003820922   0.0064032979
        0.0034969694  -0.0000768046   0.0005372894  -0.0000898447  -0.0000712236
        0.0002841261   0.0000312765   0.0000032265  -0.0000597073   0.0000285922
       -0.0000405377  -0.0000016082   0.0000717898   0.0000505827  -0.0000540119
       -0.0003280899   0.0002974941  -0.0002630245   0.0001059251  -0.0004169499
        0.0011368457  -0.0004291707  -0.0000105611  -0.0003507077   0.0000446015
        0.0000312062   0.0000047809
        0.0000103104   0.0000578879  -0.0000586257  -0.0001317413   0.0004502955
       -0.0009169443  -0.0003149679  -0.0002158489   0.0002834427  -0.0021054324
       -0.0002123449  -0.0066575612  -0.0013487618  -0.0000955355  -0.0002637101
       -0.0052498687  -0.0436993205  -0.0376902112   0.0072084984   0.0626936527
        0.0301315520  -0.0020992502  -0.0063662775  -0.0225793352   0.0025117293
       -0.0032558959  -0.0017831863   0.0001923294   0.0003371347  -0.0021920981
        0.0002126727  -0.0005625004   0.0004747419   0.0003080285  -0.0000971054
        0.0003381994  -0.0001910006   0.0005616813   0.0006860511  -0.0012848270
        0.0007566716   0.0009226370   0.0011720179  -0.0108127536   0.0368889727
        0.0004136961  -0.0001226257   0.0005922825   0.0000315161  -0.0000881941
        0.0002409860   0.0000544711   0.0000232903  -0.0000035321   0.0000408427
       -0.0000213634   0.0000176505  -0.0000666015  -0.0000526725  -0.0000133424
        0.0003032386   0.0001694559   0.0001465109   0.0000125955   0.0004904659
        0.0011597602   0.0003326327   0.0000002348   0.0003225732  -0.0000121282
        0.0000616677  -0.0000468137
        0.0000768472   0.0000626671   0.0000678026   0.0003031111   0.0003010221
        0.0001835418  -0.0001154929  -0.0001549969   0.0002958534  -0.0046477671
       -0.0031158136  -0.0096222548  -0.0015144912  -0.0002707345  -0.0003400789
       -0.0347424214  -0.0401964353  -0.2222540703   0.0385868180   0.0301315520
        0.2753795647  -0.0013395336  -0.0076154157  -0.0164073289   0.0015840782
       -0.0021458419  -0.0011176262  -0.0000614999   0.0005759774  -0.0003063931
        0.0000217336  -0.0002635715   0.0004385107  -0.0001863546  -0.0005446640
       -0.0000164918   0.0000892435   0.0000536170   0.0003329661  -0.0004189188
        0.0014305953   0.0011994825   0.0017614397   0.0212996892  -0.0288758513
        0.0009211723   0.0007470669   0.0012211284  -0.0000842156  -0.0000982091
        0.0000697463   0.0000119731   0.0000259933  -0.0000326523   0.0000187050
       -0.0000379878   0.0000107158  -0.0000174956   0.0000449852   0.0000062980
        0.0003895002  -0.0003571912   0.0002344526  -0.0004656246  -0.0000028682
       -0.0002673092  -0.0001943568   0.0000380117  -0.0001945732   0.0000235502
        0.0000925526  -0.0000054327
       -0.0006988103  -0.0001713225  -0.0006235982   0.0018665872  -0.0004635297
        0.0010372785  -0.0004060517   0.0001042542  -0.0000255697  -0.0219664518
        0.0156216126   0.0075014021   0.0004297282   0.0002664529   0.0004364324
       -0.0791243307   0.0499881532   0.0196005527   0.0021816475  -0.0020992502
       -0.0013395336   0.4458792089   0.0120767289   0.0122061468  -0.0387346030
       -0.0021192482  -0.0205976908  -0.0547913202  -0.0241212741   0.0121664671
        0.0024449572   0.0019539218  -0.0023270419  -0.0256253626  -0.0280875247
        0.0092508618   0.0028332808   0.0199891054  -0.0039996267  -0.2182923578
       -0.0359477958  -0.0262351003   0.0026446029  -0.0054881199   0.0012321824
       -0.0042310757  -0.0007272225  -0.0002270330   0.0003654355   0.0003120665
        0.0004627629   0.0000114930   0.0000706758  -0.0000074850   0.0002352427
        0.0002350796  -0.0000279252  -0.0016187288   0.0022425531   0.0011521068
       -0.0132410780  -0.0022117953  -0.0092964249   0.0002205856  -0.0015778040
       -0.0002491636  -0.0002564473   0.0002873553  -0.0000975527  -0.0001261516
       -0.0001330724   0.0000075522
        0.0002039292  -0.0003399630  -0.0000794279  -0.0003086496   0.0012475089
        0.0003105429  -0.0001408155  -0.0000098448   0.0000048862   0.0036345491
        0.0025166662   0.0006014746  -0.0007047574   0.0001626740   0.0000580369
        0.0370065622  -0.1086681606  -0.0334145552   0.0059123611  -0.0063662775
       -0.0076154157   0.0120767289   0.4376813713   0.0051415232  -0.0013007213
       -0.0454805732  -0.0213264589  -0.0157339429  -0.1270106096   0.0429408693
       -0.0014822940  -0.0024096227   0.0040529142  -0.0093110794  -0.0063776233
        0.0016495112  -0.0014778116  -0.0393250573   0.0068448251  -0.0451503761
       -0.0526230735  -0.0007244611   0.0132245677  -0.0473631589   0.0021280297
       -0.0035497134   0.0019518988   0.0012048110  -0.0000925597  -0.0000145445
        0.0000018030   0.0000738484   0.0000415124   0.0000295594  -0.0000573268
       -0.0000074302  -0.0000247599   0.0020034893  -0.0040233550   0.0003007983
        0.0035665655  -0.0030019280  -0.0031091026   0.0016428887  -0.0002750594
        0.0008451895  -0.0000424794  -0.0002986384   0.0001155086   0.0000070367
       -0.0000067115   0.0000638981
        0.0002025611   0.0002455376   0.0001843417   0.0003036478  -0.0005427309
        0.0005433896  -0.0002160614   0.0001919669  -0.0001721634   0.0007604273
        0.0020434332   0.0005046177  -0.0012055084   0.0002814337   0.0001621204
        0.0209082902  -0.0352277609  -0.0824976631   0.0163646682  -0.0225793352
       -0.0164073289   0.0122061468   0.0051415232   0.5440624549  -0.0169318255
       -0.0211994581  -0.2649780648   0.0110395831   0.0469726748  -0.0949050568
        0.0074325576   0.0255024785  -0.0225659436  -0.0036415190  -0.0057055947
        0.0056394666  -0.0028318124  -0.0122212045   0.0072489787  -0.0008606561
        0.0066104258  -0.0780343333  -0.0076581475   0.0201882233   0.0037117595
       -0.0021965322   0.0012775613   0.0014064832  -0.0001209832   0.0000015282
       -0.0002023282  -0.0000619772  -0.0000544460   0.0000064519  -0.0001292900
       -0.0000729428   0.0000315148   0.0014825324  -0.0016552569  -0.0000346410
       -0.0349433659  -0.0085459898  -0.0052886753  -0.0001854306  -0.0003761256
        0.0015269230   0.0001927495  -0.0002155179  -0.0000270801   0.0000899455
       -0.0000604234   0.0000847763
       -0.0001694269  -0.0000647353   0.0002015305  -0.0004118868   0.0000636643
        0.0003929593   0.0000444665   0.0000507148  -0.0002656868   0.0005355298
        0.0004474287   0.0011857166  -0.0005263719   0.0002584357  -0.0001947997
        0.0007838487   0.0033141441   0.0153774677  -0.0017181818   0.0025117293
        0.0015840782  -0.0387346030  -0.0013007213  -0.0169318255   0.0592406089
        0.0042783859   0.0300708115   0.0015743605  -0.0007680170   0.0070807520
       -0.0004569067  -0.0013775657   0.0007763754   0.0008239516   0.0004899606
       -0.0002686090  -0.0001586811   0.0004724790  -0.0003477544  -0.0166989421
       -0.0031993908  -0.0349305879   0.0001837287  -0.0013877261  -0.0004954261
        0.0001101158  -0.0004618751  -0.0005557791   0.0001783220   0.0001197080
       -0.0001760550   0.0000406066  -0.0000018550  -0.0000329996   0.0000471623
        0.0000517015  -0.0000512619  -0.0000610304  -0.0000322650   0.0000912862
       -0.0045931552  -0.0030413617  -0.0024694729   0.0001233987  -0.0002899778
       -0.0002224039   0.0000635046   0.0000576474   0.0000587189  -0.0002204187
       -0.0001905084   0.0001229654
       -0.0000323951  -0.0000096100   0.0000645681  -0.0001063591   0.0001289075
        0.0000472495   0.0001243207  -0.0002205060  -0.0000059696  -0.0005727861
        0.0002361919  -0.0002868856   0.0002662884   0.0000448613   0.0000297509
        0.0012935350  -0.0045821285  -0.0235879127   0.0025323245  -0.0032558959
       -0.0021458419  -0.0021192482  -0.0454805732  -0.0211994581   0.0042783859
        0.0514483070   0.0262396498   0.0011439800  -0.0003976824   0.0262810789
       -0.0013373951  -0.0042136891   0.0031425831   0.0012787026   0.0010961804
       -0.0010450235  -0.0004162643   0.0022029482  -0.0007400167  -0.0042451346
        0.0005761250  -0.0070040266  -0.0007952601   0.0025155381   0.0006147187
       -0.0000810309   0.0000064574   0.0003322723   0.0000503972  -0.0000493461
       -0.0000574486   0.0000273077  -0.0000115463  -0.0000322698  -0.0000028511
       -0.0000106756  -0.0000061933   0.0000397700   0.0001581299   0.0001317528
       -0.0008929508   0.0004557684  -0.0002906971  -0.0002676406  -0.0006611263
       -0.0004980234   0.0000286650  -0.0000007432  -0.0000815860  -0.0001943610
        0.0000241072   0.0000977290
        0.0000723707   0.0000585626  -0.0000185923   0.0004266362   0.0001623532
       -0.0004091581  -0.0001969265   0.0000047811   0.0001462631  -0.0003996141
        0.0002004752   0.0000150552   0.0002910739  -0.0001419487   0.0002565080
        0.0016545215  -0.0040794061  -0.0150886928   0.0012745619  -0.0017831863
       -0.0011176262  -0.0205976908  -0.0213264589  -0.2649780648   0.0300708115
        0.0262396498   0.3078484042   0.0000372984   0.0027005805  -0.0195248989
        0.0006931076   0.0024589012  -0.0017418886  -0.0003486066  -0.0011064169
        0.0011976407   0.0001080417  -0.0011316599   0.0011758583  -0.0104424029
       -0.0011945092  -0.0094554285  -0.0005294601   0.0011035672   0.0011535032
       -0.0001069582   0.0002191091   0.0003664532  -0.0001298208  -0.0000930934
        0.0000466468  -0.0000649829  -0.0000000348  -0.0000334359  -0.0000512789
       -0.0000456185  -0.0000186694  -0.0002366907  -0.0004428920   0.0000722771
       -0.0012876995  -0.0016161517   0.0000587552  -0.0002089866  -0.0003164489
       -0.0000201378  -0.0000328495   0.0000132555  -0.0000513683   0.0000055448
        0.0001165897   0.0001205968
       -0.0024412480   0.0005047017   0.0003022253  -0.0308650056   0.0136670075
        0.0059428987   0.0022902047  -0.0009466323  -0.0012480252   0.0022112067
        0.0002157673  -0.0010645063  -0.0002453763   0.0002598118  -0.0001277210
        0.0042074488   0.0076067790  -0.0050468843   0.0003948131   0.0001923294
       -0.0000614999  -0.0547913202  -0.0157339429   0.0110395831   0.0015743605
        0.0011439800   0.0000372984   0.4017124891   0.0017111679  -0.0086688850
       -0.0371000684  -0.0032465027  -0.0198539955  -0.1611642860  -0.0417921678
       -0.0340635791  -0.1043612526   0.0649114175   0.0526177096  -0.0256477358
       -0.0284088817   0.0105162332  -0.0013976524   0.0071188467  -0.0002719339
       -0.0000389174  -0.0012526569  -0.0001385091   0.0016384588   0.0002419004
        0.0009641050  -0.0005512459  -0.0001442105  -0.0001352033  -0.0000622616
        0.0003091889  -0.0001203497   0.0062319053  -0.0044992638  -0.0102048497
        0.0003015601  -0.0011311467  -0.0001140751  -0.0007522544  -0.0003085489
        0.0000239529  -0.0000463566  -0.0001608736   0.0002084158  -0.0010974659
       -0.0002580702  -0.0005324048
        0.0025861504  -0.0018193944  -0.0012023876   0.0221902260   0.0035097680
        0.0045309566   0.0012489493   0.0001802158   0.0000291075   0.0019818982
        0.0003596141   0.0002871155   0.0002331463  -0.0001740064   0.0003351836
        0.0007612878  -0.0278486130   0.0070849120  -0.0003418873   0.0003371347
        0.0005759774  -0.0241212741  -0.1270106096   0.0469726748  -0.0007680170
       -0.0003976824   0.0027005805   0.0017111679   0.4768045472   0.0166323866
       -0.0040940367  -0.0419377253   0.0020542459  -0.0633476156  -0.0800810397
       -0.0222216404   0.0493173009  -0.1637309788  -0.0465992879  -0.0063843554
       -0.0073596063   0.0017498769   0.0026294580  -0.0019668844  -0.0012651478
       -0.0012511928   0.0009358940   0.0003146806  -0.0006524182  -0.0002304419
       -0.0000367690   0.0009380418   0.0002077028   0.0001695443  -0.0002118100
       -0.0000849896  -0.0000434665   0.0185998466  -0.0309293304  -0.0124068234
       -0.0008309069   0.0014851759   0.0000661965  -0.0004460565  -0.0003291813
       -0.0000470643   0.0001892453  -0.0002633615   0.0000693339   0.0000628519
        0.0003437924   0.0002498143
        0.0006793812  -0.0019181846  -0.0000786171   0.0083784586   0.0057606154
       -0.0005002805   0.0040593318  -0.0010168743   0.0009449245  -0.0010102913
        0.0002110827   0.0014238368  -0.0003312583   0.0002553400  -0.0004403538
       -0.0013736550  -0.0034283436   0.0033737783   0.0003775375  -0.0021920981
       -0.0003063931   0.0121664671   0.0429408693  -0.0949050568   0.0070807520
        0.0262810789  -0.0195248989  -0.0086688850   0.0166323866   0.4637030621
       -0.0206441767   0.0008337874  -0.2029539090  -0.0382546127  -0.0190973408
       -0.0661042186   0.0470340535  -0.0564446486  -0.0930952232  -0.0035068193
       -0.0036824591   0.0031827930   0.0003858289  -0.0046178396   0.0006979421
        0.0006768615  -0.0011757349  -0.0009704252   0.0003550462   0.0004910823
       -0.0002332285   0.0007607109   0.0001156550   0.0001791318   0.0001651642
        0.0002930660  -0.0001016824  -0.0070287172   0.0023577066   0.0027364707
       -0.0010075919  -0.0029203819   0.0026362373   0.0001565840   0.0003553344
        0.0001763417   0.0000365090   0.0003882903  -0.0000208010  -0.0004866792
       -0.0004223892   0.0001805695
        0.0000319690   0.0000931027   0.0001363835   0.0012742200  -0.0021793809
       -0.0034722490   0.0004417905   0.0001662329   0.0014567522  -0.0001915833
        0.0002000440   0.0002584037  -0.0000274083  -0.0002461215   0.0001808508
        0.0000286993   0.0003926756  -0.0002163806   0.0000485841   0.0002126727
        0.0000217336   0.0024449572  -0.0014822940   0.0074325576  -0.0004569067
       -0.0013373951   0.0006931076  -0.0371000684  -0.0040940367  -0.0206441767
        0.0626713345   0.0014319157   0.0292513278  -0.0296242138  -0.0052487266
       -0.0371372998  -0.0018085883   0.0118645298   0.0209700164   0.0015722130
        0.0005932750   0.0007720099  -0.0001358328  -0.0001799052   0.0000616210
        0.0000435283  -0.0000195350   0.0001158019  -0.0000532193   0.0000295056
        0.0002381841   0.0000258656   0.0000500675  -0.0000009538   0.0000931628
        0.0000271700  -0.0000694052   0.0008270263  -0.0003123950   0.0003625270
       -0.0003076112  -0.0000590629  -0.0005700363   0.0000817674  -0.0000288169
        0.0000257317   0.0000075095   0.0000254274  -0.0000483031   0.0001128046
        0.0001010509   0.0001817957
        0.0000534775   0.0000449949   0.0000728566   0.0002036183   0.0009408965
        0.0009716215  -0.0001854228   0.0001144941  -0.0000155811  -0.0000776936
       -0.0000276217   0.0000828139  -0.0001806051   0.0000030561  -0.0001192589
       -0.0004366762   0.0006838292   0.0019169644  -0.0000955663  -0.0005625004
       -0.0002635715   0.0019539218  -0.0024096227   0.0255024785  -0.0013775657
       -0.0042136891   0.0024589012  -0.0032465027  -0.0419377253   0.0008337874
        0.0014319157   0.0586899183   0.0157474886  -0.0074836449   0.0012566657
       -0.0102289813   0.0083757042  -0.0139897856  -0.0336684407   0.0013683400
        0.0004619937  -0.0001608719   0.0000715074   0.0001890725  -0.0006770474
       -0.0000749400   0.0000122315  -0.0001034154  -0.0000497338  -0.0000770533
       -0.0001096098   0.0000195424  -0.0000122895  -0.0000050698  -0.0000453946
       -0.0000288081  -0.0000317583  -0.0000096710   0.0001284562  -0.0017773274
       -0.0003471255   0.0005907134  -0.0005991537   0.0000434419   0.0000797451
        0.0000715444   0.0000360620   0.0000163648   0.0000358902   0.0000530110
        0.0000466636   0.0000657403
        0.0002398108   0.0001138276   0.0000764794   0.0010131977  -0.0000136098
        0.0016144160  -0.0011996961   0.0007711703   0.0001321245  -0.0001812304
        0.0000215228  -0.0003332285   0.0002759362  -0.0001435696   0.0000588357
        0.0000404003  -0.0011521490  -0.0003215597  -0.0000423747   0.0004747419
        0.0004385107  -0.0023270419   0.0040529142  -0.0225659436   0.0007763754
        0.0031425831  -0.0017418886  -0.0198539955   0.0020542459  -0.2029539090
        0.0292513278   0.0157474886   0.2588716918  -0.0212142175  -0.0054758692
       -0.0138861965   0.0116850625  -0.0202258417  -0.0226521269   0.0004067866
       -0.0005474872   0.0012938451   0.0001959241   0.0001703875   0.0004592684
        0.0000543402   0.0001996991   0.0002174916  -0.0002076192  -0.0001086858
        0.0000499434   0.0000050298   0.0000407646  -0.0000180991   0.0000772753
       -0.0000059014  -0.0000401035   0.0000528470   0.0006648006   0.0010161329
        0.0008082119   0.0002687241   0.0002290716  -0.0001006527  -0.0000992653
       -0.0000918644  -0.0000264579  -0.0001118660  -0.0000175127   0.0002707602
        0.0001613747   0.0001646212
       -0.0358620236   0.0257565225   0.0090952135  -0.0990191689   0.0588177904
        0.0277838674  -0.0046744237   0.0081159594   0.0112264458  -0.0015506291
        0.0064299595   0.0010448531   0.0000552842  -0.0002653686  -0.0004260841
       -0.0012073186   0.0021340120   0.0002130884  -0.0006954993   0.0003080285
       -0.0001863546  -0.0256253626  -0.0093110794  -0.0036415190   0.0008239516
        0.0012787026  -0.0003486066  -0.1611642860  -0.0633476156  -0.0382546127
       -0.0296242138  -0.0074836449  -0.0212142175   0.4105688269  -0.0358488048
        0.0025322782  -0.0457318002   0.0207646123   0.0064404176  -0.0083621482
       -0.0088029523   0.0023633858   0.0002503110  -0.0003840877  -0.0001158826
        0.0001544433   0.0020970353  -0.0002224360   0.0001719109   0.0013144226
        0.0023774292  -0.0072856237  -0.0023192019  -0.0014827743   0.0018326850
        0.0005783400   0.0003460642   0.0036769484  -0.0003286293   0.0016565469
        0.0010174957   0.0008629963   0.0006543870   0.0004445883   0.0002268036
        0.0000603784  -0.0000410848   0.0001997300   0.0000809230   0.0018471376
       -0.0007935306   0.0000172088
        0.0018528987   0.0044306411   0.0024152836   0.0412748770  -0.1457511438
       -0.0509485697   0.0088346771  -0.0103215887  -0.0168243526   0.0230701208
       -0.0330834116  -0.0138612501  -0.0003211436   0.0013227614  -0.0003695820
        0.0020560203   0.0037686870  -0.0001970210   0.0000277490  -0.0000971054
       -0.0005446640  -0.0280875247  -0.0063776233  -0.0057055947   0.0004899606
        0.0010961804  -0.0011064169  -0.0417921678  -0.0800810397  -0.0190973408
       -0.0052487266   0.0012566657  -0.0054758692  -0.0358488048   0.2884985566
        0.1084288956   0.0418448112  -0.0054458254  -0.0030459374  -0.0083835223
       -0.0078966851   0.0029315585   0.0001111140   0.0000477904   0.0002213539
        0.0000169928  -0.0132066535   0.0032253929  -0.0001925477   0.0008570238
        0.0000465728  -0.0015835936   0.0004710186  -0.0006265474   0.0002416508
        0.0006198292  -0.0002238665  -0.0002393616   0.0014382577   0.0007890864
        0.0005131094  -0.0001262831   0.0005554884  -0.0000298085   0.0003320796
       -0.0001699915   0.0013402651  -0.0014047669  -0.0010101484   0.0000529545
       -0.0003473650   0.0005935201
       -0.0019086216   0.0032340552   0.0021885162   0.0225374022  -0.0540823241
       -0.0774438400   0.0226371617  -0.0294609823  -0.0198508705  -0.0032086062
        0.0018427790   0.0055282117  -0.0000644997  -0.0009580076   0.0011913599
       -0.0000536088  -0.0003841978  -0.0000586005   0.0001642060   0.0003381994
       -0.0000164918   0.0092508618   0.0016495112   0.0056394666  -0.0002686090
       -0.0010450235   0.0011976407  -0.0340635791  -0.0222216404  -0.0661042186
       -0.0371372998  -0.0102289813  -0.0138861965   0.0025322782   0.1084288956
        0.1537238894   0.0200833886  -0.0032417856   0.0052117153   0.0029142265
        0.0027720472   0.0000298088  -0.0000156485  -0.0000244680   0.0003561882
        0.0001183252   0.0021204285   0.0009318908  -0.0023811601   0.0002447182
        0.0019603068  -0.0017304717   0.0001311384   0.0000653566  -0.0004747293
       -0.0002755306  -0.0001506859  -0.0000768319   0.0000368560  -0.0004846786
        0.0000644215   0.0003775682  -0.0000507117  -0.0000655008  -0.0001231724
       -0.0001719519  -0.0001654372  -0.0000894237   0.0001417710   0.0013123318
        0.0009593404   0.0000521238
       -0.0015352539   0.0023997847   0.0009769940  -0.0087779567  -0.0038318611
       -0.0035616722   0.0002036995  -0.0002412381  -0.0000944966   0.0000654472
       -0.0004651013   0.0004650981   0.0000525715  -0.0001342602   0.0001306032
       -0.0000093026  -0.0016641937   0.0000202413  -0.0001286380  -0.0001910006
        0.0000892435   0.0028332808  -0.0014778116  -0.0028318124  -0.0001586811
       -0.0004162643   0.0001080417  -0.1043612526   0.0493173009   0.0470340535
       -0.0018085883   0.0083757042   0.0116850625  -0.0457318002   0.0418448112
        0.0200833886   0.2609568619   0.0424596738  -0.1414167730   0.0018146203
       -0.0005640881   0.0002513616   0.0001214348  -0.0003412524   0.0000771319
       -0.0000713282   0.0002590604   0.0001399361  -0.0002519844  -0.0001080650
        0.0000491757  -0.0007979694  -0.0001915533  -0.0002278119   0.0001191321
        0.0000522110  -0.0000095067  -0.1032141197  -0.1355006463   0.0664875132
       -0.0000753083   0.0002804464   0.0005063122   0.0001548483  -0.0000148041
       -0.0000455301   0.0000817666   0.0000862286  -0.0001539967   0.0005185205
        0.0000669188   0.0002374424
        0.0005051561  -0.0010866412  -0.0003758169   0.0020712601   0.0032898414
        0.0021850073  -0.0007028716   0.0001715997   0.0001807753  -0.0011935359
        0.0007038680  -0.0006831879  -0.0001272534   0.0000119849   0.0000325078
       -0.0022776207  -0.0028660794   0.0041876656  -0.0001016720   0.0005616813
        0.0000536170   0.0199891054  -0.0393250573  -0.0122212045   0.0004724790
        0.0022029482  -0.0011316599   0.0649114175  -0.1637309788  -0.0564446486
        0.0118645298  -0.0139897856  -0.0202258417   0.0207646123  -0.0054458254
       -0.0032417856   0.0424596738   0.5262240414  -0.0075725971  -0.0007488473
        0.0017314791  -0.0006094180   0.0008346927  -0.0046861600   0.0006969920
        0.0003383892  -0.0002426416   0.0000562407   0.0003518028   0.0000506477
        0.0000174352   0.0001931018   0.0000753118   0.0000424288  -0.0000409609
       -0.0000454265   0.0000100152  -0.1593856569  -0.3038626249   0.0953600624
        0.0001289217  -0.0001298840  -0.0001868341   0.0001672659   0.0002622015
       -0.0000582245  -0.0001703494   0.0000962746   0.0000127509  -0.0003036400
        0.0000292250  -0.0000842795
        0.0002280855  -0.0003982830  -0.0001845305   0.0011620731   0.0007879843
        0.0011478994  -0.0006078011   0.0003549421   0.0005091706  -0.0001268123
        0.0000600553  -0.0004491266   0.0001479327  -0.0001064291   0.0001410034
        0.0002256175   0.0017575517  -0.0003848418  -0.0000249029   0.0006860511
        0.0003329661  -0.0039996267   0.0068448251   0.0072489787  -0.0003477544
       -0.0007400167   0.0011758583   0.0526177096  -0.0465992879  -0.0930952232
        0.0209700164  -0.0336684407  -0.0226521269   0.0064404176  -0.0030459374
        0.0052117153  -0.1414167730  -0.0075725971   0.1440307410  -0.0006608825
       -0.0004124294   0.0004529530  -0.0000100851   0.0006422763   0.0004531892
        0.0000930586   0.0002692743   0.0002785515  -0.0000356188   0.0000392358
        0.0003304167  -0.0000026474   0.0000744678   0.0000187873  -0.0000206748
       -0.0000523505   0.0000027884   0.0650344873   0.0806743930  -0.0443280214
        0.0004150779   0.0004831189   0.0000020293  -0.0001025692  -0.0000195057
       -0.0001714457  -0.0001106436  -0.0000914675  -0.0000014177   0.0001323156
        0.0000325691  -0.0000703145
        0.0005333208   0.0004424118   0.0001113911   0.0006808702   0.0003204213
       -0.0014156122   0.0001912664   0.0000077181   0.0001318344   0.0016858684
        0.0051403483   0.0027256735   0.0001186994  -0.0002712392   0.0000187570
       -0.0513200186  -0.0005870039  -0.0017490396   0.0016869233  -0.0012848270
       -0.0004189188  -0.2182923578  -0.0451503761  -0.0008606561  -0.0166989421
       -0.0042451346  -0.0104424029  -0.0256477358  -0.0063843554  -0.0035068193
        0.0015722130   0.0013683400   0.0004067866  -0.0083621482  -0.0083835223
        0.0029142265   0.0018146203  -0.0007488473  -0.0006608825   0.3690641153
        0.0510961863   0.1003255955   0.0003983959  -0.0001259616   0.0001808501
       -0.0060901852   0.0022033641   0.0015528186  -0.0004384172  -0.0003431141
       -0.0001225263   0.0000962124   0.0000608961  -0.0000231072   0.0000081348
       -0.0001364639  -0.0000130654   0.0003921611   0.0007238623  -0.0001178707
       -0.0542707845   0.0077568359  -0.0888979294   0.0021926467  -0.0012887688
       -0.0003333338   0.0004266309  -0.0004197121   0.0000224031   0.0002585105
        0.0002489422   0.0001718277
       -0.0000415615   0.0002106781  -0.0000101129   0.0006338114  -0.0007470793
       -0.0005408406   0.0000285694   0.0000073127   0.0001140176   0.0016581359
       -0.0021796991  -0.0008189067   0.0001422057  -0.0001356091   0.0000974595
        0.0208779073   0.0020997103   0.0042150938  -0.0006640239   0.0007566716
        0.0014305953  -0.0359477958  -0.0526230735   0.0066104258  -0.0031993908
        0.0005761250  -0.0011945092  -0.0284088817  -0.0073596063  -0.0036824591
        0.0005932750   0.0004619937  -0.0005474872  -0.0088029523  -0.0078966851
        0.0027720472  -0.0005640881   0.0017314791  -0.0004124294   0.0510961863
        0.0730807080  -0.0678802535   0.0034747314   0.0035614843  -0.0016979568
        0.0017450507  -0.0002211874  -0.0002209800  -0.0000551432   0.0000104132
        0.0000222562  -0.0001091154   0.0000273881  -0.0000453135   0.0000967199
        0.0000511086   0.0000044758  -0.0000364909   0.0009522720   0.0004165730
        0.0002920395  -0.0150136096   0.0625079900  -0.0027643450   0.0023508367
       -0.0011548718  -0.0001767457   0.0002144961  -0.0001088686   0.0001319018
        0.0000838718   0.0001240549
        0.0001158581   0.0000358093   0.0001060122  -0.0000079511   0.0000740874
       -0.0002240842  -0.0000384224  -0.0000172149   0.0000552961   0.0009854380
       -0.0011961816   0.0001309857   0.0003466619  -0.0000475230   0.0000289747
        0.0081563317   0.0006776019   0.0052590067   0.0002399921   0.0009226370
        0.0011994825  -0.0262351003  -0.0007244611  -0.0780343333  -0.0349305879
       -0.0070040266  -0.0094554285   0.0105162332   0.0017498769   0.0031827930
        0.0007720099  -0.0001608719   0.0012938451   0.0023633858   0.0029315585
        0.0000298088   0.0002513616  -0.0006094180   0.0004529530   0.1003255955
       -0.0678802535   0.4714434710  -0.0004056474   0.0010050846   0.0007133267
        0.0006209523  -0.0000405877   0.0000220903  -0.0000387842  -0.0000732822
       -0.0000822432  -0.0000197612  -0.0000026907  -0.0000057498  -0.0000052818
       -0.0000175475  -0.0000069756   0.0000007847  -0.0001367863  -0.0001174675
       -0.0636129348   0.0704388206  -0.3949109514   0.0007286882   0.0000265342
       -0.0010888332  -0.0001045573  -0.0000247424   0.0000302961  -0.0000242645
        0.0000735769  -0.0000222752
        0.0000816843  -0.0014662031   0.0009604547  -0.0077624335  -0.0007490461
       -0.0010447228  -0.0000309368   0.0000485058  -0.0000801683  -0.0130709721
       -0.0333401157   0.0191462562   0.0021572806   0.0007725785   0.0007388875
       -0.0747497532  -0.0251505645   0.0145352550   0.0041020251   0.0011720179
        0.0017614397   0.0026446029   0.0132245677  -0.0076581475   0.0001837287
       -0.0007952601  -0.0005294601  -0.0013976524   0.0026294580   0.0003858289
       -0.0001358328   0.0000715074   0.0001959241   0.0002503110   0.0001111140
       -0.0000156485   0.0001214348   0.0008346927  -0.0000100851   0.0003983959
        0.0034747314  -0.0004056474   0.4984715132   0.0390382481  -0.0596768061
        0.0008787680  -0.0014033615  -0.0001705611  -0.0000363983   0.0000822347
       -0.0000970677   0.0001510870  -0.0000185840   0.0000403403  -0.0005689609
       -0.0003454864  -0.0001010211   0.0000197567   0.0003195180  -0.0000714078
        0.0001645630   0.0000909743   0.0000206529  -0.4130415318   0.0004274529
        0.0326997678   0.0010803637   0.0010100188  -0.0006364109   0.0000889569
       -0.0000389988   0.0000123471
        0.0001736185  -0.0006231681   0.0004946842  -0.0033631550   0.0013492147
       -0.0015065787   0.0003610122   0.0000606959   0.0001200185  -0.0103486688
       -0.0170491902   0.0076273119   0.0015968190   0.0005899066   0.0000991169
       -0.0016694308  -0.1724767857   0.0709348641  -0.0003820922  -0.0108127536
        0.0212996892  -0.0054881199  -0.0473631589   0.0201882233  -0.0013877261
        0.0025155381   0.0011035672   0.0071188467  -0.0019668844  -0.0046178396
       -0.0001799052   0.0001890725   0.0001703875  -0.0003840877   0.0000477904
       -0.0000244680  -0.0003412524  -0.0046861600   0.0006422763  -0.0001259616
        0.0035614843   0.0010050846   0.0390382481   0.2752710806  -0.1350464811
        0.0002868276   0.0013725083   0.0008951313  -0.0001600140  -0.0001352715
       -0.0001424913   0.0000529936  -0.0000057944  -0.0000056971  -0.0002447171
       -0.0001622075  -0.0000246225   0.0001907775  -0.0005288591   0.0000113721
       -0.0005376758  -0.0001683201  -0.0004763332  -0.0238099322  -0.0296339373
        0.0177413835  -0.0005078135   0.0004696856  -0.0005777346   0.0001114089
        0.0001855135   0.0000891353
       -0.0000558720   0.0002751337  -0.0002515457   0.0009168658  -0.0007260131
        0.0007238286  -0.0003217194  -0.0004796981   0.0003768965   0.0036338069
        0.0049310318   0.0011906414   0.0008090541  -0.0001996991   0.0011062767
        0.0029310962   0.0790855340  -0.0954172897   0.0064032979   0.0368889727
       -0.0288758513   0.0012321824   0.0021280297   0.0037117595  -0.0004954261
        0.0006147187   0.0011535032  -0.0002719339  -0.0012651478   0.0006979421
        0.0000616210  -0.0006770474   0.0004592684  -0.0001158826   0.0002213539
        0.0003561882   0.0000771319   0.0006969920   0.0004531892   0.0001808501
       -0.0016979568   0.0007133267  -0.0596768061  -0.1350464811   0.1282766175
        0.0010061370   0.0002644219   0.0008804775   0.0000058591  -0.0000463603
        0.0003716318  -0.0000703403   0.0000125786  -0.0000429787   0.0000746275
       -0.0000097144   0.0000259862  -0.0000596407  -0.0000826317  -0.0000712124
        0.0003762831  -0.0004388553   0.0002089996   0.0441940674   0.0161898227
       -0.0152546994  -0.0008296415  -0.0007504002  -0.0007179449  -0.0000056177
        0.0001114156  -0.0000750109
       -0.0007933009  -0.0008662018  -0.0006200043   0.0019043207   0.0028927525
       -0.0013374252  -0.0001810705  -0.0008430562  -0.0000269824  -0.1131021438
        0.0487704795   0.0616076287  -0.0006496350   0.0053438056   0.0093261869
       -0.0381025118   0.0318901977   0.0216735364   0.0034969694   0.0004136961
        0.0009211723  -0.0042310757  -0.0035497134  -0.0021965322   0.0001101158
       -0.0000810309  -0.0001069582  -0.0000389174  -0.0012511928   0.0006768615
        0.0000435283  -0.0000749400   0.0000543402   0.0001544433   0.0000169928
        0.0001183252  -0.0000713282   0.0003383892   0.0000930586  -0.0060901852
        0.0017450507   0.0006209523   0.0008787680   0.0002868276   0.0010061370
        0.1960045458  -0.0167448572  -0.1426622503   0.0003201157   0.0002030152
        0.0005268740   0.0004278893  -0.0002930793  -0.0002152917   0.0002631619
       -0.0000607799   0.0000502753   0.0001175220   0.0000209719  -0.0001353052
        0.0004019692  -0.0000304356   0.0001118772   0.0007258113   0.0002865524
       -0.0005646815  -0.0417857862  -0.0680675584   0.0511128000   0.0001967940
       -0.0003458858  -0.0000345945
        0.0013800728   0.0003589941  -0.0005450854   0.0192206922  -0.0294913569
       -0.0159100907   0.0002705613   0.0019035083  -0.0004063730   0.0660295948
       -0.1294567698  -0.0549458168   0.0081184702  -0.0081474516  -0.0150737333
        0.0108820697  -0.0044406588  -0.0027330563  -0.0000768046  -0.0001226257
        0.0007470669  -0.0007272225   0.0019518988   0.0012775613  -0.0004618751
        0.0000064574   0.0002191091  -0.0012526569   0.0009358940  -0.0011757349
       -0.0000195350   0.0000122315   0.0001996991   0.0020970353  -0.0132066535
        0.0021204285   0.0002590604  -0.0002426416   0.0002692743   0.0022033641
       -0.0002211874  -0.0000405877  -0.0014033615   0.0013725083   0.0002644219
       -0.0167448572   0.5168024185  -0.0639865917  -0.0002740783  -0.0008338193
       -0.0000630729  -0.0004793660  -0.0002266287   0.0000191063   0.0003789257
        0.0001207196   0.0003514133  -0.0000786433   0.0001659141  -0.0000658098
       -0.0001604169  -0.0000931259  -0.0000675751  -0.0005920351   0.0001969884
       -0.0000388239  -0.0885215222  -0.3377796170   0.1495305841  -0.0000474718
        0.0004350030   0.0000536865
       -0.0001367586   0.0000496296   0.0001500845  -0.0042005659   0.0033552481
        0.0063388760  -0.0002446228  -0.0007481323   0.0012697388   0.0593009190
       -0.0380228140  -0.1070265642   0.0240727233  -0.0288300214  -0.0253525837
        0.0083329335  -0.0059734572   0.0007448162   0.0005372894   0.0005922825
        0.0012211284  -0.0002270330   0.0012048110   0.0014064832  -0.0005557791
        0.0003322723   0.0003664532  -0.0001385091   0.0003146806  -0.0009704252
        0.0001158019  -0.0001034154   0.0002174916  -0.0002224360   0.0032253929
        0.0009318908   0.0001399361   0.0000562407   0.0002785515   0.0015528186
       -0.0002209800   0.0000220903  -0.0001705611   0.0008951313   0.0008804775
       -0.1426622503  -0.0639865917   0.2029238451  -0.0007385329  -0.0008378371
        0.0004052932   0.0000829931   0.0003359724  -0.0003790212   0.0000445861
       -0.0003624515  -0.0000909516  -0.0001230067  -0.0000292490  -0.0000230636
        0.0000181351  -0.0001165018   0.0000861357  -0.0003332844  -0.0003129667
       -0.0001800728   0.0554624513   0.1287247452  -0.0832267263   0.0000927525
        0.0004580114   0.0000060525
       -0.0650562367   0.0158832880  -0.0130255806  -0.0079512484  -0.0060587810
       -0.0353758004  -0.0068637455  -0.0021263768  -0.0031805505   0.0008017477
        0.0009208181   0.0000491359   0.0001549087   0.0005897734  -0.0005457729
        0.0004721265   0.0006499299   0.0000255878  -0.0000898447   0.0000315161
       -0.0000842156   0.0003654355  -0.0000925597  -0.0001209832   0.0001783220
        0.0000503972  -0.0001298208   0.0016384588  -0.0006524182   0.0003550462
       -0.0000532193  -0.0000497338  -0.0002076192   0.0001719109  -0.0001925477
       -0.0023811601  -0.0002519844   0.0003518028  -0.0000356188  -0.0004384172
       -0.0000551432  -0.0000387842  -0.0000363983  -0.0001600140   0.0000058591
        0.0003201157  -0.0002740783  -0.0007385329   0.2704990079  -0.2066209015
       -0.0223561716   0.0019817465   0.0029903063   0.0216430169   0.0033259764
        0.0012412012   0.0022673930   0.0000852401  -0.0001582723   0.0000838955
        0.0000980983   0.0000033130  -0.0000037284   0.0000190911   0.0000952764
        0.0000039911  -0.0000543930   0.0002222351   0.0001802700  -0.1993166985
        0.1934109688   0.0536101438
        0.0114393811  -0.0634288744  -0.0193537870  -0.0048298004   0.0000826661
       -0.0129351246  -0.0024832165  -0.0001809833  -0.0011069698  -0.0003233202
        0.0006303239  -0.0005047512   0.0002596104   0.0004188211  -0.0004067006
        0.0003321214   0.0005355436  -0.0000310794  -0.0000712236  -0.0000881941
       -0.0000982091   0.0003120665  -0.0000145445   0.0000015282   0.0001197080
       -0.0000493461  -0.0000930934   0.0002419004  -0.0002304419   0.0004910823
        0.0000295056  -0.0000770533  -0.0001086858   0.0013144226   0.0008570238
        0.0002447182  -0.0001080650   0.0000506477   0.0000392358  -0.0003431141
        0.0000104132  -0.0000732822   0.0000822347  -0.0001352715  -0.0000463603
        0.0002030152  -0.0008338193  -0.0008378371  -0.2066209015   0.2637197136
        0.0986397042  -0.0004907343  -0.0036209944  -0.0271165956   0.0022230341
        0.0060592761   0.0255607400   0.0000323734   0.0000362662  -0.0000067621
        0.0000469377  -0.0000218845   0.0000060051  -0.0000552591   0.0001057706
        0.0000132600  -0.0000977268   0.0001748265   0.0001912052   0.1987870503
       -0.2039998850  -0.0624682408
       -0.0347922454  -0.0051796820  -0.2227917764  -0.0183218935  -0.0102101174
       -0.0314266483  -0.0053596882  -0.0015601132  -0.0015049611   0.0004265975
        0.0020746605  -0.0013496395   0.0000548317  -0.0003051066   0.0006375234
        0.0003701080   0.0002047405   0.0003725946   0.0002841261   0.0002409860
        0.0000697463   0.0004627629   0.0000018030  -0.0002023282  -0.0001760550
       -0.0000574486   0.0000466468   0.0009641050  -0.0000367690  -0.0002332285
        0.0002381841  -0.0001096098   0.0000499434   0.0023774292   0.0000465728
        0.0019603068   0.0000491757   0.0000174352   0.0003304167  -0.0001225263
        0.0000222562  -0.0000822432  -0.0000970677  -0.0001424913   0.0003716318
        0.0005268740  -0.0000630729   0.0004052932  -0.0223561716   0.0986397042
        0.3834676554   0.0027462539  -0.0078683615  -0.0213321896  -0.0021686564
        0.0071538924  -0.0450775387   0.0000533465  -0.0000105974  -0.0000604841
        0.0000602581   0.0000029041   0.0001500645  -0.0000593950  -0.0000084009
       -0.0000515451  -0.0003551182  -0.0003350090   0.0000794247   0.0751947648
       -0.0825181754  -0.0638286651
       -0.1394242730   0.1087562975   0.0405558835  -0.0213652944   0.0188017227
        0.0063260201   0.0000489610   0.0002311103  -0.0000706946  -0.0000252887
        0.0010968116   0.0004935824  -0.0000968449   0.0000333425   0.0001005538
        0.0001099656   0.0002217892   0.0000420290   0.0000312765   0.0000544711
        0.0000119731   0.0000114930   0.0000738484  -0.0000619772   0.0000406066
        0.0000273077  -0.0000649829  -0.0005512459   0.0009380418   0.0007607109
        0.0000258656   0.0000195424   0.0000050298  -0.0072856237  -0.0015835936
       -0.0017304717  -0.0007979694   0.0001931018  -0.0000026474   0.0000962124
       -0.0001091154  -0.0000197612   0.0001510870   0.0000529936  -0.0000703403
        0.0004278893  -0.0004793660   0.0000829931   0.0019817465  -0.0004907343
        0.0027462539   0.1613538733  -0.1256690550  -0.0473177120   0.0038100385
       -0.0025484570  -0.0012293056   0.0000605385  -0.0000666275   0.0000364006
       -0.0000049773   0.0000455939   0.0000098577   0.0000634105   0.0000447078
        0.0000060890   0.0001194450   0.0002204091  -0.0003547960   0.0012191082
        0.0001358572  -0.0002546881
        0.1107077770  -0.1664568660  -0.0434484912  -0.0024735066   0.0038816461
        0.0015788694   0.0000012621   0.0000950198   0.0001808505  -0.0007604602
        0.0003649070  -0.0002420656   0.0000334068  -0.0000590879  -0.0000309391
        0.0001770002  -0.0000470826  -0.0000718299   0.0000032265   0.0000232903
        0.0000259933   0.0000706758   0.0000415124  -0.0000544460  -0.0000018550
       -0.0000115463  -0.0000000348  -0.0001442105   0.0002077028   0.0001156550
        0.0000500675  -0.0000122895   0.0000407646  -0.0023192019   0.0004710186
        0.0001311384  -0.0001915533   0.0000753118   0.0000744678   0.0000608961
        0.0000273881  -0.0000026907  -0.0000185840  -0.0000057944   0.0000125786
       -0.0002930793  -0.0002266287   0.0003359724   0.0029903063  -0.0036209944
       -0.0078683615  -0.1256690550   0.1883795376   0.0545674015   0.0182108937
       -0.0240433287  -0.0041925810  -0.0000605339   0.0000404923  -0.0000261215
       -0.0000056753  -0.0000073515  -0.0000008618  -0.0000077206  -0.0000216082
        0.0000068886  -0.0001225412  -0.0002053897  -0.0000136911  -0.0002375352
        0.0011101413  -0.0011184657
        0.0368175394  -0.0384289325  -0.0537301860  -0.0017486756   0.0029327995
        0.0020523274  -0.0004417903   0.0002582327  -0.0000490530   0.0005100334
        0.0000841919   0.0003419356   0.0002137397  -0.0000794478  -0.0003057234
       -0.0000137979  -0.0000065323  -0.0000712307  -0.0000597073  -0.0000035321
       -0.0000326523  -0.0000074850   0.0000295594   0.0000064519  -0.0000329996
       -0.0000322698  -0.0000334359  -0.0001352033   0.0001695443   0.0001791318
       -0.0000009538  -0.0000050698  -0.0000180991  -0.0014827743  -0.0006265474
        0.0000653566  -0.0002278119   0.0000424288   0.0000187873  -0.0000231072
       -0.0000453135  -0.0000057498   0.0000403403  -0.0000056971  -0.0000429787
       -0.0002152917   0.0000191063  -0.0003790212   0.0216430169  -0.0271165956
       -0.0213321896  -0.0473177120   0.0545674015   0.0753687595  -0.0074043349
        0.0097608893   0.0038850503   0.0000415434  -0.0000083249   0.0000040866
        0.0000025327   0.0000122046   0.0000206910  -0.0000248790   0.0000206408
        0.0000149263   0.0000891469   0.0000489992   0.0001300853  -0.0002213692
       -0.0015877357  -0.0060872701
       -0.0509983771  -0.0344003062   0.0206132594  -0.0117783325  -0.0282228724
        0.0106159841   0.0005302054  -0.0001872186   0.0003808133  -0.0058805407
       -0.0010461644  -0.0014611317  -0.0000170954   0.0002829880  -0.0001150169
        0.0000335218  -0.0011011299   0.0007157081   0.0000285922   0.0000408427
        0.0000187050   0.0002352427  -0.0000573268  -0.0001292900   0.0000471623
       -0.0000028511  -0.0000512789  -0.0000622616  -0.0002118100   0.0001651642
        0.0000931628  -0.0000453946   0.0000772753   0.0018326850   0.0002416508
       -0.0004747293   0.0001191321  -0.0000409609  -0.0000206748   0.0000081348
        0.0000967199  -0.0000052818  -0.0005689609  -0.0002447171   0.0000746275
        0.0002631619   0.0003789257   0.0000445861   0.0033259764   0.0022230341
       -0.0021686564   0.0038100385   0.0182108937  -0.0074043349   0.0585253367
        0.0449786589  -0.0214802833  -0.0000730910   0.0000491766   0.0000054056
        0.0000155112  -0.0000301053   0.0000004257  -0.0000494619  -0.0001002987
        0.0000173440   0.0000522587   0.0000797658  -0.0000551959   0.0005079990
       -0.0008915004   0.0006365758
       -0.0367083946  -0.2060621917   0.0824032024  -0.0059626990  -0.0122273974
        0.0042386699   0.0000076489  -0.0001572254  -0.0001684096  -0.0029103436
       -0.0001709206  -0.0007071676   0.0001920427   0.0003144614  -0.0003796425
        0.0001318454  -0.0004925516   0.0003642931  -0.0000405377  -0.0000213634
       -0.0000379878   0.0002350796  -0.0000074302  -0.0000729428   0.0000517015
       -0.0000106756  -0.0000456185   0.0003091889  -0.0000849896   0.0002930660
        0.0000271700  -0.0000288081  -0.0000059014   0.0005783400   0.0006198292
       -0.0002755306   0.0000522110  -0.0000454265  -0.0000523505  -0.0001364639
        0.0000511086  -0.0000175475  -0.0003454864  -0.0001622075  -0.0000097144
       -0.0000607799   0.0001207196  -0.0003624515   0.0012412012   0.0060592761
        0.0071538924  -0.0025484570  -0.0240433287   0.0097608893   0.0449786589
        0.2341426198  -0.1009126729   0.0000348514   0.0000651268   0.0000120297
        0.0000279805  -0.0000196253  -0.0000031298  -0.0000276150  -0.0000245216
        0.0000075139   0.0000005985   0.0001749217   0.0001747864   0.0008722588
        0.0020106002  -0.0013572760
        0.0225863857   0.0823066203  -0.0770493949  -0.0007271797  -0.0022047796
        0.0029253346  -0.0003514121  -0.0005484812   0.0002664507  -0.0009830226
       -0.0002407829   0.0005948528  -0.0001345153  -0.0002220825  -0.0001236109
       -0.0000138853  -0.0002218494   0.0000343564  -0.0000016082   0.0000176505
        0.0000107158  -0.0000279252  -0.0000247599   0.0000315148  -0.0000512619
       -0.0000061933  -0.0000186694  -0.0001203497  -0.0000434665  -0.0001016824
       -0.0000694052  -0.0000317583  -0.0000401035   0.0003460642  -0.0002238665
       -0.0001506859  -0.0000095067   0.0000100152   0.0000027884  -0.0000130654
        0.0000044758  -0.0000069756  -0.0001010211  -0.0000246225   0.0000259862
        0.0000502753   0.0003514133  -0.0000909516   0.0022673930   0.0255607400
       -0.0450775387  -0.0012293056  -0.0041925810   0.0038850503  -0.0214802833
       -0.1009126729   0.1145130030   0.0000146628  -0.0000166033   0.0000367840
        0.0000027746  -0.0000139859   0.0000323632  -0.0000189659  -0.0000287314
        0.0000079778  -0.0000547032  -0.0001253549   0.0000876417   0.0001198606
        0.0008316568   0.0002047929
       -0.0000057953  -0.0000908499  -0.0000326325  -0.0003362818   0.0003485649
        0.0001748298   0.0000631635  -0.0000118161  -0.0001486901  -0.0000308402
       -0.0000753270   0.0000593600   0.0000192397   0.0000450907  -0.0000454974
        0.0001221210   0.0005135755  -0.0003148530   0.0000717898  -0.0000666015
       -0.0000174956  -0.0016187288   0.0020034893   0.0014825324  -0.0000610304
        0.0000397700  -0.0002366907   0.0062319053   0.0185998466  -0.0070287172
        0.0008270263  -0.0000096710   0.0000528470   0.0036769484  -0.0002393616
       -0.0000768319  -0.1032141197  -0.1593856569   0.0650344873   0.0003921611
       -0.0000364909   0.0000007847   0.0000197567   0.0001907775  -0.0000596407
        0.0001175220  -0.0000786433  -0.0001230067   0.0000852401   0.0000323734
        0.0000533465   0.0000605385  -0.0000605339   0.0000415434  -0.0000730910
        0.0000348514   0.0000146628   0.0939817932   0.1380552805  -0.0587614770
        0.0001122782   0.0000438829   0.0000641367  -0.0000951006   0.0000718788
        0.0000042285  -0.0000429705  -0.0000511639   0.0000512978  -0.0003035254
        0.0001267343  -0.0001885243
       -0.0000645008   0.0000772631  -0.0000173969  -0.0000953723  -0.0004798668
       -0.0000520407   0.0000046449   0.0001008560   0.0002162271   0.0000056758
        0.0000769740   0.0002047254   0.0000102267  -0.0000046122  -0.0000683358
       -0.0005520208  -0.0010572970   0.0003944649   0.0000505827  -0.0000526725
        0.0000449852   0.0022425531  -0.0040233550  -0.0016552569  -0.0000322650
        0.0001581299  -0.0004428920  -0.0044992638  -0.0309293304   0.0023577066
       -0.0003123950   0.0001284562   0.0006648006  -0.0003286293   0.0014382577
        0.0000368560  -0.1355006463  -0.3038626249   0.0806743930   0.0007238623
        0.0009522720  -0.0001367863   0.0003195180  -0.0005288591  -0.0000826317
        0.0000209719   0.0001659141  -0.0000292490  -0.0001582723   0.0000362662
       -0.0000105974  -0.0000666275   0.0000404923  -0.0000083249   0.0000491766
        0.0000651268  -0.0000166033   0.1380552805   0.3376431133  -0.0823285345
       -0.0000422070  -0.0000653341   0.0001986566   0.0000283033   0.0001001518
       -0.0000298862  -0.0000343857   0.0000594474  -0.0000077494   0.0001757899
       -0.0000387688   0.0000934696
       -0.0000401107  -0.0000132556  -0.0000101571  -0.0002364211   0.0000176828
        0.0003343280  -0.0000053935  -0.0000902981  -0.0000831557   0.0001266367
        0.0000157691  -0.0000420007  -0.0000667294   0.0000676936  -0.0000266185
        0.0000284108  -0.0001561921   0.0003199880  -0.0000540119  -0.0000133424
        0.0000062980   0.0011521068   0.0003007983  -0.0000346410   0.0000912862
        0.0001317528   0.0000722771  -0.0102048497  -0.0124068234   0.0027364707
        0.0003625270  -0.0017773274   0.0010161329   0.0016565469   0.0007890864
       -0.0004846786   0.0664875132   0.0953600624  -0.0443280214  -0.0001178707
        0.0004165730  -0.0001174675  -0.0000714078   0.0000113721  -0.0000712124
       -0.0001353052  -0.0000658098  -0.0000230636   0.0000838955  -0.0000067621
       -0.0000604841   0.0000364006  -0.0000261215   0.0000040866   0.0000054056
        0.0000120297   0.0000367840  -0.0587614770  -0.0823285345   0.0409975811
       -0.0001686152  -0.0003193119  -0.0002722647   0.0000370261  -0.0000608441
        0.0000384508   0.0000461110  -0.0000012718   0.0000074282  -0.0002516742
        0.0001430745  -0.0000160603
       -0.0000302886  -0.0000316205  -0.0000071475  -0.0001148423   0.0000958111
        0.0002167705  -0.0001336730  -0.0000349359  -0.0000049896  -0.0006042638
        0.0002128506  -0.0000894155   0.0001127752  -0.0000250167   0.0000838046
        0.0002623782   0.0003662795  -0.0010827459  -0.0003280899   0.0003032386
        0.0003895002  -0.0132410780   0.0035665655  -0.0349433659  -0.0045931552
       -0.0008929508  -0.0012876995   0.0003015601  -0.0008309069  -0.0010075919
       -0.0003076112  -0.0003471255   0.0008082119   0.0010174957   0.0005131094
        0.0000644215  -0.0000753083   0.0001289217   0.0004150779  -0.0542707845
        0.0002920395  -0.0636129348   0.0001645630  -0.0005376758   0.0003762831
        0.0004019692  -0.0001604169   0.0000181351   0.0000980983   0.0000469377
        0.0000602581  -0.0000049773  -0.0000056753   0.0000025327   0.0000155112
        0.0000279805   0.0000027746   0.0001122782  -0.0000422070  -0.0001686152
        0.0713245013  -0.0031391761   0.0999165230   0.0000694916   0.0004973651
       -0.0000989585  -0.0001239404   0.0000096029  -0.0000217368  -0.0000526094
       -0.0000129947  -0.0000290923
        0.0000199891  -0.0000467949  -0.0000092368  -0.0002237636   0.0002492657
        0.0001273545  -0.0000194723   0.0000124688  -0.0000817054   0.0001397913
       -0.0000536747  -0.0000644500  -0.0000146653   0.0000108010  -0.0000517023
        0.0002756509   0.0007424116   0.0013031178   0.0002974941   0.0001694559
       -0.0003571912  -0.0022117953  -0.0030019280  -0.0085459898  -0.0030413617
        0.0004557684  -0.0016161517  -0.0011311467   0.0014851759  -0.0029203819
       -0.0000590629   0.0005907134   0.0002687241   0.0008629963  -0.0001262831
        0.0003775682   0.0002804464  -0.0001298840   0.0004831189   0.0077568359
       -0.0150136096   0.0704388206   0.0000909743  -0.0001683201  -0.0004388553
       -0.0000304356  -0.0000931259  -0.0001165018   0.0000033130  -0.0000218845
        0.0000029041   0.0000455939  -0.0000073515   0.0000122046  -0.0000301053
       -0.0000196253  -0.0000139859   0.0000438829  -0.0000653341  -0.0003193119
       -0.0031391761   0.0152751964  -0.0595083058   0.0000271286  -0.0001653698
        0.0009812219   0.0000904563  -0.0000763905   0.0000795107  -0.0000335683
       -0.0000016814  -0.0000307757
       -0.0000237447  -0.0000401666  -0.0001394524  -0.0000534945  -0.0000264669
       -0.0000088175   0.0000187217  -0.0000072164   0.0000517216  -0.0000677369
       -0.0001073241  -0.0000453485   0.0001699454  -0.0000084905   0.0001104155
        0.0004914372   0.0009539423   0.0008215115  -0.0002630245   0.0001465109
        0.0002344526  -0.0092964249  -0.0031091026  -0.0052886753  -0.0024694729
       -0.0002906971   0.0000587552  -0.0001140751   0.0000661965   0.0026362373
       -0.0005700363  -0.0005991537   0.0002290716   0.0006543870   0.0005554884
       -0.0000507117   0.0005063122  -0.0001868341   0.0000020293  -0.0888979294
        0.0625079900  -0.3949109514   0.0000206529  -0.0004763332   0.0002089996
        0.0001118772  -0.0000675751   0.0000861357  -0.0000037284   0.0000060051
        0.0001500645   0.0000098577  -0.0000008618   0.0000206910   0.0000004257
       -0.0000031298   0.0000323632   0.0000641367   0.0001986566  -0.0002722647
        0.0999165230  -0.0595083058   0.3966358332  -0.0002504010  -0.0000217190
       -0.0004181669   0.0000129062  -0.0000015441  -0.0001033635   0.0000328855
        0.0000201310  -0.0000405301
       -0.0001269085  -0.0001873417   0.0001206228  -0.0004710637   0.0000241811
        0.0002572151  -0.0000367442  -0.0000893955  -0.0000698739  -0.0018741644
       -0.0011975229   0.0013028514   0.0002186106   0.0000868525   0.0005199296
       -0.0051095177  -0.0088914117   0.0053149372   0.0001059251   0.0000125955
       -0.0004656246   0.0002205856   0.0016428887  -0.0001854306   0.0001233987
       -0.0002676406  -0.0002089866  -0.0007522544  -0.0004460565   0.0001565840
        0.0000817674   0.0000434419  -0.0001006527   0.0004445883  -0.0000298085
       -0.0000655008   0.0001548483   0.0001672659  -0.0001025692   0.0021926467
       -0.0027643450   0.0007286882  -0.4130415318  -0.0238099322   0.0441940674
        0.0007258113  -0.0005920351  -0.0003332844   0.0000190911  -0.0000552591
       -0.0000593950   0.0000634105  -0.0000077206  -0.0000248790  -0.0000494619
       -0.0000276150  -0.0000189659  -0.0000951006   0.0000283033   0.0000370261
        0.0000694916   0.0000271286  -0.0002504010   0.4167043761   0.0365737618
       -0.0505203376   0.0004529960  -0.0003110389  -0.0002747380  -0.0000207998
        0.0000707038   0.0000487172
       -0.0000784542  -0.0003550091   0.0002025083  -0.0015551101  -0.0003462463
        0.0000560391  -0.0000437499   0.0000323870  -0.0001020291  -0.0015199969
       -0.0045202501   0.0028536270   0.0000589083  -0.0000055523  -0.0000025245
       -0.0308663840  -0.0078300485   0.0046000635  -0.0004169499   0.0004904659
       -0.0000028682  -0.0015778040  -0.0002750594  -0.0003761256  -0.0002899778
       -0.0006611263  -0.0003164489  -0.0003085489  -0.0003291813   0.0003553344
       -0.0000288169   0.0000797451  -0.0000992653   0.0002268036   0.0003320796
       -0.0001231724  -0.0000148041   0.0002622015  -0.0000195057  -0.0012887688
        0.0023508367   0.0000265342   0.0004274529  -0.0296339373   0.0161898227
        0.0002865524   0.0001969884  -0.0003129667   0.0000952764   0.0001057706
       -0.0000084009   0.0000447078  -0.0000216082   0.0000206408  -0.0001002987
       -0.0000245216  -0.0000287314   0.0000718788   0.0001001518  -0.0000608441
        0.0004973651  -0.0001653698  -0.0000217190   0.0365737618   0.0401474599
       -0.0230285358  -0.0001673407   0.0001446926   0.0001973213  -0.0000257022
       -0.0000748687   0.0000012465
        0.0000063001   0.0000673750  -0.0000514984   0.0003145649   0.0002031324
        0.0002034238   0.0000138637   0.0000098342  -0.0000094249  -0.0000653473
        0.0011317750  -0.0003416198  -0.0003119600  -0.0000656254  -0.0001465292
        0.0178552521   0.0030017865  -0.0049520800   0.0011368457   0.0011597602
       -0.0002673092  -0.0002491636   0.0008451895   0.0015269230  -0.0002224039
       -0.0004980234  -0.0000201378   0.0000239529  -0.0000470643   0.0001763417
        0.0000257317   0.0000715444  -0.0000918644   0.0000603784  -0.0001699915
       -0.0001719519  -0.0000455301  -0.0000582245  -0.0001714457  -0.0003333338
       -0.0011548718  -0.0010888332   0.0326997678   0.0177413835  -0.0152546994
       -0.0005646815  -0.0000388239  -0.0001800728   0.0000039911   0.0000132600
       -0.0000515451   0.0000060890   0.0000068886   0.0000149263   0.0000173440
        0.0000075139   0.0000079778   0.0000042285  -0.0000298862   0.0000384508
       -0.0000989585   0.0009812219  -0.0004181669  -0.0505203376  -0.0230285358
        0.0210583230   0.0002428168  -0.0001091023   0.0001796718   0.0000005897
       -0.0000405161   0.0000111404
       -0.0000337108  -0.0000375260   0.0001266628  -0.0011633585   0.0011902116
        0.0017554223  -0.0000492802   0.0001261142  -0.0002442023   0.0016930983
        0.0206975228  -0.0082924717   0.0008986562  -0.0002199646   0.0004762859
        0.0009058406   0.0016765915  -0.0007641587  -0.0004291707   0.0003326327
       -0.0001943568  -0.0002564473  -0.0000424794   0.0001927495   0.0000635046
        0.0000286650  -0.0000328495  -0.0000463566   0.0001892453   0.0000365090
        0.0000075095   0.0000360620  -0.0000264579  -0.0000410848   0.0013402651
       -0.0001654372   0.0000817666  -0.0001703494  -0.0001106436   0.0004266309
       -0.0001767457  -0.0001045573   0.0010803637  -0.0005078135  -0.0008296415
       -0.0417857862  -0.0885215222   0.0554624513  -0.0000543930  -0.0000977268
       -0.0003551182   0.0001194450  -0.0001225412   0.0000891469   0.0000522587
        0.0000005985  -0.0000547032  -0.0000429705  -0.0000343857   0.0000461110
       -0.0001239404   0.0000904563   0.0000129062   0.0004529960  -0.0001673407
        0.0002428168   0.0382890465   0.0642857342  -0.0472943502  -0.0000446173
        0.0001042956   0.0000278865
       -0.0002248923   0.0000214492   0.0003739272   0.0022836771  -0.0033753767
       -0.0014930309  -0.0000715579   0.0003459840  -0.0007378062   0.0008543491
       -0.0263101123   0.0031912757  -0.0000063012  -0.0000406043   0.0002526955
       -0.0002212179   0.0003299672   0.0010132090  -0.0000105611   0.0000002348
        0.0000380117   0.0002873553  -0.0002986384  -0.0002155179   0.0000576474
       -0.0000007432   0.0000132555  -0.0001608736  -0.0002633615   0.0003882903
        0.0000254274   0.0000163648  -0.0001118660   0.0001997300  -0.0014047669
       -0.0000894237   0.0000862286   0.0000962746  -0.0000914675  -0.0004197121
        0.0002144961  -0.0000247424   0.0010100188   0.0004696856  -0.0007504002
       -0.0680675584  -0.3377796170   0.1287247452   0.0002222351   0.0001748265
       -0.0003350090   0.0002204091  -0.0002053897   0.0000489992   0.0000797658
        0.0001749217  -0.0001253549  -0.0000511639   0.0000594474  -0.0000012718
        0.0000096029  -0.0000763905  -0.0000015441  -0.0003110389   0.0001446926
       -0.0001091023   0.0642857342   0.3677241127  -0.1300116636  -0.0000773037
       -0.0000174567   0.0000537910
        0.0001624510  -0.0001536904  -0.0002473398   0.0012587511  -0.0004930371
       -0.0007264896   0.0000530516   0.0000697164   0.0003063129  -0.0048820137
       -0.0167899046   0.0052448237   0.0001846506  -0.0018713431   0.0012407697
        0.0008634683   0.0003814708   0.0008916732  -0.0003507077   0.0003225732
       -0.0001945732  -0.0000975527   0.0001155086  -0.0000270801   0.0000587189
       -0.0000815860  -0.0000513683   0.0002084158   0.0000693339  -0.0000208010
       -0.0000483031   0.0000358902  -0.0000175127   0.0000809230  -0.0010101484
        0.0001417710  -0.0001539967   0.0000127509  -0.0000014177   0.0000224031
       -0.0001088686   0.0000302961  -0.0006364109  -0.0005777346  -0.0007179449
        0.0511128000   0.1495305841  -0.0832267263   0.0001802700   0.0001912052
        0.0000794247  -0.0003547960  -0.0000136911   0.0001300853  -0.0000551959
        0.0001747864   0.0000876417   0.0000512978  -0.0000077494   0.0000074282
       -0.0000217368   0.0000795107  -0.0001033635  -0.0002747380   0.0001973213
        0.0001796718  -0.0472943502  -0.1300116636   0.0770247124  -0.0000673996
       -0.0000612351  -0.0000299938
        0.0025884179  -0.0050869357   0.0028556259   0.0012485876  -0.0006685929
       -0.0007720945   0.0000913641   0.0001234605   0.0002442011  -0.0004023609
        0.0000204242  -0.0001339372   0.0000196020  -0.0001506085   0.0001596550
       -0.0000896593  -0.0001931399  -0.0000798763   0.0000446015  -0.0000121282
        0.0000235502  -0.0001261516   0.0000070367   0.0000899455  -0.0002204187
       -0.0001943610   0.0000055448  -0.0010974659   0.0000628519  -0.0004866792
        0.0001128046   0.0000530110   0.0002707602   0.0018471376   0.0000529545
        0.0013123318   0.0005185205  -0.0003036400   0.0001323156   0.0002585105
        0.0001319018  -0.0000242645   0.0000889569   0.0001114089  -0.0000056177
        0.0001967940  -0.0000474718   0.0000927525  -0.1993166985   0.1987870503
        0.0751947648   0.0012191082  -0.0002375352  -0.0002213692   0.0005079990
        0.0008722588   0.0001198606  -0.0003035254   0.0001757899  -0.0002516742
       -0.0000526094  -0.0000335683   0.0000328855  -0.0000207998  -0.0000257022
        0.0000005897  -0.0000446173  -0.0000773037  -0.0000673996   0.1929319024
       -0.1933671611  -0.0784918708
       -0.0002836940  -0.0047709204  -0.0076082938   0.0017284052  -0.0002529182
       -0.0007965385   0.0002498055   0.0001128950   0.0002943839   0.0003610885
       -0.0004692633  -0.0002820380  -0.0002026437  -0.0008720749   0.0000525464
       -0.0001179169  -0.0002250374  -0.0001400387   0.0000312062   0.0000616677
        0.0000925526  -0.0001330724  -0.0000067115  -0.0000604234  -0.0001905084
        0.0000241072   0.0001165897  -0.0002580702   0.0003437924  -0.0004223892
        0.0001010509   0.0000466636   0.0001613747  -0.0007935306  -0.0003473650
        0.0009593404   0.0000669188   0.0000292250   0.0000325691   0.0002489422
        0.0000838718   0.0000735769  -0.0000389988   0.0001855135   0.0001114156
       -0.0003458858   0.0004350030   0.0004580114   0.1934109688  -0.2039998850
       -0.0825181754   0.0001358572   0.0011101413  -0.0015877357  -0.0008915004
        0.0020106002   0.0008316568   0.0001267343  -0.0000387688   0.0001430745
       -0.0000129947  -0.0000016814   0.0000201310   0.0000707038  -0.0000748687
       -0.0000405161   0.0001042956  -0.0000174567  -0.0000612351  -0.1933671611
        0.2066334706   0.0901701607
        0.0234549020  -0.0257096991  -0.0195869725   0.0005803384  -0.0007719668
        0.0000021589   0.0003377022   0.0001000306   0.0003571100   0.0002131446
       -0.0001311769   0.0001083278  -0.0000347957   0.0000516095   0.0002221603
       -0.0000993602  -0.0000891923  -0.0000374707   0.0000047809  -0.0000468137
       -0.0000054327   0.0000075522   0.0000638981   0.0000847763   0.0001229654
        0.0000977290   0.0001205968  -0.0005324048   0.0002498143   0.0001805695
        0.0001817957   0.0000657403   0.0001646212   0.0000172088   0.0005935201
        0.0000521238   0.0002374424  -0.0000842795  -0.0000703145   0.0001718277
        0.0001240549  -0.0000222752   0.0000123471   0.0000891353  -0.0000750109
       -0.0000345945   0.0000536865   0.0000060525   0.0536101438  -0.0624682408
       -0.0638286651  -0.0002546881  -0.0011184657  -0.0060872701   0.0006365758
       -0.0013572760   0.0002047929  -0.0001885243   0.0000934696  -0.0000160603
       -0.0000290923  -0.0000307757  -0.0000405301   0.0000487172   0.0000012465
        0.0000111404   0.0000278865   0.0000537910  -0.0000299938  -0.0784918708
        0.0901701607   0.0882855656
