           1           2   1.02609663088674     
           2           3   1.89016153192921     
           3           4   1.02445252630461     
           4           5  0.977351365593519     
           5           6  0.960982898165232     
           5           7  0.993942251729105     
           2           8  0.983808656118711     
           7           8  0.987613072590752     
           8           9  0.956879351260679     
           8          10  0.972212341515746     
           5          11  0.997467691168689     
          11          12   1.92802092305270     
          11          13   1.02591269169803     
           1          14  0.971006870571515     
           1          15  0.984551391209700     
           1          16  0.970478392065603     
           3          17  0.963788416299535     
           4          18  0.965539206397485     
           4          19  0.956059112905688     
           7          20  0.974159148090665     
           7          21  0.973522717445225     
          10          22  0.863728696090388     
          12          23  0.975309636599473     
          12          24  0.974394612896177     
          13          25  0.969669298454649     
          13          26  0.970773909068485     
          13          27  0.984465858625917     
