           1           2  0.983929374550593     
           2           3  0.956614276641758     
           2           4  0.972335541267656     
           4           5  0.953547296227938     
           4           6  0.963226810075338     
           6           7  0.957155508128553     
           6           8  0.964281688911869     
           8           9  0.958209467844166     
           8          10  0.957988054347005     
          10          11  0.948579385894334     
           2          12  0.954068742677194     
          10          12  0.969648117611387     
          10          13  0.995341006617948     
           8          14   1.00302391612563     
           6          15   1.00684378518542     
           4          16   1.00130371159645     
           1          17  0.999685054789022     
           1          18  0.968323400900730     
           1          19  0.967850549130962     
          13          20  0.829900146546383     
          14          21  0.842323667336922     
          15          22  0.850363765504719     
          16          23  0.829550628148425     
          17          24  0.835492071544747     
