           1           2   1.02247913693858     
           2           3   1.79807197107204     
           2           4  0.986753559799403     
           4           5  0.962072694459412     
           5           6   1.00205632983597     
           6           7   1.00440370090635     
           7           8   1.01017099841707     
           4           9  0.982121428332611     
           8           9   1.00381252596660     
           1          10  0.966579238160816     
           1          11  0.938978678307581     
           1          12  0.974891904991833     
           4          13  0.964208799687435     
           5          14  0.975064034281830     
           5          15  0.978502760189019     
           6          16  0.978131196133198     
           6          17  0.981094370330489     
           7          18  0.978588912557507     
           7          19  0.979317354279470     
           8          20  0.978325737199180     
           8          21  0.977387809347609     
           9          22  0.974375558104415     
           9          23  0.980396496951828     
