           1           2   1.02011200386923     
           2           3   1.00779270505896     
           3           4   1.02011222842580     
           1           5  0.987455688577550     
           1           6  0.986171114050713     
           1           7  0.987597540312615     
           2           8  0.978242693303276     
           2           9  0.978927384642304     
           3          10  0.978927120826929     
           3          11  0.978242648341067     
           4          12  0.987455904255199     
           4          13  0.987597440258049     
           4          14  0.986170991981951     
