           1           2   1.02498025301316     
           2           3   1.78591087397782     
           2           4   1.01225143492568     
           4           5   1.39129721231540     
           5           6   1.43080117800042     
           6           7   1.43715829120117     
           5           8  0.114350377323760     
           7           8   1.43450875705358     
           4           9   1.39206110421046     
           6           9  0.114477640615142     
           8           9   1.43291269978733     
           1          10  0.948353856155677     
           1          11  0.980816294857545     
           1          12  0.948277953301451     
           5          13  0.964867592785316     
           6          14  0.961892237392738     
           8          15  0.961462590987000     
           9          16  0.962351654371946     
