$hessian                                                                        
        0.4731343570   0.0195240637  -0.0004483697  -0.2108315461   0.0362928000
       -0.0001408618  -0.0150711376   0.0082210233   0.0000106528   0.0000110937
        0.0012342910   0.0000171718   0.0002093046   0.0006063948   0.0000078449
        0.0000858885  -0.0034589842   0.0000067202  -0.0306930095  -0.0005129988
       -0.0000074679  -0.0009590452   0.0000843218  -0.0000021455  -0.0009274075
        0.0003047234  -0.0000057555  -0.1148683915  -0.1113722116   0.0021449191
       -0.0506262206   0.0250062580   0.0408050877  -0.0509578965   0.0242020691
       -0.0423481815   0.0013221480  -0.0015179936  -0.0000195317  -0.0005114047
        0.0000749905  -0.0000031050   0.0007325584   0.0013797265  -0.0000148916
       -0.0001202933  -0.0001006075  -0.0000767973   0.0000119361   0.0001429853
       -0.0000005620  -0.0001206365  -0.0001080619   0.0000762582   0.0001797027
       -0.0000027900  -0.0000009852
        0.0195240637   0.5210880244   0.0001818607   0.0301931969  -0.0730634697
        0.0000224237   0.0279452017  -0.0109435770   0.0000383891   0.0006297827
       -0.0041798453   0.0000191717  -0.0006383084   0.0000175683  -0.0000017485
       -0.0027391052  -0.0027486451  -0.0000267751  -0.0191687166   0.0038878647
       -0.0000395948  -0.0010309867   0.0000394974   0.0000027117   0.0010375454
       -0.0000601548   0.0000028242  -0.1105177413  -0.2135193155   0.0030939559
        0.0267112930  -0.1148915172  -0.1064792616   0.0258984911  -0.1076151540
        0.1031771686   0.0018871377   0.0011338612  -0.0000078324   0.0014344273
       -0.0004711949  -0.0000023380  -0.0009141805   0.0013840732   0.0000192143
       -0.0001336000  -0.0001033707   0.0000110236   0.0000297598   0.0001720287
        0.0000010281  -0.0001350388  -0.0001011932  -0.0000117087  -0.0000132218
       -0.0000254805  -0.0000005125
       -0.0004483697   0.0001818607   0.4898478688   0.0000990883  -0.0000279814
       -0.0584990467   0.0000357952   0.0000169237   0.0018075218   0.0000124935
       -0.0000143663   0.0069752445   0.0000382309  -0.0000123569   0.0003720934
        0.0000200950   0.0000058815   0.0060289720   0.0000143266  -0.0000322626
       -0.0001371704   0.0000041811  -0.0000005703   0.0000747692  -0.0000493908
        0.0000126790  -0.0011611211   0.0020917229   0.0031002807  -0.0442338180
        0.0429756931  -0.1071550579  -0.1951476176  -0.0447808155   0.1039198896
       -0.2015496029  -0.0000077695   0.0000095512  -0.0022058704   0.0000023366
       -0.0000001324   0.0001191131  -0.0000107529  -0.0000049952  -0.0021425609
       -0.0000543437  -0.0000639106   0.0000311074  -0.0000006325  -0.0000008972
       -0.0000148329   0.0000521032   0.0000641696   0.0000305654   0.0000060083
        0.0000012949  -0.0001956148
       -0.2108315461   0.0301931969   0.0000990883   0.6306160347  -0.0025499102
        0.0001770660  -0.1136244226   0.1078660628   0.0000281541  -0.0095069535
        0.0334456256  -0.0000082970  -0.0006063178  -0.0148418280  -0.0000144972
       -0.0543684305  -0.0061505782  -0.0000045989  -0.1942860674  -0.1510679687
       -0.0000022136  -0.0035357448   0.0013118945   0.0000063702   0.0018387050
       -0.0002613230   0.0000052998  -0.0217666323  -0.0006047969  -0.0000318731
       -0.0129764120   0.0077813547   0.0034681703  -0.0133016388   0.0077085971
       -0.0037735594   0.0035596346  -0.0196441152   0.0000196659  -0.0054234727
        0.0015354794   0.0000049630   0.0054910712   0.0058818121   0.0000243679
       -0.0006773974  -0.0005978607  -0.0001964584   0.0000953672   0.0003948460
        0.0000005481  -0.0006772508  -0.0005855979   0.0001973026  -0.0000185259
        0.0001851100   0.0000005013
        0.0362928000  -0.0730634697  -0.0000279814  -0.0025499102   0.6575808183
       -0.0000059587   0.0273824308  -0.3019307058   0.0000113845   0.0916270992
        0.0013751566  -0.0000141592  -0.0131445096  -0.0656573212  -0.0000023026
       -0.0645810300   0.0482550120   0.0000197991  -0.0734731531  -0.2119409166
       -0.0000462068   0.0021043929   0.0003676892   0.0000003000  -0.0015044200
        0.0017641509  -0.0000000909  -0.0246848013   0.0039082417  -0.0000046800
        0.0186845438  -0.0057144105  -0.0016994278   0.0179235975  -0.0053305248
        0.0017902415   0.0034306429  -0.0247766765  -0.0000073192   0.0008391196
        0.0012602920  -0.0000033165  -0.0179014554  -0.0260993902  -0.0000091846
       -0.0004003358  -0.0003149895  -0.0000074631   0.0001446177  -0.0000161823
       -0.0000007083  -0.0004007495  -0.0003118106   0.0000081623   0.0002111206
        0.0006450371  -0.0000010883
       -0.0001408618   0.0000224237  -0.0584990467   0.0001770660  -0.0000059587
        0.1433692045  -0.0000002330  -0.0000162720  -0.0478826688   0.0000372532
        0.0000129279   0.0002676900  -0.0000313818   0.0000042981  -0.0050679652
        0.0000140347  -0.0000211779  -0.0011280751  -0.0000042380  -0.0000097779
       -0.0495662445  -0.0000015596  -0.0000015577   0.0078359645   0.0000329675
       -0.0000083011  -0.0000279087   0.0004508479  -0.0000932453   0.0003377532
        0.0233381967  -0.0062939612   0.0002627856  -0.0238619060   0.0064132073
        0.0001939585  -0.0000009927   0.0000075641   0.0006885637  -0.0000009914
        0.0000003398   0.0077435952  -0.0000039248  -0.0000096825   0.0011788476
       -0.0013119128  -0.0009888784   0.0001184189  -0.0000004486   0.0000015076
        0.0000229598   0.0013113298   0.0009883722   0.0001181837  -0.0000032455
       -0.0000018278   0.0000339839
       -0.0150711376   0.0279452017   0.0000357952  -0.1136244226   0.0273824308
       -0.0000002330   0.6708261034   0.0056741075  -0.0000975049  -0.3312354934
        0.0895156795   0.0000546483  -0.0537832738  -0.0652023464   0.0000077458
       -0.0325575614   0.0346016608   0.0000069619   0.0506089709   0.0029567405
       -0.0000287213  -0.0012573985  -0.0004007466   0.0000028616  -0.0004736500
       -0.0020272489   0.0000007231   0.0009964123   0.0022511344  -0.0000205399
       -0.0030424544   0.0017420671   0.0000594610  -0.0028811076   0.0017134571
       -0.0000437305  -0.1549186211  -0.1262722523   0.0000243387  -0.0102960442
        0.0040187086   0.0000013890  -0.0021290962  -0.0038214537  -0.0000019787
       -0.0000735481  -0.0004051299  -0.0000288746   0.0001665698   0.0001434226
       -0.0000007771  -0.0000723913  -0.0004045270   0.0000287792  -0.0011818562
        0.0005890942  -0.0000003438
        0.0082210233  -0.0109435770   0.0000169237   0.1078660628  -0.3019307058
       -0.0000162720   0.0056741075   0.6585311703   0.0000267351   0.0130187289
       -0.1039286308  -0.0000130383  -0.0081707585   0.0499621485   0.0000016263
        0.0345744704  -0.0279634496  -0.0000089883  -0.0540441157  -0.0617527566
        0.0000158375  -0.0002777239  -0.0001219069   0.0000003741  -0.0018931674
       -0.0052618509   0.0000001958  -0.0021538729   0.0012329380   0.0000107020
       -0.0002716172   0.0000248975   0.0003742879  -0.0003364076   0.0000145874
       -0.0004207800  -0.1258276366  -0.1870480355   0.0000128696   0.0280124913
       -0.0083694820  -0.0000052719  -0.0033084420  -0.0029908826   0.0000045261
        0.0002572963   0.0003225256  -0.0001069907  -0.0000641536   0.0003580710
        0.0000008263   0.0002571637   0.0003237264   0.0001061758  -0.0015334487
       -0.0004587872   0.0000002611
        0.0000106528   0.0000383891   0.0018075218   0.0000281541   0.0000113845
       -0.0478826688  -0.0000975049   0.0000267351   0.1123892275   0.0000298397
       -0.0000262135  -0.0417621194   0.0000111080   0.0000362037  -0.0023954447
        0.0000237382  -0.0000191942  -0.0034696942  -0.0000392243  -0.0000095820
        0.0013246533  -0.0000007057  -0.0000005568  -0.0001436358   0.0000037589
       -0.0000026570   0.0055548051  -0.0000110422  -0.0000108548  -0.0001037292
        0.0009959012  -0.0002248291  -0.0003131126  -0.0009849901   0.0001733373
       -0.0003275052   0.0000252802   0.0000118947  -0.0333086016   0.0000025138
       -0.0000009996  -0.0000208989   0.0000022459  -0.0000027185   0.0073070611
       -0.0000265883   0.0000074344   0.0000122103  -0.0000000709  -0.0000001911
        0.0000437465   0.0000276740  -0.0000077111   0.0000122326  -0.0000007404
        0.0000001291   0.0012759523
        0.0000110937   0.0006297827   0.0000124935  -0.0095069535   0.0916270992
        0.0000372532  -0.3312354934   0.0130187289   0.0000298397   0.6826815363
       -0.0157246712  -0.0001029348  -0.1845167463  -0.0712935654   0.0000108025
        0.0479493071  -0.0523780787  -0.0000122356  -0.0569480457  -0.0208350099
        0.0000232431   0.0014694702   0.0030104002  -0.0000010708  -0.0484703602
       -0.0287410699   0.0000086051   0.0001531175  -0.0000801790   0.0000095848
       -0.0009901222   0.0001904277  -0.0001911341  -0.0010010843   0.0001700880
        0.0001546932  -0.0234608737   0.0020582908   0.0000020771  -0.0699359978
        0.0769888224   0.0000140006  -0.0004463575  -0.0004282657   0.0000012244
       -0.0002041868   0.0005084368  -0.0000505398   0.0002315804   0.0004045021
        0.0000008297  -0.0002033896   0.0005028396   0.0000509949  -0.0055764943
        0.0003714214   0.0000022734
        0.0012342910  -0.0041798453  -0.0000143663   0.0334456256   0.0013751566
        0.0000129279   0.0895156795  -0.1039286308  -0.0000262135  -0.0157246712
        0.6581219910   0.0000333370  -0.1511074984  -0.2229852146   0.0000123416
        0.0016881496  -0.0557668475  -0.0000070072  -0.0180954585  -0.0039236337
        0.0000063758   0.0027390973  -0.0037687310  -0.0000038871  -0.0007351821
        0.0086340284   0.0000014251  -0.0003375947  -0.0001825101   0.0000013071
        0.0005249103  -0.0002285856   0.0001801736   0.0004804744  -0.0002239446
       -0.0001846901  -0.0223815336   0.0030310584   0.0000059845   0.0779637571
       -0.2761839148  -0.0000170634  -0.0003410326   0.0008454387  -0.0000006046
        0.0002562296   0.0003702086  -0.0002344714  -0.0009441800  -0.0011041786
       -0.0000000848   0.0002569884   0.0003609107   0.0002338881   0.0015619483
       -0.0002627559   0.0000006278
        0.0000171718   0.0000191717   0.0069752445  -0.0000082970  -0.0000141592
        0.0002676900   0.0000546483  -0.0000130383  -0.0417621194  -0.0001029348
        0.0000333370   0.1081246833   0.0000056877   0.0000050033  -0.0490434787
       -0.0000052289   0.0000018145  -0.0005750386   0.0000068740   0.0000051554
       -0.0031353440   0.0000004846  -0.0000017244   0.0064845784   0.0000127895
        0.0000035887   0.0038865410  -0.0000125681  -0.0000085902  -0.0000152714
       -0.0013742650   0.0006560639   0.0001425062   0.0013941924  -0.0006648469
        0.0001480555  -0.0000000747  -0.0000001195   0.0000766078   0.0000107374
       -0.0000208054  -0.0325911377   0.0000002844   0.0000000286  -0.0001218595
       -0.0005812648  -0.0010452536   0.0000104852   0.0000007144   0.0000006632
        0.0001730314   0.0005813321   0.0010437406   0.0000107801  -0.0000002834
       -0.0000000294   0.0009440459
        0.0002093046  -0.0006383084   0.0000382309  -0.0006063178  -0.0131445096
       -0.0000313818  -0.0537832738  -0.0081707585   0.0000111080  -0.1845167463
       -0.1511074984   0.0000056877   0.6218867645   0.0219960203  -0.0000840123
       -0.0942406956   0.0908352904   0.0000146393  -0.0113331084   0.0331939865
        0.0000040780   0.0007949778  -0.0151799160   0.0000026110  -0.2430769558
        0.0422609095   0.0000430550   0.0006705422   0.0003784821  -0.0000128002
        0.0011241814  -0.0003600100  -0.0008121103   0.0011537795  -0.0003546606
        0.0008214061  -0.0038939660   0.0017245852  -0.0000011623   0.0062613557
        0.0076572623  -0.0000069398  -0.0041974124   0.0008483836   0.0000035735
       -0.0007655569  -0.0023718486   0.0015840836  -0.0034703250  -0.0028392670
        0.0000018797  -0.0007673313  -0.0023318544  -0.0015828316  -0.0314492162
       -0.0023962881   0.0000008854
        0.0006063948   0.0000175683  -0.0000123569  -0.0148418280  -0.0656573212
        0.0000042981  -0.0652023464   0.0499621485   0.0000362037  -0.0712935654
       -0.2229852146   0.0000050033   0.0219960203   0.6541763462   0.0000534440
        0.0093778886  -0.2744024854  -0.0000387432   0.0892408782   0.0050748553
       -0.0000335470  -0.0006166752  -0.0311067749  -0.0000029618   0.0729100988
       -0.0977834376  -0.0000128272  -0.0001183833   0.0000599982  -0.0000101926
        0.0000561839   0.0004181886   0.0004929139   0.0000446571   0.0004271966
       -0.0004804851   0.0019795481   0.0007643892   0.0000005180  -0.0186156031
       -0.0274608408   0.0000003446  -0.0000342822   0.0012666903  -0.0000013686
        0.0012890846  -0.0002787559  -0.0005874987  -0.0026739423  -0.0039202771
       -0.0000017798   0.0012921667  -0.0002877657   0.0005855027  -0.0253962953
        0.0117154921   0.0000035325
        0.0000078449  -0.0000017485   0.0003720934  -0.0000144972  -0.0000023026
       -0.0050679652   0.0000077458   0.0000016263  -0.0023954447   0.0000108025
        0.0000123416  -0.0490434787  -0.0000840123   0.0000534440   0.1256559601
        0.0000022396  -0.0000420425  -0.0520815711   0.0000202496  -0.0000020764
       -0.0021810087  -0.0000019391  -0.0000035333   0.0005527148   0.0000386906
       -0.0000070408  -0.0340534303   0.0000000846  -0.0000037626   0.0000310201
       -0.0000139869   0.0000972161   0.0000019620   0.0000180040  -0.0000941246
        0.0000016506   0.0000009819  -0.0000000905   0.0081322217  -0.0000011985
       -0.0000022226   0.0018464748  -0.0000001207  -0.0000013349   0.0081591473
        0.0001404013   0.0001993542   0.0005067775  -0.0000002293  -0.0000028512
        0.0009508860  -0.0001373477  -0.0002002855   0.0005088826   0.0000062870
       -0.0000005660  -0.0018968923
        0.0000858885  -0.0027391052   0.0000200950  -0.0543684305  -0.0645810300
        0.0000140347  -0.0325575614   0.0345744704   0.0000237382   0.0479493071
        0.0016881496  -0.0000052289  -0.0942406956   0.0093778886   0.0000022396
        0.6608844657  -0.0129488066  -0.0000810128  -0.3202991381   0.0856104112
        0.0000356927  -0.1304720270  -0.0764388793  -0.0000116932  -0.0351980656
        0.0426223208   0.0000156915  -0.0008360517   0.0003967276  -0.0000264702
        0.0001580682   0.0003876900   0.0001642727   0.0001294905   0.0004099799
       -0.0001613857  -0.0000019427   0.0008709730   0.0000019799  -0.0024268188
       -0.0037901779   0.0000010383  -0.0117669582   0.0052225365  -0.0000007147
       -0.0181088784  -0.0154040192   0.0034330247   0.0086346148   0.0078280309
        0.0000014677  -0.0181372312  -0.0154261784  -0.0034255215   0.0005719643
        0.0023390181  -0.0000012481
       -0.0034589842  -0.0027486451   0.0000058815  -0.0061505782   0.0482550120
       -0.0000211779   0.0346016608  -0.0279634496  -0.0000191942  -0.0523780787
       -0.0557668475   0.0000018145   0.0908352904  -0.2744024854  -0.0000420425
       -0.0129488066   0.6174482382   0.0000813069   0.0072779528  -0.1016383798
        0.0000059902  -0.0695404407  -0.1472110447  -0.0000145048   0.0142296148
       -0.0143629231  -0.0000103054  -0.0011104218   0.0001549915   0.0000089844
        0.0001634520  -0.0005319003  -0.0002962633   0.0001699586  -0.0005364909
        0.0003005322   0.0007297410   0.0003298353  -0.0000007578  -0.0027921519
       -0.0024454282   0.0000005889   0.0285147792  -0.0109281086  -0.0000077258
       -0.0050045794  -0.0001964918   0.0027805291  -0.0162877587  -0.0269657027
       -0.0000029188  -0.0049823650  -0.0001614580  -0.0027715076  -0.0018682844
       -0.0003287214   0.0000007705
        0.0000067202  -0.0000267751   0.0060289720  -0.0000045989   0.0000197991
       -0.0011280751   0.0000069619  -0.0000089883  -0.0034696942  -0.0000122356
       -0.0000070072  -0.0005750386   0.0000146393  -0.0000387432  -0.0520815711
       -0.0000810128   0.0000813069   0.1392519954   0.0000413382  -0.0000149199
       -0.0434612173  -0.0000016639  -0.0000050369  -0.0591058328   0.0000089385
       -0.0000078475   0.0044925616  -0.0000310635   0.0000043024   0.0002722799
       -0.0008504969   0.0003843206   0.0001106520   0.0008959143  -0.0003760374
        0.0001193204   0.0000006954  -0.0000002533   0.0001362547   0.0000015868
        0.0000000443   0.0073964208   0.0000034186  -0.0000016791   0.0006668979
        0.0164336533   0.0180591263   0.0005973889  -0.0000174745  -0.0000220988
        0.0003609606  -0.0164151032  -0.0180390570   0.0005955581  -0.0000002172
       -0.0000004559  -0.0002078333
       -0.0306930095  -0.0191687166   0.0000143266  -0.1942860674  -0.0734731531
       -0.0000042380   0.0506089709  -0.0540441157  -0.0000392243  -0.0569480457
       -0.0180954585   0.0000068740  -0.0113331084   0.0892408782   0.0000202496
       -0.3202991381   0.0072779528   0.0000413382   0.6664973518  -0.0005592257
       -0.0000752857  -0.0281587354  -0.0025100853   0.0000033875   0.0006644840
       -0.0002307231  -0.0000031063  -0.0065570830   0.0005972889   0.0000095269
       -0.0000106507  -0.0018562271  -0.0007884876  -0.0000563326  -0.0018328669
        0.0007901689   0.0003865101   0.0022562218  -0.0000030108  -0.0004077932
       -0.0005378519   0.0000032419  -0.0674896214   0.0732821213   0.0000240113
       -0.0010569641  -0.0007284042  -0.0004398063   0.0009146475   0.0019715811
        0.0000008443  -0.0010601545  -0.0007414708   0.0004383357  -0.0007152603
       -0.0008477452   0.0000008541
       -0.0005129988   0.0038878647  -0.0000322626  -0.1510679687  -0.2119409166
       -0.0000097779   0.0029567405  -0.0617527566  -0.0000095820  -0.0208350099
       -0.0039236337   0.0000051554   0.0331939865   0.0050748553  -0.0000020764
        0.0856104112  -0.1016383798  -0.0000149199  -0.0005592257   0.6551338572
        0.0000873620  -0.0212732261   0.0007380981  -0.0000008222   0.0019843016
       -0.0064376394  -0.0000025411   0.0016722787   0.0000161441   0.0000066527
        0.0012944467   0.0001369101  -0.0003539598   0.0012724517   0.0000960969
        0.0003800167   0.0016263014  -0.0056008903  -0.0000048339  -0.0003693527
        0.0008461803  -0.0000002486   0.0730611362  -0.2720441447  -0.0000499028
       -0.0026894827  -0.0018095677   0.0002317800  -0.0026034216   0.0010404605
        0.0000010727  -0.0026928490  -0.0018183326  -0.0002311697  -0.0000685192
       -0.0000042057   0.0000000573
       -0.0000074679  -0.0000395948  -0.0001371704  -0.0000022136  -0.0000462068
       -0.0495662445  -0.0000287213   0.0000158375   0.0013246533   0.0000232431
        0.0000063758  -0.0031353440   0.0000040780  -0.0000335470  -0.0021810087
        0.0000356927   0.0000059902  -0.0434612173  -0.0000752857   0.0000873620
        0.1136236088   0.0000022898  -0.0000007580   0.0017119278   0.0000006287
       -0.0000009065   0.0067488604   0.0000375635   0.0000137942   0.0010589534
        0.0000890880  -0.0000027478   0.0007208475  -0.0001043038   0.0000410956
        0.0007204069   0.0000029188  -0.0000000931   0.0073469830   0.0000001620
        0.0000004304  -0.0001456517   0.0000260663  -0.0000482634  -0.0338475048
        0.0006961285   0.0007221459  -0.0003077252  -0.0000006833   0.0000005906
       -0.0001306853  -0.0007001776  -0.0007212873  -0.0003081286   0.0000009939
       -0.0000002175  -0.0000355607
       -0.0009590452  -0.0010309867   0.0000041811  -0.0035357448   0.0021043929
       -0.0000015596  -0.0012573985  -0.0002777239  -0.0000007057   0.0014694702
        0.0027390973   0.0000004846   0.0007949778  -0.0006166752  -0.0000019391
       -0.1304720270  -0.0695404407  -0.0000016639  -0.0281587354  -0.0212732261
        0.0000022898   0.4878588048  -0.0299866538   0.0000036287   0.0046956683
        0.0024002683  -0.0000023003  -0.0004607473   0.0000304526  -0.0000002694
        0.0000866137  -0.0000761658  -0.0001010477   0.0000818543  -0.0000713022
        0.0001009151   0.0000662060  -0.0000733515  -0.0000007966   0.0002432360
        0.0004826592  -0.0000014818   0.0009609064  -0.0019793295   0.0000000918
       -0.1156497626   0.0072392494   0.1097205636  -0.0996929469   0.1041061798
        0.0001076985  -0.1159626070   0.0074118184  -0.1098309835  -0.0001087227
       -0.0015882623   0.0000028946
        0.0000843218   0.0000394974  -0.0000005703   0.0013118945   0.0003676892
       -0.0000015577  -0.0004007466  -0.0001219069  -0.0000005568   0.0030104002
       -0.0037687310  -0.0000017244  -0.0151799160  -0.0311067749  -0.0000035333
       -0.0764388793  -0.1472110447  -0.0000050369  -0.0025100853   0.0007380981
       -0.0000007580  -0.0299866538   0.4950187763   0.0000197357  -0.0046400483
       -0.0007874748   0.0000017265   0.0000804944   0.0000369193   0.0000003496
       -0.0000314782   0.0000180441  -0.0000220523  -0.0000311079   0.0000172391
        0.0000212387  -0.0000251360   0.0001285578   0.0000007818  -0.0010552256
       -0.0012982631   0.0000001835   0.0018533009   0.0014900209   0.0000015010
        0.0096947686  -0.0425790222  -0.0105624746   0.1045844625  -0.2298712085
       -0.0002030207   0.0098576696  -0.0426142332   0.0107566810  -0.0001780355
        0.0015038172  -0.0000009128
       -0.0000021455   0.0000027117   0.0000747692   0.0000063702   0.0000003000
        0.0078359645   0.0000028616   0.0000003741  -0.0001436358  -0.0000010708
       -0.0000038871   0.0064845784   0.0000026110  -0.0000029618   0.0005527148
       -0.0000116932  -0.0000145048  -0.0591058328   0.0000033875  -0.0000008222
        0.0017119278   0.0000036287   0.0000197357   0.4900731984  -0.0000069909
       -0.0000019573  -0.0018952156  -0.0000026913   0.0000000428  -0.0000874985
       -0.0000526068   0.0000143825   0.0000119269   0.0000512765  -0.0000164075
        0.0000145276   0.0000000436   0.0000000143  -0.0015902176  -0.0000000372
        0.0000002371  -0.0002520638   0.0000001022   0.0000017493  -0.0026600776
        0.1112584203  -0.0078645607  -0.1988791787   0.0001079676  -0.0001996725
       -0.0439061348  -0.1113602940   0.0080598551  -0.1985470347   0.0000008605
        0.0000053712   0.0003072823
       -0.0009274075   0.0010375454  -0.0000493908   0.0018387050  -0.0015044200
        0.0000329675  -0.0004736500  -0.0018931674   0.0000037589  -0.0484703602
       -0.0007351821   0.0000127895  -0.2430769558   0.0729100988   0.0000386906
       -0.0351980656   0.0142296148   0.0000089385   0.0006644840   0.0019843016
        0.0000006287   0.0046956683  -0.0046400483  -0.0000069909   0.4696912331
        0.1020006364  -0.0001104626  -0.0003257924  -0.0003346245   0.0000105678
       -0.0009088502   0.0002599709   0.0007175122  -0.0009437776   0.0002633620
       -0.0007188648  -0.0021445060  -0.0004819708   0.0000050062   0.0017026874
        0.0002791309   0.0000037331  -0.0020722810   0.0011668554   0.0000006125
        0.0007121699   0.0011555625  -0.0013987762   0.0001012706  -0.0012183028
       -0.0000021188   0.0007169125   0.0011223954   0.0013980491  -0.1455814845
       -0.1856017582   0.0000533497
        0.0003047234  -0.0000601548   0.0000126790  -0.0002613230   0.0017641509
       -0.0000083011  -0.0020272489  -0.0052618509  -0.0000026570  -0.0287410699
        0.0086340284   0.0000035887   0.0422609095  -0.0977834376  -0.0000070408
        0.0426223208  -0.0143629231  -0.0000078475  -0.0002307231  -0.0064376394
       -0.0000009065   0.0024002683  -0.0007874748  -0.0000019573   0.1020006364
        0.4202545808  -0.0000444744   0.0001353192   0.0000701392  -0.0000034169
        0.0002094601  -0.0001025044  -0.0001470664   0.0002189535  -0.0001056151
        0.0001480650  -0.0011141042   0.0000831531  -0.0000004894   0.0006721151
        0.0014218836  -0.0000012547   0.0020667866  -0.0010580131  -0.0000011030
       -0.0001876692  -0.0000531090   0.0000257590   0.0006073254   0.0001317065
        0.0000014122  -0.0001843348  -0.0000457040  -0.0000255082  -0.1607523449
       -0.3063012164   0.0000605193
       -0.0000057555   0.0000028242  -0.0011611211   0.0000052998  -0.0000000909
       -0.0000279087   0.0000007231   0.0000001958   0.0055548051   0.0000086051
        0.0000014251   0.0038865410   0.0000430550  -0.0000128272  -0.0340534303
        0.0000156915  -0.0000103054   0.0044925616  -0.0000031063  -0.0000025411
        0.0067488604  -0.0000023003   0.0000017265  -0.0018952156  -0.0001104626
       -0.0000444744   0.0227226800   0.0000035718   0.0000010842  -0.0000375814
        0.0001563555  -0.0001268300  -0.0000341707  -0.0001633923   0.0001247363
       -0.0000362539   0.0000011487   0.0000000644   0.0001148142  -0.0000005608
        0.0000004382  -0.0031459024   0.0000024667  -0.0000009310  -0.0002823232
       -0.0000543456   0.0000159744   0.0000222818  -0.0000000745   0.0000003978
        0.0002145659   0.0000579565  -0.0000178194   0.0000203051   0.0000451242
        0.0000669526  -0.0031035079
       -0.1148683915  -0.1105177413   0.0020917229  -0.0217666323  -0.0246848013
        0.0004508479   0.0009964123  -0.0021538729  -0.0000110422   0.0001531175
       -0.0003375947  -0.0000125681   0.0006705422  -0.0001183833   0.0000000846
       -0.0008360517  -0.0011104218  -0.0000310635  -0.0065570830   0.0016722787
        0.0000375635  -0.0004607473   0.0000804944  -0.0000026913  -0.0003257924
        0.0001353192   0.0000035718   0.1361535818   0.1285752340  -0.0024004314
        0.0034244699   0.0033071916  -0.0005395102   0.0035163390   0.0034434110
        0.0003949324  -0.0002791975   0.0013570437   0.0000129550   0.0001457846
        0.0000090778  -0.0000010490   0.0000276079   0.0003450383   0.0000068777
       -0.0000571023  -0.0000418869   0.0000211163   0.0000480023   0.0000525357
        0.0000004671  -0.0000587260  -0.0000426584  -0.0000218967   0.0000738665
        0.0000297364   0.0000001131
       -0.1113722116  -0.2135193155   0.0031002807  -0.0006047969   0.0039082417
       -0.0000932453   0.0022511344   0.0012329380  -0.0000108548  -0.0000801790
       -0.0001825101  -0.0000085902   0.0003784821   0.0000599982  -0.0000037626
        0.0003967276   0.0001549915   0.0000043024   0.0005972889   0.0000161441
        0.0000137942   0.0000304526   0.0000369193   0.0000000428  -0.0003346245
        0.0000701392   0.0000010842   0.1285752340   0.2461644595  -0.0036704247
       -0.0104127917  -0.0195067033  -0.0023911972  -0.0099427857  -0.0186156638
        0.0030550444   0.0002489460  -0.0000963926   0.0000029600   0.0000111272
        0.0000469537   0.0000010190   0.0002199182   0.0002255103  -0.0000023540
       -0.0000226134  -0.0000058504   0.0000305327   0.0000359262  -0.0000051909
        0.0000005544  -0.0000246974  -0.0000048050  -0.0000304795   0.0000494632
        0.0000201361   0.0000012935
        0.0021449191   0.0030939559  -0.0442338180  -0.0000318731  -0.0000046800
        0.0003377532  -0.0000205399   0.0000107020  -0.0001037292   0.0000095848
        0.0000013071  -0.0000152714  -0.0000128002  -0.0000101926   0.0000310201
       -0.0000264702   0.0000089844   0.0002722799   0.0000095269   0.0000066527
        0.0010589534  -0.0000002694   0.0000003496  -0.0000874985   0.0000105678
       -0.0000034169  -0.0000375814  -0.0024004314  -0.0036704247   0.0465115827
       -0.0135985337  -0.0243647185  -0.0013262441   0.0139072960   0.0249552634
       -0.0023338741   0.0000102133  -0.0000211680   0.0000514316  -0.0000006728
       -0.0000007565  -0.0000194564   0.0000010260  -0.0000015728  -0.0000973236
        0.0000152717   0.0000184330  -0.0000016528  -0.0000001367  -0.0000000010
       -0.0000123392  -0.0000153456  -0.0000177446  -0.0000004890  -0.0000013327
       -0.0000009725   0.0000062567
       -0.0506262206   0.0267112930   0.0429756931  -0.0129764120   0.0186845438
        0.0233381967  -0.0030424544  -0.0002716172   0.0009959012  -0.0009901222
        0.0005249103  -0.0013742650   0.0011241814   0.0000561839  -0.0000139869
        0.0001580682   0.0001634520  -0.0008504969  -0.0000106507   0.0012944467
        0.0000890880   0.0000866137  -0.0000314782  -0.0000526068  -0.0009088502
        0.0002094601   0.0001563555   0.0034244699  -0.0104127917  -0.0135985337
        0.0617252809  -0.0334229029  -0.0477264290   0.0024240790  -0.0030495935
       -0.0046614397  -0.0000957275  -0.0001073978   0.0003078715  -0.0002374837
        0.0001027140  -0.0000885343  -0.0001233570  -0.0004288065   0.0004567657
        0.0000321060   0.0000198275  -0.0000090304  -0.0000029497  -0.0000522419
        0.0000300817  -0.0000253811   0.0000063798  -0.0000125621   0.0000648099
        0.0000036186   0.0000379314
        0.0250062580  -0.1148915172  -0.1071550579   0.0077813547  -0.0057144105
       -0.0062939612   0.0017420671   0.0000248975  -0.0002248291   0.0001904277
       -0.0002285856   0.0006560639  -0.0003600100   0.0004181886   0.0000972161
        0.0003876900  -0.0005319003   0.0003843206  -0.0018562271   0.0001369101
       -0.0000027478  -0.0000761658   0.0000180441   0.0000143825   0.0002599709
       -0.0001025044  -0.0001268300   0.0033071916  -0.0195067033  -0.0243647185
       -0.0334229029   0.1315376727   0.1243009520  -0.0028153181   0.0087144997
        0.0132082504  -0.0000636682   0.0001633761  -0.0002291707   0.0000787605
       -0.0000573341  -0.0000069585  -0.0001524023  -0.0000124041  -0.0002345253
        0.0000061597  -0.0000101749  -0.0000129168  -0.0000119612   0.0000216720
       -0.0000024645   0.0000204112   0.0000017432   0.0000169246  -0.0000216356
        0.0000185306  -0.0000239298
        0.0408050877  -0.1064792616  -0.1951476176   0.0034681703  -0.0016994278
        0.0002627856   0.0000594610   0.0003742879  -0.0003131126  -0.0001911341
        0.0001801736   0.0001425062  -0.0008121103   0.0004929139   0.0000019620
        0.0001642727  -0.0002962633   0.0001106520  -0.0007884876  -0.0003539598
        0.0007208475  -0.0001010477  -0.0000220523   0.0000119269   0.0007175122
       -0.0001470664  -0.0000341707  -0.0005395102  -0.0023911972  -0.0013262441
       -0.0477264290   0.1243009520   0.2251622797   0.0045713920  -0.0144786537
       -0.0294036242  -0.0000040145   0.0000889717  -0.0000501547   0.0000010269
       -0.0000296442   0.0000215510   0.0003946511   0.0004139052  -0.0001517277
        0.0000078648   0.0000055386  -0.0000264528   0.0000123576   0.0000691144
       -0.0000083706   0.0000165695   0.0000031084   0.0000287713  -0.0000556325
       -0.0000314396  -0.0000018069
       -0.0509578965   0.0258984911  -0.0447808155  -0.0133016388   0.0179235975
       -0.0238619060  -0.0028811076  -0.0003364076  -0.0009849901  -0.0010010843
        0.0004804744   0.0013941924   0.0011537795   0.0000446571   0.0000180040
        0.0001294905   0.0001699586   0.0008959143  -0.0000563326   0.0012724517
       -0.0001043038   0.0000818543  -0.0000311079   0.0000512765  -0.0009437776
        0.0002189535  -0.0001633923   0.0035163390  -0.0099427857   0.0139072960
        0.0024240790  -0.0028153181   0.0045713920   0.0621792769  -0.0324533132
        0.0497976802  -0.0000885764  -0.0001059074  -0.0003172465  -0.0002259913
        0.0000990894   0.0000874307  -0.0001001901  -0.0004035147  -0.0004637111
       -0.0000263964   0.0000063323   0.0000127714  -0.0000013414  -0.0000505527
       -0.0000303747   0.0000313384   0.0000186659   0.0000091800   0.0000681755
        0.0000062359  -0.0000383974
        0.0242020691  -0.1076151540   0.1039198896   0.0077085971  -0.0053305248
        0.0064132073   0.0017134571   0.0000145874   0.0001733373   0.0001700880
       -0.0002239446  -0.0006648469  -0.0003546606   0.0004271966  -0.0000941246
        0.0004099799  -0.0005364909  -0.0003760374  -0.0018328669   0.0000960969
        0.0000410956  -0.0000713022   0.0000172391  -0.0000164075   0.0002633620
       -0.0001056151   0.0001247363   0.0034434110  -0.0186156638   0.0249552634
       -0.0030495935   0.0087144997  -0.0144786537  -0.0324533132   0.1230752375
       -0.1204924529  -0.0000605391   0.0001427435   0.0002363473   0.0000741899
       -0.0000554120   0.0000099264  -0.0001530919  -0.0000343515   0.0002270879
        0.0000201215   0.0000016246  -0.0000161934  -0.0000125653   0.0000192318
        0.0000010083   0.0000040578  -0.0000088211   0.0000119587  -0.0000214007
        0.0000175205   0.0000248585
       -0.0423481815   0.1031771686  -0.2015496029  -0.0037735594   0.0017902415
        0.0001939585  -0.0000437305  -0.0004207800  -0.0003275052   0.0001546932
       -0.0001846901   0.0001480555   0.0008214061  -0.0004804851   0.0000016506
       -0.0001613857   0.0003005322   0.0001193204   0.0007901689   0.0003800167
        0.0007204069   0.0001009151   0.0000212387   0.0000145276  -0.0007188648
        0.0001480650  -0.0000362539   0.0003949324   0.0030550444  -0.0023338741
       -0.0046614397   0.0132082504  -0.0294036242   0.0497976802  -0.1204924529
        0.2326554555   0.0000048611  -0.0000857942  -0.0000581101  -0.0000004550
        0.0000300993   0.0000234994  -0.0003773724  -0.0004006997  -0.0001582820
       -0.0000202905  -0.0000016867   0.0000298477  -0.0000113434  -0.0000685711
       -0.0000099059  -0.0000084196  -0.0000049061  -0.0000264558   0.0000603855
        0.0000294089  -0.0000031080
        0.0013221480   0.0018871377  -0.0000077695   0.0035596346   0.0034306429
       -0.0000009927  -0.1549186211  -0.1258276366   0.0000252802  -0.0234608737
       -0.0223815336  -0.0000000747  -0.0038939660   0.0019795481   0.0000009819
       -0.0000019427   0.0007297410   0.0000006954   0.0003865101   0.0016263014
        0.0000029188   0.0000662060  -0.0000251360   0.0000000436  -0.0021445060
       -0.0011141042   0.0000011487  -0.0002791975   0.0002489460   0.0000102133
       -0.0000957275  -0.0000636682  -0.0000040145  -0.0000885764  -0.0000605391
        0.0000048611   0.1790054893   0.1400152901  -0.0000304970   0.0007517020
       -0.0006238509  -0.0000004930   0.0001859491   0.0001927214  -0.0000024580
       -0.0000327380   0.0000199363   0.0000115953   0.0000347878  -0.0000383157
       -0.0000001436  -0.0000320833   0.0000191190  -0.0000116424  -0.0003641947
       -0.0000145997   0.0000003471
       -0.0015179936   0.0011338612   0.0000095512  -0.0196441152  -0.0247766765
        0.0000075641  -0.1262722523  -0.1870480355   0.0000118947   0.0020582908
        0.0030310584  -0.0000001195   0.0017245852   0.0007643892  -0.0000000905
        0.0008709730   0.0003298353  -0.0000002533   0.0022562218  -0.0056008903
       -0.0000000931  -0.0000733515   0.0001285578   0.0000000143  -0.0004819708
        0.0000831531   0.0000000644   0.0013570437  -0.0000963926  -0.0000211680
       -0.0001073978   0.0001633761   0.0000889717  -0.0001059074   0.0001427435
       -0.0000857942   0.1400152901   0.2121671400  -0.0000097173   0.0007549499
        0.0010285658  -0.0000001209  -0.0010823183  -0.0016253006  -0.0000005984
       -0.0000280734  -0.0000008925   0.0000437953   0.0000690383   0.0000126453
        0.0000000674  -0.0000289544  -0.0000010049  -0.0000439365   0.0002359419
        0.0001638673  -0.0000000313
       -0.0000195317  -0.0000078324  -0.0022058704   0.0000196659  -0.0000073192
        0.0006885637   0.0000243387   0.0000128696  -0.0333086016   0.0000020771
        0.0000059845   0.0000766078  -0.0000011623   0.0000005180   0.0081322217
        0.0000019799  -0.0000007578   0.0001362547  -0.0000030108  -0.0000048339
        0.0073469830  -0.0000007966   0.0000007818  -0.0015902176   0.0000050062
       -0.0000004894   0.0001148142   0.0000129550   0.0000029600   0.0000514316
        0.0003078715  -0.0002291707  -0.0000501547  -0.0003172465   0.0002363473
       -0.0000581101  -0.0000304970  -0.0000097173   0.0237384661   0.0000001013
       -0.0000002539  -0.0028242041  -0.0000024523   0.0000010517  -0.0000922772
        0.0002111575   0.0002016922  -0.0000164682  -0.0000000104  -0.0000003826
       -0.0000140493  -0.0002096998  -0.0002019760  -0.0000162141  -0.0000007458
        0.0000005283  -0.0001091755
       -0.0005114047   0.0014344273   0.0000023366  -0.0054234727   0.0008391196
       -0.0000009914  -0.0102960442   0.0280124913   0.0000025138  -0.0699359978
        0.0779637571   0.0000107374   0.0062613557  -0.0186156031  -0.0000011985
       -0.0024268188  -0.0027921519   0.0000015868  -0.0004077932  -0.0003693527
        0.0000001620   0.0002432360  -0.0010552256  -0.0000000372   0.0017026874
        0.0006721151  -0.0000005608   0.0001457846   0.0000111272  -0.0000006728
       -0.0002374837   0.0000787605   0.0000010269  -0.0002259913   0.0000741899
       -0.0000004550   0.0007517020   0.0007549499   0.0000001013   0.0803831297
       -0.0868912451  -0.0000136954  -0.0000548794  -0.0000043271  -0.0000001635
        0.0000463396   0.0000252286  -0.0000389183  -0.0001628372  -0.0002433953
       -0.0000002507   0.0000474920   0.0000248567   0.0000387077   0.0001009961
        0.0000802775  -0.0000002288
        0.0000749905  -0.0004711949  -0.0000001324   0.0015354794   0.0012602920
        0.0000003398   0.0040187086  -0.0083694820  -0.0000009996   0.0769888224
       -0.2761839148  -0.0000208054   0.0076572623  -0.0274608408  -0.0000022226
       -0.0037901779  -0.0024454282   0.0000000443  -0.0005378519   0.0008461803
        0.0000004304   0.0004826592  -0.0012982631   0.0000002371   0.0002791309
        0.0014218836   0.0000004382   0.0000090778   0.0000469537  -0.0000007565
        0.0001027140  -0.0000573341  -0.0000296442   0.0000990894  -0.0000554120
        0.0000300993  -0.0006238509   0.0010285658  -0.0000002539  -0.0868912451
        0.3111343461   0.0000240416  -0.0000035198  -0.0000440141  -0.0000001709
        0.0000127313   0.0000249718   0.0000232504  -0.0002062035  -0.0003466270
       -0.0000000324   0.0000128037   0.0000270329  -0.0000233660   0.0007793797
        0.0009422849  -0.0000004971
       -0.0000031050  -0.0000023380   0.0001191131   0.0000049630  -0.0000033165
        0.0077435952   0.0000013890  -0.0000052719  -0.0000208989   0.0000140006
       -0.0000170634  -0.0325911377  -0.0000069398   0.0000003446   0.0018464748
        0.0000010383   0.0000005889   0.0073964208   0.0000032419  -0.0000002486
       -0.0001456517  -0.0000014818   0.0000001835  -0.0002520638   0.0000037331
       -0.0000012547  -0.0031459024  -0.0000010490   0.0000010190  -0.0000194564
       -0.0000885343  -0.0000069585   0.0000215510   0.0000874307   0.0000099264
        0.0000234994  -0.0000004930  -0.0000001209  -0.0028242041  -0.0000136954
        0.0000240416   0.0235236854  -0.0000005825   0.0000003040  -0.0015593090
        0.0000331126   0.0000557480  -0.0000210581   0.0000000141  -0.0000000706
       -0.0001244589  -0.0000307124  -0.0000567610  -0.0000208099  -0.0000023301
        0.0000012481   0.0000506111
        0.0007325584  -0.0009141805  -0.0000107529   0.0054910712  -0.0179014554
       -0.0000039248  -0.0021290962  -0.0033084420   0.0000022459  -0.0004463575
       -0.0003410326   0.0000002844  -0.0041974124  -0.0000342822  -0.0000001207
       -0.0117669582   0.0285147792   0.0000034186  -0.0674896214   0.0730611362
        0.0000260663   0.0009609064   0.0018533009   0.0000001022  -0.0020722810
        0.0020667866   0.0000024667   0.0000276079   0.0002199182   0.0000010260
       -0.0001233570  -0.0001524023   0.0003946511  -0.0001001901  -0.0001530919
       -0.0003773724   0.0001859491  -0.0010823183  -0.0000024523  -0.0000548794
       -0.0000035198  -0.0000005825   0.0815523310  -0.0807816938  -0.0000339746
        0.0001582561  -0.0000255954  -0.0000845674  -0.0010604953  -0.0011493805
       -0.0000010768   0.0001581533  -0.0000241449   0.0000847431   0.0001738148
        0.0001556184  -0.0000001799
        0.0013797265   0.0013840732  -0.0000049952   0.0058818121  -0.0260993902
       -0.0000096825  -0.0038214537  -0.0029908826  -0.0000027185  -0.0004282657
        0.0008454387   0.0000000286   0.0008483836   0.0012666903  -0.0000013349
        0.0052225365  -0.0109281086  -0.0000016791   0.0732821213  -0.2720441447
       -0.0000482634  -0.0019793295   0.0014900209   0.0000017493   0.0011668554
       -0.0010580131  -0.0000009310   0.0003450383   0.0002255103  -0.0000015728
       -0.0004288065  -0.0000124041   0.0004139052  -0.0004035147  -0.0000343515
       -0.0004006997   0.0001927214  -0.0016253006   0.0000010517  -0.0000043271
       -0.0000440141   0.0000003040  -0.0807816938   0.3092023726   0.0000549999
       -0.0001107510  -0.0001089855   0.0000655962  -0.0000547974   0.0004930032
       -0.0000000120  -0.0001115065  -0.0001086010  -0.0000658640  -0.0001947493
        0.0001470869   0.0000001183
       -0.0000148916   0.0000192143  -0.0021425609   0.0000243679  -0.0000091846
        0.0011788476  -0.0000019787   0.0000045261   0.0073070611   0.0000012244
       -0.0000006046  -0.0001218595   0.0000035735  -0.0000013686   0.0081591473
       -0.0000007147  -0.0000077258   0.0006668979   0.0000240113  -0.0000499028
       -0.0338475048   0.0000000918   0.0000015010  -0.0026600776   0.0000006125
       -0.0000011030  -0.0002823232   0.0000068777  -0.0000023540  -0.0000973236
        0.0004567657  -0.0002345253  -0.0001517277  -0.0004637111   0.0002270879
       -0.0001582820  -0.0000024580  -0.0000005984  -0.0000922772  -0.0000001635
       -0.0000001709  -0.0015593090  -0.0000339746   0.0000549999   0.0237402961
        0.0004264867   0.0002137002  -0.0000700084  -0.0000000180  -0.0000003316
        0.0001228287  -0.0004273556  -0.0002124083  -0.0000697730   0.0000012544
       -0.0000007516   0.0000779484
       -0.0001202933  -0.0001336000  -0.0000543437  -0.0006773974  -0.0004003358
       -0.0013119128  -0.0000735481   0.0002572963  -0.0000265883  -0.0002041868
        0.0002562296  -0.0005812648  -0.0007655569   0.0012890846   0.0001404013
       -0.0181088784  -0.0050045794   0.0164336533  -0.0010569641  -0.0026894827
        0.0006961285  -0.1156497626   0.0096947686   0.1112584203   0.0007121699
       -0.0001876692  -0.0000543456  -0.0000571023  -0.0000226134   0.0000152717
        0.0000321060   0.0000061597   0.0000078648  -0.0000263964   0.0000201215
       -0.0000202905  -0.0000327380  -0.0000280734   0.0002111575   0.0000463396
        0.0000127313   0.0000331126   0.0001582561  -0.0001107510   0.0004264867
        0.1369578472  -0.0072648521  -0.1287049056  -0.0113513736   0.0046093737
        0.0156267200   0.0096449031  -0.0009023924  -0.0142017351   0.0005725759
        0.0005985841   0.0001061699
       -0.0001006075  -0.0001033707  -0.0000639106  -0.0005978607  -0.0003149895
       -0.0009888784  -0.0004051299   0.0003225256   0.0000074344   0.0005084368
        0.0003702086  -0.0010452536  -0.0023718486  -0.0002787559   0.0001993542
       -0.0154040192  -0.0001964918   0.0180591263  -0.0007284042  -0.0018095677
        0.0007221459   0.0072392494  -0.0425790222  -0.0078645607   0.0011555625
       -0.0000531090   0.0000159744  -0.0000418869  -0.0000058504   0.0000184330
        0.0000198275  -0.0000101749   0.0000055386   0.0000063323   0.0000016246
       -0.0000016867   0.0000199363  -0.0000008925   0.0002016922   0.0000252286
        0.0000249718   0.0000557480  -0.0000255954  -0.0001089855   0.0002137002
       -0.0072648521   0.0489683350   0.0109705086   0.0180879483  -0.0041641385
       -0.0238986841  -0.0009138748   0.0012616001   0.0024218914   0.0007915577
       -0.0013239172   0.0009714270
       -0.0000767973   0.0000110236   0.0000311074  -0.0001964584  -0.0000074631
        0.0001184189  -0.0000288746  -0.0001069907   0.0000122103  -0.0000505398
       -0.0002344714   0.0000104852   0.0015840836  -0.0005874987   0.0005067775
        0.0034330247   0.0027805291   0.0005973889  -0.0004398063   0.0002317800
       -0.0003077252   0.1097205636  -0.0105624746  -0.1988791787  -0.0013987762
        0.0000257590   0.0000222818   0.0000211163   0.0000305327  -0.0000016528
       -0.0000090304  -0.0000129168  -0.0000264528   0.0000127714  -0.0000161934
        0.0000298477   0.0000115953   0.0000437953  -0.0000164682  -0.0000389183
        0.0000232504  -0.0000210581  -0.0000845674   0.0000655962  -0.0000700084
       -0.1287049056   0.0109705086   0.2289687724   0.0025177466  -0.0018636540
       -0.0019830106   0.0141461996  -0.0023744048  -0.0285935425  -0.0004184266
        0.0015832926  -0.0003981929
        0.0000119361   0.0000297598  -0.0000006325   0.0000953672   0.0001446177
       -0.0000004486   0.0001665698  -0.0000641536  -0.0000000709   0.0002315804
       -0.0009441800   0.0000007144  -0.0034703250  -0.0026739423  -0.0000002293
        0.0086346148  -0.0162877587  -0.0000174745   0.0009146475  -0.0026034216
       -0.0000006833  -0.0996929469   0.1045844625   0.0001079676   0.0001012706
        0.0006073254  -0.0000000745   0.0000480023   0.0000359262  -0.0000001367
       -0.0000029497  -0.0000119612   0.0000123576  -0.0000013414  -0.0000125653
       -0.0000113434   0.0000347878   0.0000690383  -0.0000000104  -0.0001628372
       -0.0002062035   0.0000000141  -0.0010604953  -0.0000547974  -0.0000000180
       -0.0113513736   0.0180879483   0.0025177466   0.1166267048  -0.1185802008
       -0.0001274386  -0.0113775711   0.0181247338  -0.0024802683   0.0002543587
       -0.0002446275   0.0000000284
        0.0001429853   0.0001720287  -0.0000008972   0.0003948460  -0.0000161823
        0.0000015076   0.0001434226   0.0003580710  -0.0000001911   0.0004045021
       -0.0011041786   0.0000006632  -0.0028392670  -0.0039202771  -0.0000028512
        0.0078280309  -0.0269657027  -0.0000220988   0.0019715811   0.0010404605
        0.0000005906   0.1041061798  -0.2298712085  -0.0001996725  -0.0012183028
        0.0001317065   0.0000003978   0.0000525357  -0.0000051909  -0.0000000010
       -0.0000522419   0.0000216720   0.0000691144  -0.0000505527   0.0000192318
       -0.0000685711  -0.0000383157   0.0000126453  -0.0000003826  -0.0002433953
       -0.0003466270  -0.0000000706  -0.0011493805   0.0004930032  -0.0000003316
        0.0046093737  -0.0041641385  -0.0018636540  -0.1185802008   0.2677975791
        0.0002332075   0.0046321066  -0.0041934496   0.0018536254  -0.0001139071
        0.0005405573  -0.0000003848
       -0.0000005620   0.0000010281  -0.0000148329   0.0000005481  -0.0000007083
        0.0000229598  -0.0000007771   0.0000008263   0.0000437465   0.0000008297
       -0.0000000848   0.0001730314   0.0000018797  -0.0000017798   0.0009508860
        0.0000014677  -0.0000029188   0.0003609606   0.0000008443   0.0000010727
       -0.0001306853   0.0001076985  -0.0002030207  -0.0439061348  -0.0000021188
        0.0000014122   0.0002145659   0.0000004671   0.0000005544  -0.0000123392
        0.0000300817  -0.0000024645  -0.0000083706  -0.0000303747   0.0000010083
       -0.0000099059  -0.0000001436   0.0000000674  -0.0000140493  -0.0000002507
       -0.0000000324  -0.0001244589  -0.0000010768  -0.0000000120   0.0001228287
        0.0156267200  -0.0238986841  -0.0019830106  -0.0001274386   0.0002332075
        0.0466272637  -0.0156086845   0.0238716098  -0.0019239894   0.0000008901
       -0.0000010813  -0.0003884658
       -0.0001206365  -0.0001350388   0.0000521032  -0.0006772508  -0.0004007495
        0.0013113298  -0.0000723913   0.0002571637   0.0000276740  -0.0002033896
        0.0002569884   0.0005813321  -0.0007673313   0.0012921667  -0.0001373477
       -0.0181372312  -0.0049823650  -0.0164151032  -0.0010601545  -0.0026928490
       -0.0007001776  -0.1159626070   0.0098576696  -0.1113602940   0.0007169125
       -0.0001843348   0.0000579565  -0.0000587260  -0.0000246974  -0.0000153456
       -0.0000253811   0.0000204112   0.0000165695   0.0000313384   0.0000040578
       -0.0000084196  -0.0000320833  -0.0000289544  -0.0002096998   0.0000474920
        0.0000128037  -0.0000307124   0.0001581533  -0.0001115065  -0.0004273556
        0.0096449031  -0.0009138748   0.0141461996  -0.0113775711   0.0046321066
       -0.0156086845   0.1373542944  -0.0074730511   0.1288314243   0.0005416600
        0.0006140537  -0.0001114489
       -0.0001080619  -0.0001011932   0.0000641696  -0.0005855979  -0.0003118106
        0.0009883722  -0.0004045270   0.0003237264  -0.0000077111   0.0005028396
        0.0003609107   0.0010437406  -0.0023318544  -0.0002877657  -0.0002002855
       -0.0154261784  -0.0001614580  -0.0180390570  -0.0007414708  -0.0018183326
       -0.0007212873   0.0074118184  -0.0426142332   0.0080598551   0.0011223954
       -0.0000457040  -0.0000178194  -0.0000426584  -0.0000048050  -0.0000177446
        0.0000063798   0.0000017432   0.0000031084   0.0000186659  -0.0000088211
       -0.0000049061   0.0000191190  -0.0000010049  -0.0002019760   0.0000248567
        0.0000270329  -0.0000567610  -0.0000241449  -0.0001086010  -0.0002124083
       -0.0009023924   0.0012616001  -0.0023744048   0.0181247338  -0.0041934496
        0.0238716098  -0.0074730511   0.0490174154  -0.0112045361   0.0008091285
       -0.0013352499  -0.0009719586
        0.0000762582  -0.0000117087   0.0000305654   0.0001973026   0.0000081623
        0.0001181837   0.0000287792   0.0001061758   0.0000122326   0.0000509949
        0.0002338881   0.0000107801  -0.0015828316   0.0005855027   0.0005088826
       -0.0034255215  -0.0027715076   0.0005955581   0.0004383357  -0.0002311697
       -0.0003081286  -0.1098309835   0.0107566810  -0.1985470347   0.0013980491
       -0.0000255082   0.0000203051  -0.0000218967  -0.0000304795  -0.0000004890
       -0.0000125621   0.0000169246   0.0000287713   0.0000091800   0.0000119587
       -0.0000264558  -0.0000116424  -0.0000439365  -0.0000162141   0.0000387077
       -0.0000233660  -0.0000208099   0.0000847431  -0.0000658640  -0.0000697730
       -0.0142017351   0.0024218914  -0.0285935425  -0.0024802683   0.0018536254
       -0.0019239894   0.1288314243  -0.0112045361   0.2285784236   0.0004136664
       -0.0015867336  -0.0003972656
        0.0001797027  -0.0000132218   0.0000060083  -0.0000185259   0.0002111206
       -0.0000032455  -0.0011818562  -0.0015334487  -0.0000007404  -0.0055764943
        0.0015619483  -0.0000002834  -0.0314492162  -0.0253962953   0.0000062870
        0.0005719643  -0.0018682844  -0.0000002172  -0.0007152603  -0.0000685192
        0.0000009939  -0.0001087227  -0.0001780355   0.0000008605  -0.1455814845
       -0.1607523449   0.0000451242   0.0000738665   0.0000494632  -0.0000013327
        0.0000648099  -0.0000216356  -0.0000556325   0.0000681755  -0.0000214007
        0.0000603855  -0.0003641947   0.0002359419  -0.0000007458   0.0001009961
        0.0007793797  -0.0000023301   0.0001738148  -0.0001947493   0.0000012544
        0.0005725759   0.0007915577  -0.0004184266   0.0002543587  -0.0001139071
        0.0000008901   0.0005416600   0.0008091285   0.0004136664   0.1823938305
        0.1857233028  -0.0000525162
       -0.0000027900  -0.0000254805   0.0000012949   0.0001851100   0.0006450371
       -0.0000018278   0.0005890942  -0.0004587872   0.0000001291   0.0003714214
       -0.0002627559  -0.0000000294  -0.0023962881   0.0117154921  -0.0000005660
        0.0023390181  -0.0003287214  -0.0000004559  -0.0008477452  -0.0000042057
       -0.0000002175  -0.0015882623   0.0015038172   0.0000053712  -0.1856017582
       -0.3063012164   0.0000669526   0.0000297364   0.0000201361  -0.0000009725
        0.0000036186   0.0000185306  -0.0000314396   0.0000062359   0.0000175205
        0.0000294089  -0.0000145997   0.0001638673   0.0000005283   0.0000802775
        0.0009422849   0.0000012481   0.0001556184   0.0001470869  -0.0000007516
        0.0005985841  -0.0013239172   0.0015832926  -0.0002446275   0.0005405573
       -0.0000010813   0.0006140537  -0.0013352499  -0.0015867336   0.1857233028
        0.2943260041  -0.0000641505
       -0.0000009852  -0.0000005125  -0.0001956148   0.0000005013  -0.0000010883
        0.0000339839  -0.0000003438   0.0000002611   0.0012759523   0.0000022734
        0.0000006278   0.0009440459   0.0000008854   0.0000035325  -0.0018968923
       -0.0000012481   0.0000007705  -0.0002078333   0.0000008541   0.0000000573
       -0.0000355607   0.0000028946  -0.0000009128   0.0003072823   0.0000533497
        0.0000605193  -0.0031035079   0.0000001131   0.0000012935   0.0000062567
        0.0000379314  -0.0000239298  -0.0000018069  -0.0000383974   0.0000248585
       -0.0000031080   0.0000003471  -0.0000000313  -0.0001091755  -0.0000002288
       -0.0000004971   0.0000506111  -0.0000001799   0.0000001183   0.0000779484
        0.0001061699   0.0009714270  -0.0003981929   0.0000000284  -0.0000003848
       -0.0003884658  -0.0001114489  -0.0009719586  -0.0003972656  -0.0000525162
       -0.0000641505   0.0040413432
