           1           2  0.983915624289943     
           2           3  0.956981789677016     
           2           4  0.961990005299770     
           4           5  0.955632530034759     
           4           6  0.973630686566640     
           6           7  0.957865526389924     
           6           8  0.968615784691909     
           8           9  0.955785047792220     
           8          10  0.946593506677467     
          10          11  0.949095705189887     
           2          12  0.962566566196136     
          10          12  0.955041067171285     
          10          13   1.02167173370013     
           8          14   1.00039183137879     
           6          15   1.00182148285671     
           4          16   1.00737357370753     
           1          17   1.00300885523294     
           1          18  0.967604866718289     
           1          19  0.967788269278729     
          13          20  0.830645914972695     
          14          21  0.844354826163258     
          15          22  0.846820261495320     
          16          23  0.829126479982374     
          17          24  0.834047194081351     
