           1           2   1.02012938397766     
           2           3  0.995209353438498     
           3           4   1.00946231783873     
           3           5   1.00946675307058     
           1           6  0.987101565934524     
           1           7  0.985903914119310     
           1           8  0.985889611032789     
           2           9  0.978073715655348     
           2          10  0.978081942943168     
           3          11  0.969714245978289     
           4          12  0.984762088640811     
           4          13  0.986690420012341     
           4          14  0.986902541448634     
           5          15  0.984750199053761     
           5          16  0.986898373165667     
           5          17  0.986692623451586     
