           1           2   1.00124138925373     
           2           3   1.00135813981003     
           2           4  0.979321534557913     
           1           5  0.985937708032707     
           1           6  0.984651956262865     
           1           7  0.985106766633169     
           2           8  0.965667861268711     
           3           9  0.985962961673535     
           3          10  0.984593330245106     
           3          11  0.985062955232836     
           4          12  0.864222763408038     
