           1           2   1.43923798737962     
           2           3   1.44443496432448     
           1           4  0.109943705950595     
           3           4   1.41548584161012     
           2           5  0.111518829219057     
           4           5   1.41377409283675     
           1           6   1.43817647984240     
           3           6  0.111575719637356     
           5           6   1.44542659959387     
           4           7  0.996763440970529     
           7           8  0.994386980304469     
           1           9  0.970923392411010     
           2          10  0.970518397960985     
           3          11  0.968071926160485     
           5          12  0.968638231819058     
           6          13  0.970497272448652     
           7          14  0.966778289262924     
           7          15  0.957460098468556     
           8          16  0.861792727177434     
