$hessian                                                                        
        0.5074170309  -0.0177906005  -0.0225716135  -0.0749780685  -0.0299525918
       -0.0443903452   0.0047530277   0.0080978096   0.0088677550  -0.0166842696
       -0.0143147161  -0.0203550673  -0.0027927311   0.0013934875   0.0026647331
       -0.0003831320   0.0007688631   0.0024606191  -0.2584665470  -0.0594087633
        0.0494984654  -0.1161335372   0.1093506649   0.0192141211  -0.0436488648
       -0.0013729564   0.0039882686   0.0009632871  -0.0004688780  -0.0014698349
        0.0003464011  -0.0000639236   0.0003557937   0.0011714135   0.0004951975
        0.0005206049  -0.0008271553   0.0031391654   0.0011578006  -0.0000319632
        0.0004675034  -0.0004419541  -0.0000339720  -0.0000375623   0.0004815577
       -0.0006709197  -0.0003026992   0.0000190960
       -0.0177906005   0.4976463818  -0.0349063619  -0.0200836584  -0.0927472172
       -0.0489294394  -0.0060279446  -0.0200369221  -0.0213903043  -0.0116596661
       -0.0050416186  -0.0054096368   0.0016925603  -0.0009189353   0.0004510947
        0.0003045901   0.0010901005   0.0010797700  -0.0591815864  -0.0591382153
        0.0155120031   0.1092508756  -0.2063900358  -0.0254332403  -0.0013266377
       -0.1177366447   0.1124338897   0.0045293635   0.0066727369   0.0097301088
       -0.0008113375   0.0010004365  -0.0010432196  -0.0007842907   0.0007399727
        0.0002047928   0.0024463131  -0.0047897009  -0.0019037119   0.0000727897
        0.0001920903  -0.0002640647  -0.0000489814  -0.0000224907   0.0000738425
       -0.0005817889  -0.0005199381  -0.0002055228
       -0.0225716135  -0.0349063619   0.4742960835  -0.0291590713  -0.0445865307
       -0.1352575774  -0.0014196801  -0.0083090822  -0.0069556921  -0.0131783184
       -0.0000605265   0.0015274239   0.0035315278  -0.0029847128   0.0016504460
       -0.0001774274   0.0005295082  -0.0020103697   0.0505589735   0.0155359715
       -0.0525262355   0.0189364323  -0.0258138789  -0.0479972499   0.0031750638
        0.1122242874  -0.2091186657  -0.0112265517  -0.0126741314  -0.0254066531
       -0.0000310768   0.0010452402   0.0012069620  -0.0004085480   0.0003821807
        0.0002178875   0.0007097337  -0.0010796245   0.0003216955   0.0001354980
       -0.0000652332   0.0001165801   0.0000637622   0.0000303268  -0.0000251199
        0.0010612959   0.0007325672  -0.0000395152
       -0.0749780685  -0.0200836584  -0.0291590713   0.4546947826  -0.0266518161
       -0.0084085734  -0.0959580227   0.0557028015   0.0120322692  -0.1476298617
       -0.0226921742   0.0243045588  -0.0559498928   0.0157270651  -0.0061994942
       -0.0088437822  -0.0059628898   0.0059391050  -0.0151229642  -0.0172808888
       -0.0234787489   0.0053739546   0.0070422602   0.0105377359  -0.0005944285
        0.0001680288  -0.0024584442  -0.0441813327  -0.0054661498   0.0131265234
       -0.0008288807   0.0024729286  -0.0017804509  -0.0206669748   0.0253759300
        0.0051372368   0.0052144904  -0.0073238507  -0.0004868208  -0.0003608844
       -0.0003489694  -0.0000301359   0.0000935257  -0.0007761959   0.0005974315
       -0.0002616600   0.0000975789   0.0003268789
       -0.0299525918  -0.0927472172  -0.0445865307  -0.0266518161   0.4790203987
       -0.0549839986   0.0619326849  -0.1579568544  -0.0108628696  -0.0220639052
       -0.0697505340   0.0079118044   0.0313090370   0.0099128283   0.0054705197
       -0.0182509155  -0.0025184034   0.0099448804  -0.0068770255  -0.0063334889
       -0.0094433778  -0.0081230574  -0.0158637426  -0.0200435583   0.0052742753
        0.0073331759   0.0103586872  -0.0053561264  -0.1144877624   0.1057810043
        0.0105333551  -0.0192954670   0.0014735280   0.0006082923   0.0024566204
        0.0004692588   0.0088573303  -0.0168885732  -0.0048104918   0.0004219500
        0.0004026758  -0.0007009659  -0.0011522472  -0.0030063704   0.0032216789
       -0.0005092398  -0.0002772856   0.0008004308
       -0.0443903452  -0.0489294394  -0.1352575774  -0.0084085734  -0.0549839986
        0.4868754172   0.0136555782  -0.0098406372  -0.0673725415   0.0389801160
        0.0080273830  -0.0728447118  -0.0204316660   0.0088531994   0.0121884432
        0.0161229176   0.0092062697   0.0026167504  -0.0020234215  -0.0003652180
        0.0002885431  -0.0014430426  -0.0048854198  -0.0048693815  -0.0102056227
       -0.0111697444  -0.0252747233   0.0120407436   0.1065003573  -0.1917900774
       -0.0133546605   0.0214736181   0.0019539450   0.0062093820  -0.0078592117
       -0.0011531384   0.0112413352  -0.0198007740  -0.0042685306   0.0010848887
        0.0015298433  -0.0013204138   0.0015318437   0.0035210988  -0.0005814400
       -0.0006094730  -0.0012773267   0.0008094368
        0.0047530277  -0.0060279446  -0.0014196801  -0.0959580227   0.0619326849
        0.0136555782   0.4987185520   0.0320253202   0.0076348348  -0.0179248947
        0.0218918014   0.0054093443  -0.0087894362  -0.0002286069  -0.0010231770
       -0.0001958923  -0.0007059552  -0.0014101675   0.0011179589  -0.0005437122
       -0.0002561045  -0.0000160569  -0.0017557740  -0.0019113875   0.0002794372
       -0.0003093840  -0.0000393273  -0.0005017595   0.0020464171  -0.0003127964
       -0.0427714700   0.0022822178  -0.0048935552  -0.2542133541  -0.0580637641
        0.0576443324  -0.0832419874  -0.0533819460  -0.0732614293  -0.0009242419
        0.0001672751   0.0008120984  -0.0001270002   0.0005469272  -0.0003363237
       -0.0002048599   0.0001244431  -0.0002922397
        0.0080978096  -0.0200369221  -0.0083090822   0.0557028015  -0.1579568544
       -0.0098406372   0.0320253202   0.4774206280  -0.0114551171   0.0068703926
        0.0017693144   0.0000890370  -0.0031259838   0.0012952218  -0.0022080771
       -0.0001857591  -0.0007076613   0.0001081780   0.0007526726   0.0005025736
        0.0005588579  -0.0011011913  -0.0019243855  -0.0029709595   0.0001417844
        0.0011470888   0.0009904539   0.0112097953  -0.0189894050  -0.0002066662
        0.0020490219  -0.1147808140   0.1114346257  -0.0580921527  -0.0572057594
        0.0157085378  -0.0535447645  -0.1108377731  -0.0944113005  -0.0003384645
        0.0000557272   0.0002578489  -0.0001206195   0.0000701490   0.0002075255
       -0.0003406628   0.0001788721   0.0000467752
        0.0088677550  -0.0213903043  -0.0069556921   0.0120322692  -0.0108628696
       -0.0673725415   0.0076348348  -0.0114551171   0.5272951063   0.0010586682
       -0.0045248626  -0.0015875904   0.0019734174  -0.0010315530   0.0015866548
       -0.0006036790   0.0001119004  -0.0001614714   0.0005529510   0.0003149271
        0.0004490006  -0.0011539235  -0.0036229875  -0.0032913884   0.0007739259
       -0.0010146375   0.0011347430  -0.0112023599   0.0203650091   0.0018068780
       -0.0047319343   0.1114929453  -0.2160817552   0.0574686347   0.0161432005
       -0.0601247452  -0.0733389524  -0.0941651814  -0.1769781066   0.0001979726
       -0.0000187871   0.0002949286   0.0000196753  -0.0000985215   0.0001487569
        0.0004507448  -0.0002431606  -0.0001627775
       -0.0166842696  -0.0116596661  -0.0131783184  -0.1476298617  -0.0220639052
        0.0389801160  -0.0179248947   0.0068703926   0.0010586682   0.6324882414
       -0.1732132705   0.0913989862  -0.3564350995   0.2430033941  -0.1525669242
       -0.0832077575  -0.0300727220   0.0234781179   0.0008547713   0.0006615110
        0.0012731254   0.0003399568   0.0006447331   0.0002021862   0.0007954268
        0.0005428157   0.0005356974  -0.0075429319  -0.0053492516   0.0023932526
        0.0005348093  -0.0000540907   0.0000221520   0.0005696553   0.0003149064
        0.0000287005   0.0006375423  -0.0009145063  -0.0007658951   0.0017683321
        0.0037591827  -0.0014556652  -0.0118672850  -0.0251664087   0.0205040585
        0.0033033646   0.0126968855  -0.0119082580
       -0.0143147161  -0.0050416186  -0.0000605265  -0.0226921742  -0.0697505340
        0.0080273830   0.0218918014   0.0017693144  -0.0045248626  -0.1732132705
        0.5189054116  -0.2131854105   0.2417053650  -0.2800084448   0.1414606224
       -0.0365289344  -0.1259469373   0.0519889340  -0.0017071333  -0.0017041777
       -0.0031171576  -0.0012615340  -0.0015371053  -0.0009545283   0.0006137024
        0.0004040789   0.0007547266  -0.0190255510  -0.0048732770   0.0078222385
        0.0007997901   0.0003051936   0.0005161068   0.0030806090  -0.0040089792
       -0.0008384482   0.0008265159   0.0004580069  -0.0007851362  -0.0022992096
       -0.0265919754   0.0126114442  -0.0041378472  -0.0007949145   0.0000594490
        0.0062625864  -0.0015840416   0.0002251656
       -0.0203550673  -0.0054096368   0.0015274239   0.0243045588   0.0079118044
       -0.0728447118   0.0054093443   0.0000890370  -0.0015875904   0.0913989862
       -0.2131854105   0.3579750276  -0.1512397708   0.1422726359  -0.1494350717
        0.0270992908   0.0453514699  -0.1112070607  -0.0028521051  -0.0029792354
       -0.0034223488  -0.0004824363  -0.0004978800   0.0006080004  -0.0013294376
        0.0001045380  -0.0005633783   0.0264924114   0.0085963609  -0.0083551190
       -0.0011066711   0.0004184105  -0.0002961403   0.0006226833  -0.0013362176
        0.0002031116   0.0007532902  -0.0006913456   0.0000933445  -0.0058262809
       -0.0097879134   0.0091922313   0.0062117497   0.0089047026  -0.0054586582
        0.0008994545   0.0202386801  -0.0164290602
       -0.0027927311   0.0016925603   0.0035315278  -0.0559498928   0.0313090370
       -0.0204316660  -0.0087894362  -0.0031259838   0.0019734174  -0.3564350995
        0.2417053650  -0.1512397708   0.4140188511  -0.2893120893   0.1786778401
        0.0063505691   0.0158944062  -0.0087135390  -0.0010696823  -0.0011346318
       -0.0017112934   0.0004074104  -0.0003755217   0.0003601293  -0.0003554504
        0.0000334513  -0.0002752403   0.0028341178   0.0014704032  -0.0007921322
        0.0001485515  -0.0001000838  -0.0000792083  -0.0024608199   0.0026866266
        0.0006419603   0.0002420637   0.0000032734   0.0002241018   0.0006972653
       -0.0006780513  -0.0009452226   0.0011697834   0.0001046905  -0.0013447292
        0.0019845000  -0.0001734518   0.0001238250
        0.0013934875  -0.0009189353  -0.0029847128   0.0157270651   0.0099128283
        0.0088531994  -0.0002286069   0.0012952218  -0.0010315530   0.2430033941
       -0.2800084448   0.1422726359  -0.2893120893   0.3116490408  -0.1900516688
        0.0313752152  -0.0364203550   0.0380079443   0.0007420379   0.0008115360
        0.0014993388   0.0001619110   0.0005060612   0.0002913988   0.0001052317
        0.0000300724   0.0000251265  -0.0002229829  -0.0001357437  -0.0018541813
       -0.0004929989   0.0000695919   0.0000219964   0.0006432825  -0.0002457962
       -0.0001878255  -0.0002221755  -0.0004006095  -0.0001240356  -0.0012723047
       -0.0012772998   0.0015939844   0.0011405315   0.0017955368  -0.0019127761
       -0.0025409982  -0.0066627050   0.0055811286
        0.0026647331   0.0004510947   0.0016504460  -0.0061994942   0.0054705197
        0.0121884432  -0.0010231770  -0.0022080771   0.0015866548  -0.1525669242
        0.1414606224  -0.1494350717   0.1786778401  -0.1900516688   0.1447953590
       -0.0200550801   0.0403484988  -0.0066527160  -0.0000008681   0.0001895772
        0.0001069136   0.0002882276  -0.0001066730  -0.0002887987   0.0000429415
       -0.0000277257  -0.0000418266  -0.0011374213  -0.0010074580   0.0010277759
        0.0003038877  -0.0001130749   0.0001035565  -0.0007395747   0.0009513747
        0.0001418110  -0.0001550457   0.0003826962  -0.0000687394   0.0004234323
        0.0045338393  -0.0038710837  -0.0013914792  -0.0028196691   0.0006838624
        0.0008680020   0.0025461236  -0.0019265862
       -0.0003831320   0.0003045901  -0.0001774274  -0.0088437822  -0.0182509155
        0.0161229176  -0.0001958923  -0.0001857591  -0.0006036790  -0.0832077575
       -0.0365289344   0.0270992908   0.0063505691   0.0313752152  -0.0200550801
        0.5364835855  -0.0221826379   0.0120546335  -0.0001475933  -0.0002585890
       -0.0002983606  -0.0000686370  -0.0001653124   0.0001001239  -0.0003791838
       -0.0003658980   0.0004568624  -0.0051547391  -0.0020533045   0.0015722015
       -0.0008663816  -0.0005028073   0.0009602776  -0.0001532662  -0.0002469131
        0.0003235194  -0.0001971327  -0.0001839821   0.0001072092  -0.0437316203
        0.0298048420   0.0192538180  -0.2717018343   0.0181260468   0.0602037079
       -0.1278032026   0.0013143592  -0.1171200148
        0.0007688631   0.0010901005   0.0005295082  -0.0059628898  -0.0025184034
        0.0092062697  -0.0007059552  -0.0007076613   0.0001119004  -0.0300727220
       -0.1259469373   0.0453514699   0.0158944062  -0.0364203550   0.0403484988
       -0.0221826379   0.4564411540   0.0106469242  -0.0001165407  -0.0002748252
        0.0001211287   0.0000564128   0.0000819512   0.0000785354  -0.0000564372
       -0.0002594031   0.0000633445  -0.0012424183   0.0002629382   0.0006382590
       -0.0002560369   0.0001026173  -0.0002205556  -0.0004249044   0.0005430961
        0.0000491957   0.0001323141   0.0001526157   0.0002048447   0.0279558494
       -0.2164667664  -0.1040620832   0.0174845810  -0.0433580314  -0.0039452854
       -0.0012718843  -0.0327220898   0.0008780449
        0.0024606191   0.0010797700  -0.0020103697   0.0059391050   0.0099448804
        0.0026167504  -0.0014101675   0.0001081780  -0.0001614714   0.0234781179
        0.0519889340  -0.1112070607  -0.0087135390   0.0380079443  -0.0066527160
        0.0120546335   0.0106469242   0.4803584980   0.0005527968   0.0005766534
        0.0009842087  -0.0000242406   0.0000956937  -0.0001257707  -0.0003424264
       -0.0008053441   0.0001938739   0.0007634547   0.0008561641   0.0006384212
        0.0004025068   0.0000616002   0.0001673051  -0.0000306222   0.0002587569
        0.0000733257   0.0001565038   0.0002072276  -0.0000110492   0.0196749037
       -0.1121973787  -0.0972667043   0.0606291745  -0.0046538038  -0.0625818651
       -0.1155908201   0.0038237997  -0.2050153760
       -0.2584665470  -0.0591815864   0.0505589735  -0.0151229642  -0.0068770255
       -0.0020234215   0.0011179589   0.0007526726   0.0005529510   0.0008547713
       -0.0017071333  -0.0028521051  -0.0010696823   0.0007420379  -0.0000008681
       -0.0001475933  -0.0001165407   0.0005527968   0.2980369153   0.0697222493
       -0.0560535804  -0.0222893569  -0.0019204856   0.0061036094  -0.0032565658
       -0.0017915348   0.0029625849   0.0001794676   0.0003375098   0.0001698322
       -0.0001588385  -0.0001164695   0.0000142289   0.0003493639  -0.0002387870
       -0.0001378566   0.0000332694   0.0002144492   0.0001571569   0.0000211512
        0.0001328587  -0.0000911618   0.0001010622   0.0000209344   0.0001085254
       -0.0001824120   0.0000268508  -0.0000216657
       -0.0594087633  -0.0591382153   0.0155359715  -0.0172808888  -0.0063334889
       -0.0003652180  -0.0005437122   0.0005025736   0.0003149271   0.0006615110
       -0.0017041777  -0.0029792354  -0.0011346318   0.0008115360   0.0001895772
       -0.0002585890  -0.0002748252   0.0005766534   0.0697222493   0.0664597154
       -0.0146041909   0.0261687389   0.0052990277  -0.0062549723  -0.0187412072
       -0.0058665406   0.0074004953   0.0005045908   0.0005014516   0.0004578405
       -0.0001091106  -0.0002137251   0.0001178825   0.0003592696  -0.0003270403
       -0.0005735354   0.0001832647   0.0001482294   0.0001765267  -0.0000788909
        0.0001132871  -0.0000967673   0.0000618206  -0.0000007011   0.0000971531
       -0.0001056511   0.0000228934   0.0000068920
        0.0494984654   0.0155120031  -0.0525262355  -0.0234787489  -0.0094433778
        0.0002885431  -0.0002561045   0.0005588579   0.0004490006   0.0012731254
       -0.0031171576  -0.0034223488  -0.0017112934   0.0014993388   0.0001069136
       -0.0002983606   0.0001211287   0.0009842087  -0.0560535804  -0.0146041909
        0.0621195452   0.0051186097   0.0009152449  -0.0003897731   0.0262710273
        0.0088698751  -0.0084816846  -0.0006258063  -0.0000680187   0.0006937837
        0.0001713984   0.0000732112  -0.0001751473   0.0002435625  -0.0002991537
       -0.0000234342   0.0000016760   0.0001684130   0.0000186946   0.0000631088
        0.0001500526  -0.0000177705  -0.0000838690  -0.0000618441   0.0002043633
       -0.0001332104  -0.0002743825   0.0001713413
       -0.1161335372   0.1092508756   0.0189364323   0.0053739546  -0.0081230574
       -0.0014430426  -0.0000160569  -0.0011011913  -0.0011539235   0.0003399568
       -0.0012615340  -0.0004824363   0.0004074104   0.0001619110   0.0002882276
       -0.0000686370   0.0000564128  -0.0000242406  -0.0222893569   0.0261687389
        0.0051186097   0.1320047154  -0.1258702277  -0.0206333415  -0.0001161809
        0.0012464589  -0.0005813538   0.0001411860   0.0000257217   0.0003232316
       -0.0000816146  -0.0001391558   0.0000436485   0.0000919650  -0.0000896314
       -0.0001942040   0.0003673066  -0.0003858112  -0.0001567486  -0.0000182029
        0.0000339897  -0.0000274278  -0.0000186357  -0.0000321531  -0.0000069891
        0.0000157274   0.0000586532  -0.0000064419
        0.1093506649  -0.2063900358  -0.0258138789   0.0070422602  -0.0158637426
       -0.0048854198  -0.0017557740  -0.0019243855  -0.0036229875   0.0006447331
       -0.0015371053  -0.0004978800  -0.0003755217   0.0005060612  -0.0001066730
       -0.0001653124   0.0000819512   0.0000956937  -0.0019204856   0.0052990277
        0.0009152449  -0.1258702277   0.2392591837   0.0333238695   0.0125014088
       -0.0192788630   0.0007987209   0.0001414771   0.0005160011   0.0002657525
       -0.0001034255   0.0003816228  -0.0001190784  -0.0002195979   0.0000873795
        0.0001027452   0.0005464003  -0.0010557382  -0.0004806552   0.0001027492
        0.0001240937   0.0000588304  -0.0000928393   0.0000044158  -0.0000433319
        0.0001734907  -0.0002098663   0.0000090475
        0.0192141211  -0.0254332403  -0.0479972499   0.0105377359  -0.0200435583
       -0.0048693815  -0.0019113875  -0.0029709595  -0.0032913884   0.0002021862
       -0.0009545283   0.0006080004   0.0003601293   0.0002913988  -0.0002887987
        0.0001001239   0.0000785354  -0.0001257707   0.0061036094  -0.0062549723
       -0.0003897731  -0.0206333415   0.0333238695   0.0546751796  -0.0146921513
        0.0234030339   0.0020499034   0.0004884496  -0.0003069077   0.0001031352
       -0.0001029431   0.0000362910  -0.0000922702  -0.0001727977   0.0001424946
       -0.0000136224   0.0005702027  -0.0013449184  -0.0002852381   0.0000119117
       -0.0000271738  -0.0000377879   0.0000816391   0.0000460345  -0.0000041327
       -0.0001574876   0.0000146011  -0.0000408050
       -0.0436488648  -0.0013266377   0.0031750638  -0.0005944285   0.0052742753
       -0.0102056227   0.0002794372   0.0001417844   0.0007739259   0.0007954268
        0.0006137024  -0.0013294376  -0.0003554504   0.0001052317   0.0000429415
       -0.0003791838  -0.0000564372  -0.0003424264  -0.0032565658  -0.0187412072
        0.0262710273  -0.0001161809   0.0125014088  -0.0146921513   0.0478545353
        0.0033427616  -0.0021701399  -0.0003724110  -0.0010727073  -0.0021571166
        0.0002806668   0.0001604634   0.0000536949  -0.0001563153  -0.0001410847
        0.0001317998  -0.0001140153   0.0001079677  -0.0000222415   0.0000934585
        0.0000539314   0.0000926642   0.0000255604   0.0000325034   0.0000998822
       -0.0003356692  -0.0009959561   0.0002781362
       -0.0013729564  -0.1177366447   0.1122242874   0.0001680288   0.0073331759
       -0.0111697444  -0.0003093840   0.0011470888  -0.0010146375   0.0005428157
        0.0004040789   0.0001045380   0.0000334513   0.0000300724  -0.0000277257
       -0.0003658980  -0.0002594031  -0.0008053441  -0.0017915348  -0.0058665406
        0.0088698751   0.0012464589  -0.0192788630   0.0234030339   0.0033427616
        0.1354321486  -0.1290987346  -0.0011086309  -0.0006465719  -0.0027776894
        0.0000325374  -0.0002367520  -0.0000949221   0.0000219794  -0.0001479474
        0.0000989465  -0.0000021463  -0.0000307618   0.0000785936  -0.0000206456
       -0.0001045581  -0.0000278086   0.0001848947   0.0000583564   0.0001105283
       -0.0006017317  -0.0000968783   0.0001268034
        0.0039882686   0.1124338897  -0.2091186657  -0.0024584442   0.0103586872
       -0.0252747233  -0.0000393273   0.0009904539   0.0011347430   0.0005356974
        0.0007547266  -0.0005633783  -0.0002752403   0.0000251265  -0.0000418266
        0.0004568624   0.0000633445   0.0001938739   0.0029625849   0.0074004953
       -0.0084816846  -0.0005813538   0.0007987209   0.0020499034  -0.0021701399
       -0.1290987346   0.2437895790  -0.0024862709  -0.0028255048  -0.0045718582
        0.0000914361  -0.0008295290   0.0001383624   0.0000897192   0.0000504181
       -0.0002081063   0.0000574498   0.0002249137   0.0003337777  -0.0000291980
       -0.0000107845  -0.0000302147   0.0000974682  -0.0000049074  -0.0000193988
       -0.0002395123  -0.0003313161   0.0006696170
        0.0009632871   0.0045293635  -0.0112265517  -0.0441813327  -0.0053561264
        0.0120407436  -0.0005017595   0.0112097953  -0.0112023599  -0.0075429319
       -0.0190255510   0.0264924114   0.0028341178  -0.0002229829  -0.0011374213
       -0.0051547391  -0.0012424183   0.0007634547   0.0001794676   0.0005045908
       -0.0006258063   0.0001411860   0.0001414771   0.0004884496  -0.0003724110
       -0.0011086309  -0.0024862709   0.0552720735   0.0079641824  -0.0128731139
       -0.0012761924   0.0034142612   0.0000325407   0.0001245705   0.0005044085
       -0.0006806739   0.0001691549  -0.0004049802  -0.0000624734  -0.0001831676
       -0.0000031784   0.0001246456  -0.0004968376  -0.0012302186   0.0007277005
        0.0000255145   0.0003260080  -0.0003752748
       -0.0004688780   0.0066727369  -0.0126741314  -0.0054661498  -0.1144877624
        0.1065003573   0.0020464171  -0.0189894050   0.0203650091  -0.0053492516
       -0.0048732770   0.0085963609   0.0014704032  -0.0001357437  -0.0010074580
       -0.0020533045   0.0002629382   0.0008561641   0.0003375098   0.0005014516
       -0.0000680187   0.0000257217   0.0005160011  -0.0003069077  -0.0010727073
       -0.0006465719  -0.0028255048   0.0079641824   0.1358426834  -0.1194477060
        0.0032539417  -0.0050622241  -0.0005219642  -0.0003464000   0.0007389263
        0.0001966790  -0.0003162109   0.0000503068   0.0002762887   0.0001191390
        0.0000970104   0.0000642265  -0.0001799810  -0.0004540040   0.0002791203
        0.0000355681  -0.0000330664  -0.0002825150
       -0.0014698349   0.0097301088  -0.0254066531   0.0131265234   0.1057810043
       -0.1917900774  -0.0003127964  -0.0002066662   0.0018068780   0.0023932526
        0.0078222385  -0.0083551190  -0.0007921322  -0.0018541813   0.0010277759
        0.0015722015   0.0006382590   0.0006384212   0.0001698322   0.0004578405
        0.0006937837   0.0003232316   0.0002657525   0.0001031352  -0.0021571166
       -0.0027776894  -0.0045718582  -0.0128731139  -0.1194477060   0.2246412337
        0.0000790481  -0.0002349231   0.0007237559  -0.0002194394  -0.0002263640
        0.0003259770   0.0001095779  -0.0001459565   0.0003568570   0.0000950840
        0.0000677806  -0.0001722676   0.0000831060   0.0003984399  -0.0002062693
       -0.0001274240  -0.0002679376   0.0001844271
        0.0003464011  -0.0008113375  -0.0000310768  -0.0008288807   0.0105333551
       -0.0133546605  -0.0427714700   0.0020490219  -0.0047319343   0.0005348093
        0.0007997901  -0.0011066711   0.0001485515  -0.0004929989   0.0003038877
       -0.0008663816  -0.0002560369   0.0004025068  -0.0001588385  -0.0001091106
        0.0001713984  -0.0000816146  -0.0001034255  -0.0001029431   0.0002806668
        0.0000325374   0.0000914361  -0.0012761924   0.0032539417   0.0000790481
        0.0491019836  -0.0041181695   0.0040604200  -0.0022136320  -0.0171643385
        0.0268934468  -0.0002611005   0.0064014645  -0.0134800707  -0.0013748242
       -0.0004096108  -0.0003353389   0.0001174451  -0.0000025961   0.0000253276
       -0.0006969230   0.0003975136   0.0011152239
       -0.0000639236   0.0010004365   0.0010452402   0.0024729286  -0.0192954670
        0.0214736181   0.0022822178  -0.1147808140   0.1114929453  -0.0000540907
        0.0003051936   0.0004184105  -0.0001000838   0.0000695919  -0.0001130749
       -0.0005028073   0.0001026173   0.0000616002  -0.0001164695  -0.0002137251
        0.0000732112  -0.0001391558   0.0003816228   0.0000362910   0.0001604634
       -0.0002367520  -0.0008295290   0.0034142612  -0.0050622241  -0.0002349231
       -0.0041181695   0.1339143627  -0.1296915170  -0.0024425503  -0.0053759754
        0.0101469647  -0.0005685983   0.0086528448  -0.0133891409  -0.0003929702
        0.0002903102   0.0000162991  -0.0001831581   0.0000163154  -0.0000535400
        0.0003521062   0.0002316626  -0.0004528554
        0.0003557937  -0.0010432196   0.0012069620  -0.0017804509   0.0014735280
        0.0019539450  -0.0048935552   0.1114346257  -0.2160817552   0.0000221520
        0.0005161068  -0.0002961403  -0.0000792083   0.0000219964   0.0001035565
        0.0009602776  -0.0002205556   0.0001673051   0.0000142289   0.0001178825
       -0.0001751473   0.0000436485  -0.0001190784  -0.0000922702   0.0000536949
       -0.0000949221   0.0001383624   0.0000325407  -0.0005219642   0.0007237559
        0.0040604200  -0.1296915170   0.2482869247   0.0023902269   0.0066227404
       -0.0099984968  -0.0015851713   0.0121449577  -0.0257804676  -0.0003674568
       -0.0002508864   0.0000182528   0.0001285782  -0.0002521035  -0.0001223257
        0.0006442809  -0.0001375907  -0.0000524613
        0.0011714135  -0.0007842907  -0.0004085480  -0.0206669748   0.0006082923
        0.0062093820  -0.2542133541  -0.0580921527   0.0574686347   0.0005696553
        0.0030806090   0.0006226833  -0.0024608199   0.0006432825  -0.0007395747
       -0.0001532662  -0.0004249044  -0.0000306222   0.0003493639   0.0003592696
        0.0002435625   0.0000919650  -0.0002195979  -0.0001727977  -0.0001563153
        0.0000219794   0.0000897192   0.0001245705  -0.0003464000  -0.0002194394
       -0.0022136320  -0.0024425503   0.0023902269   0.2948016828   0.0645548125
       -0.0670619688  -0.0172350803  -0.0072274618   0.0016636349  -0.0000911835
        0.0001601852   0.0000957237   0.0001177978   0.0000452870  -0.0000559107
       -0.0000358229   0.0000636402  -0.0000947057
        0.0004951975   0.0007399727   0.0003821807   0.0253759300   0.0024566204
       -0.0078592117  -0.0580637641  -0.0572057594   0.0161432005   0.0003149064
       -0.0040089792  -0.0013362176   0.0026866266  -0.0002457962   0.0009513747
       -0.0002469131   0.0005430961   0.0002587569  -0.0002387870  -0.0003270403
       -0.0002991537  -0.0000896314   0.0000873795   0.0001424946  -0.0001410847
       -0.0001479474   0.0000504181   0.0005044085   0.0007389263  -0.0002263640
       -0.0171643385  -0.0053759754   0.0066227404   0.0645548125   0.0678675894
       -0.0177078473  -0.0181680673  -0.0053684332   0.0029593223   0.0002377204
        0.0002619681   0.0000212779  -0.0000504940   0.0001206047   0.0000277216
       -0.0000065219  -0.0001362259  -0.0001306934
        0.0005206049   0.0002047928   0.0002178875   0.0051372368   0.0004692588
       -0.0011531384   0.0576443324   0.0157085378  -0.0601247452   0.0000287005
       -0.0008384482   0.0002031116   0.0006419603  -0.0001878255   0.0001418110
        0.0003235194   0.0000491957   0.0000733257  -0.0001378566  -0.0005735354
       -0.0000234342  -0.0001942040   0.0001027452  -0.0000136224   0.0001317998
        0.0000989465  -0.0002081063  -0.0006806739   0.0001966790   0.0003259770
        0.0268934468   0.0101469647  -0.0099984968  -0.0670619688  -0.0177078473
        0.0656645765  -0.0232156575  -0.0076237012   0.0048490316   0.0000276782
       -0.0000760504  -0.0002212411  -0.0000105560  -0.0000900351   0.0000592033
       -0.0000483622   0.0001203226   0.0002078602
       -0.0008271553   0.0024463131   0.0007097337   0.0052144904   0.0088573303
        0.0112413352  -0.0832419874  -0.0535447645  -0.0733389524   0.0006375423
        0.0008265159   0.0007532902   0.0002420637  -0.0002221755  -0.0001550457
       -0.0001971327   0.0001323141   0.0001565038   0.0000332694   0.0001832647
        0.0000016760   0.0003673066   0.0005464003   0.0005702027  -0.0001140153
       -0.0000021463   0.0000574498   0.0001691549  -0.0003162109   0.0001095779
       -0.0002611005  -0.0005685983  -0.0015851713  -0.0172350803  -0.0181680673
       -0.0232156575   0.0954629784   0.0601198810   0.0844430585  -0.0002382668
       -0.0002176858   0.0003916442   0.0000102765  -0.0000331236  -0.0000500270
       -0.0000223438  -0.0000392473  -0.0000896180
        0.0031391654  -0.0047897009  -0.0010796245  -0.0073238507  -0.0168885732
       -0.0198007740  -0.0533819460  -0.1108377731  -0.0941651814  -0.0009145063
        0.0004580069  -0.0006913456   0.0000032734  -0.0004006095   0.0003826962
       -0.0001839821   0.0001526157   0.0002072276   0.0002144492   0.0001482294
        0.0001684130  -0.0003858112  -0.0010557382  -0.0013449184   0.0001079677
       -0.0000307618   0.0002249137  -0.0004049802   0.0000503068  -0.0001459565
        0.0064014645   0.0086528448   0.0121449577  -0.0072274618  -0.0053684332
       -0.0076237012   0.0601198810   0.1297757546   0.1116744201  -0.0001050083
        0.0002739546   0.0001130350  -0.0000832133  -0.0000638048  -0.0000297562
        0.0000245584  -0.0000763180  -0.0000344054
        0.0011578006  -0.0019037119   0.0003216955  -0.0004868208  -0.0048104918
       -0.0042685306  -0.0732614293  -0.0944113005  -0.1769781066  -0.0007658951
       -0.0007851362   0.0000933445   0.0002241018  -0.0001240356  -0.0000687394
        0.0001072092   0.0002048447  -0.0000110492   0.0001571569   0.0001765267
        0.0000186946  -0.0001567486  -0.0004806552  -0.0002852381  -0.0000222415
        0.0000785936   0.0003337777  -0.0000624734   0.0002762887   0.0003568570
       -0.0134800707  -0.0133891409  -0.0257804676   0.0016636349   0.0029593223
        0.0048490316   0.0844430585   0.1116744201   0.2016995676   0.0007480186
        0.0004139144  -0.0003574579  -0.0000770501   0.0001688368   0.0001084520
       -0.0001882509  -0.0000482752  -0.0000318311
       -0.0000319632   0.0000727897   0.0001354980  -0.0003608844   0.0004219500
        0.0010848887  -0.0009242419  -0.0003384645   0.0001979726   0.0017683321
       -0.0022992096  -0.0058262809   0.0006972653  -0.0012723047   0.0004234323
       -0.0437316203   0.0279558494   0.0196749037   0.0000211512  -0.0000788909
        0.0000631088  -0.0000182029   0.0001027492   0.0000119117   0.0000934585
       -0.0000206456  -0.0000291980  -0.0001831676   0.0001191390   0.0000950840
       -0.0013748242  -0.0003929702  -0.0003674568  -0.0000911835   0.0002377204
        0.0000276782  -0.0002382668  -0.0001050083   0.0007480186   0.0493457618
       -0.0355390452  -0.0217559619  -0.0073889370   0.0261325524   0.0166001256
        0.0024173228  -0.0149962110  -0.0110837246
        0.0004675034   0.0001920903  -0.0000652332  -0.0003489694   0.0004026758
        0.0015298433   0.0001672751   0.0000557272  -0.0000187871   0.0037591827
       -0.0265919754  -0.0097879134  -0.0006780513  -0.0012772998   0.0045338393
        0.0298048420  -0.2164667664  -0.1121973787   0.0001328587   0.0001132871
        0.0001500526   0.0000339897   0.0001240937  -0.0000271738   0.0000539314
       -0.0001045581  -0.0000107845  -0.0000031784   0.0000970104   0.0000677806
       -0.0004096108   0.0002903102  -0.0002508864   0.0001601852   0.0002619681
       -0.0000760504  -0.0002176858   0.0002739546   0.0004139144  -0.0355390452
        0.2471689283   0.1232737669   0.0030418555  -0.0033923059  -0.0035768969
       -0.0004250830  -0.0011471400  -0.0039580927
       -0.0004419541  -0.0002640647   0.0001165801  -0.0000301359  -0.0007009659
       -0.0013204138   0.0008120984   0.0002578489   0.0002949286  -0.0014556652
        0.0126114442   0.0091922313  -0.0009452226   0.0015939844  -0.0038710837
        0.0192538180  -0.1040620832  -0.0972667043  -0.0000911618  -0.0000967673
       -0.0000177705  -0.0000274278   0.0000588304  -0.0000377879   0.0000926642
       -0.0000278086  -0.0000302147   0.0001246456   0.0000642265  -0.0001722676
       -0.0003353389   0.0000162991   0.0000182528   0.0000957237   0.0000212779
       -0.0002212411   0.0003916442   0.0001130350  -0.0003574579  -0.0217559619
        0.1232737669   0.1147022758   0.0032833591  -0.0086996541  -0.0045476477
        0.0010289150  -0.0241593693  -0.0164816795
       -0.0000339720  -0.0000489814   0.0000637622   0.0000935257  -0.0011522472
        0.0015318437  -0.0001270002  -0.0001206195   0.0000196753  -0.0118672850
       -0.0041378472   0.0062117497   0.0011697834   0.0011405315  -0.0013914792
       -0.2717018343   0.0174845810   0.0606291745   0.0001010622   0.0000618206
       -0.0000838690  -0.0000186357  -0.0000928393   0.0000816391   0.0000255604
        0.0001848947   0.0000974682  -0.0004968376  -0.0001799810   0.0000831060
        0.0001174451  -0.0001831581   0.0001285782   0.0001177978  -0.0000504940
       -0.0000105560   0.0000102765  -0.0000832133  -0.0000770501  -0.0073889370
        0.0030418555   0.0032833591   0.3115726983  -0.0177831302  -0.0732426393
       -0.0215736477   0.0019188278   0.0026752374
       -0.0000375623  -0.0000224907   0.0000303268  -0.0007761959  -0.0030063704
        0.0035210988   0.0005469272   0.0000701490  -0.0000985215  -0.0251664087
       -0.0007949145   0.0089047026   0.0001046905   0.0017955368  -0.0028196691
        0.0181260468  -0.0433580314  -0.0046538038   0.0000209344  -0.0000007011
       -0.0000618441  -0.0000321531   0.0000044158   0.0000460345   0.0000325034
        0.0000583564  -0.0000049074  -0.0012302186  -0.0004540040   0.0003984399
       -0.0000025961   0.0000163154  -0.0002521035   0.0000452870   0.0001206047
       -0.0000900351  -0.0000331236  -0.0000638048   0.0001688368   0.0261325524
       -0.0033923059  -0.0086996541  -0.0177831302   0.0484442505   0.0037462928
        0.0000524468   0.0005829941  -0.0001351934
        0.0004815577   0.0000738425  -0.0000251199   0.0005974315   0.0032216789
       -0.0005814400  -0.0003363237   0.0002075255   0.0001487569   0.0205040585
        0.0000594490  -0.0054586582  -0.0013447292  -0.0019127761   0.0006838624
        0.0602037079  -0.0039452854  -0.0625818651   0.0001085254   0.0000971531
        0.0002043633  -0.0000069891  -0.0000433319  -0.0000041327   0.0000998822
        0.0001105283  -0.0000193988   0.0007277005   0.0002791203  -0.0002062693
        0.0000253276  -0.0000535400  -0.0001223257  -0.0000559107   0.0000277216
        0.0000592033  -0.0000500270  -0.0000297562   0.0001084520   0.0166001256
       -0.0035768969  -0.0045476477  -0.0732426393   0.0037462928   0.0667463588
       -0.0243116981   0.0017382745   0.0055958608
       -0.0006709197  -0.0005817889   0.0010612959  -0.0002616600  -0.0005092398
       -0.0006094730  -0.0002048599  -0.0003406628   0.0004507448   0.0033033646
        0.0062625864   0.0008994545   0.0019845000  -0.0025409982   0.0008680020
       -0.1278032026  -0.0012718843  -0.1155908201  -0.0001824120  -0.0001056511
       -0.0001332104   0.0000157274   0.0001734907  -0.0001574876  -0.0003356692
       -0.0006017317  -0.0002395123   0.0000255145   0.0000355681  -0.0001274240
       -0.0006969230   0.0003521062   0.0006442809  -0.0000358229  -0.0000065219
       -0.0000483622  -0.0000223438   0.0000245584  -0.0001882509   0.0024173228
       -0.0004250830   0.0010289150  -0.0215736477   0.0000524468  -0.0243116981
        0.1440410314  -0.0005171948   0.1364535457
       -0.0003026992  -0.0005199381   0.0007325672   0.0000975789  -0.0002772856
       -0.0012773267   0.0001244431   0.0001788721  -0.0002431606   0.0126968855
       -0.0015840416   0.0202386801  -0.0001734518  -0.0066627050   0.0025461236
        0.0013143592  -0.0327220898   0.0038237997   0.0000268508   0.0000228934
       -0.0002743825   0.0000586532  -0.0002098663   0.0000146011  -0.0009959561
       -0.0000968783  -0.0003313161   0.0003260080  -0.0000330664  -0.0002679376
        0.0003975136   0.0002316626  -0.0001375907   0.0000636402  -0.0001362259
        0.0001203226  -0.0000392473  -0.0000763180  -0.0000482752  -0.0149962110
       -0.0011471400  -0.0241593693   0.0019188278   0.0005829941   0.0017382745
       -0.0005171948   0.0424491330  -0.0024750099
        0.0000190960  -0.0002055228  -0.0000395152   0.0003268789   0.0008004308
        0.0008094368  -0.0002922397   0.0000467752  -0.0001627775  -0.0119082580
        0.0002251656  -0.0164290602   0.0001238250   0.0055811286  -0.0019265862
       -0.1171200148   0.0008780449  -0.2050153760  -0.0000216657   0.0000068920
        0.0001713413  -0.0000064419   0.0000090475  -0.0000408050   0.0002781362
        0.0001268034   0.0006696170  -0.0003752748  -0.0002825150   0.0001844271
        0.0011152239  -0.0004528554  -0.0000524613  -0.0000947057  -0.0001306934
        0.0002078602  -0.0000896180  -0.0000344054  -0.0000318311  -0.0110837246
       -0.0039580927  -0.0164816795   0.0026752374  -0.0001351934   0.0055958608
        0.1364535457  -0.0024750099   0.2325415489
