$hessian                                                                        
        0.6560982905   0.0323075633  -0.0000465255  -0.3391109598   0.0461288110
        0.0000290191  -0.0408192420  -0.0760277199  -0.0000020494  -0.0488286420
        0.0267335141   0.0000050549   0.0643812431   0.0206537407  -0.0000016234
       -0.1420264368   0.0477983321   0.0000099395   0.0070370735  -0.0043024931
       -0.0000007718  -0.0038784664   0.0007182886   0.0000010343  -0.1199318862
       -0.1220646602   0.0000003688  -0.0162075460   0.0030730220   0.0000019221
       -0.0000906327   0.0003753666   0.0000000476  -0.0166227952   0.0246062349
        0.0000035836
        0.0323075633   0.6661638981   0.0000328641  -0.0304473993  -0.0962541495
       -0.0000005445  -0.0247826318   0.0287940538   0.0000035117   0.0376674269
       -0.0134363708  -0.0000031668  -0.0467156134  -0.0886668840  -0.0000044679
        0.1287732488  -0.2580179522  -0.0000239253  -0.0062748683  -0.0043750683
       -0.0000003901   0.0002921766   0.0008527064   0.0000002618  -0.1212761595
       -0.2310342895  -0.0000007838   0.0260803219  -0.0016750276  -0.0000026072
        0.0005439094   0.0009868205   0.0000001413   0.0038320254  -0.0033377369
       -0.0000008933
       -0.0000465255   0.0000328641   0.1104991051   0.0000244643  -0.0000065768
       -0.0482031998   0.0000021096   0.0000080280   0.0002162127   0.0000054593
       -0.0000019812  -0.0093554141  -0.0000065537  -0.0000103328   0.0186536481
        0.0000159276  -0.0000169060  -0.0531961515  -0.0000004421  -0.0000011722
        0.0105701901  -0.0000003320   0.0000003222  -0.0024165505   0.0000003951
       -0.0000009032  -0.0342178399   0.0000033051  -0.0000006356   0.0037371753
        0.0000000255   0.0000000889  -0.0004279604   0.0000021668  -0.0000027956
        0.0041407849
       -0.3391109598  -0.0304473993   0.0000244643   0.6535229588  -0.0300750976
       -0.0000479478  -0.1285356505  -0.0636309776   0.0000011865   0.0596824211
       -0.0255829658  -0.0000068478  -0.0528002391  -0.0340922912   0.0000004215
       -0.0301228604   0.0905248407   0.0000097881  -0.0410674683  -0.0264508588
        0.0000035081   0.0045422196   0.0027909607  -0.0000012219  -0.0185226499
       -0.0016795929   0.0000015737  -0.1061563393   0.1123564191   0.0000132538
       -0.0008783591   0.0033403228   0.0000010071  -0.0005530732   0.0029466398
        0.0000008145
        0.0461288110  -0.0962541495  -0.0000065768  -0.0300750976   0.6518873162
        0.0000389714  -0.1152292564  -0.2578053124  -0.0000048982   0.0280626877
       -0.0624094771  -0.0000075202  -0.0339991335  -0.0099130010   0.0000022874
        0.0289959100   0.0257771865  -0.0000006781  -0.0275329962  -0.0005412491
        0.0000047935   0.0103859211  -0.0010611846  -0.0000031367  -0.0246583532
       -0.0001473702   0.0000021684   0.1119097020  -0.2409962940  -0.0000233266
        0.0028541172  -0.0040230602  -0.0000009567   0.0031576879  -0.0045134047
       -0.0000011273
        0.0000290191  -0.0000005445  -0.0482031998  -0.0000479478   0.0000389714
        0.1181260901  -0.0000021619  -0.0000078799  -0.0479530528  -0.0000025276
       -0.0000031557   0.0033092791   0.0000010546   0.0000026303  -0.0080743495
        0.0000047574  -0.0000056597   0.0024048754   0.0000022827   0.0000013604
       -0.0004517452   0.0000000773  -0.0000002079   0.0012039014   0.0000001770
        0.0000000221   0.0007262877   0.0000134462  -0.0000231437  -0.0360911495
        0.0000008837  -0.0000012567   0.0070401297   0.0000009393  -0.0000011361
        0.0079629335
       -0.0408192420  -0.0247826318   0.0000021096  -0.1285356505  -0.1152292564
       -0.0000021619   0.6581002880   0.0120674101  -0.0000459612  -0.1120283332
        0.1004120904   0.0000131598  -0.0685500302   0.0292468340   0.0000098786
        0.0091335644   0.0024425597  -0.0000008641  -0.2641004033  -0.0030403758
        0.0000078328  -0.0609096814  -0.0023289150   0.0000147438  -0.0060730121
       -0.0000966128   0.0000015895   0.0069889012   0.0101090124   0.0000001157
        0.0056497143  -0.0085601025  -0.0000008661   0.0011438848  -0.0002400123
        0.0000004235
       -0.0760277199   0.0287940538   0.0000080280  -0.0636309776  -0.2578053124
       -0.0000078799   0.0120674101   0.5951388791   0.0000366746   0.0472141156
       -0.2365408875  -0.0000218182   0.0955271813   0.0281053828  -0.0000065338
       -0.0068229697  -0.0658344631  -0.0000037161  -0.0074341404  -0.0593343924
        0.0000000283   0.0000496285   0.0183434318   0.0000001587   0.0001948535
        0.0016531407  -0.0000003131  -0.0114014070  -0.0258390273  -0.0000002143
        0.0104554283  -0.0262549202  -0.0000043171  -0.0001914028  -0.0004258853
       -0.0000000969
       -0.0000020494   0.0000035117   0.0002162127   0.0000011865  -0.0000048982
       -0.0479530528  -0.0000459612   0.0000366746   0.1135610276   0.0000089027
       -0.0000251955  -0.0520871739   0.0000145051  -0.0000008512   0.0191563837
       -0.0000022494  -0.0000046591  -0.0101348447   0.0000060787  -0.0000004733
       -0.0539159677   0.0000189232   0.0000007754   0.0161543157   0.0000012246
       -0.0000003445   0.0091337516  -0.0000011095  -0.0000027286   0.0027393876
        0.0000006849  -0.0000018402   0.0033479627  -0.0000001361   0.0000000289
       -0.0002180024
       -0.0488286420   0.0376674269   0.0000054593   0.0596824211   0.0280626877
       -0.0000025276  -0.1120283332   0.0472141156   0.0000089027   0.6492527992
        0.0335161584  -0.0000413372  -0.3555702093   0.0430241286   0.0000288442
       -0.0613008520  -0.0999564050  -0.0000024970  -0.0458049840   0.0208107456
        0.0000082490   0.0080864530  -0.0011947976  -0.0000025002   0.0000112228
        0.0012403991  -0.0000002007  -0.0005803468  -0.0040839944   0.0000005206
       -0.0902208473  -0.1014311788  -0.0000037978  -0.0026986814  -0.0048692860
        0.0000008848
        0.0267335141  -0.0134363708  -0.0000019812  -0.0255829658  -0.0624094771
       -0.0000031557   0.1004120904  -0.2365408875  -0.0000251955   0.0335161584
        0.6413135232   0.0000420598  -0.0092932200  -0.1018077833  -0.0000039535
       -0.0372049035   0.0240829420   0.0000044721   0.0308082151   0.0039789737
       -0.0000053403  -0.0138898507  -0.0028305732   0.0000036833   0.0004645577
        0.0006182959   0.0000000681  -0.0030324718  -0.0036595898  -0.0000008921
       -0.0994894765  -0.2448556049  -0.0000087625  -0.0034416475  -0.0044534482
       -0.0000010025
        0.0000050549  -0.0000031668  -0.0093554141  -0.0000068478  -0.0000075202
        0.0033092791   0.0000131598  -0.0000218182  -0.0520871739  -0.0000413372
        0.0000420598   0.1280425482   0.0000245243  -0.0000077395  -0.0554623044
        0.0000021866   0.0000094438   0.0035602435   0.0000078863  -0.0000004716
       -0.0014172428  -0.0000023859  -0.0000004503   0.0012835990   0.0000000052
        0.0000000311  -0.0005729427   0.0000005688  -0.0000004416   0.0085395695
       -0.0000036020  -0.0000091861  -0.0356125091   0.0000007871  -0.0000007407
        0.0097723476
        0.0643812431  -0.0467156134  -0.0000065537  -0.0528002391  -0.0339991335
        0.0000010546  -0.0685500302   0.0955271813   0.0000145051  -0.3555702093
       -0.0092932200   0.0000245243   0.6060571881   0.0922925580  -0.0000362973
       -0.1502466095  -0.0693232382   0.0000016974   0.0117768559   0.0097988477
       -0.0000011117  -0.0085879273  -0.0026729739   0.0000020355   0.0000290957
        0.0018116303   0.0000009169  -0.0001496559  -0.0003026046  -0.0000005884
       -0.0234493612  -0.0075055019   0.0000009565  -0.0228903503  -0.0296179319
       -0.0000011390
        0.0206537407  -0.0886668840  -0.0000103328  -0.0340922912  -0.0099130010
        0.0000026303   0.0292468340   0.0281053828  -0.0000008512   0.0430241286
       -0.1018077833  -0.0000077395   0.0922925580   0.4769097717   0.0000246522
       -0.1220012982  -0.2923510043  -0.0000099056   0.0020420128  -0.0064879183
       -0.0000006195   0.0025224020   0.0017209961  -0.0000008153   0.0040777270
       -0.0079704620  -0.0000013205  -0.0003141076   0.0004962881   0.0000006019
       -0.0293335747   0.0004067443   0.0000025682  -0.0081181317  -0.0004421301
        0.0000011317
       -0.0000016234  -0.0000044679   0.0186536481   0.0000004215   0.0000022874
       -0.0080743495   0.0000098786  -0.0000065338   0.0191563837   0.0000288442
       -0.0000039535  -0.0554623044  -0.0000362973   0.0000246522   0.0797820227
       -0.0000019477  -0.0000138658  -0.0562318706  -0.0000004645  -0.0000013275
        0.0092715255   0.0000004215   0.0000000664  -0.0019197141   0.0000011127
       -0.0000012284   0.0078952717  -0.0000003962   0.0000003453  -0.0049245479
       -0.0000009919   0.0000010281  -0.0042080545   0.0000010424   0.0000029977
       -0.0039380107
       -0.1420264368   0.1287732488   0.0000159276  -0.0301228604   0.0289959100
        0.0000047574   0.0091335644  -0.0068229697  -0.0000022494  -0.0613008520
       -0.0372049035   0.0000021866  -0.1502466095  -0.1220012982  -0.0000019477
        0.6770636366  -0.0062709843  -0.0000459558  -0.0055542377  -0.0009882499
        0.0000006597   0.0034425484   0.0004143466  -0.0000008696   0.0065101052
       -0.0136628238  -0.0000013040  -0.0062460394   0.0004510671   0.0000013398
       -0.0075898453  -0.0003496049   0.0000012520  -0.2930629735   0.0286662618
        0.0000262032
        0.0477983321  -0.2580179522  -0.0000169060   0.0905248407   0.0257771865
       -0.0000056597   0.0024425597  -0.0658344631  -0.0000046591  -0.0999564050
        0.0240829420   0.0000094438  -0.0693232382  -0.2923510043  -0.0000138658
       -0.0062709843   0.6302923829   0.0000384629   0.0019627466  -0.0016071014
       -0.0000004713  -0.0009795063   0.0006214419   0.0000003486   0.0082996643
       -0.0216306088  -0.0000023934  -0.0006959180   0.0017472774  -0.0000003637
       -0.0013346370   0.0006122208  -0.0000007201   0.0275325455  -0.0436923218
       -0.0000032162
        0.0000099395  -0.0000239253  -0.0531961515   0.0000097881  -0.0000006781
        0.0024048754  -0.0000008641  -0.0000037161  -0.0101348447  -0.0000024970
        0.0000044721   0.0035602435   0.0000016974  -0.0000099056  -0.0562318706
       -0.0000459558   0.0000384629   0.1312989162  -0.0000004324   0.0000003422
       -0.0009338200   0.0000002091  -0.0000001859   0.0001769465  -0.0000000697
       -0.0000002340   0.0000650772   0.0000013096  -0.0000005298   0.0094302193
        0.0000013668  -0.0000008142   0.0102136615   0.0000255085  -0.0000032881
       -0.0366532529
        0.0070370735  -0.0062748683  -0.0000004421  -0.0410674683  -0.0275329962
        0.0000022827  -0.2641004033  -0.0074341404   0.0000060787  -0.0458049840
        0.0308082151   0.0000078863   0.0117768559   0.0020420128  -0.0000004645
       -0.0055542377   0.0019627466  -0.0000004324   1.5713537419   0.0370990425
       -0.0003354418  -1.2357671844  -0.0314236936   0.0003229275   0.0000932822
        0.0006428880  -0.0000004852   0.0011000284   0.0019788984   0.0000003070
        0.0006057726  -0.0020191811  -0.0000005700   0.0003275233   0.0001510761
       -0.0000016461
       -0.0043024931  -0.0043750683  -0.0000011722  -0.0264508588  -0.0005412491
        0.0000013604  -0.0030403758  -0.0593343924  -0.0000004733   0.0208107456
        0.0039789737  -0.0000004716   0.0097988477  -0.0064879183  -0.0000013275
       -0.0009882499  -0.0016071014   0.0000003422   0.0370990425   0.1041125509
       -0.0000090636  -0.0314890688  -0.0351366174   0.0000103635  -0.0015353487
       -0.0000501045  -0.0000005089  -0.0012365143  -0.0000226994  -0.0000007229
        0.0013359217  -0.0004490372   0.0000009510  -0.0000016481  -0.0000873366
        0.0000007230
       -0.0000007718  -0.0000003901   0.0105701901   0.0000035081   0.0000047935
       -0.0004517452   0.0000078328   0.0000000283  -0.0539159677   0.0000082490
       -0.0000053403  -0.0014172428  -0.0000011117  -0.0000006195   0.0092715255
        0.0000006597  -0.0000004713  -0.0009338200  -0.0003354418  -0.0000090636
        0.0768060415   0.0003180194   0.0000104539  -0.0323078325  -0.0000003156
        0.0000000382   0.0002829604  -0.0000004908  -0.0000001641  -0.0031532156
        0.0000000899   0.0000004092  -0.0017615700  -0.0000002271   0.0000003258
       -0.0029893237
       -0.0038784664   0.0002921766  -0.0000003320   0.0045422196   0.0103859211
        0.0000000773  -0.0609096814   0.0000496285   0.0000189232   0.0080864530
       -0.0138898507  -0.0000023859  -0.0085879273   0.0025224020   0.0000004215
        0.0034425484  -0.0009795063   0.0000002091  -1.2357671844  -0.0314890688
        0.0003180194   1.2935691317   0.0333619097  -0.0003364829  -0.0006826572
       -0.0001753563   0.0000003687   0.0001206664  -0.0004905571  -0.0000000665
        0.0001384333   0.0004904120   0.0000003196  -0.0000735358  -0.0000781108
        0.0000009285
        0.0007182886   0.0008527064   0.0000003222   0.0027909607  -0.0010611846
       -0.0000002079  -0.0023289150   0.0183434318   0.0000007754  -0.0011947976
       -0.0028305732  -0.0000004503  -0.0026729739   0.0017209961   0.0000000664
        0.0004143466   0.0006214419  -0.0000001859  -0.0314236936  -0.0351366174
        0.0000104539   0.0333619097   0.0170876283  -0.0000106830   0.0003346460
       -0.0000216511   0.0000002293   0.0003748068   0.0001209208   0.0000004745
       -0.0003550154   0.0002918764  -0.0000004420  -0.0000195628   0.0000110244
       -0.0000003526
        0.0000010343   0.0000002618  -0.0024165505  -0.0000012219  -0.0000031367
        0.0012039014   0.0000147438   0.0000001587   0.0161543157  -0.0000025002
        0.0000036833   0.0012835990   0.0000020355  -0.0000008153  -0.0019197141
       -0.0000008696   0.0000003486   0.0001769465   0.0003229275   0.0000103635
       -0.0323078325  -0.0003364829  -0.0000106830   0.0162769802   0.0000003531
       -0.0000000926  -0.0000742608   0.0000000630   0.0000001984   0.0006453764
       -0.0000001578  -0.0000001469   0.0002295748   0.0000000752  -0.0000001399
        0.0007476637
       -0.1199318862  -0.1212761595   0.0000003951  -0.0185226499  -0.0246583532
        0.0000001770  -0.0060730121   0.0001948535   0.0000012246   0.0000112228
        0.0004645577   0.0000000052   0.0000290957   0.0040777270   0.0000011127
        0.0065101052   0.0082996643  -0.0000000697   0.0000932822  -0.0015353487
       -0.0000003156  -0.0006826572   0.0003346460   0.0000003531   0.1372433983
        0.1339693932  -0.0000020772   0.0006676372  -0.0007228015  -0.0000003416
        0.0000190450   0.0000858630  -0.0000002498   0.0006364189   0.0007659582
       -0.0000002138
       -0.1220646602  -0.2310342895  -0.0000009032  -0.0016795929  -0.0001473702
        0.0000000221  -0.0000966128   0.0016531407  -0.0000003445   0.0012403991
        0.0006182959   0.0000000311   0.0018116303  -0.0079704620  -0.0000012284
       -0.0136628238  -0.0216306088  -0.0000002340   0.0006428880  -0.0000501045
        0.0000000382  -0.0001753563  -0.0000216511  -0.0000000926   0.1339693932
        0.2571818951   0.0000021845   0.0007077127   0.0009432118   0.0000001675
        0.0000463687   0.0000949458   0.0000001659  -0.0007393459   0.0003629968
        0.0000001934
        0.0000003688  -0.0000007838  -0.0342178399   0.0000015737   0.0000021684
        0.0007262877   0.0000015895  -0.0000003131   0.0091337516  -0.0000002007
        0.0000000681  -0.0005729427   0.0000009169  -0.0000013205   0.0078952717
       -0.0000013040  -0.0000023934   0.0000650772  -0.0000004852  -0.0000005089
        0.0002829604   0.0000003687   0.0000002293  -0.0000742608  -0.0000020772
        0.0000021845   0.0234997198  -0.0000002964   0.0000003674  -0.0027233891
       -0.0000001910   0.0000002412  -0.0022640727  -0.0000002630   0.0000000608
       -0.0017505631
       -0.0162075460   0.0260803219   0.0000033051  -0.1061563393   0.1119097020
        0.0000134462   0.0069889012  -0.0114014070  -0.0000011095  -0.0005803468
       -0.0030324718   0.0000005688  -0.0001496559  -0.0003141076  -0.0000003962
       -0.0062460394  -0.0006959180   0.0000013096   0.0011000284  -0.0012365143
       -0.0000004908   0.0001206664   0.0003748068   0.0000000630   0.0006676372
        0.0007077127  -0.0000002964   0.1210936186  -0.1230422621  -0.0000164088
        0.0002550118  -0.0007478910  -0.0000001430  -0.0008859361   0.0013980284
        0.0000001520
        0.0030730220  -0.0016750276  -0.0000006356   0.1123564191  -0.2409962940
       -0.0000231437   0.0101090124  -0.0258390273  -0.0000027286  -0.0040839944
       -0.0036595898  -0.0000004416  -0.0003026046   0.0004962881   0.0000003453
        0.0004510671   0.0017472774  -0.0000005298   0.0019788984  -0.0000226994
       -0.0000001641  -0.0004905571   0.0001209208   0.0000001984  -0.0007228015
        0.0009432118   0.0000003674  -0.1230422621   0.2703335101   0.0000268874
        0.0007197421  -0.0012726486  -0.0000002022  -0.0000459415  -0.0001759216
        0.0000000472
        0.0000019221  -0.0000026072   0.0037371753   0.0000132538  -0.0000233266
       -0.0360911495   0.0000001157  -0.0000002143   0.0027393876   0.0000005206
       -0.0000008921   0.0085395695  -0.0000005884   0.0000006019  -0.0049245479
        0.0000013398  -0.0000003637   0.0094302193   0.0000003070  -0.0000007229
       -0.0031532156  -0.0000000665   0.0000004745   0.0006453764  -0.0000003416
        0.0000001675  -0.0027233891  -0.0000164088   0.0000268874   0.0229138863
       -0.0000000428   0.0000000469  -0.0001970754  -0.0000000109  -0.0000000512
       -0.0009162370
       -0.0000906327   0.0005439094   0.0000000255  -0.0008783591   0.0028541172
        0.0000008837   0.0056497143   0.0104554283   0.0000006849  -0.0902208473
       -0.0994894765  -0.0000036020  -0.0234493612  -0.0293335747  -0.0000009919
       -0.0075898453  -0.0013346370   0.0000013668   0.0006057726   0.0013359217
        0.0000000899   0.0001384333  -0.0003550154  -0.0000001578   0.0000190450
        0.0000463687  -0.0000001910   0.0002550118   0.0007197421  -0.0000000428
        0.1165531084   0.1161355148   0.0000019229  -0.0009920398  -0.0015782987
        0.0000000116
        0.0003753666   0.0009868205   0.0000000889   0.0033403228  -0.0040230602
       -0.0000012567  -0.0085601025  -0.0262549202  -0.0000018402  -0.1014311788
       -0.2448556049  -0.0000091861  -0.0075055019   0.0004067443   0.0000010281
       -0.0003496049   0.0006122208  -0.0000008142  -0.0020191811  -0.0004490372
        0.0000004092   0.0004904120   0.0002918764  -0.0000001469   0.0000858630
        0.0000949458   0.0000002412  -0.0007478910  -0.0012726486   0.0000000469
        0.1161355148   0.2746114147   0.0000115074   0.0001859810  -0.0001487515
       -0.0000000777
        0.0000000476   0.0000001413  -0.0004279604   0.0000010071  -0.0000009567
        0.0070401297  -0.0000008661  -0.0000043171   0.0033479627  -0.0000037978
       -0.0000087625  -0.0356125091   0.0000009565   0.0000025682  -0.0042080545
        0.0000012520  -0.0000007201   0.0102136615  -0.0000005700   0.0000009510
       -0.0017615700   0.0000003196  -0.0000004420   0.0002295748  -0.0000002498
        0.0000001659  -0.0022640727  -0.0000001430  -0.0000002022  -0.0001970754
        0.0000019229   0.0000115074   0.0231433182   0.0000001209   0.0000000670
        0.0004965951
       -0.0166227952   0.0038320254   0.0000021668  -0.0005530732   0.0031576879
        0.0000009393   0.0011438848  -0.0001914028  -0.0000001361  -0.0026986814
       -0.0034416475   0.0000007871  -0.0228903503  -0.0081181317   0.0000010424
       -0.2930629735   0.0275325455   0.0000255085   0.0003275233  -0.0000016481
       -0.0000002271  -0.0000735358  -0.0000195628   0.0000000752   0.0006364189
       -0.0007393459  -0.0000002630  -0.0008859361  -0.0000459415  -0.0000000109
       -0.0009920398   0.0001859810   0.0000001209   0.3356715582  -0.0221505595
       -0.0000300030
        0.0246062349  -0.0033377369  -0.0000027956   0.0029466398  -0.0045134047
       -0.0000011361  -0.0002400123  -0.0004258853   0.0000000289  -0.0048692860
       -0.0044534482  -0.0000007407  -0.0296179319  -0.0004421301   0.0000029977
        0.0286662618  -0.0436923218  -0.0000032881   0.0001510761  -0.0000873366
        0.0000003258  -0.0000781108   0.0000110244  -0.0000001399   0.0007659582
        0.0003629968   0.0000000608   0.0013980284  -0.0001759216  -0.0000000512
       -0.0015782987  -0.0001487515   0.0000000670  -0.0221505595   0.0569029154
        0.0000046713
        0.0000035836  -0.0000008933   0.0041407849   0.0000008145  -0.0000011273
        0.0079629335   0.0000004235  -0.0000000969  -0.0002180024   0.0000008848
       -0.0000010025   0.0097723476  -0.0000011390   0.0000011317  -0.0039380107
        0.0000262032  -0.0000032162  -0.0366532529  -0.0000016461   0.0000007230
       -0.0029893237   0.0000009285  -0.0000003526   0.0007476637  -0.0000002138
        0.0000001934  -0.0017505631   0.0000001520   0.0000000472  -0.0009162370
        0.0000000116  -0.0000000777   0.0004965951  -0.0000300030   0.0000046713
        0.0233450650
