           1           2   1.00827884494910     
           2           3  0.997729754994087     
           3           4   1.00759985496490     
           4           5  0.997726884514416     
           5           6  0.997727412535963     
           2           7  0.997722948202516     
           6           7   1.00759520867045     
           5           8   1.00827991177772     
           1           9  0.986423534977222     
           1          10  0.986754286631229     
           1          11  0.986420621970266     
           2          12  0.968218167858794     
           3          13  0.976692020422021     
           3          14  0.976478830130338     
           4          15  0.976477053710074     
           4          16  0.976693497558241     
           5          17  0.968213575737283     
           6          18  0.976486549087335     
           6          19  0.976691189276354     
           7          20  0.976694993656931     
           7          21  0.976484167257510     
           8          22  0.986756732522471     
           8          23  0.986415731073263     
           8          24  0.986427009167924     
