           1           2   1.01779521397253     
           2           3   1.01096341827797     
           3           4   1.39862143227775     
           4           5   1.46240365547576     
           3           6  0.106160684743011     
           5           6   1.39871556913804     
           4           7  0.108734775461556     
           6           7   1.41940200868982     
           3           8   1.41981936858081     
           5           8  0.108251915678329     
           7           8   1.43845329121849     
           6           9   1.02555399433683     
           1          10  0.986660891616443     
           1          11  0.986037195546974     
           1          12  0.987610019297600     
           2          13  0.959556346883247     
           2          14  0.970429346597789     
           4          15  0.969523630742220     
           5          16  0.969821564784587     
           7          17  0.969172015375988     
           8          18  0.966737478513377     
           9          19  0.968847505601264     
           9          20  0.976745311883899     
           9          21  0.984915632171612     
