           1           2  0.933705737124390     
           2           3  0.946509399651799     
           3           4   1.51021044739357     
           3           5   1.51018362005117     
           4           5  0.104905657310049     
           3           6  0.763783292847565     
           4           6  0.102636298495556     
           5           6  0.102651304808922     
           1           7  0.969399516991850     
           1           8  0.979957378411728     
           1           9  0.979893736162008     
           6          10  0.964187534815379     
           6          11  0.964072279511715     
           6          12  0.959007051816488     
