           1           2  0.978273385373139     
           2           3  0.956479753189396     
           2           4  0.974777860840402     
           4           5  0.959358538377240     
           4           6  0.956068148464356     
           6           7  0.959223383635010     
           6           8  0.970155623576791     
           8           9  0.955458838511191     
           8          10  0.949350840988681     
          10          11  0.950592473075862     
           2          12  0.952199530133561     
          10          12  0.965388978543922     
          10          13   1.00306797685411     
           8          14   1.00627620637381     
           6          15  0.997800459744220     
           4          16  0.998647275662020     
           1          17   1.00581859000270     
           1          18  0.965661971505571     
           1          19  0.968800034420060     
          13          20  0.836208847754782     
          14          21  0.853013063023365     
          15          22  0.847109632116869     
          16          23  0.845808973215777     
          17          24  0.855940058300347     
