           1           2   1.00795724630489     
           2           3   1.00827283498181     
           3           4  0.983115975115174     
           1           5   1.00682018102362     
           4           5  0.988760964308206     
           4           6  0.984098490472320     
           1           7  0.980064385350207     
           1           8  0.979427245296628     
           2           9  0.979002633146536     
           2          10  0.979408483015575     
           3          11  0.979878918768856     
           3          12  0.977015645221189     
           4          13  0.968420821446729     
           5          14  0.981544555312010     
           5          15  0.976309771456012     
           6          16  0.862608653438002     
