           1           2   1.00506768292787     
           2           3   1.00954973150612     
           3           4  0.990840558556470     
           4           5  0.986005891404284     
           1           6   1.00513161675402     
           5           6   1.01054659353977     
           4           7  0.980309462333649     
           1           8  0.981134668476645     
           1           9  0.981098496982713     
           2          10  0.978421845551485     
           2          11  0.979149704015082     
           3          12  0.973832916069161     
           3          13  0.978832320799369     
           4          14  0.965947212707174     
           5          15  0.974242978825479     
           5          16  0.976861279753501     
           6          17  0.978631655750026     
           6          18  0.978677717130230     
           7          19  0.863462333009554     
