           1           2  0.983302569857781     
           2           3  0.955831620239465     
           2           4  0.966046487899546     
           4           5  0.955663531878711     
           4           6  0.965729461994053     
           6           7  0.957216242989816     
           6           8  0.977255535779919     
           8           9  0.957479208174589     
           8          10  0.951518937410645     
          10          11  0.943636929287669     
           2          12  0.962125968948875     
          10          12  0.954236132667705     
          10          13   1.02239188687974     
           8          14   1.00412894482305     
           6          15   1.00161609976468     
           4          16   1.00352889034410     
           1          17   1.00316029549124     
           1          18  0.967883221307809     
           1          19  0.967479186338929     
          13          20  0.823143947071784     
          14          21  0.845027417893475     
          15          22  0.846125651149635     
          16          23  0.828948516975584     
          17          24  0.833796533195796     
