           1           2   1.00916992692554     
           2           3   1.01030154364198     
           2           4  0.993185688309716     
           4           5  0.985277559070006     
           5           6  0.999404093930665     
           5           7  0.996385644463488     
           5           8  0.999720743035872     
           1           9  0.986364440292894     
           1          10  0.987237446843363     
           1          11  0.986742599780040     
           2          12  0.963804217873728     
           3          13  0.986724508391970     
           3          14  0.984602606415675     
           3          15  0.986561281762641     
           4          16  0.974568542203897     
           4          17  0.975237416474690     
           6          18  0.985546772209322     
           6          19  0.985923785626020     
           6          20  0.981722616299596     
           7          21  0.985546171722122     
           7          22  0.985936938724482     
           7          23  0.986106837191178     
           8          24  0.985315170121781     
           8          25  0.985271494398094     
           8          26  0.983258293641104     
