           1           2   1.00786643198821     
           2           3  0.929233489799770     
           2           4  0.976821148708915     
           4           5   1.01290187479933     
           5           6  0.978708560677692     
           6           7  0.963689978937775     
           6           8  0.974742101671861     
           2           9  0.988716198001870     
           8           9   1.00557000566815     
           9          10   1.79982045483988     
           6          11  0.997997904337591     
          11          12   1.92600598624076     
          11          13   1.02590384318670     
           1          14  0.984743135195234     
           1          15  0.985780751907764     
           1          16  0.986627548577632     
           4          17  0.973077012218097     
           4          18  0.974406905044968     
           5          19  0.973720832190670     
           5          20  0.973597170273941     
           8          21  0.971734103984194     
           8          22  0.928690555980603     
          12          23  0.974324864496631     
          12          24  0.969448073564426     
          13          25  0.983973341904326     
          13          26  0.968228416982106     
          13          27  0.970577239924547     
