$hessian                                                                        
        0.4301453604  -0.0385019458  -0.0244844772  -0.1375905339  -0.0115796536
       -0.0423715846  -0.0017378403  -0.0016643424  -0.0026973115  -0.0099248320
       -0.0115131133  -0.0008108714   0.0003904789   0.0007755794  -0.0005803225
       -0.0001247861  -0.0008371341  -0.0002358446  -0.0000416782  -0.0000704142
        0.0000606164  -0.0006328318   0.0002003068   0.0003511290  -0.0000948464
       -0.0000087012  -0.0000836528  -0.0027231963   0.0024334508   0.0004185433
       -0.0002079536   0.0001666445   0.0001548252  -0.0316590167   0.0030923126
       -0.0077046956  -0.0011144009   0.0003361411  -0.0000894590   0.0004116073
       -0.0000086967   0.0000712211   0.0004225497   0.0004858274  -0.0001340929
       -0.0010407026   0.0015398782  -0.0002266129  -0.0741704138  -0.0567097719
        0.0377488412  -0.0440917058   0.0104389822   0.0229669279  -0.1180427641
        0.1067101735   0.0127478206  -0.0001053438  -0.0000213982  -0.0000522558
       -0.0000081583  -0.0000559768  -0.0000029791  -0.0001071417  -0.0000389715
        0.0000093128  -0.0001319356  -0.0003145232   0.0001420905  -0.0078199142
       -0.0048546536   0.0048028321
       -0.0385019458   0.4821878970   0.0332300562  -0.0181003318  -0.0581860058
       -0.0135548357  -0.0024824449   0.0009100279  -0.0009848820  -0.0209216623
       -0.0114627698  -0.0051025239  -0.0003734751   0.0007156663  -0.0007880828
       -0.0005943933  -0.0030495192   0.0009865504  -0.0000385604   0.0000052313
        0.0000339874  -0.0002529398  -0.0002562100   0.0004691481  -0.0000997266
       -0.0000404064  -0.0000022782   0.0019588440  -0.0018675951  -0.0020480662
       -0.0000765734   0.0000517691  -0.0000764222   0.0255045086   0.0018941437
        0.0085869115   0.0022171175  -0.0011004899   0.0000575460   0.0002656786
        0.0001547538   0.0000215545  -0.0011645690  -0.0004437532  -0.0001331870
       -0.0006235801  -0.0004601510   0.0001681279  -0.0628003568  -0.1773545599
        0.0593070482   0.0093424869  -0.0609534180  -0.0633961503   0.1048854088
       -0.1750761564  -0.0209250678   0.0000227235   0.0000364614   0.0000108446
       -0.0000095375  -0.0000517479  -0.0000031593  -0.0000617665  -0.0002439820
        0.0001052232   0.0001184985   0.0002438446  -0.0003541397   0.0017865968
        0.0043469695   0.0043917971
       -0.0244844772   0.0332300562   0.5116495817  -0.0423953135  -0.0122088759
       -0.0882588462  -0.0267814789  -0.0067364329  -0.0158533838   0.0084412285
        0.0025624993   0.0027287443   0.0010241681   0.0008883538   0.0006009641
        0.0003323130   0.0012589668  -0.0002383348   0.0002246793   0.0000539000
        0.0002318166  -0.0003002861   0.0000197649  -0.0000139309   0.0000889788
        0.0000209295  -0.0000088867  -0.0003361851  -0.0006986177   0.0001291083
        0.0001319805  -0.0000335191   0.0002151975   0.0059529938   0.0028347414
        0.0047968474   0.0005718306  -0.0001476721   0.0001425608   0.0002019363
       -0.0000365459   0.0000227103   0.0008459220   0.0004081703   0.0001581095
       -0.0002230260   0.0004497638   0.0003174262   0.0277891284   0.0361655508
       -0.0991962933   0.0224828860  -0.0694042393  -0.2520706204   0.0114295157
       -0.0178829956  -0.0463777716  -0.0001065498  -0.0000460538  -0.0000130951
       -0.0000333389   0.0000303289  -0.0000068146  -0.0000476698   0.0001430219
       -0.0000770119  -0.0003801442  -0.0003720458  -0.0000083427   0.0155709086
        0.0295009505  -0.0188697347
       -0.1375905339  -0.0181003318  -0.0423953135   0.4496787727   0.0102556000
        0.0096769206  -0.0415082471  -0.0026688337   0.0030299318  -0.0726952189
       -0.0374900862   0.0131490607   0.0005698537  -0.0013945117   0.0012938927
       -0.0107921267  -0.0228003197   0.0083485546   0.0006376253  -0.0000528075
        0.0003860984   0.0012760807  -0.0003581238   0.0002915056  -0.0003619337
       -0.0000038017   0.0003206299  -0.0318735430   0.0220942947   0.0059251889
        0.0014263110   0.0001958347   0.0007372951  -0.1019383884   0.0483921004
        0.0155782663  -0.0073925477   0.0022566340  -0.0010461730   0.0011738040
        0.0004354873   0.0000774304  -0.0077367390  -0.0027986998  -0.0011422814
        0.0044422627   0.0197245702  -0.0045418700  -0.0227378952  -0.0194134948
        0.0014595345  -0.0016720324  -0.0010978507  -0.0035009546  -0.0208871193
        0.0019127216  -0.0090929675  -0.0007289608   0.0000599952  -0.0001675587
       -0.0002950444   0.0001177136   0.0001091489  -0.0005867377  -0.0015509088
        0.0003505755  -0.0015322781   0.0023878598   0.0009164490   0.0011246362
       -0.0001030412   0.0002366358
       -0.0115796536  -0.0581860058  -0.0122088759   0.0102556000   0.4363822697
        0.0076626767  -0.0020880967  -0.0399801132  -0.0002880473  -0.0359431890
       -0.1319594382   0.0364598534  -0.0018573067  -0.0035161085   0.0039008985
       -0.0120662430  -0.0111173692   0.0020288835   0.0004803847   0.0004613504
        0.0003344714  -0.0001781144   0.0010936755  -0.0008772123   0.0000019833
        0.0001372502   0.0002838748   0.0134414156   0.0010886922   0.0072360785
       -0.0016866248   0.0010331085  -0.0003256197   0.0642412315  -0.1462084337
       -0.0478414250  -0.0027591162   0.0021790103   0.0007334250  -0.0004595848
       -0.0005254108   0.0002077475  -0.0001182870   0.0014932401  -0.0008089426
        0.0002904384  -0.0292586549   0.0031698389  -0.0344280248  -0.0201055499
       -0.0012893672  -0.0081889822  -0.0014069917  -0.0062034336   0.0197319076
        0.0013678886   0.0082873069   0.0004299826   0.0001464426  -0.0002135514
        0.0002889769  -0.0001781899  -0.0001837456   0.0000241138  -0.0002395690
        0.0001835801   0.0013156571  -0.0032052471  -0.0000054410   0.0008515318
        0.0005041537  -0.0002429737
       -0.0423715846  -0.0135548357  -0.0882588462   0.0096769206   0.0076626767
        0.5032294610   0.0045834310  -0.0029135496  -0.2434804574   0.0140836223
        0.0399338237  -0.0834501459   0.0097963429   0.0267987172  -0.0155896056
       -0.0009706120  -0.0043880323   0.0031321778  -0.0011368551  -0.0009721684
        0.0001172438   0.0011776865   0.0001145317   0.0009522934   0.0003093841
        0.0000237068  -0.0002572790   0.0000760942   0.0084670759   0.0015934178
       -0.0031969685   0.0012246073   0.0015535614   0.0260740202  -0.0498621544
       -0.0761246090  -0.0052806599   0.0032845407   0.0007497846  -0.0014291383
       -0.0001355717  -0.0007397478  -0.0026343912  -0.0021955446   0.0001634213
       -0.0025537929  -0.0122530472   0.0046633055   0.0142416393   0.0079436064
        0.0053878791  -0.0269401491  -0.0071530737  -0.0171504187   0.0022227022
       -0.0000782970   0.0014067665   0.0001193512  -0.0006311376  -0.0000622619
        0.0003187267  -0.0001709899   0.0000714371   0.0000792142  -0.0001866058
        0.0003840314   0.0015158746  -0.0012181852  -0.0000783879   0.0022391415
        0.0002599066   0.0017869785
       -0.0017378403  -0.0024824449  -0.0267814789  -0.0415082471  -0.0020880967
        0.0045834310   0.0537910318  -0.0022966787  -0.0127764433   0.0000148124
       -0.0025257163   0.0109991593  -0.0003845041  -0.0016369482   0.0008859628
        0.0003816953  -0.0002173026   0.0012141594  -0.0002188414  -0.0004098701
       -0.0002086167  -0.0003990186  -0.0001089188  -0.0002173423   0.0001453787
        0.0001248263  -0.0002246735   0.0019632310   0.0010452362   0.0041950998
        0.0001869734  -0.0000656022  -0.0010554885  -0.0095648871   0.0108035123
        0.0231035537   0.0001083162  -0.0004894237  -0.0003294969   0.0001647954
        0.0000175260  -0.0001026837   0.0000632843   0.0003506833  -0.0003897627
       -0.0000848009   0.0003029416  -0.0003886244   0.0020260832   0.0016130783
       -0.0002069593  -0.0047527592  -0.0013198102  -0.0024136536   0.0002504600
       -0.0002234216  -0.0002600223   0.0000244613  -0.0000473566  -0.0002769909
       -0.0000394474   0.0000177909   0.0000543701  -0.0000444020  -0.0000239819
        0.0000103028  -0.0000073665   0.0000356999  -0.0000058795  -0.0003784085
       -0.0003757221   0.0005920774
       -0.0016643424   0.0009100279  -0.0067364329  -0.0026688337  -0.0399801132
       -0.0029135496  -0.0022966787   0.0544273435   0.0106246160  -0.0028784429
       -0.0034245983   0.0273398241  -0.0016652039  -0.0046970836   0.0022503976
        0.0007641486   0.0005269229   0.0011036840  -0.0003236105  -0.0002064749
       -0.0002124689   0.0000225688   0.0000013940   0.0002980388   0.0000566741
       -0.0002458974   0.0000044539  -0.0010125725   0.0002616806  -0.0014141800
        0.0000734128   0.0001033639   0.0007865411   0.0126864290  -0.0104874771
       -0.0294004325  -0.0002217492   0.0001337958   0.0001481007   0.0000530150
       -0.0000316238  -0.0000783558   0.0002428848   0.0001382600  -0.0004283928
       -0.0005299621   0.0018810300  -0.0009401869   0.0010671102   0.0002641471
       -0.0005026528  -0.0011606422   0.0000583697  -0.0005778334   0.0001473804
       -0.0001049862   0.0001272653  -0.0000387927   0.0000868022   0.0001740121
       -0.0000257280   0.0000181327   0.0000272445  -0.0001046808   0.0000285813
       -0.0000139087   0.0000905355   0.0002335562   0.0001381104  -0.0006129198
        0.0001048467   0.0001961058
       -0.0026973115  -0.0009848820  -0.0158533838   0.0030299318  -0.0002880473
       -0.2434804574  -0.0127764433   0.0106246160   0.2903681456   0.0018668622
        0.0043389800  -0.0180816367   0.0012123515   0.0026353605  -0.0012277333
       -0.0002991468  -0.0008424828   0.0001522776   0.0002774691   0.0001985272
        0.0003470274  -0.0000403596   0.0000442137  -0.0003112826  -0.0002571731
        0.0000282671   0.0000584455  -0.0010320048   0.0002167037   0.0017712281
        0.0013295428  -0.0001488704   0.0001229941   0.0121379860  -0.0153240061
       -0.0166119527  -0.0002789986   0.0001970748   0.0002536822   0.0001435808
       -0.0000137824   0.0002117837  -0.0002326710   0.0001174366   0.0002915646
       -0.0002033817  -0.0004276190   0.0012234920   0.0013930590   0.0002653988
        0.0015242119  -0.0025694512  -0.0000338561  -0.0010307429   0.0001539869
        0.0000145164  -0.0002107865  -0.0001821213   0.0002424570   0.0001254009
       -0.0001188769   0.0000327876  -0.0000314528  -0.0000434221  -0.0001023955
       -0.0000111079  -0.0003372066  -0.0005953050   0.0001189152  -0.0004762018
       -0.0001950930   0.0002813679
       -0.0099248320  -0.0209216623   0.0084412285  -0.0726952189  -0.0359431890
        0.0140836223   0.0000148124  -0.0028784429   0.0018668622   0.4463072635
        0.0044004066  -0.0112762101  -0.0402052569  -0.0031932391  -0.0112047702
       -0.1442994325  -0.0269808723  -0.0366853042  -0.0045757170  -0.0005897940
       -0.0037855548  -0.0219117252   0.0041502331  -0.0032104100   0.0004955258
       -0.0006713595  -0.0004935953   0.0025033273   0.0024240009  -0.0008292073
       -0.0002433406  -0.0000133046  -0.0001391909   0.0006037048   0.0237275985
       -0.0036309507   0.0001410567  -0.0014590270  -0.0001614977   0.0007510827
        0.0020561626   0.0009699375  -0.0192465591  -0.0122700583  -0.0005465414
       -0.1338214853   0.0770829956   0.0532687586  -0.0077257663  -0.0046000238
       -0.0014577879   0.0002047293   0.0001202971   0.0002246764  -0.0008177319
       -0.0009377154   0.0006646920   0.0000033330   0.0001253456   0.0001526169
       -0.0006987835  -0.0000342507  -0.0001392710  -0.0020170525  -0.0020627747
        0.0000005832   0.0069560623  -0.0015773657  -0.0059050080   0.0002020039
        0.0000460393  -0.0002076784
       -0.0115131133  -0.0114627698   0.0025624993  -0.0374900862  -0.1319594382
        0.0399338237  -0.0025257163  -0.0034245983   0.0043389800   0.0044004066
        0.4633337345  -0.0034970132  -0.0028204031  -0.0404688175   0.0082746999
       -0.0140818757  -0.0559837337  -0.0078107316  -0.0050627147   0.0002390635
       -0.0031802811   0.0169142791   0.0012388098   0.0047851753   0.0004272575
        0.0001566986   0.0002730598   0.0001202926   0.0004256152   0.0002673611
        0.0002051532  -0.0001311669   0.0000851839   0.0056554971  -0.0356763829
        0.0018479670  -0.0004490663   0.0008646919   0.0000818358   0.0037279100
       -0.0028886819  -0.0005666546  -0.0339893180  -0.0161847635  -0.0037028513
        0.0541150295  -0.1366904823  -0.0325419892  -0.0005173744   0.0002904040
       -0.0010414178   0.0005064463   0.0000626331   0.0000835920   0.0014677699
        0.0005155012   0.0002045879  -0.0001138454   0.0000187316   0.0000089565
        0.0010576217   0.0000127625   0.0001790855  -0.0019284386  -0.0042866156
        0.0017900740   0.0221536099  -0.0278999565  -0.0122354647  -0.0002593212
       -0.0001012388  -0.0001404781
       -0.0008108714  -0.0051025239   0.0027287443   0.0131490607   0.0364598534
       -0.0834501459   0.0109991593   0.0273398241  -0.0180816367  -0.0112762101
       -0.0034970132   0.5066363741  -0.0085592871   0.0074876053  -0.2448270037
       -0.0401019267  -0.0084587103  -0.0816416620  -0.0284437760  -0.0051836538
       -0.0148326072   0.0046614354   0.0013357786   0.0018384373   0.0014308905
       -0.0005829476  -0.0000415058  -0.0009501965   0.0005705274   0.0010984782
        0.0002764790   0.0000986036  -0.0003602792  -0.0001504150  -0.0110418443
        0.0050267144   0.0006747061  -0.0007085408  -0.0003355624   0.0023161619
       -0.0013138882   0.0002744178   0.0151202860   0.0048714197   0.0047623683
        0.0515145610  -0.0428770906  -0.0819126559  -0.0031921034  -0.0027550264
        0.0007435082  -0.0008631630  -0.0010201434   0.0000547233   0.0000476855
       -0.0003335823   0.0006813789  -0.0000851981   0.0001080468   0.0000480581
        0.0001719516   0.0001373286   0.0002858512   0.0007152703   0.0023559186
       -0.0001036421  -0.0068161982   0.0018931630   0.0015831734   0.0001716983
        0.0002168958  -0.0001755265
        0.0003904789  -0.0003734751   0.0010241681   0.0005698537  -0.0018573067
        0.0097963429  -0.0003845041  -0.0016652039   0.0012123515  -0.0402052569
       -0.0028204031  -0.0085592871   0.0552043417  -0.0036062199   0.0026346159
       -0.0060433447  -0.0002304997  -0.0295488914  -0.0052875474  -0.0010618109
       -0.0023144960   0.0004196699  -0.0007199997  -0.0014182488  -0.0005998176
        0.0002771363   0.0002402838  -0.0001282702   0.0001678166  -0.0001802757
       -0.0001345845  -0.0001659829   0.0002265183   0.0001127315  -0.0000541145
       -0.0003807999  -0.0000292722  -0.0001067036   0.0000156616   0.0003126644
        0.0000123112   0.0005926283   0.0016807678   0.0014263472   0.0009005136
       -0.0066844246   0.0104288414   0.0261072301   0.0000363140   0.0003890826
       -0.0002773329  -0.0000153744  -0.0004434827  -0.0001152927  -0.0002489044
        0.0001763205   0.0002317187   0.0000450106   0.0000782448   0.0000059305
       -0.0000212092   0.0001099355  -0.0000100221   0.0003044759   0.0000795209
       -0.0001447291   0.0006885870  -0.0000233885   0.0000449265   0.0000176148
       -0.0000169658  -0.0000835143
        0.0007755794   0.0007156663   0.0008883538  -0.0013945117  -0.0035161085
        0.0267987172  -0.0016369482  -0.0046970836   0.0026353605  -0.0031932391
       -0.0404688175   0.0074876053  -0.0036062199   0.0539261199   0.0011600928
       -0.0023051899   0.0014062717  -0.0061867136  -0.0010417919  -0.0000400618
       -0.0003728656   0.0003247787   0.0001700354   0.0005225641   0.0003711997
        0.0000531084  -0.0000983608   0.0002072566  -0.0001990627   0.0002753014
       -0.0002104347   0.0000311412  -0.0001717073  -0.0001317949   0.0016811392
       -0.0009502284  -0.0000752403   0.0000962650  -0.0000792693  -0.0003359785
       -0.0001619323  -0.0002126195   0.0005921777   0.0004307709  -0.0000705424
        0.0112930568  -0.0092946101  -0.0292921412   0.0002276520   0.0003141460
       -0.0003114917  -0.0002830082  -0.0003648130  -0.0001090513  -0.0000047048
       -0.0000047104  -0.0001125340   0.0000555573  -0.0001048000   0.0000398271
        0.0000159977   0.0000230953   0.0000439425   0.0001441845  -0.0000015763
        0.0000023154   0.0001402396  -0.0000029653  -0.0017673284   0.0000713820
        0.0000087824  -0.0001192266
       -0.0005803225  -0.0007880828   0.0006009641   0.0012938927   0.0039008985
       -0.0155896056   0.0008859628   0.0022503976  -0.0012277333  -0.0112047702
        0.0082746999  -0.2448270037   0.0026346159   0.0011600928   0.2944196457
       -0.0057352186   0.0005547120  -0.0174891522  -0.0026655141  -0.0004858645
       -0.0011184861   0.0005338530  -0.0000505647  -0.0000737834  -0.0003107743
        0.0001334530   0.0003708922   0.0000421765   0.0003981931  -0.0003427574
        0.0001502740  -0.0001894743   0.0001041904  -0.0008668254  -0.0004180878
        0.0011769976  -0.0000199717  -0.0000676446   0.0000822123   0.0000696640
        0.0000503131   0.0003608233   0.0006409663   0.0002152564   0.0013394059
        0.0138298768  -0.0153321767  -0.0190868876  -0.0000682575  -0.0002094727
        0.0000460539   0.0001220582   0.0003290734   0.0002570237   0.0002365846
       -0.0001277090  -0.0002468815   0.0000277532   0.0000665198   0.0000241123
        0.0000334988   0.0000003251  -0.0000235308   0.0007261105   0.0000420420
        0.0000454420   0.0003465761   0.0003046292   0.0010545817  -0.0001222091
       -0.0000115290   0.0001434766
       -0.0001247861  -0.0005943933   0.0003323130  -0.0107921267  -0.0120662430
       -0.0009706120   0.0003816953   0.0007641486  -0.0002991468  -0.1442994325
       -0.0140818757  -0.0401019267  -0.0060433447  -0.0023051899  -0.0057352186
        0.4642719209  -0.0042693185   0.0084777633  -0.0437652393   0.0010179339
       -0.0061092795  -0.0940996224   0.0443775413   0.0215590000  -0.0023784703
        0.0056616246   0.0038728400   0.0055338794  -0.0011591202  -0.0020426689
        0.0000930498  -0.0006087453  -0.0000214362  -0.0014238527   0.0022020438
       -0.0000673525   0.0004469079  -0.0046275977   0.0000847653  -0.0356160673
        0.0262296422   0.0014730634  -0.0782835414  -0.0213317105   0.0036199401
       -0.0389571201   0.0121632467  -0.0004404169   0.0000921310   0.0001140519
        0.0000287602  -0.0000098570  -0.0000574257   0.0000278502   0.0001886598
        0.0001764101   0.0000525329   0.0000870504  -0.0001115198   0.0001286834
       -0.0054539496  -0.0002477860  -0.0009963087  -0.0105145265  -0.0305410857
        0.0161943568   0.0008354809  -0.0006703968   0.0009321664  -0.0001688388
       -0.0000342348   0.0000003318
       -0.0008371341  -0.0030495192   0.0012589668  -0.0228003197  -0.0111173692
       -0.0043880323  -0.0002173026   0.0005269229  -0.0008424828  -0.0269808723
       -0.0559837337  -0.0084587103  -0.0002304997   0.0014062717   0.0005547120
       -0.0042693185   0.4415714404   0.0049139590   0.0016595702  -0.0410287643
       -0.0314938349   0.0579632114  -0.1129804352  -0.0291137065   0.0027177645
       -0.0035225057  -0.0027116452   0.0060055201  -0.0287538521  -0.0023818176
        0.0007376281   0.0006639420  -0.0009586135   0.0030207676   0.0037465284
        0.0002658957  -0.0016665838  -0.0021229354   0.0016407755   0.0019925883
        0.0017593879   0.0014872701  -0.0430302826  -0.1718087896   0.0685137936
        0.0330774686  -0.0065551011   0.0006199345  -0.0011440389  -0.0008609593
       -0.0000126882  -0.0001495900   0.0000105739   0.0000138643   0.0002703807
       -0.0000818912   0.0000098842   0.0001098767  -0.0008149875  -0.0003056686
        0.0000739412  -0.0011445009  -0.0007201026  -0.0080627370  -0.0099956286
        0.0014683051   0.0018992176   0.0001651529   0.0006437265  -0.0001392557
       -0.0000292471  -0.0000037846
       -0.0002358446   0.0009865504  -0.0002383348   0.0083485546   0.0020288835
        0.0031321778   0.0012141594   0.0011036840   0.0001522776  -0.0366853042
       -0.0078107316  -0.0816416620  -0.0295488914  -0.0061867136  -0.0174891522
        0.0084777633   0.0049139590   0.5049092633  -0.0060050876  -0.0294544325
       -0.2392803017   0.0219355175  -0.0305244089  -0.0777039737   0.0173309073
       -0.0241438320  -0.0131745125  -0.0039724477   0.0050636796   0.0021676994
       -0.0001120191   0.0018121106  -0.0001148441  -0.0000463573   0.0001459654
        0.0000189099  -0.0007410946   0.0040320359   0.0004408236  -0.0105437708
        0.0109504611   0.0037170408   0.0162310312   0.0723156998  -0.0923487836
        0.0135747190  -0.0012431321   0.0047879691   0.0010058388   0.0008432981
       -0.0000643772   0.0001221263   0.0000622039   0.0001070723   0.0001627420
       -0.0000590204  -0.0000813971   0.0000132029  -0.0000598918  -0.0001885454
       -0.0024196783  -0.0002444622   0.0001135713   0.0025683099  -0.0054425471
        0.0016004059  -0.0006209191   0.0009575963   0.0011403947  -0.0000534575
       -0.0000469555   0.0000382786
       -0.0000416782  -0.0000385604   0.0002246793   0.0006376253   0.0004803847
       -0.0011368551  -0.0002188414  -0.0003236105   0.0002774691  -0.0045757170
       -0.0050627147  -0.0284437760  -0.0052875474  -0.0010417919  -0.0026655141
       -0.0437652393   0.0016595702  -0.0060050876   0.0505885163   0.0025768062
        0.0021881635  -0.0008490651   0.0064554950   0.0189718647  -0.0020429508
        0.0029756503   0.0012448484   0.0003407082  -0.0006066472   0.0003834863
        0.0001443576   0.0000259764  -0.0000652420  -0.0006319941   0.0002149163
        0.0000766028  -0.0001152757   0.0000864694  -0.0000958866   0.0015999395
       -0.0007777315  -0.0003139170   0.0009637059  -0.0059312196   0.0130180705
        0.0030501909  -0.0004421566   0.0009920046   0.0000677338   0.0000298794
        0.0000364366   0.0000808994   0.0001380666   0.0001279147   0.0000683604
       -0.0000179144  -0.0000649799   0.0000101572  -0.0000338785  -0.0000511968
        0.0001398742  -0.0001534931   0.0001252582   0.0002294442  -0.0002992738
        0.0015267793  -0.0003483919   0.0001235569  -0.0003729294  -0.0000448122
       -0.0000377791   0.0000218063
       -0.0000704142   0.0000052313   0.0000539000  -0.0000528075   0.0004613504
       -0.0009721684  -0.0004098701  -0.0002064749   0.0001985272  -0.0005897940
        0.0002390635  -0.0051836538  -0.0010618109  -0.0000400618  -0.0004858645
        0.0010179339  -0.0410287643  -0.0294544325   0.0025768062   0.0612756090
        0.0221596102   0.0022575254  -0.0059848518  -0.0235013452   0.0027936743
       -0.0035665588  -0.0016531546   0.0004857505   0.0006099646  -0.0019692638
        0.0000720233  -0.0006858187   0.0004015284   0.0002054930  -0.0001719344
        0.0003438586  -0.0002738181   0.0002906341   0.0004789982  -0.0016051537
        0.0007401323   0.0008831298  -0.0055709860  -0.0125497760   0.0366952988
        0.0001118028  -0.0001764782   0.0004896425   0.0000682007  -0.0000148300
        0.0000498442   0.0000801216   0.0000397987   0.0000887012   0.0000732945
       -0.0000043858   0.0000197554   0.0000077869   0.0000953158   0.0001055084
       -0.0001619734   0.0001388242  -0.0001836019  -0.0002303401   0.0006456548
        0.0009988858   0.0003431801  -0.0001164621   0.0004265500  -0.0000666251
        0.0000048180   0.0000097461
        0.0000606164   0.0000339874   0.0002318166   0.0003860984   0.0003344714
        0.0001172438  -0.0002086167  -0.0002124689   0.0003470274  -0.0037855548
       -0.0031802811  -0.0148326072  -0.0023144960  -0.0003728656  -0.0011184861
       -0.0061092795  -0.0314938349  -0.2392803017   0.0021881635   0.0221596102
        0.2911873075   0.0016937701  -0.0064650809  -0.0149348697   0.0014774426
       -0.0019346434  -0.0008653637   0.0000139648   0.0006742465  -0.0000603698
       -0.0000039375  -0.0002913465   0.0003900401  -0.0003415548  -0.0005046358
       -0.0001086935  -0.0000184946  -0.0000881616   0.0001303666  -0.0004503186
        0.0005286765   0.0013313514   0.0068673023   0.0192628341  -0.0247111409
        0.0011714652   0.0004137044   0.0014560910   0.0000538194  -0.0000232870
        0.0000240944   0.0001038614   0.0001557883   0.0000293491   0.0000400969
        0.0000036568  -0.0000484867   0.0000789600   0.0001456248   0.0001357392
       -0.0003026631   0.0005581065  -0.0000625279  -0.0003923764   0.0001547239
        0.0009034076  -0.0001597526   0.0001251623  -0.0003093750  -0.0000485166
        0.0000160125   0.0000483872
       -0.0006328318  -0.0002529398  -0.0003002861   0.0012760807  -0.0001781144
        0.0011776865  -0.0003990186   0.0000225688  -0.0000403596  -0.0219117252
        0.0169142791   0.0046614354   0.0004196699   0.0003247787   0.0005338530
       -0.0940996224   0.0579632114   0.0219355175  -0.0008490651   0.0022575254
        0.0016937701   0.4542187511  -0.0118385455  -0.0015686643  -0.0388905062
        0.0023101907   0.0241715672  -0.0577904655  -0.0363985933   0.0180677290
        0.0010633935  -0.0022166357   0.0016256634  -0.0290692875  -0.0269580776
        0.0026952524  -0.0008604905   0.0247643604  -0.0002361163  -0.1883625078
       -0.0174294767  -0.0628365278   0.0053491435  -0.0088022356   0.0003846225
       -0.0059544413   0.0002401128  -0.0011706469   0.0004805093   0.0004131415
       -0.0001284653   0.0000123719  -0.0000592692   0.0001308472   0.0000933380
        0.0000646262   0.0000401486   0.0000883951   0.0000896417  -0.0019593217
       -0.0249116479   0.0003914545  -0.0079226194   0.0008612211  -0.0017235375
       -0.0008680551  -0.0000273952   0.0001283535  -0.0000747714  -0.0001038691
       -0.0000268193  -0.0000122589
        0.0002003068  -0.0002562100   0.0000197649  -0.0003581238   0.0010936755
        0.0001145317  -0.0001089188   0.0000013940   0.0000442137   0.0041502331
        0.0012388098   0.0013357786  -0.0007199997   0.0001700354  -0.0000505647
        0.0443775413  -0.1129804352  -0.0305244089   0.0064554950  -0.0059848518
       -0.0064650809  -0.0118385455   0.4498868206   0.0127710028   0.0026680748
       -0.0447583359  -0.0092533149  -0.0246522379  -0.1133569555   0.0344237071
       -0.0031032243  -0.0033207343   0.0050382744  -0.0100291460  -0.0047297572
       -0.0005141480   0.0027120538  -0.0479182091   0.0039246567  -0.0428674776
       -0.0777894990  -0.0285860751   0.0115468664  -0.0505588754   0.0037548094
       -0.0028866897   0.0019638618   0.0004149646  -0.0001308329   0.0000196515
       -0.0000363572   0.0000139197   0.0000071528   0.0000526558   0.0000500579
        0.0000306447   0.0000289986  -0.0000637423  -0.0010849641   0.0003671767
        0.0240911647   0.0081068998   0.0124832239   0.0006499826   0.0004833575
        0.0006113286  -0.0002102748  -0.0002498747   0.0000626404   0.0000535170
       -0.0000136012  -0.0000177785
        0.0003511290   0.0004691481  -0.0000139309   0.0002915056  -0.0008772123
        0.0009522934  -0.0002173423   0.0002980388  -0.0003112826  -0.0032104100
        0.0047851753   0.0018384373  -0.0014182488   0.0005225641  -0.0000737834
        0.0215590000  -0.0291137065  -0.0777039737   0.0189718647  -0.0235013452
       -0.0149348697  -0.0015686643   0.0127710028   0.5032725952   0.0214830258
       -0.0092238830  -0.2431375215   0.0199381756   0.0346898360  -0.0848876198
        0.0132560459   0.0252765417  -0.0206020329  -0.0107008239  -0.0095575339
        0.0051444561  -0.0036920257  -0.0094082295   0.0076977157  -0.0642587029
       -0.0178077046  -0.0818278243  -0.0065425371   0.0176104102   0.0035605824
       -0.0034470522   0.0013825855   0.0005819663  -0.0002563003  -0.0003207480
        0.0001295362  -0.0001036777  -0.0000762923  -0.0000117576  -0.0001147126
       -0.0000051660  -0.0000542295  -0.0000065571  -0.0008590444   0.0003066955
        0.0000736518   0.0041853959  -0.0010150630  -0.0006784132  -0.0010185027
        0.0011390836   0.0002062882  -0.0002510161   0.0000508866   0.0000847815
        0.0000296861  -0.0001003594
       -0.0000948464  -0.0000997266   0.0000889788  -0.0003619337   0.0000019833
        0.0003093841   0.0001453787   0.0000566741  -0.0002571731   0.0004955258
        0.0004272575   0.0014308905  -0.0005998176   0.0003711997  -0.0003107743
       -0.0023784703   0.0027177645   0.0173309073  -0.0020429508   0.0027936743
        0.0014774426  -0.0388905062   0.0026680748   0.0214830258   0.0575601157
       -0.0000533726  -0.0128121687  -0.0004890381  -0.0005795012   0.0118313030
       -0.0008781268  -0.0020227574   0.0011460481   0.0011168383   0.0008489890
       -0.0003761416   0.0000326338   0.0003772177  -0.0006822700  -0.0148621764
       -0.0057529577  -0.0375735253   0.0003970290  -0.0013832879  -0.0007750470
        0.0001966258  -0.0004713303  -0.0005856578   0.0000738372   0.0001185167
       -0.0001124915  -0.0000709415  -0.0000582359  -0.0000427897   0.0000510787
        0.0000119153  -0.0000042235   0.0002878949  -0.0000201023   0.0000661149
        0.0002003432   0.0001612805  -0.0015192256   0.0000189980  -0.0001469559
       -0.0001800956   0.0000679693   0.0000360631   0.0000785556   0.0000245395
       -0.0000023826  -0.0000110669
       -0.0000087012  -0.0000404064   0.0000209295  -0.0000038017   0.0001372502
        0.0000237068   0.0001248263  -0.0002458974   0.0000282671  -0.0006713595
        0.0001566986  -0.0005829476   0.0002771363   0.0000531084   0.0001334530
        0.0056616246  -0.0035225057  -0.0241438320   0.0029756503  -0.0035665588
       -0.0019346434   0.0023101907  -0.0447583359  -0.0092238830  -0.0000533726
        0.0503212982   0.0149070133  -0.0046146208  -0.0008854986   0.0262945565
       -0.0022698566  -0.0043639352   0.0028702481   0.0012167862   0.0008012721
       -0.0008392079   0.0006642695   0.0022752748  -0.0010897518  -0.0045322433
        0.0016528843  -0.0079827825  -0.0011413097   0.0025187565   0.0006916779
       -0.0000425974  -0.0000433915   0.0003282668  -0.0000355152  -0.0000231149
       -0.0000158672  -0.0000346808   0.0000082239  -0.0000109833   0.0000211714
       -0.0000183282   0.0000004801  -0.0003882251  -0.0005455370   0.0002708964
        0.0004085955   0.0005085027   0.0008236220   0.0000806814  -0.0004624681
       -0.0004710147   0.0000469935   0.0000356600  -0.0000956768   0.0000083584
        0.0000070481  -0.0000025274
       -0.0000836528  -0.0000022782  -0.0000088867   0.0003206299   0.0002838748
       -0.0002572790  -0.0002246735   0.0000044539   0.0000584455  -0.0004935953
        0.0002730598  -0.0000415058   0.0002402838  -0.0000983608   0.0003708922
        0.0038728400  -0.0027116452  -0.0131745125   0.0012448484  -0.0016531546
       -0.0008653637   0.0241715672  -0.0092533149  -0.2431375215  -0.0128121687
        0.0149070133   0.2927433325   0.0038856771   0.0020333781  -0.0179436761
        0.0012198781   0.0024764169  -0.0016164717   0.0003653257  -0.0008172809
        0.0013032642  -0.0010990046  -0.0011753310   0.0014679734  -0.0198859314
       -0.0048234804  -0.0209104070  -0.0008916540   0.0006287192   0.0013508983
       -0.0000553087   0.0001093271   0.0003416639  -0.0000035623  -0.0000576753
       -0.0000031287   0.0000346884   0.0000527120   0.0000470431  -0.0000453621
       -0.0000122046  -0.0000192485   0.0003003060   0.0002753140   0.0000637304
        0.0000425389  -0.0003228339   0.0004847269  -0.0000395354  -0.0001922235
       -0.0002360059  -0.0000371620   0.0000457842  -0.0000744260  -0.0000269729
        0.0000297299   0.0000564626
       -0.0027231963   0.0019588440  -0.0003361851  -0.0318735430   0.0134414156
        0.0000760942   0.0019632310  -0.0010125725  -0.0010320048   0.0025033273
        0.0001202926  -0.0009501965  -0.0001282702   0.0002072566   0.0000421765
        0.0055338794   0.0060055201  -0.0039724477   0.0003407082   0.0004857505
        0.0000139648  -0.0577904655  -0.0246522379   0.0199381756  -0.0004890381
       -0.0046146208   0.0038856771   0.4151896679  -0.0117933449   0.0073107906
       -0.0394771686  -0.0027284676   0.0069200189  -0.1623261112  -0.0321560152
       -0.0548615974  -0.1046424166   0.0841366671   0.0165556676  -0.0278975974
       -0.0265033897   0.0015204094  -0.0009209856   0.0073336262  -0.0004098896
       -0.0001975528  -0.0010933536   0.0000123051   0.0015568163   0.0000533072
        0.0003996705  -0.0001617876   0.0002101779   0.0002938039  -0.0005100590
       -0.0001669538  -0.0002866791   0.0049611858  -0.0074787606   0.0050537716
       -0.0015227423  -0.0011353268  -0.0000544320  -0.0006362300  -0.0002887537
       -0.0002362680  -0.0000587657  -0.0001969664   0.0001735188  -0.0006928862
       -0.0001320941  -0.0000563444
        0.0024334508  -0.0018675951  -0.0006986177   0.0220942947   0.0010886922
        0.0084670759   0.0010452362   0.0002616806   0.0002167037   0.0024240009
        0.0004256152   0.0005705274   0.0001678166  -0.0001990627   0.0003981931
       -0.0011591202  -0.0287538521   0.0050636796  -0.0006066472   0.0006099646
        0.0006742465  -0.0363985933  -0.1133569555   0.0346898360  -0.0005795012
       -0.0008854986   0.0020333781  -0.0117933449   0.4465842013   0.0345663257
       -0.0028283104  -0.0408029240   0.0007405745  -0.0501920628  -0.0731452309
       -0.0306421468   0.0710724262  -0.1709709188  -0.0462695806  -0.0046999974
       -0.0049856490   0.0017569946   0.0026150311   0.0006166474  -0.0012168931
       -0.0016839445   0.0012917950   0.0001977554  -0.0001701201  -0.0004293081
        0.0003047070   0.0000372671   0.0000991495   0.0001291599   0.0010713789
        0.0000390022   0.0002284219   0.0072078710  -0.0156108067  -0.0101266457
        0.0002868572   0.0009472794  -0.0009367213  -0.0005601735  -0.0005894382
       -0.0001783929   0.0002037904  -0.0004684181   0.0001193366   0.0000123942
        0.0001016307  -0.0000879179
        0.0004185433  -0.0020480662   0.0001291083   0.0059251889   0.0072360785
        0.0015934178   0.0041950998  -0.0014141800   0.0017712281  -0.0008292073
        0.0002673611   0.0010984782  -0.0001802757   0.0002753014  -0.0003427574
       -0.0020426689  -0.0023818176   0.0021676994   0.0003834863  -0.0019692638
       -0.0000603698   0.0180677290   0.0344237071  -0.0848876198   0.0118313030
        0.0262945565  -0.0179436761   0.0073107906   0.0345663257   0.5054700637
        0.0029974077   0.0032091414  -0.2320701496  -0.0605737657  -0.0252958657
       -0.0880900156   0.0025875657  -0.0303759739  -0.0841760185  -0.0102233776
       -0.0118120437   0.0035036263   0.0000460994  -0.0038072956   0.0008378186
        0.0007268192  -0.0011851647  -0.0007673610  -0.0000107952   0.0006990995
       -0.0004287172  -0.0004053877  -0.0000525106   0.0000253967   0.0006024706
        0.0000829414   0.0004158039   0.0180932103  -0.0273386102  -0.0101873057
        0.0009109682   0.0001959568   0.0019159365   0.0000201158   0.0002856489
        0.0000690056   0.0000027026   0.0003093544   0.0000591141   0.0001459776
       -0.0001646807  -0.0001027065
       -0.0002079536  -0.0000765734   0.0001319805   0.0014263110  -0.0016866248
       -0.0031969685   0.0001869734   0.0000734128   0.0013295428  -0.0002433406
        0.0002051532   0.0002764790  -0.0001345845  -0.0002104347   0.0001502740
        0.0000930498   0.0007376281  -0.0001120191   0.0001443576   0.0000720233
       -0.0000039375   0.0010633935  -0.0031032243   0.0132560459  -0.0008781268
       -0.0022698566   0.0012198781  -0.0394771686  -0.0028283104   0.0029974077
        0.0555330763  -0.0010444801  -0.0002125478  -0.0158975905  -0.0017728045
       -0.0363585130  -0.0006982970   0.0100032649   0.0183218811   0.0012300375
        0.0013825151  -0.0005846040  -0.0001423794  -0.0002785863  -0.0000639391
        0.0000528333  -0.0001164807   0.0000624937   0.0000372581   0.0001001508
       -0.0000931826   0.0001089027   0.0000649149   0.0002196009   0.0000304874
        0.0000116697   0.0001146042  -0.0018467453   0.0008312526   0.0019362689
       -0.0004101144  -0.0001660283   0.0005463540   0.0000558722  -0.0000043087
        0.0000730736   0.0000220964   0.0000556942  -0.0000401205  -0.0000483482
        0.0000200334   0.0000299475
        0.0001666445   0.0000517691  -0.0000335191   0.0001958347   0.0010331085
        0.0012246073  -0.0000656022   0.0001033639  -0.0001488704  -0.0000133046
       -0.0001311669   0.0000986036  -0.0001659829   0.0000311412  -0.0001894743
       -0.0006087453   0.0006639420   0.0018121106   0.0000259764  -0.0006858187
       -0.0002913465  -0.0022166357  -0.0033207343   0.0252765417  -0.0020227574
       -0.0043639352   0.0024764169  -0.0027284676  -0.0408029240   0.0032091414
       -0.0010444801   0.0576892466   0.0105244648  -0.0022303546   0.0013661817
       -0.0079660936   0.0057944980  -0.0118517238  -0.0310732870   0.0012188578
        0.0012053153  -0.0011535738   0.0002408669   0.0002307494  -0.0007446630
       -0.0000642354   0.0000445506  -0.0001394702  -0.0000921741  -0.0001360307
       -0.0000044389  -0.0000181384  -0.0000650111  -0.0000391990   0.0000021328
       -0.0000170134   0.0000315123   0.0036186071  -0.0012797765  -0.0030822540
       -0.0000178469   0.0001084842   0.0000221206  -0.0000230642   0.0000540303
        0.0001196760   0.0000328888  -0.0000021310   0.0000592375   0.0000154825
        0.0000743827   0.0000117572
        0.0001548252  -0.0000764222   0.0002151975   0.0007372951  -0.0003256197
        0.0015535614  -0.0010554885   0.0007865411   0.0001229941  -0.0001391909
        0.0000851839  -0.0003602792   0.0002265183  -0.0001717073   0.0001041904
       -0.0000214362  -0.0009586135  -0.0001148441  -0.0000652420   0.0004015284
        0.0003900401   0.0016256634   0.0050382744  -0.0206020329   0.0011460481
        0.0028702481  -0.0016164717   0.0069200189   0.0007405745  -0.2320701496
       -0.0002125478   0.0105244648   0.2861393268  -0.0184804298  -0.0042547618
       -0.0206452366   0.0059288201  -0.0143178953  -0.0138470739   0.0000614946
       -0.0011341752   0.0017235410   0.0000489317   0.0000986791   0.0003891252
        0.0000157030   0.0001046824   0.0002212799  -0.0000199508   0.0000242301
       -0.0000786457   0.0002087824   0.0000317354   0.0001191655   0.0000213031
        0.0000238006   0.0000616463   0.0026495758   0.0006512720  -0.0014201737
        0.0002778282  -0.0000482972  -0.0002357925  -0.0000283510  -0.0000617986
       -0.0000909020  -0.0000141984  -0.0000842137  -0.0000460518   0.0000140273
        0.0000522898   0.0000875854
       -0.0316590167   0.0255045086   0.0059529938  -0.1019383884   0.0642412315
        0.0260740202  -0.0095648871   0.0126864290   0.0121379860   0.0006037048
        0.0056554971  -0.0001504150   0.0001127315  -0.0001317949  -0.0008668254
       -0.0014238527   0.0030207676  -0.0000463573  -0.0006319941   0.0002054930
       -0.0003415548  -0.0290692875  -0.0100291460  -0.0107008239   0.0011168383
        0.0012167862   0.0003653257  -0.1623261112  -0.0501920628  -0.0605737657
       -0.0158975905  -0.0022303546  -0.0184804298   0.4027416865  -0.0600405402
        0.0514381212  -0.0444779394   0.0191368181  -0.0027989833  -0.0113852926
       -0.0092358896   0.0004131245   0.0003770696  -0.0006628818  -0.0001527867
        0.0002727492   0.0013219923  -0.0001449565   0.0015191967  -0.0003928629
        0.0001480160   0.0024098078   0.0001263968   0.0010637440  -0.0072891083
       -0.0007506601  -0.0029537963   0.0044614469  -0.0001650848  -0.0000832179
        0.0013391205  -0.0000835974  -0.0002600440   0.0004502480   0.0003004291
        0.0002296010  -0.0000131506   0.0001305403  -0.0000220914   0.0002720191
        0.0003679855  -0.0002468842
        0.0030923126   0.0018941437   0.0028347414   0.0483921004  -0.1462084337
       -0.0498621544   0.0108035123  -0.0104874771  -0.0153240061   0.0237275985
       -0.0356763829  -0.0110418443  -0.0000541145   0.0016811392  -0.0004180878
        0.0022020438   0.0037465284   0.0001459654   0.0002149163  -0.0001719344
       -0.0005046358  -0.0269580776  -0.0047297572  -0.0095575339   0.0008489890
        0.0008012721  -0.0008172809  -0.0321560152  -0.0731452309  -0.0252958657
       -0.0017728045   0.0013661817  -0.0042547618  -0.0600405402   0.2882749479
        0.1051687004   0.0428038359  -0.0076182234   0.0064969924  -0.0089438623
       -0.0080709199   0.0004561526  -0.0001042186  -0.0000335521   0.0002760829
       -0.0014428713  -0.0133209213   0.0026323553  -0.0005575804   0.0016085763
       -0.0009980242  -0.0008576213   0.0001825650   0.0000138926  -0.0010258229
        0.0005789446  -0.0001827298  -0.0005873645   0.0006612873   0.0005376146
        0.0005489453  -0.0000177087   0.0002871325   0.0000634531   0.0003078645
       -0.0001278579   0.0015790829  -0.0014064956  -0.0005412514   0.0002241035
       -0.0002164136   0.0000764037
       -0.0077046956   0.0085869115   0.0047968474   0.0155782663  -0.0478414250
       -0.0761246090   0.0231035537  -0.0294004325  -0.0166119527  -0.0036309507
        0.0018479670   0.0050267144  -0.0003807999  -0.0009502284   0.0011769976
       -0.0000673525   0.0002658957   0.0000189099   0.0000766028   0.0003438586
       -0.0001086935   0.0026952524  -0.0005141480   0.0051444561  -0.0003761416
       -0.0008392079   0.0013032642  -0.0548615974  -0.0306421468  -0.0880900156
       -0.0363585130  -0.0079660936  -0.0206452366   0.0514381212   0.1051687004
        0.1728279949   0.0109355125  -0.0028264915   0.0077691353   0.0007610900
        0.0009370398   0.0015496113  -0.0001752440  -0.0001254469   0.0002805183
        0.0001180156   0.0019682991   0.0010065144   0.0004020480  -0.0004693365
        0.0007758036   0.0006952869   0.0009288381   0.0008863973  -0.0031912435
        0.0000714824  -0.0006579968   0.0013527998   0.0015676458   0.0002674816
        0.0001120388   0.0001119623  -0.0005241630   0.0000914425  -0.0000783515
       -0.0001201735  -0.0001473093  -0.0000341018   0.0000377365  -0.0004661830
       -0.0001111901   0.0000144580
       -0.0011144009   0.0022171175   0.0005718306  -0.0073925477  -0.0027591162
       -0.0052806599   0.0001083162  -0.0002217492  -0.0002789986   0.0001410567
       -0.0004490663   0.0006747061  -0.0000292722  -0.0000752403  -0.0000199717
        0.0004469079  -0.0016665838  -0.0007410946  -0.0001152757  -0.0002738181
       -0.0000184946  -0.0008604905   0.0027120538  -0.0036920257   0.0000326338
        0.0006642695  -0.0010990046  -0.1046424166   0.0710724262   0.0025875657
       -0.0006982970   0.0057944980   0.0059288201  -0.0444779394   0.0428038359
        0.0109355125   0.2399011731  -0.0876609163   0.1245469745   0.0033857284
       -0.0015207212   0.0011614868   0.0000868487   0.0009619568  -0.0002078081
       -0.0000729955   0.0002894964  -0.0000266661  -0.0003725719  -0.0001439836
       -0.0000552169   0.0001357491   0.0000266491   0.0001572542  -0.0009295218
       -0.0000885206  -0.0002269834  -0.0849499687  -0.0333176654  -0.1355994462
        0.0009711105   0.0015853333   0.0006907204   0.0000530346  -0.0000115021
        0.0000858051   0.0000886040   0.0000259207  -0.0000575972   0.0003045348
        0.0000353262  -0.0000367086
        0.0003361411  -0.0011004899  -0.0001476721   0.0022566340   0.0021790103
        0.0032845407  -0.0004894237   0.0001337958   0.0001970748  -0.0014590270
        0.0008646919  -0.0007085408  -0.0001067036   0.0000962650  -0.0000676446
       -0.0046275977  -0.0021229354   0.0040320359   0.0000864694   0.0002906341
       -0.0000881616   0.0247643604  -0.0479182091  -0.0094082295   0.0003772177
        0.0022752748  -0.0011753310   0.0841366671  -0.1709709188  -0.0303759739
        0.0100032649  -0.0118517238  -0.0143178953   0.0191368181  -0.0076182234
       -0.0028264915  -0.0876609163   0.3126965323   0.1821381555   0.0005972154
       -0.0000455812  -0.0002115330   0.0009474834  -0.0066230547   0.0006331330
        0.0006323501  -0.0004384321  -0.0000234276   0.0001114254   0.0003585981
       -0.0002336177  -0.0000614781  -0.0001042047  -0.0000794044   0.0002331506
        0.0000626678   0.0001139988  -0.0497126911  -0.0738244832  -0.1312228162
        0.0005015810   0.0028807437   0.0003547340   0.0002825425   0.0005901074
        0.0000922208  -0.0002212792   0.0002401547  -0.0000195545  -0.0000642043
       -0.0000502194   0.0000603999
       -0.0000894590   0.0000575460   0.0001425608  -0.0010461730   0.0007334250
        0.0007497846  -0.0003294969   0.0001481007   0.0002536822  -0.0001614977
        0.0000818358  -0.0003355624   0.0000156616  -0.0000792693   0.0000822123
        0.0000847653   0.0016407755   0.0004408236  -0.0000958866   0.0004789982
        0.0001303666  -0.0002361163   0.0039246567   0.0076977157  -0.0006822700
       -0.0010897518   0.0014679734   0.0165556676  -0.0462695806  -0.0841760185
        0.0183218811  -0.0310732870  -0.0138470739  -0.0027989833   0.0064969924
        0.0077691353   0.1245469745   0.1821381555   0.3731741312  -0.0011801775
       -0.0002250129   0.0005288597  -0.0001982378  -0.0000570371   0.0003415731
       -0.0000212548  -0.0000022820   0.0001737644   0.0001836126  -0.0001346484
       -0.0000141217   0.0000857816   0.0000381447   0.0000093270  -0.0000276744
       -0.0000366071  -0.0000322420  -0.1521022502  -0.1172157228  -0.2934686046
       -0.0007618188   0.0004536679  -0.0011208399   0.0001001873  -0.0000739535
       -0.0000560231  -0.0000222393  -0.0000175997  -0.0000206305  -0.0001409959
        0.0000824536   0.0001092067
        0.0004116073   0.0002656786   0.0002019363   0.0011738040  -0.0004595848
       -0.0014291383   0.0001647954   0.0000530150   0.0001435808   0.0007510827
        0.0037279100   0.0023161619   0.0003126644  -0.0003359785   0.0000696640
       -0.0356160673   0.0019925883  -0.0105437708   0.0015999395  -0.0016051537
       -0.0004503186  -0.1883625078  -0.0428674776  -0.0642587029  -0.0148621764
       -0.0045322433  -0.0198859314  -0.0278975974  -0.0046999974  -0.0102233776
        0.0012300375   0.0012188578   0.0000614946  -0.0113852926  -0.0089438623
        0.0007610900   0.0033857284   0.0005972154  -0.0011801775   0.4005750283
       -0.1265564279   0.0892062587   0.0006388528  -0.0002932708  -0.0004740355
       -0.0035939057   0.0015496368   0.0003178505  -0.0002856524  -0.0001389181
       -0.0000506959   0.0001796167   0.0000867954   0.0000864300  -0.0000165216
        0.0000213420   0.0000381666   0.0000778092   0.0006787234   0.0007349664
       -0.1299216280   0.1801435764   0.0139803788   0.0011310042   0.0002269528
        0.0004739567   0.0001610198  -0.0001882558   0.0000344885   0.0001483592
        0.0000588782   0.0000697246
       -0.0000086967   0.0001547538  -0.0000365459   0.0004354873  -0.0005254108
       -0.0001355717   0.0000175260  -0.0000316238  -0.0000137824   0.0020561626
       -0.0028886819  -0.0013138882   0.0000123112  -0.0001619323   0.0000503131
        0.0262296422   0.0017593879   0.0109504611  -0.0007777315   0.0007401323
        0.0005286765  -0.0174294767  -0.0777894990  -0.0178077046  -0.0057529577
        0.0016528843  -0.0048234804  -0.0265033897  -0.0049856490  -0.0118120437
        0.0013825151   0.0012053153  -0.0011341752  -0.0092358896  -0.0080709199
        0.0009370398  -0.0015207212  -0.0000455812  -0.0002250129  -0.1265564279
        0.4029106553   0.0739728044   0.0016370063   0.0018704339  -0.0007409624
        0.0024206882  -0.0008577236   0.0000170920  -0.0002045262  -0.0000535991
       -0.0000654138   0.0000537726  -0.0000424556   0.0000514071  -0.0001305339
       -0.0000171893   0.0000547864  -0.0002466918   0.0004063883   0.0003008305
        0.1553733656  -0.3164690593  -0.0486411242  -0.0013769892   0.0009667929
       -0.0000499865   0.0000464517   0.0002225358  -0.0000762144   0.0000791034
        0.0000500451   0.0000124953
        0.0000712211   0.0000215545   0.0000227103   0.0000774304   0.0002077475
       -0.0007397478  -0.0001026837  -0.0000783558   0.0002117837   0.0009699375
       -0.0005666546   0.0002744178   0.0005926283  -0.0002126195   0.0003608233
        0.0014730634   0.0014872701   0.0037170408  -0.0003139170   0.0008831298
        0.0013313514  -0.0628365278  -0.0285860751  -0.0818278243  -0.0375735253
       -0.0079827825  -0.0209104070   0.0015204094   0.0017569946   0.0035036263
       -0.0005846040  -0.0011535738   0.0017235410   0.0004131245   0.0004561526
        0.0015496113   0.0011614868  -0.0002115330   0.0005288597   0.0892062587
        0.0739728044   0.1044459654  -0.0006124982   0.0008366256   0.0012314355
       -0.0000849411   0.0001529130   0.0005194925  -0.0000067068  -0.0000853485
        0.0000544332   0.0001155818   0.0000917029   0.0000472765   0.0000094109
       -0.0000145174   0.0000028939   0.0003273290   0.0004727081   0.0001522310
        0.0055211484  -0.0409674308  -0.0150525059   0.0006702499  -0.0004668161
       -0.0010327814   0.0000392704  -0.0000440752  -0.0001681467  -0.0000531468
        0.0000301792   0.0000539193
        0.0004225497  -0.0011645690   0.0008459220  -0.0077367390  -0.0001182870
       -0.0026343912   0.0000632843   0.0002428848  -0.0002326710  -0.0192465591
       -0.0339893180   0.0151202860   0.0016807678   0.0005921777   0.0006409663
       -0.0782835414  -0.0430302826   0.0162310312   0.0009637059  -0.0055709860
        0.0068673023   0.0053491435   0.0115468664  -0.0065425371   0.0003970290
       -0.0011413097  -0.0008916540  -0.0009209856   0.0026150311   0.0000460994
       -0.0001423794   0.0002408669   0.0000489317   0.0003770696  -0.0001042186
       -0.0001752440   0.0000868487   0.0009474834  -0.0001982378   0.0006388528
        0.0016370063  -0.0006124982   0.4887994110   0.0973370808   0.0768312266
        0.0005674521  -0.0023999382  -0.0003152553  -0.0009303874  -0.0006867252
       -0.0000679909   0.0000013868   0.0000728483  -0.0000197535   0.0001300425
        0.0000002094   0.0000126657  -0.0000004340   0.0000311518   0.0000831422
        0.0002756021   0.0002762977   0.0002458411  -0.3944017119  -0.0286307806
       -0.1050826654   0.0018077466   0.0012514712  -0.0001591691   0.0001018455
        0.0000450390  -0.0000413472
        0.0004858274  -0.0004437532   0.0004081703  -0.0027986998   0.0014932401
       -0.0021955446   0.0003506833   0.0001382600   0.0001174366  -0.0122700583
       -0.0161847635   0.0048714197   0.0014263472   0.0004307709   0.0002152564
       -0.0213317105  -0.1718087896   0.0723156998  -0.0059312196  -0.0125497760
        0.0192628341  -0.0088022356  -0.0505588754   0.0176104102  -0.0013832879
        0.0025187565   0.0006287192   0.0073336262   0.0006166474  -0.0038072956
       -0.0002785863   0.0002307494   0.0000986791  -0.0006628818  -0.0000335521
       -0.0001254469   0.0009619568  -0.0066230547  -0.0000570371  -0.0002932708
        0.0018704339   0.0008366256   0.0973370808   0.2802007511  -0.1114387107
        0.0002840601   0.0014534383   0.0007743683  -0.0007675836  -0.0003307128
       -0.0000483542   0.0000862574   0.0000019520   0.0000278140  -0.0000683648
       -0.0000392278   0.0000830252  -0.0001485839   0.0002158063   0.0003620622
       -0.0007272026   0.0007504299  -0.0002686469  -0.0524196761  -0.0321518019
        0.0008782923  -0.0005632130   0.0007903409  -0.0005126000   0.0001807355
        0.0000127305  -0.0000371770
       -0.0001340929  -0.0001331870   0.0001581095  -0.0011422814  -0.0008089426
        0.0001634213  -0.0003897627  -0.0004283928   0.0002915646  -0.0005465414
       -0.0037028513   0.0047623683   0.0009005136  -0.0000705424   0.0013394059
        0.0036199401   0.0685137936  -0.0923487836   0.0130180705   0.0366952988
       -0.0247111409   0.0003846225   0.0037548094   0.0035605824  -0.0007750470
        0.0006916779   0.0013508983  -0.0004098896  -0.0012168931   0.0008378186
       -0.0000639391  -0.0007446630   0.0003891252  -0.0001527867   0.0002760829
        0.0002805183  -0.0002078081   0.0006331330   0.0003415731  -0.0004740355
       -0.0007409624   0.0012314355   0.0768312266  -0.1114387107   0.1404541152
        0.0009827477   0.0000746844   0.0012381659   0.0000387154  -0.0000422691
        0.0000396204   0.0000649486   0.0001366676   0.0000677131  -0.0000181132
       -0.0000126107  -0.0000584293   0.0001286933   0.0001153279  -0.0000141366
        0.0002799331  -0.0000185800  -0.0003346775  -0.0912451469   0.0087724223
       -0.0380387790  -0.0005920131  -0.0002800680  -0.0010472978  -0.0000979540
       -0.0000252249   0.0000468089
       -0.0010407026  -0.0006235801  -0.0002230260   0.0044422627   0.0002904384
       -0.0025537929  -0.0000848009  -0.0005299621  -0.0002033817  -0.1338214853
        0.0541150295   0.0515145610  -0.0066844246   0.0112930568   0.0138298768
       -0.0389571201   0.0330774686   0.0135747190   0.0030501909   0.0001118028
        0.0011714652  -0.0059544413  -0.0028866897  -0.0034470522   0.0001966258
       -0.0000425974  -0.0000553087  -0.0001975528  -0.0016839445   0.0007268192
        0.0000528333  -0.0000642354   0.0000157030   0.0002727492  -0.0014428713
        0.0001180156  -0.0000729955   0.0006323501  -0.0000212548  -0.0035939057
        0.0024206882  -0.0000849411   0.0005674521   0.0002840601   0.0009827477
        0.2713203635   0.0276876447  -0.1302796305   0.0006199081  -0.0003855527
        0.0002644066  -0.0000132711  -0.0000373436   0.0000572813   0.0002312165
       -0.0009330439  -0.0002720800   0.0000316104  -0.0002112263  -0.0000350863
       -0.0005821776   0.0000698150  -0.0000464755   0.0009462192   0.0004774581
       -0.0002515874  -0.0905749994  -0.1216887606   0.0554141918  -0.0001535548
        0.0000699953  -0.0001961701
        0.0015398782  -0.0004601510   0.0004497638   0.0197245702  -0.0292586549
       -0.0122530472   0.0003029416   0.0018810300  -0.0004276190   0.0770829956
       -0.1366904823  -0.0428770906   0.0104288414  -0.0092946101  -0.0153321767
        0.0121632467  -0.0065551011  -0.0012431321  -0.0004421566  -0.0001764782
        0.0004137044   0.0002401128   0.0019638618   0.0013825855  -0.0004713303
       -0.0000433915   0.0001093271  -0.0010933536   0.0012917950  -0.0011851647
       -0.0001164807   0.0000445506   0.0001046824   0.0013219923  -0.0133209213
        0.0019682991   0.0002894964  -0.0004384321  -0.0000022820   0.0015496368
       -0.0008577236   0.0001529130  -0.0023999382   0.0014534383   0.0000746844
        0.0276876447   0.5186539692  -0.0285896408  -0.0002839974   0.0000476083
       -0.0000253850   0.0005247074   0.0001089406  -0.0001488629  -0.0008065391
       -0.0006203301   0.0000012893  -0.0000785181   0.0002482815   0.0002064888
        0.0000242174   0.0001265907   0.0000191472  -0.0005895402   0.0001686003
       -0.0001345554  -0.1466890150  -0.3283770768   0.0972369088   0.0000905878
        0.0001046868   0.0000991623
       -0.0002266129   0.0001681279   0.0003174262  -0.0045418700   0.0031698389
        0.0046633055  -0.0003886244  -0.0009401869   0.0012234920   0.0532687586
       -0.0325419892  -0.0819126559   0.0261072301  -0.0292921412  -0.0190868876
       -0.0004404169   0.0006199345   0.0047879691   0.0009920046   0.0004896425
        0.0014560910  -0.0011706469   0.0004149646   0.0005819663  -0.0005856578
        0.0003282668   0.0003416639   0.0000123051   0.0001977554  -0.0007673610
        0.0000624937  -0.0001394702   0.0002212799  -0.0001449565   0.0026323553
        0.0010065144  -0.0000266661  -0.0000234276   0.0001737644   0.0003178505
        0.0000170920   0.0005194925  -0.0003152553   0.0007743683   0.0012381659
       -0.1302796305  -0.0285896408   0.1258383819  -0.0001007462  -0.0005495359
        0.0002987335   0.0002495016   0.0003972443   0.0001793940   0.0003126665
        0.0000650293  -0.0003843568  -0.0000103362   0.0001120923   0.0000251256
       -0.0000479913   0.0000297787  -0.0001074215   0.0000219838  -0.0002644006
       -0.0003411013   0.0570461680   0.0829500767  -0.0403145684  -0.0001115517
       -0.0000257750   0.0000415865
       -0.0741704138  -0.0628003568   0.0277891284  -0.0227378952  -0.0344280248
        0.0142416393   0.0020260832   0.0010671102   0.0013930590  -0.0077257663
       -0.0005173744  -0.0031921034   0.0000363140   0.0002276520  -0.0000682575
        0.0000921310  -0.0011440389   0.0010058388   0.0000677338   0.0000682007
        0.0000538194   0.0004805093  -0.0001308329  -0.0002563003   0.0000738372
       -0.0000355152  -0.0000035623   0.0015568163  -0.0001701201  -0.0000107952
        0.0000372581  -0.0000921741  -0.0000199508   0.0015191967  -0.0005575804
        0.0004020480  -0.0003725719   0.0001114254   0.0001836126  -0.0002856524
       -0.0002045262  -0.0000067068  -0.0009303874  -0.0007675836   0.0000387154
        0.0006199081  -0.0002839974  -0.0001007462   0.1171250376   0.0916374092
       -0.1240213798  -0.0040311991  -0.0068000854   0.0083077002   0.0085322745
        0.0034911354  -0.0037708980   0.0002320939  -0.0000330648  -0.0001479275
        0.0000704969   0.0001351626  -0.0000076592  -0.0001442131  -0.0000735728
        0.0000009925  -0.0001022748   0.0000497680   0.0000060451  -0.0219693169
        0.0112509844   0.0781836882
       -0.0567097719  -0.1773545599   0.0361655508  -0.0194134948  -0.0201055499
        0.0079436064   0.0016130783   0.0002641471   0.0002653988  -0.0046000238
        0.0002904040  -0.0027550264   0.0003890826   0.0003141460  -0.0002094727
        0.0001140519  -0.0008609593   0.0008432981   0.0000298794  -0.0000148300
       -0.0000232870   0.0004131415   0.0000196515  -0.0003207480   0.0001185167
       -0.0000231149  -0.0000576753   0.0000533072  -0.0004293081   0.0006990995
        0.0001001508  -0.0001360307   0.0000242301  -0.0003928629   0.0016085763
       -0.0004693365  -0.0001439836   0.0003585981  -0.0001346484  -0.0001389181
       -0.0000535991  -0.0000853485  -0.0006867252  -0.0003307128  -0.0000422691
       -0.0003855527   0.0000476083  -0.0005495359   0.0916374092   0.2986291733
        0.0228782137  -0.0012580637   0.0026618648   0.0041296164  -0.0134320279
       -0.0415260710   0.0208600732  -0.0000467916  -0.0000716363   0.0001549731
       -0.0000426163   0.0001123757   0.0000569198  -0.0001841621  -0.0000852280
       -0.0000280760  -0.0002269977  -0.0000209135   0.0003923261   0.0031933747
       -0.0632940315  -0.0897378822
        0.0377488412   0.0593070482  -0.0991962933   0.0014595345  -0.0012893672
        0.0053878791  -0.0002069593  -0.0005026528   0.0015242119  -0.0014577879
       -0.0010414178   0.0007435082  -0.0002773329  -0.0003114917   0.0000460539
        0.0000287602  -0.0000126882  -0.0000643772   0.0000364366   0.0000498442
        0.0000240944  -0.0001284653  -0.0000363572   0.0001295362  -0.0001124915
       -0.0000158672  -0.0000031287   0.0003996705   0.0003047070  -0.0004287172
       -0.0000931826  -0.0000044389  -0.0000786457   0.0001480160  -0.0009980242
        0.0007758036  -0.0000552169  -0.0002336177  -0.0000141217  -0.0000506959
       -0.0000654138   0.0000544332  -0.0000679909  -0.0000483542   0.0000396204
        0.0002644066  -0.0000253850   0.0002987335  -0.1240213798   0.0228782137
        0.4987994281   0.0171009979   0.0290092363  -0.0240128970   0.0004088146
        0.0099931180  -0.0003851408   0.0001530067   0.0000440317   0.0000453212
        0.0000452464  -0.0000000282  -0.0000174971   0.0000698953  -0.0000097473
        0.0000287542   0.0000398173   0.0000302213  -0.0001275616   0.0685680591
       -0.1170215693  -0.3835689977
       -0.0440917058   0.0093424869   0.0224828860  -0.0016720324  -0.0081889822
       -0.0269401491  -0.0047527592  -0.0011606422  -0.0025694512   0.0002047293
        0.0005064463  -0.0008631630  -0.0000153744  -0.0002830082   0.0001220582
       -0.0000098570  -0.0001495900   0.0001221263   0.0000808994   0.0000801216
        0.0001038614   0.0000123719   0.0000139197  -0.0001036777  -0.0000709415
       -0.0000346808   0.0000346884  -0.0001617876   0.0000372671  -0.0004053877
        0.0001089027  -0.0000181384   0.0002087824   0.0024098078  -0.0008576213
        0.0006952869   0.0001357491  -0.0000614781   0.0000857816   0.0001796167
        0.0000537726   0.0001155818   0.0000013868   0.0000862574   0.0000649486
       -0.0000132711   0.0005247074   0.0002495016  -0.0040311991  -0.0012580637
        0.0171009979   0.0534631158  -0.0037320103  -0.0303552019  -0.0018971263
        0.0075510352   0.0181741668  -0.0001050020   0.0000664908  -0.0000202982
       -0.0000206466   0.0000096019  -0.0000165447  -0.0000112117  -0.0000141152
       -0.0000200011   0.0000172180  -0.0000228741  -0.0000196899   0.0002391172
       -0.0024909024   0.0017528964
        0.0104389822  -0.0609534180  -0.0694042393  -0.0010978507  -0.0014069917
       -0.0071530737  -0.0013198102   0.0000583697  -0.0000338561   0.0001202971
        0.0000626331  -0.0010201434  -0.0004434827  -0.0003648130   0.0003290734
       -0.0000574257   0.0000105739   0.0000622039   0.0001380666   0.0000397987
        0.0001557883  -0.0000592692   0.0000071528  -0.0000762923  -0.0000582359
        0.0000082239   0.0000527120   0.0002101779   0.0000991495  -0.0000525106
        0.0000649149  -0.0000650111   0.0000317354   0.0001263968   0.0001825650
        0.0009288381   0.0000266491  -0.0001042047   0.0000381447   0.0000867954
       -0.0000424556   0.0000917029   0.0000728483   0.0000019520   0.0001366676
       -0.0000373436   0.0001089406   0.0003972443  -0.0068000854   0.0026618648
        0.0290092363  -0.0037320103   0.0708425022   0.0669281404   0.0044890330
       -0.0082683149  -0.0236833890   0.0000579280   0.0000482498  -0.0000159014
        0.0000154099   0.0000231103  -0.0000186507  -0.0000154536   0.0000013193
       -0.0000473069  -0.0001920408  -0.0001871643  -0.0000959877  -0.0020344911
       -0.0027640325   0.0034398639
        0.0229669279  -0.0633961503  -0.2520706204  -0.0035009546  -0.0062034336
       -0.0171504187  -0.0024136536  -0.0005778334  -0.0010307429   0.0002246764
        0.0000835920   0.0000547233  -0.0001152927  -0.0001090513   0.0002570237
        0.0000278502   0.0000138643   0.0001070723   0.0001279147   0.0000887012
        0.0000293491   0.0001308472   0.0000526558  -0.0000117576  -0.0000427897
       -0.0000109833   0.0000470431   0.0002938039   0.0001291599   0.0000253967
        0.0002196009  -0.0000391990   0.0001191655   0.0010637440   0.0000138926
        0.0008863973   0.0001572542  -0.0000794044   0.0000093270   0.0000864300
        0.0000514071   0.0000472765  -0.0000197535   0.0000278140   0.0000677131
        0.0000572813  -0.0001488629   0.0001793940   0.0083077002   0.0041296164
       -0.0240128970  -0.0303552019   0.0669281404   0.2989855053   0.0016477715
       -0.0041547327  -0.0054503439  -0.0000497460   0.0000363660   0.0000841637
        0.0000045986   0.0000064202  -0.0000020957   0.0000498234   0.0000127772
       -0.0000077452  -0.0000242092   0.0000898699  -0.0000635541   0.0011553770
        0.0030553738  -0.0010993753
       -0.1180427641   0.1048854088   0.0114295157  -0.0208871193   0.0197319076
        0.0022227022   0.0002504600   0.0001473804   0.0001539869  -0.0008177319
        0.0014677699   0.0000476855  -0.0002489044  -0.0000047048   0.0002365846
        0.0001886598   0.0002703807   0.0001627420   0.0000683604   0.0000732945
        0.0000400969   0.0000933380   0.0000500579  -0.0001147126   0.0000510787
        0.0000211714  -0.0000453621  -0.0005100590   0.0010713789   0.0006024706
        0.0000304874   0.0000021328   0.0000213031  -0.0072891083  -0.0010258229
       -0.0031912435  -0.0009295218   0.0002331506  -0.0000276744  -0.0000165216
       -0.0001305339   0.0000094109   0.0001300425  -0.0000683648  -0.0000181132
        0.0002312165  -0.0008065391   0.0003126665   0.0085322745  -0.0134320279
        0.0004088146  -0.0018971263   0.0044890330   0.0016477715   0.1391763156
       -0.1163251979  -0.0138986431   0.0001073124  -0.0000435498  -0.0000767676
        0.0000647745   0.0000159999   0.0000021856   0.0000526094   0.0000500037
        0.0000192881   0.0002378464   0.0001952993  -0.0003882232   0.0014240804
       -0.0008676284   0.0004435150
        0.1067101735  -0.1750761564  -0.0178829956   0.0019127216   0.0013678886
       -0.0000782970  -0.0002234216  -0.0001049862   0.0000145164  -0.0009377154
        0.0005155012  -0.0003335823   0.0001763205  -0.0000047104  -0.0001277090
        0.0001764101  -0.0000818912  -0.0000590204  -0.0000179144  -0.0000043858
        0.0000036568   0.0000646262   0.0000306447  -0.0000051660   0.0000119153
       -0.0000183282  -0.0000122046  -0.0001669538   0.0000390022   0.0000829414
        0.0000116697  -0.0000170134   0.0000238006  -0.0007506601   0.0005789446
        0.0000714824  -0.0000885206   0.0000626678  -0.0000366071   0.0000213420
       -0.0000171893  -0.0000145174   0.0000002094  -0.0000392278  -0.0000126107
       -0.0009330439  -0.0006203301   0.0000650293   0.0034911354  -0.0415260710
        0.0099931180   0.0075510352  -0.0082683149  -0.0041547327  -0.1163251979
        0.2221793782   0.0127061074  -0.0000417557   0.0000044392   0.0000395993
       -0.0000068457   0.0000090507   0.0000043375  -0.0000483672  -0.0000114574
        0.0000052265  -0.0002173935  -0.0003250740   0.0000234980  -0.0003697692
        0.0013276188  -0.0003158708
        0.0127478206  -0.0209250678  -0.0463777716  -0.0090929675   0.0082873069
        0.0014067665  -0.0002600223   0.0001272653  -0.0002107865   0.0006646920
        0.0002045879   0.0006813789   0.0002317187  -0.0001125340  -0.0002468815
        0.0000525329   0.0000098842  -0.0000813971  -0.0000649799   0.0000197554
       -0.0000484867   0.0000401486   0.0000289986  -0.0000542295  -0.0000042235
        0.0000004801  -0.0000192485  -0.0002866791   0.0002284219   0.0004158039
        0.0001146042   0.0000315123   0.0000616463  -0.0029537963  -0.0001827298
       -0.0006579968  -0.0002269834   0.0001139988  -0.0000322420   0.0000381666
        0.0000547864   0.0000028939   0.0000126657   0.0000830252  -0.0000584293
       -0.0002720800   0.0000012893  -0.0003843568  -0.0037708980   0.0208600732
       -0.0003851408   0.0181741668  -0.0236833890  -0.0054503439  -0.0138986431
        0.0127061074   0.0506677830  -0.0000530750   0.0000138338   0.0000002091
       -0.0000112712  -0.0000174943  -0.0000007114   0.0000192587   0.0000023292
        0.0000236320   0.0001720402   0.0001119056   0.0001304900  -0.0013721957
        0.0020356535   0.0006174189
       -0.0001053438   0.0000227235  -0.0001065498  -0.0007289608   0.0004299826
        0.0001193512   0.0000244613  -0.0000387927  -0.0001821213   0.0000033330
       -0.0001138454  -0.0000851981   0.0000450106   0.0000555573   0.0000277532
        0.0000870504   0.0001098767   0.0000132029   0.0000101572   0.0000077869
        0.0000789600   0.0000883951  -0.0000637423  -0.0000065571   0.0002878949
       -0.0003882251   0.0003003060   0.0049611858   0.0072078710   0.0180932103
       -0.0018467453   0.0036186071   0.0026495758   0.0044614469  -0.0005873645
        0.0013527998  -0.0849499687  -0.0497126911  -0.1521022502   0.0000778092
       -0.0002466918   0.0003273290  -0.0000004340  -0.0001485839   0.0001286933
        0.0000316104  -0.0000785181  -0.0000103362   0.0002320939  -0.0000467916
        0.0001530067  -0.0001050020   0.0000579280  -0.0000497460   0.0001073124
       -0.0000417557  -0.0000530750   0.0775461908   0.0399373432   0.1301842866
       -0.0000331770   0.0001298174  -0.0006609637  -0.0000751940  -0.0000097641
       -0.0000910967  -0.0000212875  -0.0000555912   0.0000060649  -0.0000978390
       -0.0000451364  -0.0000866457
       -0.0000213982   0.0000364614  -0.0000460538   0.0000599952   0.0001464426
       -0.0006311376  -0.0000473566   0.0000868022   0.0002424570   0.0001253456
        0.0000187316   0.0001080468   0.0000782448  -0.0001048000   0.0000665198
       -0.0001115198  -0.0008149875  -0.0000598918  -0.0000338785   0.0000953158
        0.0001456248   0.0000896417  -0.0010849641  -0.0008590444  -0.0000201023
       -0.0005455370   0.0002753140  -0.0074787606  -0.0156108067  -0.0273386102
        0.0008312526  -0.0012797765   0.0006512720  -0.0001650848   0.0006612873
        0.0015676458  -0.0333176654  -0.0738244832  -0.1172157228   0.0006787234
        0.0004063883   0.0004727081   0.0000311518   0.0002158063   0.0001153279
       -0.0002112263   0.0002482815   0.0001120923  -0.0000330648  -0.0000716363
        0.0000440317   0.0000664908   0.0000482498   0.0000363660  -0.0000435498
        0.0000044392   0.0000138338   0.0399373432   0.0914850115   0.1427077086
       -0.0004496091  -0.0000141411  -0.0003335632   0.0000179920  -0.0001126132
       -0.0000695146   0.0000229199  -0.0000044308  -0.0000212673  -0.0000058847
        0.0000149591   0.0000158572
       -0.0000522558   0.0000108446  -0.0000130951  -0.0001675587  -0.0002135514
       -0.0000622619  -0.0002769909   0.0001740121   0.0001254009   0.0001526169
        0.0000089565   0.0000480581   0.0000059305   0.0000398271   0.0000241123
        0.0001286834  -0.0003056686  -0.0001885454  -0.0000511968   0.0001055084
        0.0001357392  -0.0019593217   0.0003671767   0.0003066955   0.0000661149
        0.0002708964   0.0000637304   0.0050537716  -0.0101266457  -0.0101873057
        0.0019362689  -0.0030822540  -0.0014201737  -0.0000832179   0.0005376146
        0.0002674816  -0.1355994462  -0.1312228162  -0.2934686046   0.0007349664
        0.0003008305   0.0001522310   0.0000831422   0.0003620622  -0.0000141366
       -0.0000350863   0.0002064888   0.0000251256  -0.0001479275   0.0001549731
        0.0000453212  -0.0000202982  -0.0000159014   0.0000841637  -0.0000767676
        0.0000395993   0.0000002091   0.1301842866   0.1427077086   0.3043210623
        0.0001291627  -0.0002577513  -0.0000686669  -0.0000320651   0.0000258804
       -0.0000629587  -0.0000337496  -0.0000002357  -0.0000174149   0.0000609382
       -0.0000875548  -0.0000961675
       -0.0000081583  -0.0000095375  -0.0000333389  -0.0002950444   0.0002889769
        0.0003187267  -0.0000394474  -0.0000257280  -0.0001188769  -0.0006987835
        0.0010576217   0.0001719516  -0.0000212092   0.0000159977   0.0000334988
       -0.0054539496   0.0000739412  -0.0024196783   0.0001398742  -0.0001619734
       -0.0003026631  -0.0249116479   0.0240911647   0.0000736518   0.0002003432
        0.0004085955   0.0000425389  -0.0015227423   0.0002868572   0.0009109682
       -0.0004101144  -0.0000178469   0.0002778282   0.0013391205   0.0005489453
        0.0001120388   0.0009711105   0.0005015810  -0.0007618188  -0.1299216280
        0.1553733656   0.0055211484   0.0002756021  -0.0007272026   0.0002799331
       -0.0005821776   0.0000242174  -0.0000479913   0.0000704969  -0.0000426163
        0.0000452464  -0.0000206466   0.0000154099   0.0000045986   0.0000647745
       -0.0000068457  -0.0000112712  -0.0000331770  -0.0004496091   0.0001291627
        0.1608855269  -0.1811879798  -0.0042133398  -0.0000142104   0.0000048735
       -0.0000050337   0.0000305876  -0.0000802091   0.0000121134  -0.0000444997
        0.0000180007  -0.0000193935
       -0.0000559768  -0.0000517479   0.0000303289   0.0001177136  -0.0001781899
       -0.0001709899   0.0000177909   0.0000181327   0.0000327876  -0.0000342507
        0.0000127625   0.0001373286   0.0001099355   0.0000230953   0.0000003251
       -0.0002477860  -0.0011445009  -0.0002444622  -0.0001534931   0.0001388242
        0.0005581065   0.0003914545   0.0081068998   0.0041853959   0.0001612805
        0.0005085027  -0.0003228339  -0.0011353268   0.0009472794   0.0001959568
       -0.0001660283   0.0001084842  -0.0000482972  -0.0000835974  -0.0000177087
        0.0001119623   0.0015853333   0.0028807437   0.0004536679   0.1801435764
       -0.3164690593  -0.0409674308   0.0002762977   0.0007504299  -0.0000185800
        0.0000698150   0.0001265907   0.0000297787   0.0001351626   0.0001123757
       -0.0000000282   0.0000096019   0.0000231103   0.0000064202   0.0000159999
        0.0000090507  -0.0000174943   0.0001298174  -0.0000141411  -0.0002577513
       -0.1811879798   0.3035993104   0.0366868323   0.0000603059   0.0005544080
       -0.0003875674  -0.0001331265  -0.0000145197   0.0000028562  -0.0000265196
       -0.0000301325   0.0000036884
       -0.0000029791  -0.0000031593  -0.0000068146   0.0001091489  -0.0001837456
        0.0000714371   0.0000543701   0.0000272445  -0.0000314528  -0.0001392710
        0.0001790855   0.0002858512  -0.0000100221   0.0000439425  -0.0000235308
       -0.0009963087  -0.0007201026   0.0001135713   0.0001252582  -0.0001836019
       -0.0000625279  -0.0079226194   0.0124832239  -0.0010150630  -0.0015192256
        0.0008236220   0.0004847269  -0.0000544320  -0.0009367213   0.0019159365
        0.0005463540   0.0000221206  -0.0002357925  -0.0002600440   0.0002871325
       -0.0005241630   0.0006907204   0.0003547340  -0.0011208399   0.0139803788
       -0.0486411242  -0.0150525059   0.0002458411  -0.0002686469  -0.0003346775
       -0.0000464755   0.0000191472  -0.0001074215  -0.0000076592   0.0000569198
       -0.0000174971  -0.0000165447  -0.0000186507  -0.0000020957   0.0000021856
        0.0000043375  -0.0000007114  -0.0006609637  -0.0003335632  -0.0000686669
       -0.0042133398   0.0366868323   0.0155566381   0.0001101327   0.0003182160
        0.0001697150  -0.0000440858   0.0000089585   0.0000304361   0.0000295809
       -0.0000262012  -0.0000245520
       -0.0001071417  -0.0000617665  -0.0000476698  -0.0005867377   0.0000241138
        0.0000792142  -0.0000444020  -0.0001046808  -0.0000434221  -0.0020170525
       -0.0019284386   0.0007152703   0.0003044759   0.0001441845   0.0007261105
       -0.0105145265  -0.0080627370   0.0025683099   0.0002294442  -0.0002303401
       -0.0003923764   0.0008612211   0.0006499826  -0.0006784132   0.0000189980
        0.0000806814  -0.0000395354  -0.0006362300  -0.0005601735   0.0000201158
        0.0000558722  -0.0000230642  -0.0000283510   0.0004502480   0.0000634531
        0.0000914425   0.0000530346   0.0002825425   0.0001001873   0.0011310042
       -0.0013769892   0.0006702499  -0.3944017119  -0.0524196761  -0.0912451469
        0.0009462192  -0.0005895402   0.0000219838  -0.0001442131  -0.0001841621
        0.0000698953  -0.0000112117  -0.0000154536   0.0000498234   0.0000526094
       -0.0000483672   0.0000192587  -0.0000751940   0.0000179920  -0.0000320651
       -0.0000142104   0.0000603059   0.0001101327   0.4041084607   0.0645326987
        0.0876811104   0.0003191718  -0.0002844624  -0.0004016289   0.0000218719
        0.0000338970  -0.0000144958
       -0.0000389715  -0.0002439820   0.0001430219  -0.0015509088  -0.0002395690
       -0.0001866058  -0.0000239819   0.0000285813  -0.0001023955  -0.0020627747
       -0.0042866156   0.0023559186   0.0000795209  -0.0000015763   0.0000420420
       -0.0305410857  -0.0099956286  -0.0054425471  -0.0002992738   0.0006456548
        0.0001547239  -0.0017235375   0.0004833575  -0.0010185027  -0.0001469559
       -0.0004624681  -0.0001922235  -0.0002887537  -0.0005894382   0.0002856489
       -0.0000043087   0.0000540303  -0.0000617986   0.0003004291   0.0003078645
       -0.0000783515  -0.0000115021   0.0005901074  -0.0000739535   0.0002269528
        0.0009667929  -0.0004668161  -0.0286307806  -0.0321518019   0.0087724223
        0.0004774581   0.0001686003  -0.0002644006  -0.0000735728  -0.0000852280
       -0.0000097473  -0.0000141152   0.0000013193   0.0000127772   0.0000500037
       -0.0000114574   0.0000023292  -0.0000097641  -0.0001126132   0.0000258804
        0.0000048735   0.0005544080   0.0003182160   0.0645326987   0.0443046228
       -0.0043869736  -0.0002432944   0.0000709494   0.0001926189  -0.0000083551
        0.0000040897  -0.0000212834
        0.0000093128   0.0001052232  -0.0000770119   0.0003505755   0.0001835801
        0.0003840314   0.0000103028  -0.0000139087  -0.0000111079   0.0000005832
        0.0017900740  -0.0001036421  -0.0001447291   0.0000023154   0.0000454420
        0.0161943568   0.0014683051   0.0016004059   0.0015267793   0.0009988858
        0.0009034076  -0.0008680551   0.0006113286   0.0011390836  -0.0001800956
       -0.0004710147  -0.0002360059  -0.0002362680  -0.0001783929   0.0000690056
        0.0000730736   0.0001196760  -0.0000909020   0.0002296010  -0.0001278579
       -0.0001201735   0.0000858051   0.0000922208  -0.0000560231   0.0004739567
       -0.0000499865  -0.0010327814  -0.1050826654   0.0008782923  -0.0380387790
       -0.0002515874  -0.0001345554  -0.0003411013   0.0000009925  -0.0000280760
        0.0000287542  -0.0000200011  -0.0000473069  -0.0000077452   0.0000192881
        0.0000052265   0.0000236320  -0.0000910967  -0.0000695146  -0.0000629587
       -0.0000050337  -0.0003875674   0.0001697150   0.0876811104  -0.0043869736
        0.0357063811   0.0002035060  -0.0003687852   0.0001298528   0.0000202883
        0.0000088120  -0.0000214792
       -0.0001319356   0.0001184985  -0.0003801442  -0.0015322781   0.0013156571
        0.0015158746  -0.0000073665   0.0000905355  -0.0003372066   0.0069560623
        0.0221536099  -0.0068161982   0.0006885870   0.0001402396   0.0003465761
        0.0008354809   0.0018992176  -0.0006209191  -0.0003483919   0.0003431801
       -0.0001597526  -0.0000273952  -0.0002102748   0.0002062882   0.0000679693
        0.0000469935  -0.0000371620  -0.0000587657   0.0002037904   0.0000027026
        0.0000220964   0.0000328888  -0.0000141984  -0.0000131506   0.0015790829
       -0.0001473093   0.0000886040  -0.0002212792  -0.0000222393   0.0001610198
        0.0000464517   0.0000392704   0.0018077466  -0.0005632130  -0.0005920131
       -0.0905749994  -0.1466890150   0.0570461680  -0.0001022748  -0.0002269977
        0.0000398173   0.0000172180  -0.0001920408  -0.0000242092   0.0002378464
       -0.0002173935   0.0001720402  -0.0000212875   0.0000229199  -0.0000337496
        0.0000305876  -0.0001331265  -0.0000440858   0.0003191718  -0.0002432944
        0.0002035060   0.0814801941   0.1206101202  -0.0503112683   0.0001052611
        0.0000934495  -0.0000317877
       -0.0003145232   0.0002438446  -0.0003720458   0.0023878598  -0.0032052471
       -0.0012181852   0.0000356999   0.0002335562  -0.0005953050  -0.0015773657
       -0.0278999565   0.0018931630  -0.0000233885  -0.0000029653   0.0003046292
       -0.0006703968   0.0001651529   0.0009575963   0.0001235569  -0.0001164621
        0.0001251623   0.0001283535  -0.0002498747  -0.0002510161   0.0000360631
        0.0000356600   0.0000457842  -0.0001969664  -0.0004684181   0.0003093544
        0.0000556942  -0.0000021310  -0.0000842137   0.0001305403  -0.0014064956
       -0.0000341018   0.0000259207   0.0002401547  -0.0000175997  -0.0001882558
        0.0002225358  -0.0000440752   0.0012514712   0.0007903409  -0.0002800680
       -0.1216887606  -0.3283770768   0.0829500767   0.0000497680  -0.0000209135
        0.0000302213  -0.0000228741  -0.0001871643   0.0000898699   0.0001952993
       -0.0003250740   0.0001119056  -0.0000555912  -0.0000044308  -0.0000002357
       -0.0000802091  -0.0000145197   0.0000089585  -0.0002844624   0.0000709494
       -0.0003687852   0.1206101202   0.3601688439  -0.0834935682   0.0000724468
        0.0001096912  -0.0000675218
        0.0001420905  -0.0003541397  -0.0000083427   0.0009164490  -0.0000054410
       -0.0000783879  -0.0000058795   0.0001381104   0.0001189152  -0.0059050080
       -0.0122354647   0.0015831734   0.0000449265  -0.0017673284   0.0010545817
        0.0009321664   0.0006437265   0.0011403947  -0.0003729294   0.0004265500
       -0.0003093750  -0.0000747714   0.0000626404   0.0000508866   0.0000785556
       -0.0000956768  -0.0000744260   0.0001735188   0.0001193366   0.0000591141
       -0.0000401205   0.0000592375  -0.0000460518  -0.0000220914  -0.0005412514
        0.0000377365  -0.0000575972  -0.0000195545  -0.0000206305   0.0000344885
       -0.0000762144  -0.0001681467  -0.0001591691  -0.0005126000  -0.0010472978
        0.0554141918   0.0972369088  -0.0403145684   0.0000060451   0.0003923261
       -0.0001275616  -0.0000196899  -0.0000959877  -0.0000635541  -0.0003882232
        0.0000234980   0.0001304900   0.0000060649  -0.0000212673  -0.0000174149
        0.0000121134   0.0000028562   0.0000304361  -0.0004016289   0.0001926189
        0.0001298528  -0.0503112683  -0.0834935682   0.0379444056  -0.0000022339
       -0.0000793152  -0.0000042293
       -0.0078199142   0.0017865968   0.0155709086   0.0011246362   0.0008515318
        0.0022391415  -0.0003784085  -0.0006129198  -0.0004762018   0.0002020039
       -0.0002593212   0.0001716983   0.0000176148   0.0000713820  -0.0001222091
       -0.0001688388  -0.0001392557  -0.0000534575  -0.0000448122  -0.0000666251
       -0.0000485166  -0.0001038691   0.0000535170   0.0000847815   0.0000245395
        0.0000083584  -0.0000269729  -0.0006928862   0.0000123942   0.0001459776
       -0.0000483482   0.0000154825   0.0000140273   0.0002720191   0.0002241035
       -0.0004661830   0.0003045348  -0.0000642043  -0.0001409959   0.0001483592
        0.0000791034  -0.0000531468   0.0001018455   0.0001807355  -0.0000979540
       -0.0001535548   0.0000905878  -0.0001115517  -0.0219693169   0.0031933747
        0.0685680591   0.0002391172  -0.0020344911   0.0011553770   0.0014240804
       -0.0003697692  -0.0013721957  -0.0000978390  -0.0000058847   0.0000609382
       -0.0000444997  -0.0000265196   0.0000295809   0.0000218719  -0.0000083551
        0.0000202883   0.0001052611   0.0000724468  -0.0000022339   0.0275364041
       -0.0030522685  -0.0850891593
       -0.0048546536   0.0043469695   0.0295009505  -0.0001030412   0.0005041537
        0.0002599066  -0.0003757221   0.0001048467  -0.0001950930   0.0000460393
       -0.0001012388   0.0002168958  -0.0000169658   0.0000087824  -0.0000115290
       -0.0000342348  -0.0000292471  -0.0000469555  -0.0000377791   0.0000048180
        0.0000160125  -0.0000268193  -0.0000136012   0.0000296861  -0.0000023826
        0.0000070481   0.0000297299  -0.0001320941   0.0001016307  -0.0001646807
        0.0000200334   0.0000743827   0.0000522898   0.0003679855  -0.0002164136
       -0.0001111901   0.0000353262  -0.0000502194   0.0000824536   0.0000588782
        0.0000500451   0.0000301792   0.0000450390   0.0000127305  -0.0000252249
        0.0000699953   0.0001046868  -0.0000257750   0.0112509844  -0.0632940315
       -0.1170215693  -0.0024909024  -0.0027640325   0.0030553738  -0.0008676284
        0.0013276188   0.0020356535  -0.0000451364   0.0000149591  -0.0000875548
        0.0000180007  -0.0000301325  -0.0000262012   0.0000338970   0.0000040897
        0.0000088120   0.0000934495   0.0001096912  -0.0000793152  -0.0030522685
        0.0597224637   0.0824771453
        0.0048028321   0.0043917971  -0.0188697347   0.0002366358  -0.0002429737
        0.0017869785   0.0005920774   0.0001961058   0.0002813679  -0.0002076784
       -0.0001404781  -0.0001755265  -0.0000835143  -0.0001192266   0.0001434766
        0.0000003318  -0.0000037846   0.0000382786   0.0000218063   0.0000097461
        0.0000483872  -0.0000122589  -0.0000177785  -0.0001003594  -0.0000110669
       -0.0000025274   0.0000564626  -0.0000563444  -0.0000879179  -0.0001027065
        0.0000299475   0.0000117572   0.0000875854  -0.0002468842   0.0000764037
        0.0000144580  -0.0000367086   0.0000603999   0.0001092067   0.0000697246
        0.0000124953   0.0000539193  -0.0000413472  -0.0000371770   0.0000468089
       -0.0001961701   0.0000991623   0.0000415865   0.0781836882  -0.0897378822
       -0.3835689977   0.0017528964   0.0034398639  -0.0010993753   0.0004435150
       -0.0003158708   0.0006174189  -0.0000866457   0.0000158572  -0.0000961675
       -0.0000193935   0.0000036884  -0.0000245520  -0.0000144958  -0.0000212834
       -0.0000214792  -0.0000317877  -0.0000675218  -0.0000042293  -0.0850891593
        0.0824771453   0.4007371929
