           1           2   1.01130628066227     
           2           3  0.996045168281857     
           3           4   1.00781699388666     
           4           5   1.00390171360256     
           2           6  0.994506802116364     
           5           6   1.00198740085445     
           1           7  0.985525419428277     
           1           8  0.986296585885874     
           1           9  0.986587543089477     
           2          10  0.972469151161934     
           3          11  0.979895954090468     
           3          12  0.978409854703830     
           4          13  0.981405724161047     
           4          14  0.980673343812217     
           5          15  0.984441016727522     
           5          16  0.984034675489061     
           6          17  0.983219644973322     
           6          18  0.980777980524832     
