           1           2   1.43782785494842     
           2           3   1.44548672697871     
           1           4  0.108744243254118     
           3           4   1.39893304581850     
           2           5  0.110894065003751     
           4           5   1.39904479988602     
           1           6   1.43792061812355     
           3           6  0.110898750228772     
           5           6   1.44539024212042     
           4           7   1.01914096867913     
           7           8   1.35941438696781     
           8           9   1.40681672606311     
           9          10   1.39789440967679     
          10          11   1.39783244570060     
           7          12   1.35930308194984     
          11          12   1.40689227078259     
          12          13  0.980398541016929     
          10          14  0.980331656356927     
           8          15  0.980380430786326     
           1          16  0.970344146764450     
           2          17  0.969398036212089     
           3          18  0.969734759915230     
           5          19  0.969736597926695     
           6          20  0.969400122086997     
           9          21  0.957191536390903     
          11          22  0.957193067556105     
