           1           2  0.974963304367961     
           2           3  0.957284148853404     
           2           4  0.956999535581538     
           4           5  0.954924447286066     
           4           6  0.967123324849683     
           6           7  0.956636096965734     
           6           8  0.960514947655396     
           8           9  0.954355205128063     
           8          10  0.951209290788925     
          10          11  0.949341095062240     
           2          12  0.962099521731465     
          10          12  0.947221926040196     
          10          13   1.03256053773716     
           8          14   1.00316791419418     
           6          15  0.999934637022980     
           4          16   1.00634706639322     
           1          17   1.01329729033869     
           1          18  0.966987691708271     
           1          19  0.967648810009741     
          13          20  0.833173522338475     
          14          21  0.840008347957350     
          15          22  0.852474230307296     
          16          23  0.854740921095990     
          17          24  0.855193510450649     
