$hessian                                                                        
        0.5163727696   0.0359702339  -0.0134174299  -0.0935291281   0.0537204882
       -0.0242933251  -0.0004907627   0.0025483041  -0.0021408705  -0.0187851266
        0.0185596605  -0.0062939963   0.0001159487   0.0014323110   0.0000325759
        0.0003860958   0.0007008155  -0.0016634529  -0.0093867872   0.0044172348
        0.0004193443   0.0082920547  -0.0122065471   0.0040593650  -0.2641248880
       -0.0080414159   0.0820798147  -0.0944232355  -0.0942371378  -0.0351285538
       -0.0440661190  -0.0004744490  -0.0026210963  -0.0003608218  -0.0023894982
       -0.0010323751
        0.0359702339   0.4885107260   0.0261735403   0.0459134712  -0.1378493711
        0.0376635935   0.0028745617  -0.0031166495   0.0039203114   0.0107381171
       -0.0050264133  -0.0014323660  -0.0003486189   0.0001107529  -0.0000431623
       -0.0002580988   0.0004014352   0.0011425771  -0.0007827480   0.0014098346
       -0.0001032476   0.0092761500  -0.0391510280   0.0081548074  -0.0062485764
       -0.0417691644   0.0020224449  -0.0964515856  -0.2148397220  -0.0649478118
       -0.0001651066  -0.0440853214  -0.0107639783  -0.0005177995  -0.0045950789
       -0.0017867087
       -0.0134174299   0.0261735403   0.5172419046  -0.0239832318   0.0400618589
       -0.0875863751  -0.0152836107   0.0233323736  -0.0131159758   0.0010256462
       -0.0043264582   0.0019533943   0.0000383199   0.0002257322   0.0005512556
        0.0004390881  -0.0006281019   0.0011728854   0.0037135059  -0.0022469672
        0.0007309892   0.0039191392  -0.0078030440   0.0074848705   0.0806896843
        0.0024750720  -0.0724379049  -0.0350882859  -0.0632225557  -0.0662704654
       -0.0016013289  -0.0123908559  -0.2896695883  -0.0004514965  -0.0016505940
       -0.0000549901
       -0.0935291281   0.0459134712  -0.0239832318   0.4049586725  -0.0166154266
        0.0253029914  -0.0408666413   0.0009141931   0.0006598612  -0.1275693155
        0.0062881025   0.0309606703  -0.0128420985  -0.0028551199   0.0038783603
       -0.0042456092  -0.0001365313   0.0001225649  -0.0220803936   0.0063693900
        0.0044718644  -0.0918504451  -0.0635165143  -0.0394242104  -0.0187734199
        0.0251275128  -0.0098817945   0.0053490402  -0.0100326355   0.0043275527
       -0.0014732923   0.0024441653  -0.0034040458   0.0029226308   0.0060993928
        0.0069694174
        0.0537204882  -0.1378493711   0.0400618589  -0.0166154266   0.4569406474
       -0.0067753427   0.0027583631  -0.0364185576   0.0021079146   0.0037753960
       -0.0405133944   0.0033142286  -0.0269474463  -0.0089640577   0.0011939112
        0.0006755349   0.0028587224  -0.0039387877   0.0347588324  -0.0151667046
       -0.0010412492  -0.0543083301  -0.1659791468  -0.0359433737   0.0036983065
       -0.0023819593   0.0002955787   0.0105007697  -0.0228107966   0.0073936023
        0.0012987746  -0.0016630710   0.0042108699  -0.0133152624  -0.0280523107
       -0.0108792110
       -0.0242933251   0.0376635935  -0.0875863751   0.0253029914  -0.0067753427
        0.5217954146  -0.0000465298   0.0034527792  -0.2524569848   0.0344401232
        0.0013277532  -0.0629322648  -0.0128080397  -0.0070731886   0.0028478763
        0.0332654736   0.0013189498  -0.0320421540  -0.0106915563   0.0053202578
        0.0039757893  -0.0473034099  -0.0563770217  -0.0879283015   0.0043699022
       -0.0070523154   0.0034907497   0.0039713648  -0.0071994812   0.0027448713
       -0.0166769069   0.0264982633  -0.0158515227   0.0104699125   0.0088957528
        0.0039429016
       -0.0004907627   0.0028745617  -0.0152836107  -0.0408666413   0.0027583631
       -0.0000465298   0.0516864935   0.0027894985   0.0042961180  -0.0030578187
       -0.0006796571   0.0269301052   0.0010324106   0.0005945162  -0.0004132322
       -0.0068421017  -0.0002968632   0.0065841801   0.0010318410  -0.0004502649
       -0.0006187018  -0.0027867182  -0.0103144725  -0.0199111114   0.0001330117
       -0.0000254940  -0.0006857659   0.0002695762  -0.0003537751   0.0001616233
       -0.0010410973   0.0028321841  -0.0015596165   0.0009318068   0.0002714033
        0.0005465417
        0.0025483041  -0.0031166495   0.0233323736   0.0009141931  -0.0364185576
        0.0034527792   0.0027894985   0.0553757736   0.0055939646   0.0015028254
        0.0017638427  -0.0008023681   0.0002412577  -0.0001756321   0.0000794947
       -0.0001324895   0.0003001931   0.0001375059  -0.0001573502  -0.0001069779
        0.0000766255  -0.0100263448  -0.0147648114  -0.0325731398  -0.0005417479
        0.0006082994   0.0000288672   0.0000177569   0.0002215562   0.0004767994
        0.0027965664  -0.0037830696   0.0022330459   0.0000475305   0.0000960332
       -0.0020359481
       -0.0021408705   0.0039203114  -0.0131159758   0.0006598612   0.0021079146
       -0.2524569848   0.0042961180   0.0055939646   0.2985562012   0.0048713070
        0.0008408879  -0.0179685419  -0.0004297267   0.0001682962   0.0007981962
        0.0030665170   0.0000677140  -0.0023429774  -0.0008191577   0.0001048684
        0.0006782234  -0.0078720770  -0.0149045857  -0.0168184189   0.0001214284
       -0.0004915003   0.0004660061   0.0002703187  -0.0001266057   0.0002531243
       -0.0014179330   0.0022149090  -0.0003820444  -0.0006057854   0.0005038257
        0.0023331920
       -0.0187851266   0.0107381171   0.0010256462  -0.1275693155   0.0037753960
        0.0344401232  -0.0030578187   0.0015028254   0.0048713070   0.4576297376
        0.0086539910  -0.0300387898  -0.1135867005  -0.0890142248  -0.0351903062
       -0.0601901550  -0.0023960850   0.0581045386  -0.1116126547   0.0858518443
       -0.0286347848  -0.0225173163  -0.0182659312  -0.0034875387  -0.0010682739
        0.0011942699  -0.0005593577   0.0002862395   0.0003562875  -0.0000361287
        0.0001449610  -0.0001954072  -0.0003494401   0.0003264231  -0.0022010831
       -0.0001452690
        0.0185596605  -0.0050264133  -0.0043264582   0.0062881025  -0.0405133944
        0.0013277532  -0.0006796571   0.0017638427   0.0008408879   0.0086539910
        0.3757503700   0.0023641086  -0.0645514729  -0.1348176971  -0.0383138840
       -0.0015543263  -0.0434755594   0.0057964899   0.0620392534  -0.1302500239
        0.0302193581  -0.0298452983  -0.0181634785  -0.0010860553   0.0025790823
       -0.0034114834   0.0019198754   0.0011221396  -0.0014356375  -0.0007628085
        0.0007527357   0.0009247962   0.0002194369  -0.0033642105  -0.0013453214
        0.0018012961
       -0.0062939963  -0.0014323660   0.0019533943   0.0309606703   0.0033142286
       -0.0629322648   0.0269301052  -0.0008023681  -0.0179685419  -0.0300387898
        0.0023641086   0.3960852729  -0.0191583213  -0.0317631756  -0.0568287396
        0.0270030039   0.0048426509  -0.2109619738  -0.0155465460   0.0251026998
       -0.0519258060  -0.0111496441  -0.0049451856   0.0011676898  -0.0013008931
        0.0019123815  -0.0001784615  -0.0000547817  -0.0004834048   0.0008454796
       -0.0017726914   0.0005062913  -0.0006126397   0.0004218843   0.0013841394
        0.0013565907
        0.0001159487  -0.0003486189   0.0000383199  -0.0128420985  -0.0269474463
       -0.0128080397   0.0010324106   0.0002412577  -0.0004297267  -0.1135867005
       -0.0645514729  -0.0191583213   0.1179103365   0.1027638625   0.0484296923
        0.0062662191  -0.0053203017  -0.0216364306   0.0168912620   0.0013041914
        0.0049346344  -0.0154381260  -0.0080261988   0.0008440262   0.0000974213
       -0.0002025705   0.0000314754  -0.0007190212   0.0002815316   0.0001128713
       -0.0000622803  -0.0003139987  -0.0001337345   0.0003346283   0.0011197647
       -0.0002247667
        0.0014323110   0.0001107529   0.0002257322  -0.0028551199  -0.0089640577
       -0.0070731886   0.0005945162  -0.0001756321   0.0001682962  -0.0890142248
       -0.1348176971  -0.0317631756   0.1027638625   0.2320613262   0.0783745513
       -0.0049240006  -0.0080022946  -0.0369084012  -0.0000736024  -0.0769410994
       -0.0028068171  -0.0086647337  -0.0046993843   0.0001740411  -0.0001155576
        0.0001735056  -0.0001044112   0.0005148345   0.0005407736   0.0003762864
       -0.0001274872  -0.0002140941  -0.0002818698   0.0004692022   0.0009279009
       -0.0003810436
        0.0000325759  -0.0000431623   0.0005512556   0.0038783603   0.0011939112
        0.0028478763  -0.0004132322   0.0000794947   0.0007981962  -0.0351903062
       -0.0383138840  -0.0568287396   0.0484296923   0.0783745513   0.0938674952
       -0.0215965441  -0.0382651794  -0.0499614881   0.0048850828  -0.0023082234
        0.0085446294  -0.0002082053  -0.0009117707   0.0007072593  -0.0000932880
       -0.0000437434  -0.0000802526   0.0000092820   0.0002093665  -0.0002004938
        0.0001871982  -0.0000076406  -0.0000244395   0.0000793843   0.0000362801
       -0.0002212987
        0.0003860958  -0.0002580988   0.0004390881  -0.0042456092   0.0006755349
        0.0332654736  -0.0068421017  -0.0001324895   0.0030665170  -0.0601901550
       -0.0015543263   0.0270030039   0.0062662191  -0.0049240006  -0.0215965441
        0.0575407928  -0.0008979049  -0.0191167383   0.0054935017   0.0069873063
       -0.0219410519   0.0017405015  -0.0001538618  -0.0016108935   0.0002798252
       -0.0001956303   0.0000579329   0.0000122894  -0.0000240308   0.0001893860
       -0.0004137205   0.0000013077   0.0001953872  -0.0000276392   0.0004761941
        0.0000484390
        0.0007008155   0.0004014352  -0.0006281019  -0.0001365313   0.0028587224
        0.0013189498  -0.0002968632   0.0003001931   0.0000677140  -0.0023960850
       -0.0434755594   0.0048426509  -0.0053203017  -0.0080022946  -0.0382651794
       -0.0008979049   0.0595328991  -0.0080066664   0.0074489492  -0.0128940981
        0.0407238517   0.0007438504   0.0012706270   0.0005058485  -0.0000561830
        0.0001026930  -0.0002028228  -0.0001255369   0.0001657799   0.0001955633
        0.0000977810  -0.0003316740  -0.0002768946   0.0002380099   0.0000712763
       -0.0002749130
       -0.0016634529   0.0011425771   0.0011728854   0.0001225649  -0.0039387877
       -0.0320421540   0.0065841801   0.0001375059  -0.0023429774   0.0581045386
        0.0057964899  -0.2109619738  -0.0216364306  -0.0369084012  -0.0499614881
       -0.0191167383  -0.0080066664   0.3357738843  -0.0216746506   0.0389287017
       -0.0463076399  -0.0005801680   0.0038940896   0.0044193404  -0.0001316749
       -0.0001421990   0.0000536771  -0.0001476711  -0.0001662734  -0.0004148660
        0.0000895842   0.0000307657   0.0007454390   0.0000499187  -0.0007678021
       -0.0001341270
       -0.0093867872  -0.0007827480   0.0037135059  -0.0220803936   0.0347588324
       -0.0106915563   0.0010318410  -0.0001573502  -0.0008191577  -0.1116126547
        0.0620392534  -0.0155465460   0.0168912620  -0.0000736024   0.0048850828
        0.0054935017   0.0074489492  -0.0216746506   0.1177090557  -0.1041502768
        0.0411761341   0.0019448575  -0.0003192334  -0.0004726599  -0.0015084100
        0.0023199088  -0.0011166414   0.0003545234  -0.0006745567   0.0000062873
        0.0004351794  -0.0003565642   0.0004519667   0.0007280247  -0.0000526120
        0.0000882349
        0.0044172348   0.0014098346  -0.0022469672   0.0063693900  -0.0151667046
        0.0053202578  -0.0004502649  -0.0001069779   0.0001048684   0.0858518443
       -0.1302500239   0.0251026998   0.0013041914  -0.0769410994  -0.0023082234
        0.0069873063  -0.0128940981   0.0389287017  -0.1041502768   0.2305270319
       -0.0663984240  -0.0007264775   0.0037831348   0.0014795430   0.0008772611
       -0.0012628095   0.0005506097  -0.0004985048   0.0003820227   0.0000687928
       -0.0004556500   0.0000891475  -0.0001121085   0.0004739460   0.0004305418
       -0.0004897499
        0.0004193443  -0.0001032476   0.0007309892   0.0044718644  -0.0010412492
        0.0039757893  -0.0006187018   0.0000766255   0.0006782234  -0.0286347848
        0.0302193581  -0.0519258060   0.0049346344  -0.0028068171   0.0085446294
       -0.0219410519   0.0407238517  -0.0463076399   0.0411761341  -0.0663984240
        0.0844410515   0.0000252818  -0.0004022254   0.0003285034  -0.0000550338
        0.0000132668  -0.0000007525   0.0000938394   0.0001016334  -0.0001113731
        0.0002870133  -0.0001065793   0.0000046288  -0.0001585395  -0.0002761928
       -0.0003582434
        0.0082920547   0.0092761500   0.0039191392  -0.0918504451  -0.0543083301
       -0.0473034099  -0.0027867182  -0.0100263448  -0.0078720770  -0.0225173163
       -0.0298452983  -0.0111496441  -0.0154381260  -0.0086647337  -0.0002082053
        0.0017405015   0.0007438504  -0.0005801680   0.0019448575  -0.0007264775
        0.0000252818   0.1892724629  -0.0040225797   0.1501803493   0.0008185444
       -0.0004996449   0.0000174386  -0.0007688277   0.0029388396  -0.0008388667
       -0.0001175299   0.0000687959   0.0002811445  -0.0685894577   0.0950657730
       -0.0864709824
       -0.0122065471  -0.0391510280  -0.0078030440  -0.0635165143  -0.1659791468
       -0.0563770217  -0.0103144725  -0.0147648114  -0.0149045857  -0.0182659312
       -0.0181634785  -0.0049451856  -0.0080261988  -0.0046993843  -0.0009117707
       -0.0001538618   0.0012706270   0.0038940896  -0.0003192334   0.0037831348
       -0.0004022254  -0.0040225797   0.5136377589  -0.0870519220  -0.0005556212
        0.0017539141  -0.0007499894   0.0033309092  -0.0063986697   0.0026748537
       -0.0008942141   0.0021354101  -0.0001446574   0.1149442649  -0.2734243263
        0.1667214586
        0.0040593650   0.0081548074   0.0074848705  -0.0394242104  -0.0359433737
       -0.0879283015  -0.0199111114  -0.0325731398  -0.0168184189  -0.0034875387
       -0.0010860553   0.0011676898   0.0008440262   0.0001740411   0.0007072593
       -0.0016108935   0.0005058485   0.0044193404  -0.0004726599   0.0014795430
        0.0003285034   0.1501803493  -0.0870519220   0.2093531685  -0.0001664379
        0.0002259695  -0.0000917352  -0.0008466044   0.0028033023  -0.0002123466
        0.0005963364  -0.0005478775   0.0005826169  -0.0897606208   0.1438588565
       -0.1189926467
       -0.2641248880  -0.0062485764   0.0806896843  -0.0187734199   0.0036983065
        0.0043699022   0.0001330117  -0.0005417479   0.0001214284  -0.0010682739
        0.0025790823  -0.0013008931   0.0000974213  -0.0001155576  -0.0000932880
        0.0002798252  -0.0000561830  -0.0001316749  -0.0015084100   0.0008772611
       -0.0000550338   0.0008185444  -0.0005556212  -0.0001664379   0.3030036658
        0.0048785655  -0.0925049372  -0.0170438718  -0.0036698953   0.0053644538
       -0.0019680542  -0.0003856947   0.0033934270   0.0001544496  -0.0004599393
        0.0003133692
       -0.0080414159  -0.0417691644   0.0024750720   0.0251275128  -0.0023819593
       -0.0070523154  -0.0000254940   0.0006082994  -0.0004915003   0.0011942699
       -0.0034114834   0.0019123815  -0.0002025705   0.0001735056  -0.0000437434
       -0.0001956303   0.0001026930  -0.0001421990   0.0023199088  -0.0012628095
        0.0000132668  -0.0004996449   0.0017539141   0.0002259695   0.0048785655
        0.0467482563  -0.0041348085  -0.0260140266  -0.0017460657   0.0083564991
        0.0013646293   0.0010773973  -0.0010649798   0.0000938957   0.0001074167
       -0.0000536424
        0.0820798147   0.0020224449  -0.0724379049  -0.0098817945   0.0002955787
        0.0034907497  -0.0006857659   0.0000288672   0.0004660061  -0.0005593577
        0.0019198754  -0.0001784615   0.0000314754  -0.0001044112  -0.0000802526
        0.0000579329  -0.0002028228   0.0000536771  -0.0011166414   0.0005506097
       -0.0000007525   0.0000174386  -0.0007499894  -0.0000917352  -0.0925049372
       -0.0041348085   0.0803815105  -0.0085417613  -0.0006385778   0.0035418980
        0.0311617560   0.0009007151  -0.0150156107  -0.0000581596   0.0001125188
       -0.0001291239
       -0.0944232355  -0.0964515856  -0.0350882859   0.0053490402   0.0105007697
        0.0039713648   0.0002695762   0.0000177569   0.0002703187   0.0002862395
        0.0011221396  -0.0000547817  -0.0007190212   0.0005148345   0.0000092820
        0.0000122894  -0.0001255369  -0.0001476711   0.0003545234  -0.0004985048
        0.0000938394  -0.0007688277   0.0033309092  -0.0008466044  -0.0170438718
       -0.0260140266  -0.0085417613   0.1063320871   0.1079213098   0.0410840389
        0.0000846250  -0.0011133477  -0.0009636846   0.0002665755   0.0007952819
        0.0002139453
       -0.0942371378  -0.2148397220  -0.0632225557  -0.0100326355  -0.0228107966
       -0.0071994812  -0.0003537751   0.0002215562  -0.0001266057   0.0003562875
       -0.0014356375  -0.0004834048   0.0002815316   0.0005407736   0.0002093665
       -0.0000240308   0.0001657799  -0.0001662734  -0.0006745567   0.0003820227
        0.0001016334   0.0029388396  -0.0063986697   0.0028033023  -0.0036698953
       -0.0017460657  -0.0006385778   0.1079213098   0.2492675608   0.0728160142
       -0.0021937599  -0.0022839828  -0.0034634614  -0.0003121773  -0.0010628189
       -0.0006299563
       -0.0351285538  -0.0649478118  -0.0662704654   0.0043275527   0.0073936023
        0.0027448713   0.0001616233   0.0004767994   0.0002531243  -0.0000361287
       -0.0007628085   0.0008454796   0.0001128713   0.0003762864  -0.0002004938
        0.0001893860   0.0001955633  -0.0004148660   0.0000062873   0.0000687928
       -0.0001113731  -0.0008388667   0.0026748537  -0.0002123466   0.0053644538
        0.0083564991   0.0035418980   0.0410840389   0.0728160142   0.0723360256
       -0.0152823590  -0.0271019284  -0.0129133338   0.0000396948   0.0004541374
        0.0004014799
       -0.0440661190  -0.0001651066  -0.0016013289  -0.0014732923   0.0012987746
       -0.0166769069  -0.0010410973   0.0027965664  -0.0014179330   0.0001449610
        0.0007527357  -0.0017726914  -0.0000622803  -0.0001274872   0.0001871982
       -0.0004137205   0.0000977810   0.0000895842   0.0004351794  -0.0004556500
        0.0002870133  -0.0001175299  -0.0008942141   0.0005963364  -0.0019680542
        0.0013646293   0.0311617560   0.0000846250  -0.0021937599  -0.0152823590
        0.0484117035  -0.0023839816   0.0044047484   0.0000656245  -0.0000902875
        0.0000245827
       -0.0004744490  -0.0440853214  -0.0123908559   0.0024441653  -0.0016630710
        0.0264982633   0.0028321841  -0.0037830696   0.0022149090  -0.0001954072
        0.0009247962   0.0005062913  -0.0003139987  -0.0002140941  -0.0000076406
        0.0000013077  -0.0003316740   0.0000307657  -0.0003565642   0.0000891475
       -0.0001065793   0.0000687959   0.0021354101  -0.0005478775  -0.0003856947
        0.0010773973   0.0009007151  -0.0011133477  -0.0022839828  -0.0271019284
       -0.0023839816   0.0479174648   0.0101141082  -0.0001230097   0.0002169970
       -0.0001101710
       -0.0026210963  -0.0107639783  -0.2896695883  -0.0034040458   0.0042108699
       -0.0158515227  -0.0015596165   0.0022330459  -0.0003820444  -0.0003494401
        0.0002194369  -0.0006126397  -0.0001337345  -0.0002818698  -0.0000244395
        0.0001953872  -0.0002768946   0.0007454390   0.0004519667  -0.0001121085
        0.0000046288   0.0002811445  -0.0001446574   0.0005826169   0.0033934270
       -0.0010649798  -0.0150156107  -0.0009636846  -0.0034634614  -0.0129133338
        0.0044047484   0.0101141082   0.3327088331   0.0003049441  -0.0006695111
        0.0004276614
       -0.0003608218  -0.0005177995  -0.0004514965   0.0029226308  -0.0133152624
        0.0104699125   0.0009318068   0.0000475305  -0.0006057854   0.0003264231
       -0.0033642105   0.0004218843   0.0003346283   0.0004692022   0.0000793843
       -0.0000276392   0.0002380099   0.0000499187   0.0007280247   0.0004739460
       -0.0001585395  -0.0685894577   0.1149442649  -0.0897606208   0.0001544496
        0.0000938957  -0.0000581596   0.0002665755  -0.0003121773   0.0000396948
        0.0000656245  -0.0001230097   0.0003049441   0.0632477553  -0.0986343897
        0.0796688631
       -0.0023894982  -0.0045950789  -0.0016505940   0.0060993928  -0.0280523107
        0.0088957528   0.0002714033   0.0000960332   0.0005038257  -0.0022010831
       -0.0013453214   0.0013841394   0.0011197647   0.0009279009   0.0000362801
        0.0004761941   0.0000712763  -0.0007678021  -0.0000526120   0.0004305418
       -0.0002761928   0.0950657730  -0.2734243263   0.1438588565  -0.0004599393
        0.0001074167   0.0001125188   0.0007952819  -0.0010628189   0.0004541374
       -0.0000902875   0.0002169970  -0.0006695111  -0.0986343897   0.3066296902
       -0.1518814108
       -0.0010323751  -0.0017867087  -0.0000549901   0.0069694174  -0.0108792110
        0.0039429016   0.0005465417  -0.0020359481   0.0023331920  -0.0001452690
        0.0018012961   0.0013565907  -0.0002247667  -0.0003810436  -0.0002212987
        0.0000484390  -0.0002749130  -0.0001341270   0.0000882349  -0.0004897499
       -0.0003582434  -0.0864709824   0.1667214586  -0.1189926467   0.0003133692
       -0.0000536424  -0.0001291239   0.0002139453  -0.0006299563   0.0004014799
        0.0000245827  -0.0001101710   0.0004276614   0.0796688631  -0.1518814108
        0.1114286042
