           1           2  0.986907540253158     
           2           3  0.953620836959790     
           2           4  0.961566929151132     
           4           5  0.958248260333800     
           4           6  0.962158282138439     
           6           7  0.953076318006649     
           6           8  0.967017623886951     
           8           9  0.957545839486337     
           8          10  0.939666534718935     
          10          11  0.947956914930620     
           2          12  0.962254082970256     
          10          12  0.951295228204412     
          10          13   1.03042174106031     
           8          14   1.00964223985205     
           6          15   1.00111667410118     
           4          16   1.00437025839549     
           1          17   1.00275902374874     
           1          18  0.968063221123091     
           1          19  0.963565502949128     
          13          20  0.833726973024438     
          14          21  0.854568647422900     
          15          22  0.843367586342286     
          16          23  0.852816034197070     
          17          24  0.843410284348488     
