           1           2  0.979000753273524     
           2           3  0.956508252202814     
           2           4  0.962527926755163     
           4           5  0.957922741478651     
           4           6  0.968324447963627     
           6           7  0.955753123813125     
           6           8  0.968412246337226     
           8           9  0.957459011801688     
           8          10  0.948871823857191     
          10          11  0.948148481266634     
           2          12  0.952185176921719     
          10          12  0.970414701694208     
          10          13  0.999218357599059     
           8          14   1.00179390530278     
           6          15   1.00224295002685     
           4          16   1.00904200791040     
           1          17   1.00560007659455     
           1          18  0.965396695669735     
           1          19  0.968342796537955     
          13          20  0.838041006524625     
          14          21  0.843616357707919     
          15          22  0.846184767708418     
          16          23  0.851548618111938     
          17          24  0.856299634874270     
