           1           2   1.00742733232346     
           2           3   1.00706187874639     
           3           4  0.988153785814465     
           1           5   1.00795152091216     
           4           5  0.982715877162872     
           4           6  0.984893895400881     
           1           7  0.979700309513222     
           1           8  0.978678298522131     
           2           9  0.979679601373503     
           2          10  0.980148685476505     
           3          11  0.981862490620893     
           3          12  0.977384077620660     
           4          13  0.968687756225445     
           5          14  0.981005707930942     
           5          15  0.977118704152558     
           6          16  0.861602949087364     
