           1           2  0.973099375380994     
           2           3  0.956071552340015     
           2           4  0.964102667501186     
           4           5  0.956340978340223     
           4           6  0.966141632912461     
           6           7  0.957484910906739     
           6           8  0.977137190230228     
           8           9  0.956424847007948     
           8          10  0.943315959369951     
          10          11  0.948476158956778     
           2          12  0.960910325201837     
          10          12  0.958882049120254     
          10          13   1.02018126709384     
           8          14   1.00211182550432     
           6          15   1.00081060416682     
           4          16   1.00323716363786     
           1          17   1.00893705446172     
           1          18  0.968455033703793     
           1          19  0.968237062469025     
          13          20  0.830030726467480     
          14          21  0.845485588141707     
          15          22  0.846456556452624     
          16          23  0.832288941780762     
          17          24  0.848587334406029     
