           1           2   1.43915773890660     
           2           3   1.43724178270265     
           1           4  0.103114479751536     
           3           4   1.41188155316743     
           2           5  0.111677173608063     
           4           5   1.41188152979544     
           1           6   1.43915772854504     
           3           6  0.111677167167675     
           5           6   1.43724180377327     
           4           7  0.936459922580147     
           1           8  0.968323019775414     
           2           9  0.967421707764725     
           3          10  0.966751125066772     
           5          11  0.966751138026168     
           6          12  0.967421712990083     
