           1           2   1.02839039782343     
           2           3   1.87532477003731     
           3           4   1.03051584875615     
           4           5  0.966537202472295     
           5           6  0.972226067894937     
           5           7  0.985075692615129     
           2           8  0.984739714031309     
           7           8  0.982886503505867     
           8           9  0.962440821670210     
           8          10  0.970831360960698     
           5          11  0.995172348682923     
          11          12   1.92961483748440     
          11          13   1.02739974359895     
           1          14  0.971462089232939     
           1          15  0.984009697130298     
           1          16  0.969675695189992     
           3          17  0.966964968357685     
           4          18  0.956598745182009     
           4          19  0.977886668528700     
           7          20  0.976321491245643     
           7          21  0.975835764939340     
          10          22  0.867756533826655     
          12          23  0.975245622356018     
          12          24  0.972783607021238     
          13          25  0.969999607698951     
          13          26  0.984260880497032     
          13          27  0.970210144083701     
