           1           2   1.03979565874938     
           2           3   1.39995595570565     
           3           4   1.45718879435187     
           4           5   1.40050809629547     
           3           6  0.105420802839812     
           5           6   1.47903799560871     
           2           7   1.33494789815824     
           6           7   1.34389352678877     
           7           8  0.995551522948140     
           8           9   1.42355586851770     
           8          10   1.42140283421593     
           9          10  0.321185994709506     
           1          11  0.966812860740839     
           1          12  0.972978283633112     
           1          13  0.950832563505655     
           3          14  0.963557540004962     
           4          15  0.965909259302422     
           5          16  0.965646649695610     
           6          17  0.961408174339381     
