           1           2  0.967707627887079     
           2           3  0.955260640235597     
           2           4  0.979774011767916     
           4           5  0.955456168672071     
           4           6  0.963894461680984     
           6           7  0.955609814428892     
           6           8  0.968741113862007     
           8           9  0.954652641697740     
           8          10  0.957315013534691     
          10          11  0.945254631802531     
           2          12  0.955570593445520     
          10          12  0.959941801413137     
          10          13   1.01005616129874     
           8          14   1.00132623885450     
           6          15  0.999890998029595     
           4          16  0.997691598936670     
           1          17   1.00783946416733     
           1          18  0.968954133845454     
           1          19  0.967214927149617     
          13          20  0.827884975428725     
          14          21  0.845561205304343     
          15          22  0.845248716179500     
          16          23  0.843105278729774     
          17          24  0.858886396378297     
