           1           2   1.59968384428696     
           2           3   1.07796052893846     
           3           4   1.65998282958109     
           3           5   1.13584348740603     
           4           5  0.147716435977845     
           5           6   1.14695535439607     
           5           7  0.141116883124900     
           6           7   1.64398345113135     
           1           8   1.28583406869669     
           6           8   1.10968936681607     
           7           8  0.120990314465695     
           2           9  0.961473359215330     
           9          10  0.943203318048815     
           9          11  0.938422274780380     
           9          12  0.938183149244597     
           1          13  0.941728086770463     
           5          14  0.890356169879505     
           8          15  0.880921573642739     
