$hessian                                                                        
        0.6488081959  -0.0465610425  -0.0000035375  -0.1958081985   0.1334176648
       -0.0000023645   0.0349197838   0.0466068357  -0.0000014122   0.0050417423
       -0.0231274198   0.0000006111  -0.0273079939   0.0161638894  -0.0000003097
       -0.0222637629  -0.0601170779   0.0000014552  -0.0066667182   0.0025774953
        0.0000000602  -0.3160080101  -0.0010036676   0.0000033938  -0.0254500385
        0.0201831948  -0.0000006588  -0.0746583416  -0.0949689343   0.0000031205
        0.0002979610   0.0007425379  -0.0000000568  -0.0209046193   0.0060865241
       -0.0000003013
       -0.0465610425   0.7403469811  -0.0000185484   0.1724687967  -0.3253574632
        0.0000071033   0.0048168437  -0.0509403251   0.0000013464  -0.0059692747
       -0.0013384521   0.0000001873   0.0075781885  -0.0040358340   0.0000000291
       -0.0256598624   0.0091861829   0.0000000191  -0.0065744051  -0.0084660160
        0.0000004269  -0.0366663175  -0.0943567567   0.0000020198   0.0069552498
        0.0035672290  -0.0000001348  -0.0918039757  -0.2709721769   0.0000078760
        0.0001099640   0.0002458872   0.0000000133   0.0213058351   0.0021207439
       -0.0000003380
       -0.0000035375  -0.0000185484   0.1046812581  -0.0000038454   0.0000075197
       -0.0353360180  -0.0000004319   0.0000009169  -0.0031260399   0.0000001633
        0.0000003340   0.0036998228  -0.0000000263  -0.0000000532  -0.0005164229
        0.0000008953   0.0000001290  -0.0029829581   0.0000003132   0.0000003502
        0.0045982489   0.0000037993   0.0000019407  -0.0311354214   0.0000000737
       -0.0000003025  -0.0010164112   0.0000031050   0.0000079367  -0.0344916883
       -0.0000000122   0.0000000247  -0.0001718989  -0.0000004966  -0.0000002477
       -0.0042024711
       -0.1958081985   0.1724687967  -0.0000038454   0.5074178055  -0.1139366236
       -0.0000002818  -0.0756803399  -0.0806837013   0.0000027956   0.0017581803
        0.0309990980  -0.0000009536  -0.0360153217  -0.0280774959   0.0000012009
       -0.0098435539  -0.0056158622   0.0000001233   0.0092341512   0.0014898256
       -0.0000001236  -0.0381683817   0.0367134323  -0.0000005722  -0.1587852017
       -0.0069808501   0.0000013798   0.0070862686  -0.0052414678   0.0000001396
       -0.0056040429  -0.0001901973   0.0000001046  -0.0055913653  -0.0009449546
        0.0000000329
        0.1334176648  -0.3253574632   0.0000075197  -0.1139366236   0.6177986621
       -0.0000152940  -0.0408189713  -0.1560096832   0.0000033096   0.0080824876
       -0.0840085332   0.0000029267  -0.0468807260   0.0049641085   0.0000004066
       -0.0019487864  -0.0340367225   0.0000009135  -0.0002796411   0.0046532626
       -0.0000001602   0.0605211641   0.0153763506  -0.0000007311  -0.0114141345
       -0.0258033240   0.0000003572   0.0152762260  -0.0233345412   0.0000007017
        0.0009728093   0.0013398068   0.0000001119  -0.0029914687   0.0044180767
       -0.0000000616
       -0.0000023645   0.0000071033  -0.0353360180  -0.0000002818  -0.0000152940
        0.0768338564   0.0000013066   0.0000037649  -0.0604305539  -0.0000001653
        0.0000026690   0.0158271793   0.0000018116   0.0000002527   0.0046484847
        0.0000002885   0.0000009977  -0.0015242501  -0.0000001842  -0.0000001734
        0.0002602274  -0.0000016076  -0.0000007069   0.0039453759   0.0000015041
        0.0000003728  -0.0155390480  -0.0000005307   0.0000008590   0.0028682387
        0.0000000835   0.0000001896   0.0053867596   0.0000001397  -0.0000000345
        0.0030597480
        0.0349197838   0.0048168437  -0.0000004319  -0.0756803399  -0.0408189713
        0.0000013066   0.5507839834  -0.1479397902   0.0000008847  -0.1944243944
        0.2206892206  -0.0000055092  -0.2161361763  -0.0432733534   0.0000030525
       -0.0343701874   0.0651252378  -0.0000016581   0.0113469705  -0.0062546398
        0.0000000541  -0.0264393914  -0.0222133739   0.0000008149  -0.0323148691
       -0.0207579222   0.0000009055  -0.0019193306   0.0020491439   0.0000000864
       -0.0153829571  -0.0116787438   0.0000005332  -0.0003830917   0.0002563487
       -0.0000000386
        0.0466068357  -0.0509403251   0.0000009169  -0.0806837013  -0.1560096832
        0.0000037649  -0.1479397902   0.7705687757  -0.0000175375   0.2273927537
       -0.4754636633   0.0000107846  -0.0029241624  -0.0920245635   0.0000014532
        0.0271129291   0.0279724253  -0.0000016251  -0.0026437614  -0.0067927150
        0.0000005091  -0.0378975135  -0.0126729096   0.0000008457  -0.0022138218
       -0.0008468650   0.0000000987  -0.0005187720  -0.0025312428   0.0000003685
       -0.0289387276   0.0030785504   0.0000003024   0.0026477317  -0.0043377839
        0.0000001186
       -0.0000014122   0.0000013464  -0.0031260399   0.0000027956   0.0000033096
       -0.0604305539   0.0000008847  -0.0000175375   0.1586756694  -0.0000057850
        0.0000108926  -0.0583537260   0.0000018748   0.0000018009  -0.0424508285
       -0.0000010733  -0.0000017247  -0.0098880238   0.0000003146   0.0000004480
        0.0050372083   0.0000011214   0.0000005083  -0.0038635015   0.0000002430
        0.0000002775   0.0013792633   0.0000001066   0.0000004147   0.0109302692
        0.0000010404   0.0000000974   0.0009322538  -0.0000001106   0.0000001669
        0.0011580095
        0.0050417423  -0.0059692747   0.0000001633   0.0017581803   0.0080824876
       -0.0000001653  -0.1944243944   0.2273927537  -0.0000057850   0.2564137635
       -0.2931072755   0.0000069180  -0.0682336948   0.0684797876  -0.0000013501
        0.0025565165  -0.0129057516   0.0000003859  -0.0111112578   0.0049322687
       -0.0000000177  -0.0031054262   0.0036037890   0.0000000069   0.0063316428
       -0.0003692495  -0.0000000401  -0.0003982233  -0.0004591303   0.0000000008
        0.0042621649   0.0016841845  -0.0000001435   0.0009089862  -0.0013645894
        0.0000000267
       -0.0231274198  -0.0013384521   0.0000003340   0.0309990980  -0.0840085332
        0.0000026690   0.2206892206  -0.4754636633   0.0000108926  -0.2931072755
        0.5728191161  -0.0000135272   0.0487030298  -0.0170135410   0.0000005776
       -0.0098435134   0.0026939108   0.0000003502   0.0101716092  -0.0014333676
       -0.0000000201   0.0137618018   0.0025553470  -0.0000002157  -0.0007097590
        0.0022753885  -0.0000003105   0.0027378474  -0.0014422696  -0.0000000684
        0.0014629711  -0.0025019393  -0.0000006185  -0.0017376101   0.0028580037
       -0.0000000629
        0.0000006111   0.0000001873   0.0036998228  -0.0000009536   0.0000029267
        0.0158271793  -0.0000055092   0.0000107846  -0.0583537260   0.0000069180
       -0.0000135272   0.0264508938  -0.0000008288   0.0000003734   0.0143163050
        0.0000006467   0.0000003579   0.0055476321  -0.0000004128   0.0000000231
       -0.0007720002  -0.0000001740  -0.0000001521   0.0006505483  -0.0000000114
       -0.0000002414  -0.0008929532  -0.0000000531  -0.0000000342  -0.0022227328
       -0.0000002520  -0.0000006315  -0.0031902182   0.0000000191  -0.0000000666
       -0.0010607508
       -0.0273079939   0.0075781885  -0.0000000263  -0.0360153217  -0.0468807260
        0.0000018116  -0.2161361763  -0.0029241624   0.0000018748  -0.0682336948
        0.0487030298  -0.0000008288   0.6383285385   0.0181040311  -0.0000058765
       -0.1250570019   0.0358845723  -0.0000004454  -0.0848628200   0.0524143790
       -0.0000006861   0.0351467448   0.0201399322  -0.0000008208   0.0007674384
       -0.0025365477   0.0000001057   0.0003124326   0.0009464274  -0.0000000204
       -0.1158685622  -0.1279968375   0.0000048033  -0.0010735835  -0.0034322866
        0.0000001090
        0.0161638894  -0.0040358340  -0.0000000532  -0.0280774959   0.0049641085
        0.0000002527  -0.0432733534  -0.0920245635   0.0000018009   0.0684797876
       -0.0170135410   0.0000003734   0.0181040311   0.6910546852  -0.0000192109
        0.0848585696  -0.1869965130   0.0000035453   0.0263671376   0.0000593207
        0.0000002002  -0.0020819925  -0.0817558496   0.0000026899  -0.0060794584
       -0.0050244404   0.0000002851   0.0003230902   0.0007514742  -0.0000000128
       -0.1297716186  -0.3063089638   0.0000098433  -0.0050125868  -0.0036698833
        0.0000002862
       -0.0000003097   0.0000000291  -0.0005164229   0.0000012009   0.0000004066
        0.0046484847   0.0000030525   0.0000014532  -0.0424508285  -0.0000013501
        0.0000005776   0.0143163050  -0.0000058765  -0.0000192109   0.0635658970
       -0.0000019283   0.0000040050  -0.0458073992   0.0000001315  -0.0000000112
        0.0148924604  -0.0000001172   0.0000024705   0.0053235764   0.0000002180
        0.0000002489   0.0024975870  -0.0000000129  -0.0000000488  -0.0003366308
        0.0000048233   0.0000098286  -0.0200428311   0.0000001685   0.0000002515
        0.0039098021
       -0.0222637629  -0.0256598624   0.0000008953  -0.0098435539  -0.0019487864
        0.0000002885  -0.0343701874   0.0271129291  -0.0000010733   0.0025565165
       -0.0098435134   0.0000006467  -0.1250570019   0.0848585696  -0.0000019283
        0.8763590522   0.0331549839  -0.0000073246  -0.6043736650  -0.0412235227
        0.0000060955  -0.1144398963  -0.0711030015   0.0000029559   0.0047284191
        0.0010693110  -0.0000001399  -0.0038124201  -0.0014257172   0.0000001101
        0.0152657483  -0.0063018858   0.0000000408   0.0152507514   0.0113104958
       -0.0000005669
       -0.0601170779   0.0091861829   0.0000001290  -0.0056158622  -0.0340367225
        0.0000009977   0.0651252378   0.0279724253  -0.0000017247  -0.0129057516
        0.0026939108   0.0000003579   0.0358845723  -0.1869965130   0.0000040050
        0.0331549839   0.5100480432  -0.0000104043  -0.0392165437  -0.0701709981
        0.0000006062  -0.0313276655  -0.2069292763   0.0000049606   0.0076660341
        0.0004902428  -0.0000000702   0.0018116601   0.0006343548   0.0000000117
        0.0095878645  -0.0271301456   0.0000003938  -0.0040474517  -0.0257615042
        0.0000007373
        0.0000014552   0.0000000191  -0.0029829581   0.0000001233   0.0000009135
       -0.0015242501  -0.0000016581  -0.0000016251  -0.0098880238   0.0000003859
        0.0000003502   0.0055476321  -0.0000004454   0.0000035453  -0.0458073992
       -0.0000073246  -0.0000104043   0.1641322965   0.0000060425   0.0000006162
       -0.0618807418   0.0000019087   0.0000054160  -0.0495423372  -0.0000000108
        0.0000000018   0.0003388971   0.0000000558   0.0000000975   0.0043642064
       -0.0000004703   0.0000004064  -0.0011027127  -0.0000000623   0.0000006635
       -0.0016546091
       -0.0066667182  -0.0065744051   0.0000003132   0.0092341512  -0.0002796411
       -0.0000001842   0.0113469705  -0.0026437614   0.0000003146  -0.0111112578
        0.0101716092  -0.0000004128  -0.0848628200   0.0263671376   0.0000001315
       -0.6043736650  -0.0392165437   0.0000060425   0.7627796940   0.0520805695
       -0.0000080048  -0.0657933935  -0.0397300908   0.0000017349  -0.0040242805
       -0.0006111296   0.0000001063  -0.0022621727   0.0008029242   0.0000000190
       -0.0014977897  -0.0033622035   0.0000000422  -0.0027687182   0.0029955346
       -0.0000001024
        0.0025774953  -0.0084660160   0.0000003502   0.0014898256   0.0046532626
       -0.0000001734  -0.0062546398  -0.0067927150   0.0000004480   0.0049322687
       -0.0014333676   0.0000000231   0.0524143790   0.0000593207  -0.0000000112
       -0.0412235227  -0.0701709981   0.0000006162   0.0520805695   0.0883567819
       -0.0000023060  -0.0624973516  -0.0121852762   0.0000013351  -0.0010384910
        0.0000746966  -0.0000000506  -0.0021034834  -0.0001345364   0.0000000058
       -0.0017262581   0.0027950569  -0.0000001577   0.0013492085   0.0032437907
       -0.0000000794
        0.0000000602   0.0000004269   0.0045982489  -0.0000001236  -0.0000001602
        0.0002602274   0.0000000541   0.0000005091   0.0050372083  -0.0000000177
       -0.0000000201  -0.0007720002  -0.0000006861   0.0000002002   0.0148924604
        0.0000060955   0.0000006062  -0.0618807418  -0.0000080048  -0.0000023060
        0.0290952755   0.0000025192   0.0000011562   0.0141291786   0.0000000230
       -0.0000000349  -0.0007490066   0.0000001296  -0.0000000401  -0.0003221199
       -0.0000000218  -0.0000002145  -0.0023526306  -0.0000000275  -0.0000001228
       -0.0019361002
       -0.3160080101  -0.0366663175   0.0000037993  -0.0381683817   0.0605211641
       -0.0000016076  -0.0264393914  -0.0378975135   0.0000011214  -0.0031054262
        0.0137618018  -0.0000001740   0.0351467448  -0.0020819925  -0.0000001172
       -0.1144398963  -0.0313276655   0.0000019087  -0.0657933935  -0.0624973516
        0.0000025192   0.7119472281  -0.0565196616  -0.0000057105  -0.0129595926
        0.0006055592   0.0000004184  -0.0181119181  -0.0048235718   0.0000002574
       -0.0024652018   0.0037659279  -0.0000000596  -0.1496027612   0.1531596210
       -0.0000023554
       -0.0010036676  -0.0943567567   0.0000019407   0.0367134323   0.0153763506
       -0.0000007069  -0.0222133739  -0.0126729096   0.0000005083   0.0036037890
        0.0025553470  -0.0000001521   0.0201399322  -0.0817558496   0.0000024705
       -0.0711030015  -0.2069292763   0.0000054160  -0.0397300908  -0.0121852762
        0.0000011562  -0.0565196616   0.6689181770  -0.0000178528  -0.0012724841
       -0.0035382371   0.0000003138  -0.0272310933  -0.0029201298   0.0000004098
        0.0057354780  -0.0024623650   0.0000001028   0.1528807413  -0.2700290742
        0.0000063939
        0.0000033938   0.0000020198  -0.0311354214  -0.0000005722  -0.0000007311
        0.0039453759   0.0000008149   0.0000008457  -0.0038635015   0.0000000069
       -0.0000002157   0.0006505483  -0.0000008208   0.0000026899   0.0053235764
        0.0000029559   0.0000049606  -0.0495423372   0.0000017349   0.0000013351
        0.0141291786  -0.0000057105  -0.0000178528   0.0616370128  -0.0000001796
        0.0000002945   0.0058243466   0.0000009837   0.0000002157   0.0014894188
       -0.0000000943   0.0000001404   0.0044499643  -0.0000025125   0.0000062978
       -0.0129081615
       -0.0254500385   0.0069552498   0.0000000737  -0.1587852017  -0.0114141345
        0.0000015041  -0.0323148691  -0.0022138218   0.0000002430   0.0063316428
       -0.0007097590  -0.0000000114   0.0007674384  -0.0060794584   0.0000002180
        0.0047284191   0.0076660341  -0.0000000108  -0.0040242805  -0.0010384910
        0.0000000230  -0.0129595926  -0.0012724841  -0.0000001796   0.2224348421
        0.0095318693  -0.0000020482   0.0003519689  -0.0007115050   0.0000000300
       -0.0009544070   0.0007970932  -0.0000000154  -0.0001259217  -0.0015105927
        0.0000001736
        0.0201831948   0.0035672290  -0.0000003025  -0.0069808501  -0.0258033240
        0.0000003728  -0.0207579222  -0.0008468650   0.0000002775  -0.0003692495
        0.0022753885  -0.0000002414  -0.0025365477  -0.0050244404   0.0000002489
        0.0010693110   0.0004902428   0.0000000018  -0.0006111296   0.0000746966
       -0.0000000349   0.0006055592  -0.0035382371   0.0000002945   0.0095318693
        0.0276230010  -0.0000005317   0.0002133432   0.0007703107  -0.0000001494
       -0.0010806488   0.0002958011   0.0000000779   0.0007330703   0.0001161968
       -0.0000000134
       -0.0000006588  -0.0000001348  -0.0010164112   0.0000013798   0.0000003572
       -0.0155390480   0.0000009055   0.0000000987   0.0013792633  -0.0000000401
       -0.0000003105  -0.0008929532   0.0000001057   0.0000002851   0.0024975870
       -0.0000001399  -0.0000000702   0.0003388971   0.0000001063  -0.0000000506
       -0.0007490066   0.0000004184   0.0000003138   0.0058243466  -0.0000020482
       -0.0000005317   0.0097222811  -0.0000000400  -0.0000001155  -0.0023821610
        0.0000000549   0.0000001273  -0.0001790798  -0.0000000437   0.0000000312
        0.0009962845
       -0.0746583416  -0.0918039757   0.0000031050   0.0070862686   0.0152762260
       -0.0000005307  -0.0019193306  -0.0005187720   0.0000001066  -0.0003982233
        0.0027378474  -0.0000000531   0.0003124326   0.0003230902  -0.0000000129
       -0.0038124201   0.0018116601   0.0000000558  -0.0022621727  -0.0021034834
        0.0000001296  -0.0181119181  -0.0272310933   0.0000009837   0.0003519689
        0.0002133432  -0.0000000400   0.0937198738   0.1031870986  -0.0000036630
       -0.0000914751  -0.0000372345  -0.0000000566  -0.0002166625  -0.0018547065
       -0.0000000245
       -0.0949689343  -0.2709721769   0.0000079367  -0.0052414678  -0.0233345412
        0.0000008590   0.0020491439  -0.0025312428   0.0000004147  -0.0004591303
       -0.0014422696  -0.0000000342   0.0009464274   0.0007514742  -0.0000000488
       -0.0014257172   0.0006343548   0.0000000975   0.0008029242  -0.0001345364
       -0.0000000401  -0.0048235718  -0.0029201298   0.0000002157  -0.0007115050
        0.0007703107  -0.0000001155   0.1031870986   0.2978739521  -0.0000091996
       -0.0000474522  -0.0000646497  -0.0000000145   0.0006921844   0.0013694546
       -0.0000000708
        0.0000031205   0.0000078760  -0.0344916883   0.0000001396   0.0000007017
        0.0028682387   0.0000000864   0.0000003685   0.0109302692   0.0000000008
       -0.0000000684  -0.0022227328  -0.0000000204  -0.0000000128  -0.0003366308
        0.0000001101   0.0000000117   0.0043642064   0.0000000190   0.0000000058
       -0.0003221199   0.0000002574   0.0000004098   0.0014894188   0.0000000300
       -0.0000001494  -0.0023821610  -0.0000036630  -0.0000091996   0.0220395893
        0.0000000130   0.0000000581  -0.0009240115  -0.0000000934  -0.0000000013
       -0.0010123781
        0.0002979610   0.0001099640  -0.0000000122  -0.0056040429   0.0009728093
        0.0000000835  -0.0153829571  -0.0289387276   0.0000010404   0.0042621649
        0.0014629711  -0.0000002520  -0.1158685622  -0.1297716186   0.0000048233
        0.0152657483   0.0095878645  -0.0000004703  -0.0014977897  -0.0017262581
       -0.0000000218  -0.0024652018   0.0057354780  -0.0000000943  -0.0009544070
       -0.0010806488   0.0000000549  -0.0000914751  -0.0000474522   0.0000000130
        0.1213563613   0.1430450167  -0.0000051198   0.0006822005   0.0006506015
       -0.0000000448
        0.0007425379   0.0002458872   0.0000000247  -0.0001901973   0.0013398068
        0.0000001896  -0.0116787438   0.0030785504   0.0000000974   0.0016841845
       -0.0025019393  -0.0000006315  -0.1279968375  -0.3063089638   0.0000098286
       -0.0063018858  -0.0271301456   0.0000004064  -0.0033622035   0.0027950569
       -0.0000002145   0.0037659279  -0.0024623650   0.0000001404   0.0007970932
        0.0002958011   0.0000001273  -0.0000372345  -0.0000646497   0.0000000581
        0.1430450167   0.3317221469  -0.0000100539  -0.0004676578  -0.0010091859
        0.0000000273
       -0.0000000568   0.0000000133  -0.0001718989   0.0000001046   0.0000001119
        0.0053867596   0.0000005332   0.0000003024   0.0009322538  -0.0000001435
       -0.0000006185  -0.0031902182   0.0000048033   0.0000098433  -0.0200428311
        0.0000000408   0.0000003938  -0.0011027127   0.0000000422  -0.0000001577
       -0.0023526306  -0.0000000596   0.0000001028   0.0044499643  -0.0000000154
        0.0000000779  -0.0001790798  -0.0000000566  -0.0000000145  -0.0009240115
       -0.0000051198  -0.0000100539   0.0166403297  -0.0000000724  -0.0000000008
        0.0005540755
       -0.0209046193   0.0213058351  -0.0000004966  -0.0055913653  -0.0029914687
        0.0000001397  -0.0003830917   0.0026477317  -0.0000001106   0.0009089862
       -0.0017376101   0.0000000191  -0.0010735835  -0.0050125868   0.0000001685
        0.0152507514  -0.0040474517  -0.0000000623  -0.0027687182   0.0013492085
       -0.0000000275  -0.1496027612   0.1528807413  -0.0000025125  -0.0001259217
        0.0007330703  -0.0000000437  -0.0002166625   0.0006921844  -0.0000000934
        0.0006822005  -0.0004676578  -0.0000000724   0.1638247854  -0.1653519960
        0.0000030917
        0.0060865241   0.0021207439  -0.0000002477  -0.0009449546   0.0044180767
       -0.0000000345   0.0002563487  -0.0043377839   0.0000001669  -0.0013645894
        0.0028580037  -0.0000000666  -0.0034322866  -0.0036698833   0.0000002515
        0.0113104958  -0.0257615042   0.0000006635   0.0029955346   0.0032437907
       -0.0000001228   0.1531596210  -0.2700290742   0.0000062978  -0.0015105927
        0.0001161968   0.0000000312  -0.0018547065   0.0013694546  -0.0000000013
        0.0006506015  -0.0010091859  -0.0000000008  -0.1653519960   0.2906811653
       -0.0000069372
       -0.0000003013  -0.0000003380  -0.0042024711   0.0000000329  -0.0000000616
        0.0030597480  -0.0000000386   0.0000001186   0.0011580095   0.0000000267
       -0.0000000629  -0.0010607508   0.0000001090   0.0000002862   0.0039098021
       -0.0000005669   0.0000007373  -0.0016546091  -0.0000001024  -0.0000000794
       -0.0019361002  -0.0000023554   0.0000063939  -0.0129081615   0.0000001736
       -0.0000000134   0.0009962845  -0.0000000245  -0.0000000708  -0.0010123781
       -0.0000000448   0.0000000273   0.0005540755   0.0000030917  -0.0000069372
        0.0130965514
