           1           2   1.02695216529053     
           2           3  0.983742158704882     
           3           4   1.01022194791085     
           1           5  0.986108153323678     
           1           6  0.978109813493778     
           1           7  0.984748430381715     
           2           8  0.971583806869505     
           2           9  0.974084598040911     
           4          10  0.982573580880977     
           4          11  0.979223435540411     
           4          12  0.982459309652031     
