           1           2  0.975163407688655     
           2           3  0.956783334382560     
           2           4  0.969332548236227     
           4           5  0.956549614785320     
           4           6  0.967698009378681     
           6           7  0.955565729257167     
           6           8  0.962931412031628     
           8           9  0.957164659301657     
           8          10  0.946590726627832     
          10          11  0.947143768707813     
           2          12  0.961941259964453     
          10          12  0.950443341306907     
          10          13   1.03010689011693     
           8          14   1.00268496640765     
           6          15  0.997160299106551     
           4          16   1.00171672983980     
           1          17   1.01318086103000     
           1          18  0.967293390043343     
           1          19  0.967401641617295     
          13          20  0.832085212718586     
          14          21  0.854285025488765     
          15          22  0.845121089462487     
          16          23  0.844488515930245     
          17          24  0.855027854209586     
