           1           2  0.978009837338741     
           2           3  0.956808940284615     
           2           4  0.969225298570303     
           4           5  0.956046365824829     
           4           6  0.968270621268827     
           6           7  0.956946623804327     
           6           8  0.970594423663409     
           8           9  0.955750603640282     
           8          10  0.944901677454784     
          10          11  0.948469743794272     
           2          12  0.957869857443511     
          10          12  0.960909543254538     
          10          13   1.01880421058323     
           8          14  0.999945912710788     
           6          15  0.998851983398869     
           4          16   1.00502771426214     
           1          17   1.01106333484031     
           1          18  0.966325481677814     
           1          19  0.966907435270144     
          13          20  0.828940431848060     
          14          21  0.844883765971959     
          15          22  0.845387358466083     
          16          23  0.840698832559683     
          17          24  0.853496864175452     
