           1           2  0.996012605570312     
           2           3  0.992440553901756     
           2           4   1.22156388673618     
           2           5  0.154118680415060     
           4           5   1.51449418923921     
           4           6   1.14564225983207     
           5           6  0.113297498313584     
           6           7   1.08814426737836     
           7           8   1.35833830168311     
           8           9   1.46119916400963     
           9          10   1.42638470799490     
           8          11  0.106781874326207     
          10          11   1.43694318154846     
           7          12   1.37174523043479     
           9          12  0.106134460728825     
          11          12   1.44895542355628     
           1          13  0.975804701662922     
           1          14  0.975708116917011     
           1          15  0.975718301223245     
           3          16  0.972550873584592     
           3          17  0.972534098243648     
           3          18  0.975891853151130     
           6          19  0.913110892478912     
           8          20  0.965533323648553     
           9          21  0.970248781173069     
          10          22  0.971120427513764     
          11          23  0.970843942721401     
          12          24  0.963378434601820     
