           1           2  0.983136298235320     
           2           3  0.956516133775849     
           2           4  0.964302234504140     
           4           5  0.955356387549187     
           4           6  0.968310577887450     
           6           7  0.957166569940463     
           6           8  0.970335262971317     
           8           9  0.955326120964284     
           8          10  0.951345294488623     
          10          11  0.949406868319711     
           2          12  0.963543316858435     
          10          12  0.947510663883149     
          10          13   1.03270397307897     
           8          14   1.00445854979350     
           6          15  0.998161904577830     
           4          16   1.00343264966935     
           1          17   1.00303494246993     
           1          18  0.968337516646496     
           1          19  0.967300206851093     
          13          20  0.832068844232898     
          14          21  0.841280686373198     
          15          22  0.845485964225336     
          16          23  0.829459196573574     
          17          24  0.833958107311258     
