$hessian                                                                        
        0.4813014781  -0.0111281505  -0.0337886223  -0.1585702122  -0.0193394810
       -0.0591332694  -0.0367709833  -0.0024571323  -0.0082714480  -0.0040814958
        0.0011722889   0.0032958576  -0.0427734466  -0.0102691577  -0.0026610966
       -0.0425233138   0.0044908136  -0.0056123667  -0.1837575089   0.0408880013
        0.1163228847  -0.0058010925  -0.0037214100  -0.0044123361  -0.0053997981
        0.0004139315  -0.0055511059  -0.0001166080  -0.0001182212   0.0002074743
       -0.0013961636  -0.0001570336  -0.0004853169  -0.0001108553   0.0002255510
        0.0000893454
       -0.0111281505   0.5241581058  -0.0034136341  -0.0207757290  -0.0725225259
       -0.0111066508   0.0061623766   0.0036660181   0.0029670953   0.0009474624
        0.0001039986  -0.0008637101  -0.0093554575  -0.2685571496  -0.0651196271
        0.0039544171  -0.1290303306   0.1154485346   0.0403910510  -0.0540462151
       -0.0324635597  -0.0251560385  -0.0069790908  -0.0153448670   0.0144843359
        0.0027676149   0.0098139073  -0.0001082791   0.0000210623  -0.0000177494
        0.0003572276   0.0002752552   0.0000627708   0.0002267839   0.0001432571
        0.0000374900
       -0.0337886223  -0.0034136341   0.5143286316  -0.0633644371  -0.0110753306
       -0.1031105730   0.0170381039   0.0027325494   0.0111856520   0.0026158473
       -0.0008566486  -0.0020613006  -0.0023542323  -0.0659321891  -0.0637494445
       -0.0048057147   0.1162524703  -0.2034956326   0.1148485890  -0.0324499472
       -0.1348573748  -0.0090326492  -0.0033050101  -0.0043802685  -0.0225058520
       -0.0020218039  -0.0145293478   0.0002256007  -0.0001323771   0.0001839506
        0.0010079537   0.0000443232   0.0004309186   0.0001154130   0.0001575978
        0.0000547890
       -0.1585702122  -0.0207757290  -0.0633644371   0.4358897493   0.0142103745
        0.0403251638  -0.1199752493   0.0175941307   0.0496795082  -0.0395854472
        0.0061057417   0.0169098760  -0.0050510604  -0.0042696589  -0.0036421318
       -0.0046159733   0.0012912158  -0.0052698830  -0.0226247091  -0.0028589586
       -0.0090182891  -0.0414228011  -0.0214471075  -0.0081597244  -0.0408824690
        0.0101584556  -0.0172850907   0.0015154775  -0.0005416307   0.0009908033
       -0.0061630192  -0.0005192145  -0.0016670883   0.0014857139   0.0010523810
        0.0005012931
       -0.0193394810  -0.0725225259  -0.0110753306   0.0142103745   0.4878758588
       -0.0105857680   0.0241945454  -0.0622470091  -0.0306511155  -0.0006816521
       -0.0040227737   0.0051692380  -0.0268464228  -0.0076765297  -0.0161877991
        0.0153816684   0.0028226146   0.0097227224   0.0056210591   0.0009395337
        0.0025125462  -0.0186893388  -0.2283043756  -0.0448174651   0.0092119562
       -0.1208818277   0.0959012890   0.0014541642   0.0009998864  -0.0013359011
       -0.0009855169   0.0007678452  -0.0001927666  -0.0035313561   0.0022493030
        0.0015403503
       -0.0591332694  -0.0111066508  -0.1031105730   0.0403251638  -0.0105857680
        0.4614602699   0.0688866370  -0.0308347102  -0.1400905536  -0.0027971345
        0.0053607885   0.0099298242  -0.0097566981  -0.0044466101  -0.0055157288
       -0.0240874448  -0.0017958835  -0.0164552255   0.0158855829   0.0022792993
        0.0072864958  -0.0060949727  -0.0440902315  -0.0547810009  -0.0139768507
        0.0951151383  -0.1627275640  -0.0039127800   0.0000199223   0.0025219160
       -0.0031306105  -0.0001600208   0.0002054020  -0.0022076228   0.0002447266
        0.0012767378
       -0.0367709833   0.0061623766   0.0170381039  -0.1199752493   0.0241945454
        0.0688866370   0.4263050571  -0.0032120002  -0.0000777742  -0.1728181881
       -0.0238795306  -0.0734118208   0.0022453908  -0.0004147588   0.0005130471
        0.0022464914   0.0006065835   0.0001569411  -0.0066725359  -0.0008979864
       -0.0028068533  -0.0098272785   0.0134745560   0.0123673821  -0.0103267827
       -0.0028206084   0.0183163006  -0.0205683943   0.0051882656  -0.0206410877
       -0.0325947099  -0.0019811628  -0.0067732455  -0.0212428174  -0.0164202798
       -0.0135676304
       -0.0024571323   0.0036660181   0.0027325494   0.0175941307  -0.0622470091
       -0.0308347102  -0.0032120002   0.1141161082   0.0767025789  -0.0165561896
       -0.0546678216  -0.0203705777   0.0004413613   0.0005012755   0.0005090433
       -0.0005377928  -0.0000840605  -0.0004524282  -0.0013199354   0.0003215429
       -0.0002352041   0.0265332815  -0.0118515527  -0.0283202220  -0.0110900526
        0.0083878080   0.0088386950   0.0157950308   0.0066156120   0.0065637458
        0.0071029379   0.0012773279   0.0029824236  -0.0322936394  -0.0060352488
       -0.0181158938
       -0.0082714480   0.0029670953   0.0111856520   0.0496795082  -0.0306511155
       -0.1400905536  -0.0000777742   0.0767025789   0.3129431129  -0.0519920725
       -0.0205697066  -0.1096584460  -0.0002618981   0.0003157668  -0.0000013990
        0.0000644792  -0.0002548165   0.0005832756  -0.0040610807  -0.0002191394
       -0.0003786595   0.0158079576  -0.0167087981  -0.0166242116   0.0288238757
       -0.0029002687  -0.0363639239  -0.0329487374  -0.0007001861  -0.0218965988
        0.0199146194   0.0027274208   0.0088763253  -0.0166774292  -0.0107088309
       -0.0085745735
       -0.0040814958   0.0009474624   0.0026158473  -0.0395854472  -0.0006816521
       -0.0027971345  -0.1728181881  -0.0165561896  -0.0519920725   0.4347588910
       -0.0182876650  -0.0546605583  -0.0001733464   0.0005647069   0.0003327023
       -0.0001768426  -0.0002327441   0.0006020715  -0.0012867310  -0.0003244352
       -0.0009915758   0.0018537660  -0.0009734623  -0.0006612362   0.0018169419
        0.0003750697  -0.0011205733  -0.0405867865   0.0084303142  -0.0068832240
       -0.1386908039   0.0407439288   0.1166406234  -0.0410299575  -0.0140053336
       -0.0010848699
        0.0011722889   0.0001039986  -0.0008566486   0.0061057417  -0.0040227737
        0.0053607885  -0.0238795306  -0.0546678216  -0.0205697066  -0.0182876650
        0.4744475252   0.0088817727  -0.0001288727   0.0000287397   0.0000598431
        0.0000755881  -0.0001016708   0.0001755014   0.0004200196   0.0002351752
        0.0000565302   0.0035158621   0.0021669124   0.0005496766  -0.0015779954
        0.0012769797  -0.0007874012   0.0094875489  -0.1222488926   0.1015398788
        0.0386157502  -0.0584347283  -0.0435748741  -0.0155187357  -0.2387834438
       -0.0508353607
        0.0032958576  -0.0008637101  -0.0020613006   0.0169098760   0.0051692380
        0.0099298242  -0.0734118208  -0.0203705777  -0.1096584460  -0.0546605583
        0.0088817727   0.4957328278  -0.0000353427   0.0003720068   0.0002201300
       -0.0001080619  -0.0001181802   0.0003582170   0.0012047462   0.0000345364
        0.0003502723   0.0019870108   0.0003655430   0.0009206874   0.0037158331
       -0.0006699599   0.0018477777  -0.0080072023   0.1006330666  -0.1735187794
        0.1104116523  -0.0435269652  -0.1675926907  -0.0013019899  -0.0499067705
       -0.0565285196
       -0.0427734466  -0.0093554575  -0.0023542323  -0.0050510604  -0.0268464228
       -0.0097566981   0.0022453908   0.0004413613  -0.0002618981  -0.0001733464
       -0.0001288727  -0.0000353427   0.0485850783   0.0136296472   0.0062196025
        0.0008463999   0.0002081432   0.0004541353   0.0001076670   0.0240004604
        0.0081104374  -0.0049298318  -0.0016497135  -0.0031280053   0.0008331903
       -0.0004323124   0.0005823500   0.0001292885  -0.0000692956   0.0000450708
        0.0000719098   0.0000338325   0.0000630104   0.0001087606   0.0001686299
        0.0000615701
       -0.0102691577  -0.2685571496  -0.0659321891  -0.0042696589  -0.0076765297
       -0.0044466101  -0.0004147588   0.0005012755   0.0003157668   0.0005647069
        0.0000287397   0.0003720068   0.0136296472   0.3083428461   0.0774614646
       -0.0002746854  -0.0241528038  -0.0028483126   0.0016897979  -0.0099248271
       -0.0040088126  -0.0014986527   0.0007201999  -0.0012124776   0.0005289466
        0.0006359283   0.0001831229   0.0001193549  -0.0000053849   0.0000406967
        0.0000366088   0.0000303562   0.0000423016   0.0001578512   0.0000573494
        0.0000330425
       -0.0026610966  -0.0651196271  -0.0637494445  -0.0036421318  -0.0161877991
       -0.0055157288   0.0005130471   0.0005090433  -0.0000013990   0.0003327023
        0.0000598431   0.0002201300   0.0062196025   0.0774614646   0.0713918086
        0.0008783555   0.0258823343   0.0057527797   0.0013781341  -0.0208947666
       -0.0068328507  -0.0034760988  -0.0010083753  -0.0012418674   0.0003091585
       -0.0007152291   0.0000441325   0.0000070838  -0.0000307840  -0.0000442935
        0.0000666414   0.0000337264   0.0000294315   0.0000746023   0.0000101694
       -0.0000526984
       -0.0425233138   0.0039544171  -0.0048057147  -0.0046159733   0.0153816684
       -0.0240874448   0.0022464914  -0.0005377928   0.0000644792  -0.0001768426
        0.0000755881  -0.0001080619   0.0008463999  -0.0002746854   0.0008783555
        0.0482530282  -0.0047091688   0.0100430385  -0.0002586074  -0.0140696920
        0.0211170882   0.0008387252   0.0006921760   0.0001958130  -0.0049127207
       -0.0005048236  -0.0035140168   0.0001036639  -0.0000989515   0.0001511869
        0.0000707417   0.0000127362   0.0000704794   0.0001284074   0.0000785284
       -0.0000052025
        0.0044908136  -0.1290303306   0.1162524703   0.0012912158   0.0028226146
       -0.0017958835   0.0006065835  -0.0000840605  -0.0002548165  -0.0002327441
       -0.0001016708  -0.0001181802   0.0002081432  -0.0241528038   0.0258823343
       -0.0047091688   0.1453172511  -0.1345127896  -0.0004196910   0.0035089193
       -0.0041196419  -0.0002310145   0.0006704218  -0.0006750859  -0.0008374135
        0.0010848736  -0.0005156389  -0.0000834314  -0.0000054904  -0.0000761865
        0.0000112673  -0.0000084239  -0.0000112814  -0.0000945601  -0.0000213004
       -0.0000553003
       -0.0056123667   0.1154485346  -0.2034956326  -0.0052698830   0.0097227224
       -0.0164552255   0.0001569411  -0.0004524282   0.0005832756   0.0006020715
        0.0001755014   0.0003582170   0.0004541353  -0.0028483126   0.0057527797
        0.0100430385  -0.1345127896   0.2347040321   0.0024373232   0.0129937268
       -0.0198925430   0.0005770939   0.0002252663   0.0000134248  -0.0037009319
       -0.0007136783  -0.0016268103   0.0001550838  -0.0000529380   0.0000149735
        0.0000770039  -0.0000034391   0.0000688144   0.0000804904   0.0000178342
       -0.0000253056
       -0.1837575089   0.0403910510   0.1148485890  -0.0226247091   0.0056210591
        0.0158855829  -0.0066725359  -0.0013199354  -0.0040610807  -0.0012867310
        0.0004200196   0.0012047462   0.0001076670   0.0016897979   0.0013781341
       -0.0002586074  -0.0004196910   0.0024373232   0.2142857336  -0.0465997043
       -0.1323348821   0.0002911271  -0.0000178788   0.0004537404   0.0002981877
        0.0002840002   0.0003480972   0.0000412812   0.0000203756   0.0000175639
       -0.0004656779  -0.0000619211  -0.0002021827   0.0000417734  -0.0000071728
        0.0000243687
        0.0408880013  -0.0540462151  -0.0324499472  -0.0028589586   0.0009395337
        0.0022792993  -0.0008979864   0.0003215429  -0.0002191394  -0.0003244352
        0.0002351752   0.0000345364   0.0240004604  -0.0099248271  -0.0208947666
       -0.0140696920   0.0035089193   0.0129937268  -0.0465997043   0.0589355562
        0.0379300354  -0.0003739021   0.0001064494   0.0001910661   0.0002435718
       -0.0000704414   0.0000973814   0.0000049918  -0.0000216533   0.0000098052
       -0.0000738033  -0.0000152704  -0.0000099780   0.0000614567   0.0000312307
        0.0000379807
        0.1163228847  -0.0324635597  -0.1348573748  -0.0090182891   0.0025125462
        0.0072864958  -0.0028068533  -0.0002352041  -0.0003786595  -0.0009915758
        0.0000565302   0.0003502723   0.0081104374  -0.0040088126  -0.0068328507
        0.0211170882  -0.0041196419  -0.0198925430  -0.1323348821   0.0379300354
        0.1534488105  -0.0000803469   0.0003226437   0.0003039378  -0.0002934103
       -0.0000305783   0.0004822881   0.0001074409  -0.0000324628   0.0000926123
       -0.0002223564  -0.0000104692  -0.0000431104   0.0000898627   0.0000789732
        0.0000401217
       -0.0058010925  -0.0251560385  -0.0090326492  -0.0414228011  -0.0186893388
       -0.0060949727  -0.0098272785   0.0265332815   0.0158079576   0.0018537660
        0.0035158621   0.0019870108  -0.0049298318  -0.0014986527  -0.0034760988
        0.0008387252  -0.0002310145   0.0005770939   0.0002911271  -0.0003739021
       -0.0000803469   0.0564376800   0.0154445409   0.0015145445   0.0020353535
        0.0023760140  -0.0004342731  -0.0002021252  -0.0002642337  -0.0000490286
        0.0002101362  -0.0002416852  -0.0002142161   0.0005163411  -0.0014148329
       -0.0005050214
       -0.0037214100  -0.0069790908  -0.0033050101  -0.0214471075  -0.2283043756
       -0.0440902315   0.0134745560  -0.0118515527  -0.0167087981  -0.0009734623
        0.0021669124   0.0003655430  -0.0016497135   0.0007201999  -0.0010083753
        0.0006921760   0.0006704218   0.0002252663  -0.0000178788   0.0001064494
        0.0003226437   0.0154445409   0.2710821315   0.0641523622  -0.0026284969
       -0.0272207340  -0.0006221120  -0.0001810183  -0.0006354523   0.0001508255
       -0.0003295393   0.0001483564   0.0002888226   0.0013373537   0.0000967339
        0.0002290638
       -0.0044123361  -0.0153448670  -0.0043802685  -0.0081597244  -0.0448174651
       -0.0547810009   0.0123673821  -0.0283202220  -0.0166242116  -0.0006612362
        0.0005496766   0.0009206874  -0.0031280053  -0.0012124776  -0.0012418674
        0.0001958130  -0.0006750859   0.0000134248   0.0004537404   0.0001910661
        0.0003039378   0.0015145445   0.0641523622   0.0717036523   0.0015061081
        0.0246227623   0.0038822380   0.0002443660   0.0002384714  -0.0001974394
       -0.0002524693   0.0000919359   0.0000927054   0.0003318171   0.0005238431
        0.0003081422
       -0.0053997981   0.0144843359  -0.0225058520  -0.0408824690   0.0092119562
       -0.0139768507  -0.0103267827  -0.0110900526   0.0288238757   0.0018169419
       -0.0015779954   0.0037158331   0.0008331903   0.0005289466   0.0003091585
       -0.0049127207  -0.0008374135  -0.0037009319   0.0002981877   0.0002435718
       -0.0002934103   0.0020353535  -0.0026284969   0.0015061081   0.0559965980
       -0.0093635743   0.0079026349   0.0005161945   0.0008002725  -0.0012616163
        0.0002184148   0.0000576479  -0.0003207765  -0.0001931102   0.0001708018
       -0.0001981725
        0.0004139315   0.0027676149  -0.0020218039   0.0101584556  -0.1208818277
        0.0951151383  -0.0028206084   0.0083878080  -0.0029002687   0.0003750697
        0.0012769797  -0.0006699599  -0.0004323124   0.0006359283  -0.0007152291
       -0.0005048236   0.0010848736  -0.0007136783   0.0002840002  -0.0000704414
       -0.0000305783   0.0023760140  -0.0272207340   0.0246227623  -0.0093635743
        0.1349286419  -0.1128974533  -0.0008677365  -0.0001820434   0.0001741102
        0.0000967307  -0.0000553615  -0.0001716926   0.0002848536  -0.0006714382
        0.0002086533
       -0.0055511059   0.0098139073  -0.0145293478  -0.0172850907   0.0959012890
       -0.1627275640   0.0183163006   0.0088386950  -0.0363639239  -0.0011205733
       -0.0007874012   0.0018477777   0.0005823500   0.0001831229   0.0000441325
       -0.0035140168  -0.0005156389  -0.0016268103   0.0003480972   0.0000973814
        0.0004822881  -0.0004342731  -0.0006221120   0.0038822380   0.0079026349
       -0.1128974533   0.2082779217   0.0010774783  -0.0001538200   0.0005804615
       -0.0004062434   0.0000201349   0.0002982095   0.0000844423   0.0001218949
       -0.0001653830
       -0.0001166080  -0.0001082791   0.0002256007   0.0015154775   0.0014541642
       -0.0039127800  -0.0205683943   0.0157950308  -0.0329487374  -0.0405867865
        0.0094875489  -0.0080072023   0.0001292885   0.0001193549   0.0000070838
        0.0001036639  -0.0000834314   0.0001550838   0.0000412812   0.0000049918
        0.0001074409  -0.0002021252  -0.0001810183   0.0002443660   0.0005161945
       -0.0008677365   0.0010774783   0.0561387968  -0.0135898628   0.0244387886
        0.0012745969  -0.0118705096   0.0167919400   0.0017546146  -0.0001602529
        0.0018209377
       -0.0001182212   0.0000210623  -0.0001323771  -0.0005416307   0.0009998864
        0.0000199223   0.0051882656   0.0066156120  -0.0007001861   0.0084303142
       -0.1222488926   0.1006330666  -0.0000692956  -0.0000053849  -0.0000307840
       -0.0000989515  -0.0000054904  -0.0000529380   0.0000203756  -0.0000216533
       -0.0000324628  -0.0002642337  -0.0006354523   0.0002384714   0.0008002725
       -0.0001820434  -0.0001538200  -0.0135898628   0.1378093025  -0.1201737814
       -0.0003621617   0.0040227562  -0.0050278701   0.0006051294  -0.0263697024
        0.0254127593
        0.0002074743  -0.0000177494   0.0001839506   0.0009908033  -0.0013359011
        0.0025219160  -0.0206410877   0.0065637458  -0.0218965988  -0.0068832240
        0.1015398788  -0.1735187794   0.0000450708   0.0000406967  -0.0000442935
        0.0001511869  -0.0000761865   0.0000149735   0.0000175639   0.0000098052
        0.0000926123  -0.0000490286   0.0001508255  -0.0001974394  -0.0012616163
        0.0001741102   0.0005804615   0.0244387886  -0.1201737814   0.2102521156
        0.0016916536   0.0150459920  -0.0220579106   0.0012924150  -0.0019214359
        0.0040689924
       -0.0013961636   0.0003572276   0.0010079537  -0.0061630192  -0.0009855169
       -0.0031306105  -0.0325947099   0.0071029379   0.0199146194  -0.1386908039
        0.0386157502   0.1104116523   0.0000719098   0.0000366088   0.0000666414
        0.0000707417   0.0000112673   0.0000770039  -0.0004656779  -0.0000738033
       -0.0002223564   0.0002101362  -0.0003295393  -0.0002524693   0.0002184148
        0.0000967307  -0.0004062434   0.0012745969  -0.0003621617   0.0016916536
        0.1758719692  -0.0456061984  -0.1299187242   0.0015926059   0.0011366971
        0.0007608794
       -0.0001570336   0.0002752552   0.0000443232  -0.0005192145   0.0007678452
       -0.0001600208  -0.0019811628   0.0012773279   0.0027274208   0.0407439288
       -0.0584347283  -0.0435269652   0.0000338325   0.0000303562   0.0000337264
        0.0000127362  -0.0000084239  -0.0000034391  -0.0000619211  -0.0000152704
       -0.0000104692  -0.0002416852   0.0001483564   0.0000919359   0.0000576479
       -0.0000553615   0.0000201349  -0.0118705096   0.0040227562   0.0150459920
       -0.0456061984   0.0629387023   0.0495615251   0.0195895798  -0.0109468151
       -0.0238241640
       -0.0004853169   0.0000627708   0.0004309186  -0.0016670883  -0.0001927666
        0.0002054020  -0.0067732455   0.0029824236   0.0088763253   0.1166406234
       -0.0435748741  -0.1675926907   0.0000630104   0.0000423016   0.0000294315
        0.0000704794  -0.0000112814   0.0000688144  -0.0002021827  -0.0000099780
       -0.0000431104  -0.0002142161   0.0002888226   0.0000927054  -0.0003207765
       -0.0001716926   0.0002982095   0.0167919400  -0.0050278701  -0.0220579106
       -0.1299187242   0.0495615251   0.1871184983   0.0060154969  -0.0039493808
       -0.0074265934
       -0.0001108553   0.0002267839   0.0001154130   0.0014857139  -0.0035313561
       -0.0022076228  -0.0212428174  -0.0322936394  -0.0166774292  -0.0410299575
       -0.0155187357  -0.0013019899   0.0001087606   0.0001578512   0.0000746023
        0.0001284074  -0.0000945601   0.0000804904   0.0000417734   0.0000614567
        0.0000898627   0.0005163411   0.0013373537   0.0003318171  -0.0001931102
        0.0002848536   0.0000844423   0.0017546146   0.0006051294   0.0012924150
        0.0015926059   0.0195895798   0.0060154969   0.0569485233   0.0291752828
        0.0121025023
        0.0002255510   0.0001432571   0.0001575978   0.0010523810   0.0022493030
        0.0002447266  -0.0164202798  -0.0060352488  -0.0107088309  -0.0140053336
       -0.2387834438  -0.0499067705   0.0001686299   0.0000573494   0.0000101694
        0.0000785284  -0.0000213004   0.0000178342  -0.0000071728   0.0000312307
        0.0000789732  -0.0014148329   0.0000967339   0.0005238431   0.0001708018
       -0.0006714382   0.0001218949  -0.0001602529  -0.0263697024  -0.0019214359
        0.0011366971  -0.0109468151  -0.0039493808   0.0291752828   0.2802500746
        0.0653313789
        0.0000893454   0.0000374900   0.0000547890   0.0005012931   0.0015403503
        0.0012767378  -0.0135676304  -0.0181158938  -0.0085745735  -0.0010848699
       -0.0508353607  -0.0565285196   0.0000615701   0.0000330425  -0.0000526984
       -0.0000052025  -0.0000553003  -0.0000253056   0.0000243687   0.0000379807
        0.0000401217  -0.0005050214   0.0002290638   0.0003081422  -0.0001981725
        0.0002086533  -0.0001653830   0.0018209377   0.0254127593   0.0040689924
        0.0007608794  -0.0238241640  -0.0074265934   0.0121025023   0.0653313789
        0.0670242904
