           1           2   1.01825604364539     
           2           3   1.02433695637790     
           3           4   1.92336746570429     
           4           5   1.03636363535174     
           1           6  0.986349698287896     
           1           7  0.984277030349923     
           1           8  0.986454821191219     
           2           9  0.963115095455886     
           2          10  0.959751788487105     
           3          11  0.966019727937250     
           4          12  0.967207753844729     
           5          13  0.965961672443398     
           5          14  0.977769509181669     
           5          15  0.978192430124884     
