           1           2   1.90154598411042     
           2           3   1.09089093627687     
           3           4   1.37663395679762     
           4           5   1.45614899505625     
           3           6  0.101720536848733     
           5           6   1.43299500274332     
           4           7  0.105077052967518     
           6           7   1.42849513200638     
           3           8   1.37410301220279     
           5           8  0.106414732880035     
           7           8   1.46099681149805     
           1           9  0.977590052029586     
           1          10  0.972272519694385     
           2          11  0.964208131968951     
           4          12  0.968465955292186     
           5          13  0.970632943170864     
           6          14  0.971263670156565     
           7          15  0.970610642723011     
           8          16  0.965721591991554     
