$hessian                                                                        
        0.4709390314   0.0641074809  -0.0051198789  -0.1123509063   0.0554403605
       -0.0082744834  -0.0378556942   0.0218028494  -0.0036908304  -0.0050259660
       -0.0018945619  -0.0002451761  -0.0010784227   0.0023428640  -0.0003602487
       -0.0021294351  -0.0002948546  -0.0003454330   0.0000583041   0.0000361873
       -0.0000672418   0.0007831484   0.0001951135   0.0001142849   0.0017504738
        0.0003822680   0.0007999454  -0.2221940579  -0.1083225906  -0.0040446302
       -0.0480527482  -0.0214513690   0.0331874224  -0.0422831841  -0.0119069470
       -0.0113971887  -0.0001547851  -0.0004364373   0.0000238740  -0.0005205379
       -0.0002019128  -0.0000127275   0.0001028391   0.0001639188  -0.0000124453
       -0.0018615126   0.0000858356  -0.0001149555  -0.0000484911  -0.0001280359
       -0.0002154125  -0.0000780556   0.0000798311  -0.0002248746
        0.0641074809   0.4566112667   0.0060804625   0.0700912689  -0.1671079370
        0.0130367877   0.0064354667   0.0136112227  -0.0008197697  -0.0001818026
       -0.0010937003   0.0001155315  -0.0014948543  -0.0017171615   0.0001529841
        0.0026323096   0.0013479721   0.0003580853   0.0005835096   0.0011281981
        0.0000071653  -0.0026228524   0.0002138439  -0.0002421400  -0.0024473811
       -0.0003857966  -0.0010792488  -0.1017208697  -0.0975203390  -0.0028544861
       -0.0215939269  -0.0896542752   0.0887982745  -0.0122289492  -0.1167931183
       -0.1039453485   0.0002028014   0.0007591546  -0.0000424278  -0.0001408749
        0.0003275495  -0.0000248233  -0.0000483298  -0.0000484427   0.0000093934
       -0.0016775039   0.0003167110  -0.0001449430   0.0000599564   0.0001256740
        0.0003408402   0.0000445514  -0.0001208219   0.0002536625
       -0.0051198789   0.0060804625   0.4815937483  -0.0091560517   0.0119920312
       -0.0466229547  -0.0027493069   0.0002493464  -0.0044132388  -0.0003795272
       -0.0000202070   0.0006571766  -0.0000396536   0.0003725796   0.0012440567
       -0.0003418175  -0.0000673561   0.0003371323  -0.0000651866  -0.0000251523
        0.0006603356   0.0003084232  -0.0001161134  -0.0013026648   0.0002438136
        0.0000279326  -0.0001924023  -0.0045063079  -0.0032850001  -0.0437941089
        0.0337927713   0.0893862547  -0.2044752525  -0.0120139091  -0.1044442423
       -0.1833572384  -0.0000205758  -0.0000689292   0.0000199192  -0.0000125490
       -0.0000376538  -0.0000520279   0.0000053335   0.0000133642  -0.0000098786
        0.0000114116  -0.0000269117  -0.0001809983   0.0000187022  -0.0000082297
       -0.0000310868   0.0000243086  -0.0000221758  -0.0000805167
       -0.1123509063   0.0700912689  -0.0091560517   0.4444114322  -0.0451182313
        0.0288044068  -0.2144779313  -0.0663025998  -0.0078122234  -0.0420771478
        0.0034107435  -0.0031673819  -0.0037398170  -0.0016566316  -0.0002416744
        0.0175823922   0.0013715058   0.0027304546  -0.0069989358   0.0013617141
       -0.0008253398  -0.0241155867  -0.0123240907  -0.0007895146  -0.0157433554
       -0.0029680888  -0.0069142033  -0.0324438602   0.0244617206  -0.0039315047
       -0.0024042308   0.0114467710  -0.0094687293  -0.0059203547   0.0152332486
        0.0066983206   0.0014899188  -0.0000603114   0.0002414580  -0.0018802006
        0.0005221527  -0.0001075562  -0.0019851492  -0.0011038356  -0.0000008918
       -0.0000354079   0.0011742125  -0.0000112910   0.0002581676   0.0009712637
        0.0019258372   0.0004309729  -0.0005108122   0.0020258848
        0.0554403605  -0.1671079370   0.0119920312  -0.0451182313   0.3322106347
       -0.0218527276  -0.0424202074  -0.1014613666   0.0020379219   0.0296366928
        0.0082148439   0.0016644601   0.0014954151  -0.0050116758   0.0008457465
        0.0031271622   0.0010000941   0.0004577582  -0.0015477433  -0.0060050727
        0.0007991267  -0.0392254626  -0.0107939697  -0.0016589670  -0.0030402140
       -0.0006497357  -0.0013853960  -0.0030857257   0.0086788184  -0.0007611038
        0.0205039895  -0.0284096185   0.0118098477   0.0241698040  -0.0324049172
       -0.0042894705  -0.0005962217   0.0012970264  -0.0003475676   0.0012732999
       -0.0001009863   0.0001010570  -0.0020826945  -0.0009059034  -0.0000142880
        0.0013327732   0.0013320467  -0.0001289464   0.0000865661   0.0002153053
        0.0002900410   0.0000504371  -0.0000975867   0.0004404768
       -0.0082744834   0.0130367877  -0.0466229547   0.0288044068  -0.0218527276
        0.0620097807  -0.0093316826   0.0003661766  -0.0318004188  -0.0051968054
       -0.0000836360   0.0029245666  -0.0006316127   0.0005536806   0.0043979104
        0.0010039941  -0.0000213488   0.0001178166  -0.0008121784   0.0010077051
        0.0060461924   0.0011004742   0.0001995527   0.0028584820  -0.0010256359
       -0.0002445235  -0.0009256524  -0.0019642200   0.0010515955   0.0007062347
       -0.0205075970   0.0235327454  -0.0015969603   0.0165137028  -0.0172482462
        0.0058647738   0.0003106159  -0.0003093794  -0.0028316693  -0.0002164708
        0.0000546585   0.0002872793   0.0000344684   0.0000343760   0.0002792088
        0.0000205344  -0.0001351908  -0.0015624226   0.0000559538   0.0001728830
       -0.0000942584   0.0001165360  -0.0001151087  -0.0000579088
       -0.0378556942   0.0064354667  -0.0027493069  -0.2144779313  -0.0424202074
       -0.0093316826   0.5921126784   0.0008888943   0.0315150443  -0.1692516703
        0.1418662980  -0.0184226735  -0.0472743085   0.0153408334  -0.0040169140
       -0.0124443520   0.0099555213  -0.0023336322  -0.0106238545  -0.0350284596
        0.0018557003  -0.1176114501  -0.1068174101   0.0029830267   0.0120602424
        0.0017583226   0.0050020590  -0.0034789497   0.0031367147  -0.0004482105
        0.0019221973  -0.0011708072   0.0019710876   0.0019832292  -0.0014006536
       -0.0015978917   0.0067250313  -0.0092150648   0.0009486482  -0.0039800845
       -0.0015598250  -0.0007032823  -0.0043448170  -0.0005393392  -0.0007597904
        0.0064316758   0.0191710963  -0.0010177593   0.0000557664  -0.0006370233
       -0.0013033436   0.0000522913   0.0002356431  -0.0015910790
        0.0218028494   0.0136112227   0.0002493464  -0.0663025998  -0.1014613666
        0.0003661766   0.0008888943   0.6642060872  -0.0394031577   0.0633211182
       -0.2235984414   0.0169641655   0.0687914662   0.0433773805   0.0005015046
        0.0067204110  -0.0642591875   0.0042673977  -0.0877148244   0.0051369872
       -0.0055410646  -0.0256434510  -0.2914543455   0.0160402254   0.0038148603
        0.0037673063   0.0015490617   0.0035150500  -0.0028925620   0.0004868245
        0.0004395538   0.0005346188   0.0003145944   0.0006738513   0.0005228350
       -0.0002324961   0.0164794276  -0.0268981334   0.0032482750  -0.0019632097
        0.0012635113   0.0003369527   0.0001104960   0.0020009326   0.0004594400
       -0.0046972590  -0.0246439992   0.0014593855   0.0001795636   0.0001495025
       -0.0011866876  -0.0004161978   0.0006376515   0.0001200559
       -0.0036908304  -0.0008197697  -0.0044132388  -0.0078122234   0.0020379219
       -0.0318004188   0.0315150443  -0.0394031577   0.1237089529  -0.0126393012
        0.0220143090  -0.0511017989  -0.0079871213  -0.0022586894  -0.0017228026
       -0.0009990431   0.0049381978  -0.0061949174   0.0058839265  -0.0027782437
       -0.0009755971  -0.0029638006   0.0108222563  -0.0474063527   0.0006944383
       -0.0001337249   0.0001201745  -0.0004895420   0.0004376606   0.0005189625
       -0.0013356984  -0.0000660968   0.0005310862   0.0014585627  -0.0000884265
        0.0005266634  -0.0008589860   0.0014460543   0.0017109360  -0.0007054072
        0.0004034683   0.0082895275  -0.0008461022   0.0003823541   0.0076759028
        0.0007391755   0.0031300964   0.0002840444   0.0000183024  -0.0001740735
        0.0002029259   0.0000186061   0.0001098635   0.0000459500
       -0.0050259660  -0.0001818026  -0.0003795272  -0.0420771478   0.0296366928
       -0.0051968054  -0.1692516703   0.0633211182  -0.0126393012   0.6862431354
        0.0227878629   0.0367910637  -0.3486929070  -0.0090467889  -0.0208984779
       -0.0135374302  -0.0859265392   0.0056742968  -0.0540366499   0.0188926968
       -0.0042568897   0.0512078653   0.0458406961  -0.0000681121  -0.0010232682
        0.0017537522   0.0003104378  -0.0009247920   0.0013105688  -0.0001371122
       -0.0008542309   0.0001480536  -0.0003771015  -0.0008784849   0.0001761745
        0.0002434564  -0.0774298188  -0.0866314043   0.0033091719  -0.0225863129
       -0.0006154777  -0.0013068779  -0.0004127182   0.0006444783  -0.0000187071
       -0.0000951368  -0.0027064426  -0.0003067080  -0.0002254011  -0.0000758550
       -0.0011813030  -0.0003990656   0.0006722162   0.0004384966
       -0.0018945619  -0.0010937003  -0.0000202070   0.0034107435   0.0082148439
       -0.0000836360   0.1418662980  -0.2235984414   0.0220143090   0.0227878629
        0.6480031968  -0.0372595788  -0.0795705569  -0.0985704428  -0.0006741005
       -0.0342309762   0.0088894914  -0.0034104912   0.0222460397  -0.0053294681
        0.0014675083  -0.0090729556  -0.0591309486   0.0037870742   0.0006788480
       -0.0058419633   0.0019197441  -0.0005574206   0.0002120332  -0.0000565219
        0.0004168249  -0.0001562453   0.0001388373   0.0004173878  -0.0001655427
       -0.0000633905  -0.0871193953  -0.2682780470   0.0108335361   0.0235907073
        0.0020760164   0.0012682380   0.0003949305   0.0008548606  -0.0000744824
       -0.0019671940  -0.0050699262   0.0007741300  -0.0015745586  -0.0005192298
       -0.0003191409   0.0001779762  -0.0004964868  -0.0002418275
       -0.0002451761   0.0001155315   0.0006571766  -0.0031673819   0.0016644601
        0.0029245666  -0.0184226735   0.0169641655  -0.0511017989   0.0367910637
       -0.0372595788   0.1126251111  -0.0146823129   0.0039392284  -0.0392567379
        0.0014024348  -0.0067088196  -0.0011476887  -0.0049246744   0.0013918689
       -0.0032160470   0.0039539754   0.0072356212  -0.0002439703   0.0008184315
        0.0009122674   0.0044620713  -0.0000271148   0.0000794840   0.0001013618
        0.0000368150  -0.0000400758  -0.0000361940  -0.0002056530   0.0000819047
       -0.0000063524   0.0032798207   0.0109549993  -0.0332395308  -0.0032119770
       -0.0002142990  -0.0007254455  -0.0000406107  -0.0000188069   0.0000123127
       -0.0003416510   0.0007212864   0.0069037262  -0.0005463446  -0.0002272197
        0.0011150567  -0.0004669712   0.0004079826   0.0001723825
       -0.0010784227  -0.0014948543  -0.0000396536  -0.0037398170   0.0014954151
       -0.0006316127  -0.0472743085   0.0687914662  -0.0079871213  -0.3486929070
       -0.0795705569  -0.0146823129   0.6872896612   0.0006629250   0.0395102926
       -0.1127613831  -0.0266832187  -0.0022613069   0.0501009103  -0.0062781652
        0.0033704257  -0.0367629701  -0.0324961352   0.0001609833  -0.0273651984
       -0.0423467987   0.0005791199  -0.0002476028   0.0000723223  -0.0000249658
        0.0004495067  -0.0000030114   0.0002991520   0.0005149526  -0.0000543244
       -0.0002317680  -0.0121714892  -0.0041940035  -0.0005405840  -0.1423757141
        0.1232068980  -0.0162902551  -0.0018842010   0.0037681318  -0.0009580297
        0.0000039583  -0.0008245659   0.0000966642  -0.0060582697  -0.0009794522
       -0.0006778705   0.0020532946  -0.0030720719   0.0003088427
        0.0023428640  -0.0017171615   0.0003725796  -0.0016566316  -0.0050116758
        0.0005536806   0.0153408334   0.0433773805  -0.0022586894  -0.0090467889
       -0.0985704428   0.0039392284   0.0006629250   0.6379807096  -0.0383780349
       -0.1013374896  -0.2775993199   0.0104777549   0.0427636860  -0.0551292677
        0.0068337740  -0.0302925318  -0.0229545080  -0.0004751790  -0.0176751804
       -0.0144974013  -0.0031606158   0.0001348362  -0.0002496895   0.0000282120
        0.0002764167   0.0001950366  -0.0000409349   0.0002425764   0.0002277277
        0.0000487496  -0.0279527703  -0.0072875994  -0.0013074299   0.1224443954
       -0.1980267137   0.0209116109   0.0029071616  -0.0030676619   0.0008712927
       -0.0006191990   0.0004643386  -0.0001093201  -0.0007442667   0.0014603363
        0.0011286510   0.0022091638   0.0004059121   0.0005646704
       -0.0003602487   0.0001529841   0.0012440567  -0.0002416744   0.0008457465
        0.0043979104  -0.0040169140   0.0005015046  -0.0017228026  -0.0208984779
       -0.0006741005  -0.0392567379   0.0395102926  -0.0383780349   0.1113494680
        0.0036096791   0.0148667805  -0.0507002456  -0.0002136872   0.0035280059
        0.0000391243   0.0004010615  -0.0003218850  -0.0026009994  -0.0019487154
       -0.0023128169   0.0038470900  -0.0000248205   0.0000239731  -0.0000211305
        0.0002207970  -0.0001752779   0.0000615900  -0.0002063792   0.0001209064
       -0.0000350844   0.0011444237   0.0002047055  -0.0001084064  -0.0161110202
        0.0205715348  -0.0339337235  -0.0008018014   0.0010315925   0.0067690880
        0.0000503365  -0.0000986677  -0.0000657249   0.0002161824   0.0004267772
        0.0014048997  -0.0003290340  -0.0003137280  -0.0006683720
       -0.0021294351   0.0026323096  -0.0003418175   0.0175823922   0.0031271622
        0.0010039941  -0.0124443520   0.0067204110  -0.0009990431  -0.0135374302
       -0.0342309762   0.0014024348  -0.1127613831  -0.1013374896   0.0036096791
        0.6762947873   0.0026502521   0.0388871533  -0.1738608208   0.1413906224
       -0.0181764198  -0.0477666911   0.0141564648  -0.0044216489  -0.2940206586
       -0.0347075623   0.0027838806   0.0003238100  -0.0001452002   0.0000514273
       -0.0000564403  -0.0004977195   0.0005526305   0.0000129031  -0.0005726747
       -0.0004825031  -0.0048005127  -0.0005669874  -0.0007870098   0.0044354574
        0.0191982106  -0.0010155113   0.0056810183  -0.0085436553   0.0011072733
       -0.0043726334  -0.0015257198  -0.0007049679  -0.0131589138  -0.0125071852
       -0.0096517697  -0.0254210972   0.0047597374  -0.0128177819
       -0.0002948546   0.0013479721  -0.0000673561   0.0013715058   0.0010000941
       -0.0000213488   0.0099555213  -0.0642591875   0.0049381978  -0.0859265392
        0.0088894914  -0.0067088196  -0.0266832187  -0.2775993199   0.0148667805
        0.0026502521   0.6535930913  -0.0377250877   0.0675424582  -0.2238245322
        0.0173900990   0.0663616485   0.0434577773   0.0012314658  -0.0385167616
       -0.0896694567   0.0045030606   0.0001627558   0.0000741604   0.0000071610
       -0.0004809873   0.0000251679  -0.0001999023  -0.0005198261   0.0000407003
        0.0001179041  -0.0000550790   0.0016745734   0.0004202558  -0.0049520005
       -0.0249860100   0.0016297101   0.0157630999  -0.0266274381   0.0030786300
       -0.0020407779   0.0012073740   0.0004375558  -0.0289460456  -0.0086354282
       -0.0066919050   0.0246088488   0.0042909705   0.0027935991
       -0.0003454330   0.0003580853   0.0003371323   0.0027304546   0.0004577582
        0.0001178166  -0.0023336322   0.0042673977  -0.0061949174   0.0056742968
       -0.0034104912  -0.0011476887  -0.0022613069   0.0104777549  -0.0507002456
        0.0388871533  -0.0377250877   0.1335402870  -0.0130707597   0.0215614619
       -0.0516275318  -0.0077941242  -0.0019403319  -0.0024504908  -0.0368182407
       -0.0018349254  -0.0330844314   0.0000244508  -0.0000249844  -0.0000142077
        0.0001173630  -0.0000390282   0.0000346894  -0.0000521294  -0.0001478527
       -0.0001401763  -0.0008745516   0.0004982372   0.0084447027   0.0004185350
        0.0032302267   0.0009639677  -0.0009826694   0.0013466602   0.0009112847
       -0.0006536582   0.0003643965   0.0079985076   0.0109843860   0.0015269875
       -0.0030431305   0.0063498656   0.0010337355  -0.0039455678
        0.0000583041   0.0005835096  -0.0000651866  -0.0069989358  -0.0015477433
       -0.0008121784  -0.0106238545  -0.0877148244   0.0058839265  -0.0540366499
        0.0222460397  -0.0049246744   0.0501009103   0.0427636860  -0.0002136872
       -0.1738608208   0.0675424582  -0.0130707597   0.6734859886   0.0090521653
        0.0380204711  -0.3327680375  -0.0040872301  -0.0188976978  -0.0449761385
        0.0314587915  -0.0073112278   0.0001212849   0.0000920263   0.0000013139
       -0.0005872317   0.0001048519  -0.0001689343  -0.0005451046   0.0001421507
        0.0000996782  -0.0004314564   0.0004954316  -0.0000361069   0.0000345972
       -0.0027659557  -0.0003249713  -0.0725120218  -0.0798631650   0.0033727822
       -0.0222643486  -0.0004640455  -0.0014887216   0.0016360481   0.0035331151
        0.0000345859  -0.0058325330  -0.0015712619  -0.0000986116
        0.0000361873   0.0011281981  -0.0000251523   0.0013617141  -0.0060050727
        0.0010077051  -0.0350284596   0.0051369872  -0.0027782437   0.0188926968
       -0.0053294681   0.0013918689  -0.0062781652  -0.0551292677   0.0035280059
        0.1413906224  -0.2238245322   0.0215614619   0.0090521653   0.6469206377
       -0.0390556469  -0.0762527591  -0.0964801327  -0.0008863161   0.0071176096
        0.0036815352   0.0037286875   0.0001287075   0.0002099583  -0.0000094291
        0.0001196679  -0.0001890875  -0.0001012349   0.0000435264  -0.0001964441
        0.0001166178   0.0003607451   0.0009211717   0.0000030663  -0.0019211429
       -0.0050481715   0.0007390830  -0.0790344954  -0.2692757170   0.0115959304
        0.0235077194   0.0018269329   0.0013750215  -0.0018096047   0.0006798559
       -0.0008203310  -0.0016867347   0.0009726166  -0.0013710943
       -0.0000672418   0.0000071653   0.0006603356  -0.0008253398   0.0007991267
        0.0060461924   0.0018557003  -0.0055410646  -0.0009755971  -0.0042568897
        0.0014675083  -0.0032160470   0.0033704257   0.0068337740   0.0000391243
       -0.0181764198   0.0173900990  -0.0516275318   0.0380204711  -0.0390556469
        0.1105576986  -0.0146596332   0.0034748730  -0.0398011792  -0.0052601836
        0.0024499156   0.0026951414   0.0000004662  -0.0000078358   0.0000178671
        0.0003578361   0.0001487624  -0.0001108596  -0.0004211716  -0.0001272786
       -0.0001437765  -0.0000488511  -0.0000369874  -0.0000936502  -0.0002927382
        0.0006223820   0.0065759328   0.0032930764   0.0119647094  -0.0314234824
       -0.0032733212  -0.0001603345  -0.0002816777  -0.0000487712   0.0000839710
       -0.0005529731   0.0004325855  -0.0003131387   0.0016344820
        0.0007831484  -0.0026228524   0.0003084232  -0.0241155867  -0.0392254626
        0.0011004742  -0.1176114501  -0.0256434510  -0.0029638006   0.0512078653
       -0.0090729556   0.0039539754  -0.0367629701  -0.0302925318   0.0004010615
       -0.0477666911   0.0663616485  -0.0077941242  -0.3327680375  -0.0762527591
       -0.0146596332   0.6611215230  -0.0047360005   0.0371958573  -0.0005533716
       -0.0000240971   0.0008404558   0.0002024339  -0.0002835564   0.0000276944
        0.0002865965  -0.0000161798   0.0000544606   0.0002901407  -0.0000684926
       -0.0000356410  -0.0020046675   0.0037189100  -0.0008760191   0.0000146987
       -0.0009038642   0.0000935800  -0.0130728774  -0.0044418305  -0.0004534007
       -0.1384530700   0.1242274965  -0.0162924072  -0.0001470196  -0.0004511787
        0.0003856235  -0.0006506646  -0.0002728429  -0.0012865800
        0.0001951135   0.0002138439  -0.0001161134  -0.0123240907  -0.0107939697
        0.0001995527  -0.1068174101  -0.2914543455   0.0108222563   0.0458406961
       -0.0591309486   0.0072356212  -0.0324961352  -0.0229545080  -0.0003218850
        0.0141564648   0.0434577773  -0.0019403319  -0.0040872301  -0.0964801327
        0.0034748730  -0.0047360005   0.6595011621  -0.0410933356   0.0009540946
       -0.0061105488  -0.0000165807   0.0006563995  -0.0006744212   0.0001303434
       -0.0000731657   0.0003138479   0.0006032058   0.0000181327   0.0002788356
       -0.0006299368   0.0028688332  -0.0032275749   0.0008784677  -0.0006282345
        0.0003967488  -0.0000147321  -0.0287416612  -0.0079145243  -0.0012211792
        0.1239693017  -0.2047478794   0.0213134638  -0.0001181141  -0.0006942019
        0.0005330693   0.0013630057   0.0000208393   0.0001632416
        0.0001142849  -0.0002421400  -0.0013026648  -0.0007895146  -0.0016589670
        0.0028584820   0.0029830267   0.0160402254  -0.0474063527  -0.0000681121
        0.0037870742  -0.0002439703   0.0001609833  -0.0004751790  -0.0026009994
       -0.0044216489   0.0012314658  -0.0024504908  -0.0188976978  -0.0008863161
       -0.0398011792   0.0371958573  -0.0410933356   0.1114037375   0.0007964300
        0.0011793966   0.0048368122  -0.0000529859   0.0000536039   0.0002965181
       -0.0000715522  -0.0004338478   0.0001149897   0.0000868136   0.0003903470
        0.0001585591  -0.0007956518   0.0009391279   0.0066168516   0.0000614107
       -0.0000820197   0.0000480884   0.0012390844   0.0002212256  -0.0004222616
       -0.0163179548   0.0212426367  -0.0333697839  -0.0003217035  -0.0004196955
        0.0001739510  -0.0009010692   0.0002063976   0.0010897129
        0.0017504738  -0.0024473811   0.0002438136  -0.0157433554  -0.0030402140
       -0.0010256359   0.0120602424   0.0038148603   0.0006944383  -0.0010232682
        0.0006788480   0.0008184315  -0.0273651984  -0.0176751804  -0.0019487154
       -0.2940206586  -0.0385167616  -0.0368182407  -0.0449761385   0.0071176096
       -0.0052601836  -0.0005533716   0.0009540946   0.0007964300   0.6162976403
       -0.0224974263  -0.0808968120  -0.0002008746   0.0000126270  -0.0000427216
        0.0001243167   0.0004827928  -0.0003064569   0.0001229641   0.0005242589
        0.0002640665  -0.0009787545  -0.0006347400  -0.0000501183   0.0018020660
        0.0011360772  -0.0004761381   0.0017190018  -0.0010735250  -0.0002898015
       -0.0016072813   0.0002674125  -0.0001169075  -0.0802912029  -0.0921232416
        0.0561602067  -0.1671166010   0.1630198891   0.0682543449
        0.0003822680  -0.0003857966   0.0000279326  -0.0029680888  -0.0006497357
       -0.0002445235   0.0017583226   0.0037673063  -0.0001337249   0.0017537522
       -0.0058419633   0.0009122674  -0.0423467987  -0.0144974013  -0.0023128169
       -0.0347075623  -0.0896694567  -0.0018349254   0.0314587915   0.0036815352
        0.0024499156  -0.0000240971  -0.0061105488   0.0011793966  -0.0224974263
        0.6991962544  -0.0656515159  -0.0000373842   0.0000490865  -0.0000095910
        0.0000072049   0.0000766859  -0.0001089762   0.0000084072   0.0001006455
        0.0001063421  -0.0016847984  -0.0006365877  -0.0000428555  -0.0012512027
        0.0014351597  -0.0002396458   0.0013221703   0.0015029282  -0.0004133652
        0.0012810775   0.0000584764   0.0000724560  -0.0949383558  -0.3239046566
        0.1371165968   0.1624837199  -0.2681719312  -0.0708729668
        0.0007999454  -0.0010792488  -0.0001924023  -0.0069142033  -0.0013853960
       -0.0009256524   0.0050020590   0.0015490617   0.0001201745   0.0003104378
        0.0019197441   0.0044620713   0.0005791199  -0.0031606158   0.0038470900
        0.0027838806   0.0045030606  -0.0330844314  -0.0073112278   0.0037286875
        0.0026951414   0.0008404558  -0.0000165807   0.0048368122  -0.0808968120
       -0.0656515159   0.0957123668  -0.0000962092   0.0000168528  -0.0000204951
       -0.0000095627   0.0001952231  -0.0001089520   0.0001049693   0.0002488856
        0.0001612828  -0.0000195485  -0.0001619467   0.0001067812   0.0000575882
       -0.0003443629  -0.0016207970  -0.0001898371  -0.0001922592  -0.0016969854
       -0.0003207508   0.0001648758   0.0001100147   0.0405525075   0.1104123889
       -0.0527041568   0.0447271880  -0.0507468540  -0.0216978627
       -0.2221940579  -0.1017208697  -0.0045063079  -0.0324438602  -0.0030857257
       -0.0019642200  -0.0034789497   0.0035150500  -0.0004895420  -0.0009247920
       -0.0005574206  -0.0000271148  -0.0002476028   0.0001348362  -0.0000248205
        0.0003238100   0.0001627558   0.0000244508   0.0001212849   0.0001287075
        0.0000004662   0.0002024339   0.0006563995  -0.0000529859  -0.0002008746
       -0.0000373842  -0.0000962092   0.2693519802   0.1121217856   0.0067159021
       -0.0068422570  -0.0065841993   0.0017751573  -0.0036215389  -0.0048755429
       -0.0014113415  -0.0000182207  -0.0000193156  -0.0000011067  -0.0001062307
        0.0000141955  -0.0000066015   0.0000086213  -0.0000082418   0.0000012515
        0.0000283011   0.0001446778   0.0000041841   0.0000208348   0.0000115682
        0.0000297474   0.0000211185  -0.0000012764   0.0000290906
       -0.1083225906  -0.0975203390  -0.0032850001   0.0244617206   0.0086788184
        0.0010515955   0.0031367147  -0.0028925620   0.0004376606   0.0013105688
        0.0002120332   0.0000794840   0.0000723223  -0.0002496895   0.0000239731
       -0.0001452002   0.0000741604  -0.0000249844   0.0000920263   0.0002099583
       -0.0000078358  -0.0002835564  -0.0006744212   0.0000536039   0.0000126270
        0.0000490865   0.0000168528   0.1121217856   0.1109562054   0.0027156554
       -0.0146293493  -0.0085349590   0.0011815608  -0.0176246578  -0.0108187347
       -0.0021689216  -0.0000090048   0.0001160409  -0.0000065046   0.0000902469
        0.0000132853   0.0000019043   0.0000271464   0.0000287246   0.0000002150
       -0.0003106120   0.0003470599  -0.0000591286   0.0000180944   0.0000088356
       -0.0000119959  -0.0000182815  -0.0000035032   0.0000018657
       -0.0040446302  -0.0028544861  -0.0437941089  -0.0039315047  -0.0007611038
        0.0007062347  -0.0004482105   0.0004868245   0.0005189625  -0.0001371122
       -0.0000565219   0.0001013618  -0.0000249658   0.0000282120  -0.0000211305
        0.0000514273   0.0000071610  -0.0000142077   0.0000013139  -0.0000094291
        0.0000178671   0.0000276944   0.0001303434   0.0002965181  -0.0000427216
       -0.0000095910  -0.0000204951   0.0067159021   0.0027156554   0.0458873127
        0.0240184659   0.0149786286  -0.0013166438  -0.0221996526  -0.0146132196
       -0.0022181821  -0.0000026331  -0.0000061243   0.0000229928  -0.0000120893
       -0.0000023115  -0.0000173862  -0.0000054017  -0.0000009748   0.0000155584
        0.0000319690  -0.0000324596  -0.0001758247   0.0000004772  -0.0000015275
        0.0000055672   0.0000016719   0.0000009244   0.0000056036
       -0.0480527482  -0.0215939269   0.0337927713  -0.0024042308   0.0205039895
       -0.0205075970   0.0019221973   0.0004395538  -0.0013356984  -0.0008542309
        0.0004168249   0.0000368150   0.0004495067   0.0002764167   0.0002207970
       -0.0000564403  -0.0004809873   0.0001173630  -0.0005872317   0.0001196679
        0.0003578361   0.0002865965  -0.0000731657  -0.0000715522   0.0001243167
        0.0000072049  -0.0000095627  -0.0068422570  -0.0146293493   0.0240184659
        0.0559597271   0.0161392269  -0.0329552010   0.0012265824  -0.0000646733
       -0.0024669743   0.0000616303  -0.0001630999  -0.0000006341   0.0000417212
       -0.0000269478   0.0000015783   0.0000546677   0.0000066653  -0.0000150578
       -0.0013537054  -0.0008731093  -0.0011167824  -0.0000001161   0.0000040458
       -0.0000247047   0.0000240145  -0.0000083364  -0.0000418619
       -0.0214513690  -0.0896542752   0.0893862547   0.0114467710  -0.0284096185
        0.0235327454  -0.0011708072   0.0005346188  -0.0000660968   0.0001480536
       -0.0001562453  -0.0000400758  -0.0000030114   0.0001950366  -0.0001752779
       -0.0004977195   0.0000251679  -0.0000390282   0.0001048519  -0.0001890875
        0.0001487624  -0.0000161798   0.0003138479  -0.0004338478   0.0004827928
        0.0000766859   0.0001952231  -0.0065841993  -0.0085349590   0.0149786286
        0.0161392269   0.1173547745  -0.1116676032   0.0022112768   0.0082647506
       -0.0153853044  -0.0000791938   0.0000513031   0.0000247048   0.0000179254
       -0.0000435678   0.0000064697  -0.0000176101   0.0000196006  -0.0000095011
       -0.0007073318   0.0001478821  -0.0003371778  -0.0000140901  -0.0000142559
       -0.0000571994  -0.0000093866   0.0000183413  -0.0000616763
        0.0331874224   0.0887982745  -0.2044752525  -0.0094687293   0.0118098477
       -0.0015969603   0.0019710876   0.0003145944   0.0005310862  -0.0003771015
        0.0001388373  -0.0000361940   0.0002991520  -0.0000409349   0.0000615900
        0.0005526305  -0.0001999023   0.0000346894  -0.0001689343  -0.0001012349
       -0.0001108596   0.0000544606   0.0006032058   0.0001149897  -0.0003064569
       -0.0001089762  -0.0001089520   0.0017751573   0.0011815608  -0.0013166438
       -0.0329552010  -0.1116676032   0.2359031880   0.0062718775   0.0103169025
       -0.0288538335   0.0000734255  -0.0001104708  -0.0000055351  -0.0000050903
        0.0000074998  -0.0000029811   0.0000104483  -0.0000469660   0.0000016055
       -0.0009248964  -0.0009003500  -0.0002217091  -0.0000129596   0.0000180837
        0.0000388499   0.0000237078  -0.0000123684   0.0000429220
       -0.0422831841  -0.0122289492  -0.0120139091  -0.0059203547   0.0241698040
        0.0165137028   0.0019832292   0.0006738513   0.0014585627  -0.0008784849
        0.0004173878  -0.0002056530   0.0005149526   0.0002425764  -0.0002063792
        0.0000129031  -0.0005198261  -0.0000521294  -0.0005451046   0.0000435264
       -0.0004211716   0.0002901407   0.0000181327   0.0000868136   0.0001229641
        0.0000084072   0.0001049693  -0.0036215389  -0.0176246578  -0.0221996526
        0.0012265824   0.0022112768   0.0062718775   0.0505259278   0.0035893989
        0.0095307416   0.0000664698  -0.0001721318   0.0000383655   0.0000380883
       -0.0000262435   0.0000047196   0.0000545583   0.0000048732   0.0000205241
       -0.0015782130  -0.0008106101   0.0010635411  -0.0000128276  -0.0000011380
       -0.0000088855   0.0000038915   0.0000043222   0.0000139627
       -0.0119069470  -0.1167931183  -0.1044442423   0.0152332486  -0.0324049172
       -0.0172482462  -0.0014006536   0.0005228350  -0.0000884265   0.0001761745
       -0.0001655427   0.0000819047  -0.0000543244   0.0002277277   0.0001209064
       -0.0005726747   0.0000407003  -0.0001478527   0.0001421507  -0.0001964441
       -0.0001272786  -0.0000684926   0.0002788356   0.0003903470   0.0005242589
        0.0001006455   0.0002488856  -0.0048755429  -0.0108187347  -0.0146132196
       -0.0000646733   0.0082647506   0.0103169025   0.0035893989   0.1506157357
        0.1254879848  -0.0000860458   0.0000618156  -0.0000417372   0.0000219815
       -0.0000444886  -0.0000021676  -0.0000206756   0.0000239864   0.0000001980
       -0.0006038081   0.0002911920   0.0001955977  -0.0000110409  -0.0000259174
       -0.0000775758  -0.0000223342   0.0000209383  -0.0000519802
       -0.0113971887  -0.1039453485  -0.1833572384   0.0066983206  -0.0042894705
        0.0058647738  -0.0015978917  -0.0002324961   0.0005266634   0.0002434564
       -0.0000633905  -0.0000063524  -0.0002317680   0.0000487496  -0.0000350844
       -0.0004825031   0.0001179041  -0.0001401763   0.0000996782   0.0001166178
       -0.0001437765  -0.0000356410  -0.0006299368   0.0001585591   0.0002640665
        0.0001063421   0.0001612828  -0.0014113415  -0.0021689216  -0.0022181821
       -0.0024669743  -0.0153853044  -0.0288538335   0.0095307416   0.1254879848
        0.2082755271  -0.0000468525   0.0000764054  -0.0000174603   0.0000066874
       -0.0000045897  -0.0000025268  -0.0000025309   0.0000442791  -0.0000072833
        0.0008457613   0.0007299220  -0.0001341066   0.0000116421  -0.0000217227
       -0.0000399052  -0.0000276622   0.0000129760  -0.0000308806
       -0.0001547851   0.0002028014  -0.0000205758   0.0014899188  -0.0005962217
        0.0003106159   0.0067250313   0.0164794276  -0.0008589860  -0.0774298188
       -0.0871193953   0.0032798207  -0.0121714892  -0.0279527703   0.0011444237
       -0.0048005127  -0.0000550790  -0.0008745516  -0.0004314564   0.0003607451
       -0.0000488511  -0.0020046675   0.0028688332  -0.0007956518  -0.0009787545
       -0.0016847984  -0.0000195485  -0.0000182207  -0.0000090048  -0.0000026331
        0.0000616303  -0.0000791938   0.0000734255   0.0000664698  -0.0000860458
       -0.0000468525   0.0890723359   0.0976824849  -0.0025798947   0.0007492988
       -0.0007462159   0.0003079673  -0.0000881642  -0.0000204367   0.0001082954
        0.0001693931   0.0010211343  -0.0000414745  -0.0004157845  -0.0001229349
       -0.0000175628   0.0001595757  -0.0001433299   0.0000820339
       -0.0004364373   0.0007591546  -0.0000689292  -0.0000603114   0.0012970264
       -0.0003093794  -0.0092150648  -0.0268981334   0.0014460543  -0.0866314043
       -0.2682780470   0.0109549993  -0.0041940035  -0.0072875994   0.0002047055
       -0.0005669874   0.0016745734   0.0004982372   0.0004954316   0.0009211717
       -0.0000369874   0.0037189100  -0.0032275749   0.0009391279  -0.0006347400
       -0.0006365877  -0.0001619467  -0.0000193156   0.0001160409  -0.0000061243
       -0.0001630999   0.0000513031  -0.0001104708  -0.0001721318   0.0000618156
        0.0000764054   0.0976824849   0.3019835908  -0.0132477397   0.0006782064
        0.0010603034  -0.0002486550  -0.0000350367  -0.0000149276  -0.0001030296
       -0.0004102470  -0.0015893805   0.0000679433  -0.0000810842   0.0000405297
       -0.0000203855   0.0000448311  -0.0000332593   0.0001261749
        0.0000238740  -0.0000424278   0.0000199192   0.0002414580  -0.0003475676
       -0.0028316693   0.0009486482   0.0032482750   0.0017109360   0.0033091719
        0.0108335361  -0.0332395308  -0.0005405840  -0.0013074299  -0.0001084064
       -0.0007870098   0.0004202558   0.0084447027  -0.0000361069   0.0000030663
       -0.0000936502  -0.0008760191   0.0008784677   0.0066168516  -0.0000501183
       -0.0000428555   0.0001067812  -0.0000011067  -0.0000065046   0.0000229928
       -0.0000006341   0.0000247048  -0.0000055351   0.0000383655  -0.0000417372
       -0.0000174603  -0.0025798947  -0.0132477397   0.0244228588   0.0002141265
       -0.0003385718  -0.0030610129   0.0001014856  -0.0001226847  -0.0015292912
        0.0000612277   0.0001547638  -0.0003269012  -0.0000595781  -0.0000314960
       -0.0001528855  -0.0000073056  -0.0000340545   0.0000213005
       -0.0005205379  -0.0001408749  -0.0000125490  -0.0018802006   0.0012732999
       -0.0002164708  -0.0039800845  -0.0019632097  -0.0007054072  -0.0225863129
        0.0235907073  -0.0032119770  -0.1423757141   0.1224443954  -0.0161110202
        0.0044354574  -0.0049520005   0.0004185350   0.0000345972  -0.0019211429
       -0.0002927382   0.0000146987  -0.0006282345   0.0000614107   0.0018020660
       -0.0012512027   0.0000575882  -0.0001062307   0.0000902469  -0.0000120893
        0.0000417212   0.0000179254  -0.0000050903   0.0000380883   0.0000219815
        0.0000066874   0.0007492988   0.0006782064   0.0002141265   0.1646308391
       -0.1371887841   0.0193255231   0.0002462512  -0.0002726825   0.0000188305
       -0.0000988169   0.0000470315   0.0000926979  -0.0001579179   0.0000110645
        0.0001205630  -0.0002872022   0.0001432731   0.0002513797
       -0.0002019128   0.0003275495  -0.0000376538   0.0005221527  -0.0001009863
        0.0000546585  -0.0015598250   0.0012635113   0.0004034683  -0.0006154777
        0.0020760164  -0.0002142990   0.1232068980  -0.1980267137   0.0205715348
        0.0191982106  -0.0249860100   0.0032302267  -0.0027659557  -0.0050481715
        0.0006223820  -0.0009038642   0.0003967488  -0.0000820197   0.0011360772
        0.0014351597  -0.0003443629   0.0000141955   0.0000132853  -0.0000023115
       -0.0000269478  -0.0000435678   0.0000074998  -0.0000262435  -0.0000444886
       -0.0000045897  -0.0007462159   0.0010603034  -0.0003385718  -0.1371887841
        0.2230345942  -0.0241775188   0.0009377810  -0.0016976694   0.0001714563
       -0.0000110345   0.0000081790  -0.0001106967   0.0002561746   0.0006079231
       -0.0002138860  -0.0012252283  -0.0002756634   0.0004646836
       -0.0000127275  -0.0000248233  -0.0000520279  -0.0001075562   0.0001010570
        0.0002872793  -0.0007032823   0.0003369527   0.0082895275  -0.0013068779
        0.0012682380  -0.0007254455  -0.0162902551   0.0209116109  -0.0339337235
       -0.0010155113   0.0016297101   0.0009639677  -0.0003249713   0.0007390830
        0.0065759328   0.0000935800  -0.0000147321   0.0000480884  -0.0004761381
       -0.0002396458  -0.0016207970  -0.0000066015   0.0000019043  -0.0000173862
        0.0000015783   0.0000064697  -0.0000029811   0.0000047196  -0.0000021676
       -0.0000025268   0.0003079673  -0.0002486550  -0.0030610129   0.0193255231
       -0.0241775188   0.0257119693  -0.0000528641   0.0000184728  -0.0005944434
        0.0001096159  -0.0001245358  -0.0015631745   0.0001053752   0.0000447869
        0.0001007059   0.0003484259  -0.0002262069  -0.0004039522
        0.0001028391  -0.0000483298   0.0000053335  -0.0019851492  -0.0020826945
        0.0000344684  -0.0043448170   0.0001104960  -0.0008461022  -0.0004127182
        0.0003949305  -0.0000406107  -0.0018842010   0.0029071616  -0.0008018014
        0.0056810183   0.0157630999  -0.0009826694  -0.0725120218  -0.0790344954
        0.0032930764  -0.0130728774  -0.0287416612   0.0012390844   0.0017190018
        0.0013221703  -0.0001898371   0.0000086213   0.0000271464  -0.0000054017
        0.0000546677  -0.0000176101   0.0000104483   0.0000545583  -0.0000206756
       -0.0000025309  -0.0000881642  -0.0000350367   0.0001014856   0.0002462512
        0.0009377810  -0.0000528641   0.0863798155   0.0898182387  -0.0025611922
        0.0006415810  -0.0009125697   0.0003134036  -0.0005909440  -0.0001778975
        0.0004060072   0.0000025385  -0.0002100540   0.0000797022
        0.0001639188  -0.0000484427   0.0000133642  -0.0011038356  -0.0009059034
        0.0000343760  -0.0005393392   0.0020009326   0.0003823541   0.0006444783
        0.0008548606  -0.0000188069   0.0037681318  -0.0030676619   0.0010315925
       -0.0085436553  -0.0266274381   0.0013466602  -0.0798631650  -0.2692757170
        0.0119647094  -0.0044418305  -0.0079145243   0.0002212256  -0.0010735250
        0.0015029282  -0.0001922592  -0.0000082418   0.0000287246  -0.0000009748
        0.0000066653   0.0000196006  -0.0000469660   0.0000048732   0.0000239864
        0.0000442791  -0.0000204367  -0.0000149276  -0.0001226847  -0.0002726825
       -0.0016976694   0.0000184728   0.0898182387   0.3034524172  -0.0141750041
        0.0007373340   0.0011323592  -0.0002595241   0.0011661850   0.0000532265
       -0.0004076853  -0.0004431134   0.0004832483   0.0001668714
       -0.0000124453   0.0000093934  -0.0000098786  -0.0000008918  -0.0000142880
        0.0002792088  -0.0007597904   0.0004594400   0.0076759028  -0.0000187071
       -0.0000744824   0.0000123127  -0.0009580297   0.0008712927   0.0067690880
        0.0011072733   0.0030786300   0.0009112847   0.0033727822   0.0115959304
       -0.0314234824  -0.0004534007  -0.0012211792  -0.0004222616  -0.0002898015
       -0.0004133652  -0.0016969854   0.0000012515   0.0000002150   0.0000155584
       -0.0000150578  -0.0000095011   0.0000016055   0.0000205241   0.0000001980
       -0.0000072833   0.0001082954  -0.0001030296  -0.0015292912   0.0000188305
        0.0001714563  -0.0005944434  -0.0025611922  -0.0141750041   0.0232173926
        0.0001851062  -0.0003597883  -0.0028765278   0.0000586586   0.0002613753
       -0.0003976773   0.0001965946  -0.0000772933   0.0000754771
       -0.0018615126  -0.0016775039   0.0000114116  -0.0000354079   0.0013327732
        0.0000205344   0.0064316758  -0.0046972590   0.0007391755  -0.0000951368
       -0.0019671940  -0.0003416510   0.0000039583  -0.0006191990   0.0000503365
       -0.0043726334  -0.0020407779  -0.0006536582  -0.0222643486   0.0235077194
       -0.0032733212  -0.1384530700   0.1239693017  -0.0163179548  -0.0016072813
        0.0012810775  -0.0003207508   0.0000283011  -0.0003106120   0.0000319690
       -0.0013537054  -0.0007073318  -0.0009248964  -0.0015782130  -0.0006038081
        0.0008457613   0.0001693931  -0.0004102470   0.0000612277  -0.0000988169
       -0.0000110345   0.0001096159   0.0006415810   0.0007373340   0.0001851062
        0.1647695814  -0.1379391175   0.0197199827   0.0000971023   0.0002046888
        0.0000867409  -0.0004214671  -0.0000488100  -0.0000296292
        0.0000858356   0.0003167110  -0.0000269117   0.0011742125   0.0013320467
       -0.0001351908   0.0191710963  -0.0246439992   0.0031300964  -0.0027064426
       -0.0050699262   0.0007212864  -0.0008245659   0.0004643386  -0.0000986677
       -0.0015257198   0.0012073740   0.0003643965  -0.0004640455   0.0018269329
       -0.0001603345   0.1242274965  -0.2047478794   0.0212426367   0.0002674125
        0.0000584764   0.0001648758   0.0001446778   0.0003470599  -0.0000324596
       -0.0008731093   0.0001478821  -0.0009003500  -0.0008106101   0.0002911920
        0.0007299220   0.0010211343  -0.0015893805   0.0001547638   0.0000470315
        0.0000081790  -0.0001245358  -0.0009125697   0.0011323592  -0.0003597883
       -0.1379391175   0.2288641161  -0.0245606745   0.0000066954   0.0000077612
       -0.0000889928  -0.0000894118   0.0000467561  -0.0000200718
       -0.0001149555  -0.0001449430  -0.0001809983  -0.0000112910  -0.0001289464
       -0.0015624226  -0.0010177593   0.0014593855   0.0002840444  -0.0003067080
        0.0007741300   0.0069037262   0.0000966642  -0.0001093201  -0.0000657249
       -0.0007049679   0.0004375558   0.0079985076  -0.0014887216   0.0013750215
       -0.0002816777  -0.0162924072   0.0213134638  -0.0333697839  -0.0001169075
        0.0000724560   0.0001100147   0.0000041841  -0.0000591286  -0.0001758247
       -0.0011167824  -0.0003371778  -0.0002217091   0.0010635411   0.0001955977
       -0.0001341066  -0.0000414745   0.0000679433  -0.0003269012   0.0000926979
       -0.0001106967  -0.0015631745   0.0003134036  -0.0002595241  -0.0028765278
        0.0197199827  -0.0245606745   0.0255612532  -0.0000151005   0.0000405922
        0.0000230976  -0.0000633982  -0.0000257344  -0.0001217925
       -0.0000484911   0.0000599564   0.0000187022   0.0002581676   0.0000865661
        0.0000559538   0.0000557664   0.0001795636   0.0000183024  -0.0002254011
       -0.0015745586  -0.0005463446  -0.0060582697  -0.0007442667   0.0002161824
       -0.0131589138  -0.0289460456   0.0109843860   0.0016360481  -0.0018096047
       -0.0000487712  -0.0001470196  -0.0001181141  -0.0003217035  -0.0802912029
       -0.0949383558   0.0405525075   0.0000208348   0.0000180944   0.0000004772
       -0.0000001161  -0.0000140901  -0.0000129596  -0.0000128276  -0.0000110409
        0.0000116421  -0.0004157845  -0.0000810842  -0.0000595781  -0.0001579179
        0.0002561746   0.0001053752  -0.0005909440   0.0011661850   0.0000586586
        0.0000971023   0.0000066954  -0.0000151005   0.0930835034   0.1099274944
       -0.0445026640   0.0059554660   0.0165364306  -0.0065150658
       -0.0001280359   0.0001256740  -0.0000082297   0.0009712637   0.0002153053
        0.0001728830  -0.0006370233   0.0001495025  -0.0001740735  -0.0000758550
       -0.0005192298  -0.0002272197  -0.0009794522   0.0014603363   0.0004267772
       -0.0125071852  -0.0086354282   0.0015269875   0.0035331151   0.0006798559
        0.0000839710  -0.0004511787  -0.0006942019  -0.0004196955  -0.0921232416
       -0.3239046566   0.1104123889   0.0000115682   0.0000088356  -0.0000015275
        0.0000040458  -0.0000142559   0.0000180837  -0.0000011380  -0.0000259174
       -0.0000217227  -0.0001229349   0.0000405297  -0.0000314960   0.0000110645
        0.0006079231   0.0000447869  -0.0001778975   0.0000532265   0.0002613753
        0.0002046888   0.0000077612   0.0000405922   0.1099274944   0.3528539872
       -0.1220485033  -0.0074592985  -0.0224092475   0.0099446222
       -0.0002154125   0.0003408402  -0.0000310868   0.0019258372   0.0002900410
       -0.0000942584  -0.0013033436  -0.0011866876   0.0002029259  -0.0011813030
       -0.0003191409   0.0011150567  -0.0006778705   0.0011286510   0.0014048997
       -0.0096517697  -0.0066919050  -0.0030431305   0.0000345859  -0.0008203310
       -0.0005529731   0.0003856235   0.0005330693   0.0001739510   0.0561602067
        0.1371165968  -0.0527041568   0.0000297474  -0.0000119959   0.0000055672
       -0.0000247047  -0.0000571994   0.0000388499  -0.0000088855  -0.0000775758
       -0.0000399052  -0.0000175628  -0.0000203855  -0.0001528855   0.0001205630
       -0.0002138860   0.0001007059   0.0004060072  -0.0004076853  -0.0003976773
        0.0000867409  -0.0000889928   0.0000230976  -0.0445026640  -0.1220485033
        0.0548510618  -0.0015657954  -0.0074649097  -0.0009000423
       -0.0000780556   0.0000445514   0.0000243086   0.0004309729   0.0000504371
        0.0001165360   0.0000522913  -0.0004161978   0.0000186061  -0.0003990656
        0.0001779762  -0.0004669712   0.0020532946   0.0022091638  -0.0003290340
       -0.0254210972   0.0246088488   0.0063498656  -0.0058325330  -0.0016867347
        0.0004325855  -0.0006506646   0.0013630057  -0.0009010692  -0.1671166010
        0.1624837199   0.0447271880   0.0000211185  -0.0000182815   0.0000016719
        0.0000240145  -0.0000093866   0.0000237078   0.0000038915  -0.0000223342
       -0.0000276622   0.0001595757   0.0000448311  -0.0000073056  -0.0002872022
       -0.0012252283   0.0003484259   0.0000025385  -0.0004431134   0.0001965946
       -0.0004214671  -0.0000894118  -0.0000633982   0.0059554660  -0.0074592985
       -0.0015657954   0.1915035230  -0.1796125471  -0.0488782542
        0.0000798311  -0.0001208219  -0.0000221758  -0.0005108122  -0.0000975867
       -0.0001151087   0.0002356431   0.0006376515   0.0001098635   0.0006722162
       -0.0004964868   0.0004079826  -0.0030720719   0.0004059121  -0.0003137280
        0.0047597374   0.0042909705   0.0010337355  -0.0015712619   0.0009726166
       -0.0003131387  -0.0002728429   0.0000208393   0.0002063976   0.1630198891
       -0.2681719312  -0.0507468540  -0.0000012764  -0.0000035032   0.0000009244
       -0.0000083364   0.0000183413  -0.0000123684   0.0000043222   0.0000209383
        0.0000129760  -0.0001433299  -0.0000332593  -0.0000340545   0.0001432731
       -0.0002756634  -0.0002262069  -0.0002100540   0.0004832483  -0.0000772933
       -0.0000488100   0.0000467561  -0.0000257344   0.0165364306  -0.0224092475
       -0.0074649097  -0.1796125471   0.2847112259   0.0575796928
       -0.0002248746   0.0002536625  -0.0000805167   0.0020258848   0.0004404768
       -0.0000579088  -0.0015910790   0.0001200559   0.0000459500   0.0004384966
       -0.0002418275   0.0001723825   0.0003088427   0.0005646704  -0.0006683720
       -0.0128177819   0.0027935991  -0.0039455678  -0.0000986116  -0.0013710943
        0.0016344820  -0.0012865800   0.0001632416   0.0010897129   0.0682543449
       -0.0708729668  -0.0216978627   0.0000290906   0.0000018657   0.0000056036
       -0.0000418619  -0.0000616763   0.0000429220   0.0000139627  -0.0000519802
       -0.0000308806   0.0000820339   0.0001261749   0.0000213005   0.0002513797
        0.0004646836  -0.0004039522   0.0000797022   0.0001668714   0.0000754771
       -0.0000296292  -0.0000200718  -0.0001217925  -0.0065150658   0.0099446222
       -0.0009000423  -0.0488782542   0.0575796928   0.0248190648
