           1           2   1.01347824339916     
           2           3   1.00561537839468     
           3           4  0.987691098107826     
           4           5  0.974619756742836     
           5           6  0.974614021932043     
           2           7   1.00560340539139     
           6           7  0.987704007167960     
           1           8  0.973544921865480     
           1           9  0.981207498726432     
           1          10  0.981206467102649     
           3          11  0.970614063799107     
           3          12  0.971505856489746     
           4          13  0.970780153711874     
           4          14  0.967255603801065     
           6          15  0.970779116295901     
           6          16  0.967253128084587     
           7          17  0.970612619933403     
           7          18  0.971504853531452     
