           1           2   1.00229680538791     
           2           3   1.00275729316960     
           3           4   1.00737997854259     
           1           5   1.00712302972834     
           4           5   1.00818569925410     
           1           6  0.982999493230652     
           1           7  0.982228821411672     
           2           8  0.984391738779301     
           2           9  0.984321724935084     
           3          10  0.981959675050329     
           3          11  0.982694134383093     
           4          12  0.980148633225176     
           4          13  0.979825440735449     
           5          14  0.979936733730295     
           5          15  0.980280992079011     
