           1           2   1.32864650316355     
           2           3   1.34448246643926     
           3           4   1.33659884136714     
           4           5   1.33659863774580     
           1           6   1.32863357108097     
           5           6   1.34448841059017     
           6           7   1.04752753630753     
           5           8   1.03978770922490     
           4           9   1.05544949053033     
           3          10   1.03978525046623     
           2          11   1.04752581730071     
           1          12  0.964348123121342     
          12          13   1.45833392885896     
          12          14   1.45832312365434     
          13          14  0.359741279274926     
