           1           2   1.02950164841484     
           2           3   1.40171935712096     
           3           4   1.45594533607927     
           2           5  0.105244200202609     
           4           5   1.39103309600300     
           3           6  0.107555825654568     
           5           6   1.40317206618407     
           2           7   1.40899977153960     
           4           7  0.106904447622792     
           6           7   1.44824419183477     
           5           8  0.973304797972124     
           8           9   1.56798295077349     
           8          10   1.30738870624673     
           9          10  0.196043331323302     
          10          11  0.992659041141770     
          10          12  0.995047694644830     
           1          13  0.977476892209078     
           1          14  0.963208892414251     
           1          15  0.982174822931341     
           3          16  0.967525157026853     
           4          17  0.969165203413587     
           6          18  0.970193949831590     
           7          19  0.967706348241247     
          11          20  0.973764021371617     
          11          21  0.976709565841409     
          11          22  0.973516316914421     
          12          23  0.972710642524011     
          12          24  0.974516089576796     
          12          25  0.971916765326223     
