$hessian                                                                        
        0.4740017059  -0.0281699604   0.0008034245  -0.1719101035  -0.0591699731
        0.0003100189  -0.0274873865  -0.0072160928  -0.0007540026  -0.0046615757
        0.0031609596  -0.0002859933  -0.0430298068  -0.0066323704  -0.0095511361
       -0.0454247969  -0.0122960967   0.0223835471  -0.1688858278   0.1211980622
       -0.0135710810  -0.0054301065  -0.0043149739  -0.0018162161  -0.0072173728
       -0.0049341540   0.0021734459   0.0007805253  -0.0006643097   0.0003030078
        0.0006668591  -0.0008361415  -0.0000851615  -0.0013724450  -0.0005282817
       -0.0000334983  -0.0000296688   0.0004033323   0.0001236446
       -0.0281699604   0.5091181902   0.0009924568  -0.0582490054  -0.0965347919
       -0.0000233802   0.0125126929   0.0068291704   0.0001036005   0.0042333106
       -0.0015059448  -0.0001733109  -0.0068329838  -0.1388771885  -0.1162660756
       -0.0127088909  -0.1057528153   0.1025641462   0.1208772246  -0.1558926743
        0.0126571515  -0.0193631622  -0.0109814677  -0.0023577332  -0.0157907240
       -0.0083988482   0.0021433611   0.0010776547   0.0007265672  -0.0004891067
        0.0010036393   0.0009514559   0.0004892293   0.0011763551   0.0004162241
        0.0001382656   0.0002338494  -0.0000978772   0.0002213956
        0.0008034245   0.0009924568   0.5201121614   0.0006180818   0.0000404784
       -0.0675774707  -0.0020598794  -0.0009102394  -0.0001862824  -0.0006867397
        0.0001131790   0.0003790481  -0.0093424677  -0.1160518437  -0.1882466540
        0.0224700705   0.1024968689  -0.2173065987  -0.0136077605   0.0127020576
       -0.0458458981  -0.0208451319  -0.0124990495  -0.0011833953   0.0227972999
        0.0131263898  -0.0014019744  -0.0008199238  -0.0003864707   0.0006273569
        0.0006355145   0.0003016067   0.0004914006  -0.0001223034   0.0000065899
        0.0001525032   0.0001598152   0.0000679762  -0.0000141967
       -0.1719101035  -0.0582490054   0.0006180818   0.4613673138   0.0131284566
       -0.0070922505  -0.1229781373   0.0626233451  -0.0083783510  -0.0353597682
        0.0158304181  -0.0015800400  -0.0048649083  -0.0047985931  -0.0026940531
       -0.0068755667  -0.0054895427   0.0032454344  -0.0255440933  -0.0094729600
       -0.0002226580  -0.0416222698  -0.0058723548  -0.0072151291  -0.0438713371
       -0.0132065474   0.0231669510  -0.0010956943   0.0034909992  -0.0020823361
       -0.0021807954   0.0035247523   0.0015973130  -0.0058766531  -0.0023440324
       -0.0001480258   0.0008120132   0.0008350645   0.0007850634
       -0.0591699731  -0.0965347919   0.0000404784   0.0131284566   0.4953775753
        0.0006105422   0.0665998508  -0.1276350730   0.0069530190  -0.0086169594
        0.0092060925  -0.0009744134  -0.0187034262  -0.0117538099  -0.0026785822
       -0.0157373556  -0.0094274689   0.0028380725   0.0171521080   0.0082803993
        0.0000184307  -0.0050396345  -0.1350622856  -0.1095963954  -0.0135360289
       -0.1027441197   0.0987082420   0.0128988400  -0.0139635109   0.0052671976
        0.0159309330  -0.0168312728  -0.0014698192  -0.0039544673  -0.0002936268
        0.0003594516  -0.0009523434   0.0013818924  -0.0000762238
        0.0003100189  -0.0000233802  -0.0675774707  -0.0070922505   0.0006105422
        0.5390262795  -0.0071555363   0.0066869165  -0.0704605196   0.0003354304
       -0.0013628056   0.0017271700  -0.0211721566  -0.0125217686  -0.0010670168
        0.0235962537   0.0136610715  -0.0015878766  -0.0022710754  -0.0009707201
        0.0003386367  -0.0067990965  -0.1089557844  -0.1803244376   0.0235669812
        0.0980465967  -0.2162433088  -0.0192369356   0.0210676322  -0.0055707564
        0.0164101875  -0.0170425290   0.0007879321   0.0002440082   0.0001782469
        0.0006951699  -0.0007358290   0.0006259819   0.0002561983
       -0.0274873865   0.0125126929  -0.0020598794  -0.1229781373   0.0665998508
       -0.0071555363   0.4437017896  -0.0047616013   0.0015248184  -0.1775193559
       -0.0543111414  -0.0001350263   0.0006914560   0.0008127933   0.0003147458
        0.0005421726   0.0008217104  -0.0004003761  -0.0044399101  -0.0018604026
       -0.0000823050  -0.0020970386   0.0035589685   0.0012030064  -0.0001316203
        0.0014489207  -0.0015977540  -0.0384757127  -0.0012119320   0.0058970008
       -0.0401662411  -0.0027689345  -0.0048853549  -0.0267688975  -0.0140027568
        0.0067058851  -0.0048711182  -0.0068381678   0.0006707755
       -0.0072160928   0.0068291704  -0.0009102394   0.0626233451  -0.1276350730
        0.0066869165  -0.0047616013   0.4821585933   0.0302597913  -0.0677633734
       -0.1067754598  -0.0096990912  -0.0012111337   0.0009029518   0.0001993212
       -0.0011723868   0.0007665655  -0.0003083368  -0.0037907082  -0.0002999972
       -0.0000862642   0.0166382422  -0.0177086712  -0.0016064919   0.0136749776
       -0.0137559855   0.0052050090  -0.0045947030  -0.0864734230   0.0742025272
       -0.0009400187  -0.1309818657  -0.1071685836   0.0194020066   0.0082366115
        0.0002602154  -0.0208885537  -0.0152634172   0.0029652264
       -0.0007540026   0.0001036005  -0.0001862824  -0.0083783510   0.0069530190
       -0.0704605196   0.0015248184   0.0302597913   0.5026173639   0.0290751972
        0.0050260262  -0.0610312535  -0.0007745248   0.0003534380   0.0002037665
        0.0011021150  -0.0003958301   0.0003804285   0.0001122430   0.0000104524
        0.0005567016   0.0169811005  -0.0178680200   0.0006352936  -0.0193029628
        0.0200652125  -0.0049923715   0.0118974101   0.0760160371  -0.1880350069
       -0.0031968081  -0.1057996323  -0.1770453739  -0.0042793885  -0.0000127364
       -0.0017095678  -0.0240068463  -0.0147113583  -0.0009331784
       -0.0046615757   0.0042333106  -0.0006867397  -0.0353597682  -0.0086169594
        0.0003354304  -0.1775193559  -0.0677633734   0.0290751972   0.5205564528
       -0.0683349380   0.0297043505   0.0002549948   0.0002039514   0.0002518944
        0.0004319285   0.0001851954  -0.0002465536  -0.0017734407  -0.0004086477
       -0.0000275760   0.0014767585  -0.0009000465   0.0003144487   0.0014881220
       -0.0010147712   0.0000432222  -0.0206575702  -0.0190502391   0.0140369507
       -0.0076084861  -0.0078992479  -0.0038666109  -0.2263058785   0.1799696960
       -0.0500297316  -0.0503221813  -0.0106039302  -0.0189042824
        0.0031609596  -0.0015059448   0.0001131790   0.0158304181   0.0092060925
       -0.0013628056  -0.0543111414  -0.1067754598   0.0050260262  -0.0683349380
        0.5009958436   0.1596902517   0.0001675329  -0.0000416130   0.0001914667
        0.0004101863  -0.0000392402  -0.0002099357   0.0009214745   0.0005203509
        0.0000304865   0.0008972457   0.0005190010   0.0006473599  -0.0003766113
        0.0008855599  -0.0007021148  -0.0255280408  -0.0151385807   0.0100697004
       -0.0234146793  -0.0159832309  -0.0033902447   0.1621224822  -0.2011578781
        0.0295211583  -0.0115448884  -0.1714849006  -0.1996245281
       -0.0002859933  -0.0001733109   0.0003790481  -0.0015800400  -0.0009744134
        0.0017271700  -0.0001350263  -0.0096990912  -0.0610312535   0.0297043505
        0.1596902517   0.3217951016   0.0001028293   0.0001645885   0.0000845947
       -0.0003632309  -0.0001096885   0.0001417947   0.0001369804  -0.0000828120
        0.0001919615   0.0003861448   0.0005498189   0.0003306411   0.0004230362
       -0.0007046117   0.0006769382   0.0265917330   0.0173244390  -0.0021101408
       -0.0214854697  -0.0136251503   0.0005203373  -0.0184142737   0.0036807928
       -0.0289981166  -0.0150810405  -0.1560408130  -0.2337080764
       -0.0430298068  -0.0068329838  -0.0093424677  -0.0048649083  -0.0187034262
       -0.0211721566   0.0006914560  -0.0012111337  -0.0007745248   0.0002549948
        0.0001675329   0.0001028293   0.0510901076   0.0109234395   0.0114663602
        0.0008300552   0.0019288197   0.0021288970  -0.0001019025   0.0165002817
        0.0183560465  -0.0052479008  -0.0035431292  -0.0008407938   0.0008041808
        0.0002847618  -0.0004115969   0.0000169080   0.0000529424   0.0000379703
       -0.0005451803   0.0002663263   0.0002923945   0.0000199193   0.0000802662
       -0.0000087161   0.0000820769   0.0000863024   0.0001657582
       -0.0066323704  -0.1388771885  -0.1160518437  -0.0047985931  -0.0117538099
       -0.0125217686   0.0008127933   0.0009029518   0.0003534380   0.0002039514
       -0.0000416130   0.0001645885   0.0109234395   0.1602409666   0.1366617035
        0.0006974289   0.0093552693   0.0118770465   0.0022956989  -0.0182037037
       -0.0199560245  -0.0037764852  -0.0016793573  -0.0003313860   0.0003644726
       -0.0001182971  -0.0002785818  -0.0000361048  -0.0001090673   0.0000317521
       -0.0001994195   0.0002498660   0.0000407842   0.0000482873   0.0000881997
       -0.0000279585   0.0000969010  -0.0000542168   0.0000382503
       -0.0095511361  -0.1162660756  -0.1882466540  -0.0026940531  -0.0026785822
       -0.0010670168   0.0003147458   0.0001993212   0.0002037665   0.0002518944
        0.0001914667   0.0000845947   0.0114663602   0.1366617035   0.2156227667
       -0.0001892144  -0.0174272555  -0.0286045787   0.0009966904  -0.0008565154
        0.0002407704  -0.0005731593  -0.0004407898   0.0010677229   0.0002987934
        0.0004702976   0.0007312517   0.0000140127  -0.0000118742  -0.0003569538
       -0.0004240956   0.0001354485   0.0002959484  -0.0000100146   0.0000197905
       -0.0000211502   0.0000991763   0.0000030646   0.0000495321
       -0.0454247969  -0.0127088909   0.0224700705  -0.0068755667  -0.0157373556
        0.0235962537   0.0005421726  -0.0011723868   0.0011021150   0.0004319285
        0.0004101863  -0.0003632309   0.0008300552   0.0006974289  -0.0001892144
        0.0540191527   0.0177104505  -0.0268071043   0.0013635682   0.0134982498
       -0.0204487126   0.0007810558   0.0004059096   0.0003497297  -0.0052621863
       -0.0033938118   0.0007225900  -0.0004458290   0.0002446347  -0.0005270401
       -0.0000231466   0.0000397953  -0.0000258595   0.0000206150   0.0000356739
        0.0000222381   0.0000429775  -0.0000298840   0.0000981647
       -0.0122960967  -0.1057528153   0.1024968689  -0.0054895427  -0.0094274689
        0.0136610715   0.0008217104   0.0007665655  -0.0003958301   0.0001851954
       -0.0000392402  -0.0001096885   0.0019288197   0.0093552693  -0.0174272555
        0.0177104505   0.1213420912  -0.1210763529   0.0006095021  -0.0147398539
        0.0222475686   0.0002787345  -0.0001255776   0.0004059703  -0.0035649426
       -0.0015068028   0.0003051467  -0.0001848080   0.0002230735  -0.0000698528
       -0.0000313386  -0.0001028459  -0.0000671342   0.0000524156   0.0000435587
       -0.0000078253  -0.0000200996  -0.0000359538   0.0000373136
        0.0223835471   0.1025641462  -0.2173065987   0.0032454344   0.0028380725
       -0.0015878766  -0.0004003761  -0.0003083368   0.0003804285  -0.0002465536
       -0.0002099357   0.0001417947   0.0021288970   0.0118770465  -0.0286045787
       -0.0268071043  -0.1210763529   0.2501035831  -0.0010097571   0.0041212097
       -0.0048641805  -0.0003226174  -0.0002825957   0.0007246571   0.0006494598
        0.0006261421   0.0010696309   0.0003972256  -0.0001610039   0.0003356942
        0.0000225415   0.0000013402  -0.0003488691   0.0000022906  -0.0000065542
       -0.0000174548  -0.0000429874   0.0000168220  -0.0000262301
       -0.1688858278   0.1208772246  -0.0136077605  -0.0255440933   0.0171521080
       -0.0022710754  -0.0044399101  -0.0037907082   0.0001122430  -0.0017734407
        0.0009214745   0.0001369804  -0.0001019025   0.0022956989   0.0009966904
        0.0013635682   0.0006095021  -0.0010097571   0.1987371532  -0.1385766248
        0.0158903882   0.0005032425   0.0004265752  -0.0002151822   0.0004475139
        0.0004685194   0.0001615760   0.0000786413  -0.0001287797   0.0001039421
        0.0001298291  -0.0002442661  -0.0001143295  -0.0005154164  -0.0001710513
       -0.0000925113   0.0000006427   0.0001603274  -0.0000912042
        0.1211980622  -0.1558926743   0.0127020576  -0.0094729600   0.0082803993
       -0.0009707201  -0.0018604026  -0.0002999972   0.0000104524  -0.0004086477
        0.0005203509  -0.0000828120   0.0165002817  -0.0182037037  -0.0008565154
        0.0134982498  -0.0147398539   0.0041212097  -0.1385766248   0.1792401478
       -0.0148734007  -0.0001946215   0.0005416033   0.0001953607  -0.0000892517
        0.0004313408  -0.0002748020  -0.0001761049   0.0000584532  -0.0001947070
       -0.0002127398   0.0000587785   0.0001542090  -0.0002396203  -0.0000297646
       -0.0000194679   0.0000343796   0.0000349198   0.0000891358
       -0.0135710810   0.0126571515  -0.0458458981  -0.0002226580   0.0000184307
        0.0003386367  -0.0000823050  -0.0000862642   0.0005567016  -0.0000275760
        0.0000304865   0.0001919615   0.0183560465  -0.0199560245   0.0002407704
       -0.0204487126   0.0222475686  -0.0048641805   0.0158903882  -0.0148734007
        0.0493121349  -0.0004521861   0.0001738401  -0.0000455461   0.0004796678
       -0.0002041659   0.0000684730   0.0001566648  -0.0000688342   0.0000377143
       -0.0000937095   0.0000415408  -0.0000090748  -0.0000017783  -0.0000072283
        0.0000091412   0.0000172392   0.0000268997   0.0000091659
       -0.0054301065  -0.0193631622  -0.0208451319  -0.0416222698  -0.0050396345
       -0.0067990965  -0.0020970386   0.0166382422   0.0169811005   0.0014767585
        0.0008972457   0.0003861448  -0.0052479008  -0.0037764852  -0.0005731593
        0.0007810558   0.0002787345  -0.0003226174   0.0005032425  -0.0001946215
       -0.0004521861   0.0536339890   0.0064565889   0.0089808259   0.0013308601
        0.0018053507   0.0028054564   0.0006178211  -0.0006519764   0.0005083490
       -0.0035831974   0.0034577105  -0.0001399431   0.0002631939  -0.0003106044
        0.0000031900  -0.0006264079  -0.0001973884  -0.0005329322
       -0.0043149739  -0.0109814677  -0.0124990495  -0.0058723548  -0.1350622856
       -0.1089557844   0.0035589685  -0.0177086712  -0.0178680200  -0.0009000465
        0.0005190010   0.0005498189  -0.0035431292  -0.0016793573  -0.0004407898
        0.0004059096  -0.0001255776  -0.0002825957   0.0004265752   0.0005416033
        0.0001738401   0.0064565889   0.1589074064   0.1292545436   0.0005168450
        0.0087284798   0.0106754981  -0.0006008227   0.0001426785  -0.0005094766
        0.0038789041  -0.0038765306  -0.0000894200  -0.0003623150   0.0003198329
       -0.0001504184   0.0003498508   0.0002748881   0.0001418538
       -0.0018162161  -0.0023577332  -0.0011833953  -0.0072151291  -0.1095963954
       -0.1803244376   0.0012030064  -0.0016064919   0.0006352936   0.0003144487
        0.0006473599   0.0003306411  -0.0008407938  -0.0003313860   0.0010677229
        0.0003497297   0.0004059703   0.0007246571  -0.0002151822   0.0001953607
       -0.0000455461   0.0089808259   0.1292545436   0.2055155712  -0.0007779338
       -0.0169923277  -0.0288319137  -0.0002228647   0.0005236726   0.0007744557
       -0.0000448341  -0.0002948509   0.0011506784  -0.0002155547   0.0003458379
       -0.0001785393   0.0005004977  -0.0001935599   0.0003648120
       -0.0072173728  -0.0157907240   0.0227972999  -0.0438713371  -0.0135360289
        0.0235669812  -0.0001316203   0.0136749776  -0.0193029628   0.0014881220
       -0.0003766113   0.0004230362   0.0008041808   0.0003644726   0.0002987934
       -0.0052621863  -0.0035649426   0.0006494598   0.0004475139  -0.0000892517
        0.0004796678   0.0013308601   0.0005168450  -0.0007779338   0.0551877544
        0.0156039650  -0.0266410828  -0.0036071537   0.0037498463  -0.0010324500
        0.0006633760  -0.0005443511  -0.0002706393   0.0002542364  -0.0000971158
       -0.0000307461  -0.0000863732   0.0000889190  -0.0001594235
       -0.0049341540  -0.0083988482   0.0131263898  -0.0132065474  -0.1027441197
        0.0980465967   0.0014489207  -0.0137559855   0.0200652125  -0.0010147712
        0.0008855599  -0.0007046117   0.0002847618  -0.0001182971   0.0004702976
       -0.0033938118  -0.0015068028   0.0006261421   0.0004685194   0.0004313408
       -0.0002041659   0.0018053507   0.0087284798  -0.0169923277   0.0156039650
        0.1201761289  -0.1163781286   0.0038134405  -0.0038230306   0.0015322592
       -0.0005592765   0.0000779781   0.0005767724  -0.0003368146   0.0001532412
       -0.0001021073   0.0000204174  -0.0001056448  -0.0000623292
        0.0021734459   0.0021433611  -0.0014019744   0.0231669510   0.0987082420
       -0.2162433088  -0.0015977540   0.0052050090  -0.0049923715   0.0000432222
       -0.0007021148   0.0006769382  -0.0004115969  -0.0002785818   0.0007312517
        0.0007225900   0.0003051467   0.0010696309   0.0001615760  -0.0002748020
        0.0000684730   0.0028054564   0.0106754981  -0.0288319137  -0.0266410828
       -0.1163781286   0.2477366788  -0.0009583388   0.0013011536   0.0008775595
        0.0003296258  -0.0004805360   0.0006975203   0.0002835684  -0.0003374094
        0.0001069524  -0.0000776633   0.0001131621  -0.0004954365
        0.0007805253   0.0010776547  -0.0008199238  -0.0010956943   0.0128988400
       -0.0192369356  -0.0384757127  -0.0045947030   0.0118974101  -0.0206575702
       -0.0255280408   0.0265917330   0.0000169080  -0.0000361048   0.0000140127
       -0.0004458290  -0.0001848080   0.0003972256   0.0000786413  -0.0001761049
        0.0001566648   0.0006178211  -0.0006008227  -0.0002228647  -0.0036071537
        0.0038134405  -0.0009583388   0.0592306210   0.0121017027  -0.0184708242
        0.0017677806   0.0005835246   0.0003032256   0.0009870550  -0.0005750916
        0.0000539179   0.0008026076   0.0012205131   0.0002946973
       -0.0006643097   0.0007265672  -0.0003864707   0.0034909992  -0.0139635109
        0.0210676322  -0.0012119320  -0.0864734230   0.0760160371  -0.0190502391
       -0.0151385807   0.0173244390   0.0000529424  -0.0001090673  -0.0000118742
        0.0002446347   0.0002230735  -0.0001610039  -0.0001287797   0.0000584532
       -0.0000688342  -0.0006519764   0.0001426785   0.0005236726   0.0037498463
       -0.0038230306   0.0013011536   0.0121017027   0.1089917785  -0.0980364992
        0.0010846734   0.0079653216  -0.0166164212   0.0007809303   0.0007081586
       -0.0013765065   0.0002015078   0.0006915813   0.0004246754
        0.0003030078  -0.0004891067   0.0006273569  -0.0020823361   0.0052671976
       -0.0055707564   0.0058970008   0.0742025272  -0.1880350069   0.0140369507
        0.0100697004  -0.0021101408   0.0000379703   0.0000317521  -0.0003569538
       -0.0005270401  -0.0000698528   0.0003356942   0.0001039421  -0.0001947070
        0.0000377143   0.0005083490  -0.0005094766   0.0007744557  -0.0010324500
        0.0015322592   0.0008775595  -0.0184708242  -0.0980364992   0.2206660638
        0.0013618168   0.0097806848  -0.0306275875   0.0001345685  -0.0005654798
        0.0012540933  -0.0002709556  -0.0010189991   0.0021275078
        0.0006668591   0.0010036393   0.0006355145  -0.0021807954   0.0159309330
        0.0164101875  -0.0401662411  -0.0009400187  -0.0031968081  -0.0076084861
       -0.0234146793  -0.0214854697  -0.0005451803  -0.0001994195  -0.0004240956
       -0.0000231466  -0.0000313386   0.0000225415   0.0001298291  -0.0002127398
       -0.0000937095  -0.0035831974   0.0038789041  -0.0000448341   0.0006633760
       -0.0005592765   0.0003296258   0.0017677806   0.0010846734   0.0013618168
        0.0561382635   0.0082505670   0.0080730990   0.0004250440  -0.0007419379
       -0.0011382442  -0.0056841054  -0.0040493064  -0.0004496238
       -0.0008361415   0.0009514559   0.0003016067   0.0035247523  -0.0168312728
       -0.0170425290  -0.0027689345  -0.1309818657  -0.1057996323  -0.0078992479
       -0.0159832309  -0.0136251503   0.0002663263   0.0002498660   0.0001354485
        0.0000397953  -0.0001028459   0.0000013402  -0.0002442661   0.0000587785
        0.0000415408   0.0034577105  -0.0038765306  -0.0002948509  -0.0005443511
        0.0000779781  -0.0004805360   0.0005835246   0.0079653216   0.0097806848
        0.0082505670   0.1596754514   0.1275104829   0.0006387165   0.0002013934
        0.0000886242  -0.0044684513  -0.0014044991  -0.0006170298
       -0.0000851615   0.0004892293   0.0004914006   0.0015973130  -0.0014698192
        0.0007879321  -0.0048853549  -0.1071685836  -0.1770453739  -0.0038666109
       -0.0033902447   0.0005203373   0.0002923945   0.0000407842   0.0002959484
       -0.0000258595  -0.0000671342  -0.0003488691  -0.0001143295   0.0001542090
       -0.0000090748  -0.0001399431  -0.0000894200   0.0011506784  -0.0002706393
        0.0005767724   0.0006975203   0.0003032256  -0.0166164212  -0.0306275875
        0.0080730990   0.1275104829   0.2024826503  -0.0001716143  -0.0001755951
        0.0002315555  -0.0007065191   0.0002057403   0.0013728824
       -0.0013724450   0.0011763551  -0.0001223034  -0.0058766531  -0.0039544673
        0.0002440082  -0.0267688975   0.0194020066  -0.0042793885  -0.2263058785
        0.1621224822  -0.0184142737   0.0000199193   0.0000482873  -0.0000100146
        0.0000206150   0.0000524156   0.0000022906  -0.0005154164  -0.0002396203
       -0.0000017783   0.0002631939  -0.0003623150  -0.0002155547   0.0002542364
       -0.0003368146   0.0002835684   0.0009870550   0.0007809303   0.0001345685
        0.0004250440   0.0006387165  -0.0001716143   0.2582397935  -0.1808065070
        0.0238339193   0.0006294333   0.0014785307  -0.0012834275
       -0.0005282817   0.0004162241   0.0000065899  -0.0023440324  -0.0002936268
        0.0001782469  -0.0140027568   0.0082366115  -0.0000127364   0.1799696960
       -0.2011578781   0.0036807928   0.0000802662   0.0000881997   0.0000197905
        0.0000356739   0.0000435587  -0.0000065542  -0.0001710513  -0.0000297646
       -0.0000072283  -0.0003106044   0.0003198329   0.0003458379  -0.0000971158
        0.0001532412  -0.0003374094  -0.0005750916   0.0007081586  -0.0005654798
       -0.0007419379   0.0002013934  -0.0001755951  -0.1808065070   0.2106777060
       -0.0055809014   0.0194917428  -0.0193636567   0.0024546465
       -0.0000334983   0.0001382656   0.0001525032  -0.0001480258   0.0003594516
        0.0006951699   0.0067058851   0.0002602154  -0.0017095678  -0.0500297316
        0.0295211583  -0.0289981166  -0.0000087161  -0.0000279585  -0.0000211502
        0.0000222381  -0.0000078253  -0.0000174548  -0.0000925113  -0.0000194679
        0.0000091412   0.0000031900  -0.0001504184  -0.0001785393  -0.0000307461
       -0.0001021073   0.0001069524   0.0000539179  -0.0013765065   0.0012540933
       -0.0011382442   0.0000886242   0.0002315555   0.0238339193  -0.0055809014
        0.0284911509   0.0208623230  -0.0231025299  -0.0000157376
       -0.0000296688   0.0002338494   0.0001598152   0.0008120132  -0.0009523434
       -0.0007358290  -0.0048711182  -0.0208885537  -0.0240068463  -0.0503221813
       -0.0115448884  -0.0150810405   0.0000820769   0.0000969010   0.0000991763
        0.0000429775  -0.0000200996  -0.0000429874   0.0000006427   0.0000343796
        0.0000172392  -0.0006264079   0.0003498508   0.0005004977  -0.0000863732
        0.0000204174  -0.0000776633   0.0008026076   0.0002015078  -0.0002709556
       -0.0056841054  -0.0044684513  -0.0007065191   0.0006294333   0.0194917428
        0.0208623230   0.0592501037   0.0174456874   0.0192827898
        0.0004033323  -0.0000978772   0.0000679762   0.0008350645   0.0013818924
        0.0006259819  -0.0068381678  -0.0152634172  -0.0147113583  -0.0106039302
       -0.1714849006  -0.1560408130   0.0000863024  -0.0000542168   0.0000030646
       -0.0000298840  -0.0000359538   0.0000168220   0.0001603274   0.0000349198
        0.0000268997  -0.0001973884   0.0002748881  -0.0001935599   0.0000889190
       -0.0001056448   0.0001131621   0.0012205131   0.0006915813  -0.0010189991
       -0.0040493064  -0.0014044991   0.0002057403   0.0014785307  -0.0193636567
       -0.0231025299   0.0174456874   0.2054268846   0.1940076135
        0.0001236446   0.0002213956  -0.0000141967   0.0007850634  -0.0000762238
        0.0002561983   0.0006707755   0.0029652264  -0.0009331784  -0.0189042824
       -0.1996245281  -0.2337080764   0.0001657582   0.0000382503   0.0000495321
        0.0000981647   0.0000373136  -0.0000262301  -0.0000912042   0.0000891358
        0.0000091659  -0.0005329322   0.0001418538   0.0003648120  -0.0001594235
       -0.0000623292  -0.0004954365   0.0002946973   0.0004246754   0.0021275078
       -0.0004496238  -0.0006170298   0.0013728824  -0.0012834275   0.0024546465
       -0.0000157376   0.0192827898   0.1940076135   0.2310127572
