$hessian                                                                        
        0.4520933564  -0.0495744492  -0.0313294546  -0.1475386374  -0.0269765318
       -0.0124986167  -0.0036006827  -0.0022153837  -0.0018828804  -0.0091880465
       -0.0118979511   0.0010804430   0.0002964946   0.0002464221  -0.0004769659
       -0.0000897650  -0.0011469347  -0.0000152967   0.0000580346   0.0000241189
        0.0000884754  -0.0007254195   0.0002013688   0.0001954683  -0.0001368392
       -0.0000470771   0.0000636125  -0.0023705164   0.0021680823   0.0010925620
        0.0000350722   0.0001290803   0.0002826964  -0.0353052962   0.0016980993
       -0.0006790131  -0.0014345868   0.0004336473   0.0002293816   0.0005041944
       -0.0000781825   0.0000840534   0.0001583946   0.0002059867  -0.0000694961
       -0.0008503307   0.0018675806   0.0006878253  -0.0654026198   0.0107922003
       -0.0377377593  -0.1394136307   0.1091470677   0.0366405937  -0.0497277916
       -0.0342981654   0.0221028270  -0.0000905424   0.0000645755  -0.0000962955
       -0.0000934322  -0.0000098894  -0.0000085356  -0.0001349636  -0.0001603424
       -0.0000288779   0.0000364722  -0.0002917630  -0.0001542425   0.0029210818
       -0.0002815593   0.0224294957
       -0.0495744492   0.5264771898  -0.0095040679  -0.0349902263  -0.0716497266
       -0.0043693551  -0.0009773025   0.0003499799  -0.0000319808  -0.0249286261
       -0.0134887579  -0.0026274000  -0.0005558737   0.0007465917  -0.0003597163
       -0.0002551404  -0.0036160344   0.0016320563   0.0000726806   0.0000609968
        0.0000346317   0.0000938670  -0.0002199502   0.0002341576  -0.0000486655
       -0.0000254568   0.0000486833   0.0000462843  -0.0014377715  -0.0021848966
       -0.0000443316  -0.0000042424   0.0000172655   0.0249765744   0.0046163179
        0.0026267684   0.0023597041  -0.0012983491  -0.0003996585   0.0002775732
        0.0001670651   0.0000216425  -0.0017035494  -0.0014259654   0.0005891378
       -0.0006002781   0.0007803969  -0.0003647883   0.0159166952  -0.0645050263
       -0.0054295338   0.1080186787  -0.1642757395  -0.0380297541  -0.0321831784
       -0.2061132899   0.0844118555  -0.0000725683   0.0001049651   0.0000534568
        0.0000173313   0.0000258523  -0.0000461536  -0.0000615408   0.0000168323
       -0.0000633352  -0.0000894751  -0.0004444056   0.0001487555  -0.0056941835
       -0.0048414722  -0.0264077707
       -0.0313294546  -0.0095040679   0.4384589284  -0.0145981401  -0.0004543249
       -0.0591475952  -0.0238927237  -0.0079747408  -0.0089786158   0.0102138902
        0.0005772671   0.0036801965   0.0007494188   0.0006802599  -0.0001892936
        0.0001524317   0.0016886845  -0.0008320132   0.0000403726  -0.0000298486
        0.0001075161  -0.0004543955  -0.0000165634   0.0003042212   0.0001615064
        0.0000555831  -0.0000319996   0.0000112894  -0.0012493325  -0.0005247325
        0.0000010442   0.0000637364   0.0000230397   0.0109691861   0.0023965040
        0.0021752652   0.0012663611  -0.0005336650   0.0001554821   0.0000740495
       -0.0000128134  -0.0000760927   0.0010756896   0.0010410216  -0.0004069169
       -0.0005181537   0.0005171147   0.0007369425  -0.0171415495  -0.0211319677
       -0.2221962258   0.0409556095  -0.0432803867  -0.0533147542   0.0201182508
        0.0847565657  -0.0792423392  -0.0000169305   0.0000196004  -0.0002291743
       -0.0000046517   0.0000142871  -0.0000271620   0.0000164231  -0.0000542632
        0.0000011228  -0.0002739550  -0.0000460005  -0.0005945222   0.0024244313
       -0.0075226496  -0.0198512773
       -0.1475386374  -0.0349902263  -0.0145981401   0.4455250224   0.0121071070
        0.0175075850  -0.0455599107  -0.0016659900  -0.0330713994  -0.0634748858
       -0.0235687161   0.0060939273   0.0021445401   0.0043706817  -0.0024225119
       -0.0073857356  -0.0218167159   0.0100240709   0.0003187484  -0.0001695879
        0.0002145939   0.0022107669  -0.0003290696   0.0000966596  -0.0002845023
       -0.0000191870   0.0003260846  -0.0308084166   0.0206897259   0.0115263811
        0.0008953061   0.0005183913   0.0010633884  -0.0983495065   0.0394482284
        0.0241433729  -0.0086513604   0.0022352063   0.0002644751   0.0001004072
        0.0002235769  -0.0000089053  -0.0084580650  -0.0067528481   0.0019963662
       -0.0001707896   0.0205399230  -0.0031319285  -0.0091036303  -0.0050808383
       -0.0189864697  -0.0212388357  -0.0025482435  -0.0011875839  -0.0115552929
       -0.0058737407  -0.0003986649  -0.0004949246   0.0000045966  -0.0000177697
        0.0001265614   0.0001290251  -0.0001113672  -0.0000843967   0.0006266031
       -0.0000637506   0.0006059570   0.0002647118   0.0002330190   0.0012315807
        0.0016573864   0.0005085675
       -0.0269765318  -0.0716497266  -0.0004543249   0.0121071070   0.4265901797
        0.0033020233  -0.0016394681  -0.0404288816   0.0052777309  -0.0238607945
       -0.1294758567   0.0417466586  -0.0002140306  -0.0036635267   0.0054348715
       -0.0119656562  -0.0141094224   0.0053549067   0.0005525489   0.0005495073
        0.0003358259  -0.0013441317   0.0007524039  -0.0006323478   0.0000003201
        0.0000968943   0.0002952877   0.0131648273   0.0027770898   0.0049977794
       -0.0015919987   0.0008852974   0.0000840193   0.0564321698  -0.1374422112
       -0.0578416534  -0.0033394121   0.0025954851   0.0010202695   0.0006198732
       -0.0002781126   0.0000521982  -0.0009041793   0.0015759342  -0.0005209397
        0.0049135980  -0.0310329721   0.0020719758  -0.0064808371   0.0001164142
       -0.0103340430   0.0185987760   0.0043319453   0.0025524868  -0.0283702297
       -0.0121461788  -0.0014154682   0.0003641446   0.0001282413  -0.0000021910
       -0.0001384888  -0.0002112843   0.0001600130   0.0003383480  -0.0005106452
       -0.0002738425   0.0003898413   0.0007935991  -0.0005226071  -0.0006557957
       -0.0002441734  -0.0006886287
       -0.0124986167  -0.0043693551  -0.0591475952   0.0175075850   0.0033020233
        0.4978909645  -0.0296154139   0.0046942018  -0.2358799301   0.0067593024
        0.0446140051  -0.0883738233   0.0048947954   0.0267308868  -0.0161616009
        0.0010992489   0.0004521580   0.0011139565  -0.0011531944  -0.0009334338
        0.0001925072   0.0006022947   0.0002277152   0.0005546717   0.0003213770
        0.0000836361  -0.0003479285   0.0076276816   0.0043125918  -0.0004687893
       -0.0032436032   0.0010045324   0.0021102239   0.0307801395  -0.0554696350
       -0.0844319462  -0.0046840830   0.0031913056   0.0019331446  -0.0012159453
       -0.0004349583  -0.0003826360  -0.0007174292  -0.0014530622   0.0010088565
        0.0022616577  -0.0154626167   0.0042946207  -0.0357096524  -0.0129146251
       -0.0300638157   0.0067110146   0.0017002574   0.0019833857   0.0109449876
        0.0043982508   0.0025840313   0.0004210129  -0.0003921663  -0.0004101187
        0.0001546390   0.0001845436   0.0000091610   0.0001772353   0.0000681970
        0.0000087710  -0.0006923314  -0.0025902650   0.0019897603  -0.0007327022
       -0.0009441873  -0.0000058711
       -0.0036006827  -0.0009773025  -0.0238927237  -0.0455599107  -0.0016394681
       -0.0296154139   0.0544528511  -0.0016956262   0.0282464363   0.0017133542
       -0.0009463852   0.0055220207   0.0000589783  -0.0008132995   0.0003106805
        0.0005180259  -0.0002655752   0.0009470370  -0.0000989492  -0.0002718729
       -0.0001279042  -0.0003793898  -0.0001737660  -0.0002231707   0.0000435439
        0.0001406142  -0.0002010028   0.0025357195   0.0010356170   0.0040511119
        0.0002648583  -0.0000894492  -0.0010992555  -0.0039947960   0.0078325166
        0.0227030177   0.0002499091  -0.0005233606  -0.0003170954   0.0001889041
        0.0000598008  -0.0000856432  -0.0000883708   0.0003115759  -0.0002638463
       -0.0003184866  -0.0001863287  -0.0003884860  -0.0069793331  -0.0024613467
       -0.0051039909   0.0000001639   0.0000176121  -0.0002377272   0.0005591534
        0.0000331728  -0.0004348948  -0.0000869926  -0.0000077077  -0.0002028757
       -0.0000362980  -0.0000395885   0.0000504658   0.0000490044  -0.0000349288
       -0.0000263115   0.0004079530   0.0004542945   0.0000750636   0.0001007904
        0.0002408019   0.0003145083
       -0.0022153837   0.0003499799  -0.0079747408  -0.0016659900  -0.0404288816
        0.0046942018  -0.0016956262   0.0553431285   0.0052876643   0.0025533198
       -0.0036982654   0.0275041046  -0.0010622099  -0.0048433095   0.0021765328
        0.0010019151   0.0004762798   0.0010003674  -0.0001773429  -0.0002238833
       -0.0002314857   0.0001038494   0.0000235599   0.0002675960   0.0000649365
       -0.0002192018  -0.0000163208  -0.0012838629   0.0003117978  -0.0008082672
        0.0001840308   0.0001408575   0.0007083139   0.0073084073  -0.0089014029
       -0.0299052432  -0.0002140498   0.0000811133   0.0000859974   0.0000470237
       -0.0000555915  -0.0000492297  -0.0000081270   0.0001051401  -0.0005239641
       -0.0008281104   0.0019487791   0.0005484312  -0.0023563922  -0.0002746512
       -0.0018451197   0.0001472658   0.0000209670   0.0001363812  -0.0002675272
       -0.0001161510  -0.0006449273  -0.0000314351   0.0000518426   0.0001775047
       -0.0000207821   0.0000362717   0.0000221046  -0.0000346007   0.0000514731
        0.0000842591   0.0003191747  -0.0003391763  -0.0008274616   0.0001315170
        0.0001593242   0.0001333010
       -0.0018828804  -0.0000319808  -0.0089786158  -0.0330713994   0.0052777309
       -0.2358799301   0.0282464363   0.0052876643   0.2856321780  -0.0018113257
        0.0042994486  -0.0192139148   0.0010521272   0.0029174283  -0.0014456657
       -0.0005502991  -0.0007642335  -0.0001179835   0.0003776954   0.0003044697
        0.0002559177  -0.0000285492   0.0000659196  -0.0002703963  -0.0002491622
       -0.0000214536   0.0001620807  -0.0015265961   0.0000384563   0.0013460249
        0.0013919228  -0.0000402772   0.0000766582   0.0115212138  -0.0168745422
       -0.0236407515  -0.0000627005   0.0001792765   0.0001497184   0.0001638465
        0.0001276862   0.0001940254  -0.0000059297   0.0001276111   0.0004008593
       -0.0006449067  -0.0005704432   0.0016992156  -0.0030867484  -0.0010922293
       -0.0013885413  -0.0000939792   0.0001332393  -0.0000952507   0.0003675950
       -0.0001766277   0.0002729965  -0.0002594273   0.0001180848   0.0003235623
       -0.0000668665  -0.0000987237  -0.0000250031  -0.0000106029  -0.0001214143
       -0.0000764061  -0.0000432492   0.0005906785   0.0002792787   0.0002737853
        0.0003242314   0.0003399432
       -0.0091880465  -0.0249286261   0.0102138902  -0.0634748858  -0.0238607945
        0.0067593024   0.0017133542   0.0025533198  -0.0018113257   0.4349659813
       -0.0080202436   0.0242172678  -0.0550674741  -0.0000944118  -0.0546586327
       -0.1488653086  -0.0316728692  -0.0228284972  -0.0116768196  -0.0022337397
       -0.0051594499  -0.0216619529   0.0031239508   0.0011363835   0.0007551604
       -0.0008012536  -0.0006439542   0.0015131832   0.0024758232  -0.0010386592
       -0.0002292029   0.0000171820  -0.0001484946  -0.0012432885   0.0214979332
       -0.0022181305   0.0003359661  -0.0016319935  -0.0002477398   0.0013757596
        0.0019332702   0.0009827897  -0.0133695487  -0.0122403180   0.0034042925
       -0.1108031515   0.0809695456   0.0367320811   0.0006614317  -0.0003167338
        0.0000493296  -0.0000482180  -0.0008745874   0.0003952790  -0.0060531203
       -0.0030535422  -0.0008260160  -0.0000275396   0.0002655357   0.0001162433
       -0.0003212033  -0.0002803957   0.0002430126   0.0003714685   0.0009476195
        0.0011326446   0.0006988199  -0.0041785606   0.0039203893  -0.0003613646
        0.0004038895   0.0002779942
       -0.0118979511  -0.0134887579   0.0005772671  -0.0235687161  -0.1294758567
        0.0446140051  -0.0009463852  -0.0036982654   0.0042994486  -0.0080202436
        0.4400876033   0.0032206212  -0.0019945683  -0.0410076414   0.0026401552
       -0.0180591138  -0.0538714766  -0.0073103434  -0.0067026512  -0.0001761694
       -0.0035132140   0.0153510248   0.0026198829   0.0014728128   0.0003427484
        0.0001740366   0.0002499046   0.0015248433   0.0004834058   0.0003039448
        0.0002099578  -0.0001418990  -0.0000010324   0.0052382326  -0.0304861940
        0.0006532554  -0.0008587517   0.0009158690   0.0003263903   0.0050270604
       -0.0023047815  -0.0008810532  -0.0345072403  -0.0261356515   0.0085434424
        0.0808318674  -0.1394709910  -0.0511178247   0.0009296583   0.0006975530
        0.0027713306   0.0009838349   0.0000466181  -0.0000262993  -0.0006708667
       -0.0001137040  -0.0002302265  -0.0000040946  -0.0000337929  -0.0000478358
        0.0000738502  -0.0001846693   0.0000038890  -0.0017103464  -0.0000326621
        0.0008232304  -0.0015903770  -0.0039133430  -0.0071280778   0.0000182279
       -0.0004891131  -0.0002437902
        0.0010804430  -0.0026274000   0.0036801965   0.0060939273   0.0417466586
       -0.0883738233   0.0055220207   0.0275041046  -0.0192139148   0.0242172678
        0.0032206212   0.5421529192  -0.0583900417   0.0060812175  -0.2528017343
       -0.0233831526  -0.0050180153  -0.0690759259  -0.0290886860  -0.0069879285
       -0.0093339489   0.0084833008   0.0010980751   0.0004202088   0.0009735164
       -0.0002968308  -0.0000428850  -0.0010445869  -0.0000306836   0.0010720525
        0.0002335942   0.0000723292  -0.0002375991   0.0018420935  -0.0153693009
        0.0054113979   0.0004726386  -0.0003233505  -0.0002378906   0.0028277365
       -0.0011238067   0.0002924919   0.0191317402   0.0115861904   0.0001501083
        0.0201446158  -0.0298389724  -0.0965001399  -0.0002269439  -0.0008921558
       -0.0009342089   0.0005355170  -0.0000076680   0.0003149679  -0.0011406443
       -0.0006894167   0.0006907112  -0.0000471679   0.0000482592   0.0000065233
       -0.0001350997   0.0000244799  -0.0000301021   0.0000925311  -0.0007470386
        0.0012470394   0.0219120827  -0.0273211671  -0.0186682435  -0.0001067026
       -0.0001082007   0.0000117994
        0.0002964946  -0.0005558737   0.0007494188   0.0021445401  -0.0002140306
        0.0048947954   0.0000589783  -0.0010622099   0.0010521272  -0.0550674741
       -0.0019945683  -0.0583900417   0.0666398181  -0.0019445226   0.0583595947
       -0.0122355589  -0.0010928864  -0.0280687622  -0.0056260892  -0.0013018521
       -0.0014300171   0.0001885671  -0.0005215116  -0.0011654666  -0.0004998707
        0.0002298410   0.0003958544  -0.0003402542   0.0003431276  -0.0002939428
       -0.0000244077  -0.0001744205   0.0002426770   0.0000292905  -0.0001678037
       -0.0000772103   0.0000929957  -0.0001929105   0.0000263761   0.0005374438
        0.0001760225   0.0005968912   0.0026920996   0.0018659743   0.0005126664
        0.0016353672   0.0037204111   0.0206344621   0.0002616410   0.0004045144
       -0.0000431676  -0.0001132835   0.0000065899   0.0002653061  -0.0000476043
        0.0001878869  -0.0001219396  -0.0000319424   0.0001055164   0.0000059708
       -0.0000422266  -0.0000330285  -0.0001142609   0.0000140571  -0.0004572819
       -0.0002142345  -0.0005740762   0.0028015545   0.0022260293   0.0000114950
       -0.0001285383  -0.0000431263
        0.0002464221   0.0007465917   0.0006802599   0.0043706817  -0.0036635267
        0.0267308868  -0.0008132995  -0.0048433095   0.0029174283  -0.0000944118
       -0.0410076414   0.0060812175  -0.0019445226   0.0534335380   0.0020494131
       -0.0038082874   0.0006466804  -0.0067263377  -0.0012067650  -0.0001001129
       -0.0003686854   0.0003337113   0.0001883592   0.0003912015   0.0002343809
        0.0000522822  -0.0001819630   0.0004370302  -0.0001984759   0.0002273657
       -0.0002379899  -0.0000018029  -0.0001360153  -0.0004145800   0.0015844360
       -0.0009244527  -0.0001147355   0.0000675646  -0.0000050819  -0.0002069435
       -0.0002145945  -0.0000903814   0.0009983040   0.0006589568  -0.0002838468
       -0.0004510571  -0.0045815877  -0.0264932834   0.0008229125   0.0005620143
       -0.0004132768   0.0000321002  -0.0000050145  -0.0000847592   0.0002598422
        0.0003238675  -0.0002323530   0.0000901850  -0.0000497142  -0.0000221270
       -0.0000577096   0.0000643929  -0.0000073508  -0.0005145364  -0.0006604041
       -0.0004777034   0.0022418148  -0.0021681204  -0.0027290636  -0.0002025467
       -0.0008343788   0.0000989086
       -0.0004769659  -0.0003597163  -0.0001892936  -0.0024225119   0.0054348715
       -0.0161616009   0.0003106805   0.0021765328  -0.0014456657  -0.0546586327
        0.0026401552  -0.2528017343   0.0583595947   0.0020494131   0.2992282313
       -0.0052107068  -0.0001784644  -0.0075916892  -0.0009821567  -0.0002126130
       -0.0002161285   0.0002788810   0.0001087938   0.0002591713  -0.0000629486
       -0.0000163705   0.0002360209  -0.0002509476   0.0004171402  -0.0002789949
        0.0001708319  -0.0001085574   0.0000042965  -0.0001107633  -0.0007188320
        0.0010376306   0.0001259109  -0.0001242129  -0.0000009954   0.0001463355
        0.0000144815   0.0001380628   0.0009678644   0.0001440667   0.0007004452
        0.0027896083  -0.0076363515  -0.0219535825  -0.0003019668  -0.0001553677
        0.0004582208   0.0001532864  -0.0000353313  -0.0003121976  -0.0001325962
       -0.0003767512  -0.0001243807  -0.0000223197   0.0000230623   0.0000546495
        0.0000141197   0.0000298007  -0.0000306236  -0.0001329191  -0.0003496800
       -0.0000675824   0.0013138643  -0.0027458650  -0.0011831178   0.0001344577
       -0.0000202049   0.0002408581
       -0.0000897650  -0.0002551404   0.0001524317  -0.0073857356  -0.0119656562
        0.0010992489   0.0005180259   0.0010019151  -0.0005502991  -0.1488653086
       -0.0180591138  -0.0233831526  -0.0122355589  -0.0038082874  -0.0052107068
        0.4568513801  -0.0120592718   0.0073092479  -0.0533519847  -0.0043063228
       -0.0427581733  -0.0823323690   0.0377253270   0.0245926751   0.0009836209
        0.0017747278   0.0021343314   0.0040244042   0.0011759797  -0.0019694207
        0.0000397235  -0.0002872631  -0.0001706903  -0.0017003634   0.0018739824
        0.0002321737   0.0004354943  -0.0033475515   0.0000686676  -0.0501629511
        0.0227260575   0.0065334523  -0.0789454621  -0.0414147611   0.0387856832
       -0.0388968706   0.0105505781   0.0070918061   0.0005140002   0.0004148763
        0.0003494179   0.0001144804   0.0001678568  -0.0000242969   0.0000918169
        0.0001852056  -0.0000317764   0.0000631234   0.0000591367   0.0000754164
        0.0003747332   0.0006784343  -0.0002806531   0.0084252300   0.0169386466
       -0.0140669974   0.0016313964   0.0003945085   0.0001129657  -0.0001010604
       -0.0001638642  -0.0000913512
       -0.0011469347  -0.0036160344   0.0016886845  -0.0218167159  -0.0141094224
        0.0004521580  -0.0002655752   0.0004762798  -0.0007642335  -0.0316728692
       -0.0538714766  -0.0050180153  -0.0010928864   0.0006466804  -0.0001784644
       -0.0120592718   0.4471632203   0.0107614037  -0.0049802527  -0.0432725189
       -0.0361661234   0.0504829262  -0.1134500058  -0.0371679690   0.0030151647
       -0.0039593256  -0.0038166925   0.0086262886  -0.0265873486  -0.0048667505
        0.0005706138   0.0004760424  -0.0008969449   0.0014411927   0.0040368646
       -0.0001047342  -0.0007101338  -0.0043004269   0.0017863036   0.0004684222
        0.0034494194   0.0001326647  -0.0178040862  -0.1599214714   0.0644926505
        0.0323974922  -0.0073675192  -0.0049108654   0.0006718766   0.0006211589
        0.0002728041   0.0001959982  -0.0000636602  -0.0000228280  -0.0009866606
       -0.0004016070  -0.0001919691   0.0000924323  -0.0004769994   0.0001225908
       -0.0014263408   0.0011137923   0.0013105769  -0.0037508039  -0.0272487480
        0.0123898166  -0.0000629292   0.0009241190   0.0007997435  -0.0001869470
       -0.0002610127  -0.0001038068
       -0.0000152967   0.0016320563  -0.0008320132   0.0100240709   0.0053549067
        0.0011139565   0.0009470370   0.0010003674  -0.0001179835  -0.0228284972
       -0.0073103434  -0.0690759259  -0.0280687622  -0.0067263377  -0.0075916892
        0.0073092479   0.0107614037   0.4884319234  -0.0429514024  -0.0328174214
       -0.2205363771   0.0225578534  -0.0335090381  -0.0845299591   0.0163588923
       -0.0244159156  -0.0181634521  -0.0046543642   0.0051070254   0.0035490956
       -0.0002251106   0.0017686629   0.0000232799   0.0004216468  -0.0001553711
       -0.0001419419  -0.0010504355   0.0052719167   0.0003083654  -0.0043915304
        0.0045395678   0.0049818305   0.0268922258   0.0719953902  -0.1012400806
        0.0204460335  -0.0031592508   0.0009054363   0.0000851628   0.0000280980
        0.0003394963   0.0000615451  -0.0000756234  -0.0000693399   0.0006787374
        0.0003334799   0.0000130275   0.0001041956  -0.0001994898  -0.0002197986
        0.0013192817   0.0002527710   0.0008972105  -0.0052465947  -0.0000696552
        0.0010182315   0.0022947719   0.0005321225   0.0009708079  -0.0000687084
       -0.0001393222  -0.0000341003
        0.0000580346   0.0000726806   0.0000403726   0.0003187484   0.0005525489
       -0.0011531944  -0.0000989492  -0.0001773429   0.0003776954  -0.0116768196
       -0.0067026512  -0.0290886860  -0.0056260892  -0.0012067650  -0.0009821567
       -0.0533519847  -0.0049802527  -0.0429514024   0.0620366766   0.0080189341
        0.0456981130   0.0025431738   0.0057237122   0.0166435857  -0.0017580387
        0.0026989683   0.0017088990   0.0004020282  -0.0006089755   0.0003924230
        0.0001436301   0.0000105208  -0.0000263071  -0.0006418697   0.0001352209
        0.0001500196  -0.0001251965   0.0001033792   0.0000001503   0.0018805846
       -0.0011173906  -0.0003946966   0.0035140387  -0.0026174254   0.0090360206
        0.0025312379  -0.0007662218  -0.0006438604  -0.0000458245  -0.0000108683
        0.0003007055   0.0000403654   0.0000077694  -0.0000439992   0.0000363755
       -0.0000306212  -0.0000002498   0.0000042060  -0.0000024494  -0.0000638274
       -0.0003176560   0.0002016060   0.0005375118   0.0004683423   0.0003696765
       -0.0003288629  -0.0003796733   0.0003212849   0.0007922922   0.0000446592
        0.0000046624  -0.0000005459
        0.0000241189   0.0000609968  -0.0000298486  -0.0001695879   0.0005495073
       -0.0009334338  -0.0002718729  -0.0002238833   0.0003044697  -0.0022337397
       -0.0001761694  -0.0069879285  -0.0013018521  -0.0001001129  -0.0002126130
       -0.0043063228  -0.0432725189  -0.0328174214   0.0080189341   0.0608741845
        0.0261090422  -0.0022815965  -0.0059297362  -0.0224202634   0.0026069669
       -0.0033652664  -0.0022177805   0.0001024214   0.0007073855  -0.0018946366
        0.0001654207  -0.0006701337   0.0003047243   0.0002666626  -0.0001757118
        0.0003050934  -0.0001424962   0.0002007549   0.0003855157  -0.0017258495
        0.0010457280   0.0012362654   0.0001412728  -0.0099781004   0.0361101630
        0.0004446192  -0.0000307421   0.0008899263   0.0000227102  -0.0000894743
        0.0002240612   0.0000558927   0.0000233163  -0.0000054367   0.0000348826
       -0.0000257389   0.0000150453  -0.0000045822   0.0001026706   0.0001799630
       -0.0000300234   0.0000257225   0.0000922851   0.0004010664   0.0000508831
        0.0015411854   0.0001964831   0.0003291231  -0.0001370764  -0.0000135287
        0.0000673155  -0.0000413012
        0.0000884754   0.0000346317   0.0001075161   0.0002145939   0.0003358259
        0.0001925072  -0.0001279042  -0.0002314857   0.0002559177  -0.0051594499
       -0.0035132140  -0.0093339489  -0.0014300171  -0.0003686854  -0.0002161285
       -0.0427581733  -0.0361661234  -0.2205363771   0.0456981130   0.0261090422
        0.2739870332  -0.0016045387  -0.0067413995  -0.0169940686   0.0016843892
       -0.0022322309  -0.0014500621  -0.0001232510   0.0007671316  -0.0001728362
        0.0000532575  -0.0002684277   0.0003845051  -0.0001054758  -0.0005920328
       -0.0000650664   0.0000802977  -0.0000286243   0.0000771862  -0.0006181026
        0.0013749022   0.0015393768   0.0032188007   0.0210250092  -0.0289869298
        0.0009837150   0.0008525056   0.0012694125  -0.0000958959  -0.0001030626
        0.0000520416   0.0000179892   0.0000263119  -0.0000292158   0.0000017549
       -0.0000505416   0.0000163378   0.0000169855   0.0001220085   0.0001790808
        0.0002067484  -0.0000615380  -0.0004094648   0.0001985077  -0.0003679446
       -0.0000703663  -0.0004596967  -0.0000159286   0.0002014515   0.0000188773
        0.0000938704   0.0000020980
       -0.0007254195   0.0000938670  -0.0004543955   0.0022107669  -0.0013441317
        0.0006022947  -0.0003793898   0.0001038494  -0.0000285492  -0.0216619529
        0.0153510248   0.0084833008   0.0001885671   0.0003337113   0.0002788810
       -0.0823323690   0.0504829262   0.0225578534   0.0025431738  -0.0022815965
       -0.0016045387   0.4486746629   0.0067646565   0.0101583781  -0.0368918763
        0.0006732760  -0.0127502772  -0.0510795000  -0.0269322670   0.0114995197
        0.0027881019   0.0020152716  -0.0017518448  -0.0311522448  -0.0305402346
        0.0089346678  -0.0020108768   0.0259455673  -0.0017001784  -0.2125277703
       -0.0303827902  -0.0430183898   0.0034451167  -0.0025576291  -0.0010728290
       -0.0041865576  -0.0002244979  -0.0004249600   0.0003074643   0.0003207616
        0.0003397763  -0.0000620545   0.0000377737  -0.0000413492   0.0002395056
        0.0002298534  -0.0000425314   0.0007439421  -0.0005957733  -0.0005553513
       -0.0164609520  -0.0074294543  -0.0005059932  -0.0010985382  -0.0000324203
        0.0009462248  -0.0005453908   0.0000891617   0.0000606577  -0.0000264089
       -0.0001209054   0.0000896334
        0.0002013688  -0.0002199502  -0.0000165634  -0.0003290696   0.0007524039
        0.0002277152  -0.0001737660   0.0000235599   0.0000659196   0.0031239508
        0.0026198829   0.0010980751  -0.0005215116   0.0001883592   0.0001087938
        0.0377253270  -0.1134500058  -0.0335090381   0.0057237122  -0.0059297362
       -0.0067413995   0.0067646565   0.4577420435  -0.0045503884  -0.0005618136
       -0.0448132718  -0.0107742515  -0.0167190253  -0.1231759821   0.0409101158
       -0.0007130849  -0.0030802421   0.0047720334  -0.0129016524  -0.0078558139
        0.0021114594   0.0045722117  -0.0456873235   0.0060916256  -0.0071795753
       -0.0699552076   0.0095994256   0.0174560894  -0.0405276624  -0.0016805274
       -0.0036264205   0.0018934708   0.0009624229  -0.0000594821   0.0000186606
       -0.0000274706   0.0000430066   0.0000440463   0.0000225925  -0.0000348730
        0.0000187520  -0.0000261265   0.0002460093   0.0015634905  -0.0001226993
       -0.0321496333  -0.0047463003  -0.0092900280  -0.0010258071  -0.0053631770
        0.0008064358   0.0001109978  -0.0000319940  -0.0001225619   0.0000283845
       -0.0000280028   0.0000844399
        0.0001954683   0.0002341576   0.0003042212   0.0000966596  -0.0006323478
        0.0005546717  -0.0002231707   0.0002675960  -0.0002703963   0.0011363835
        0.0014728128   0.0004202088  -0.0011654666   0.0003912015   0.0002591713
        0.0245926751  -0.0371679690  -0.0845299591   0.0166435857  -0.0224202634
       -0.0169940686   0.0101583781  -0.0045503884   0.5047489856  -0.0159410433
       -0.0088259761  -0.2437435632   0.0116929427   0.0437543369  -0.0931102938
        0.0068408241   0.0256483287  -0.0212262028  -0.0045878853  -0.0048543640
        0.0052585792   0.0006809192  -0.0118127633   0.0063702064  -0.0494363421
        0.0027668496  -0.0674050835  -0.0096896130   0.0159138293   0.0055814825
       -0.0021233137   0.0012904976   0.0011915450  -0.0001312844   0.0000300369
       -0.0003309831  -0.0000772866  -0.0000653405   0.0000128548  -0.0001562666
       -0.0000671994   0.0000192469  -0.0008540867  -0.0021413733   0.0020495611
        0.0110305552  -0.0017078060   0.0012238023   0.0009242429   0.0027601589
       -0.0003847467   0.0002822235  -0.0001826288  -0.0001128462   0.0001109012
       -0.0001013859   0.0001136067
       -0.0001368392  -0.0000486655   0.0001615064  -0.0002845023   0.0000003201
        0.0003213770   0.0000435439   0.0000649365  -0.0002491622   0.0007551604
        0.0003427484   0.0009735164  -0.0004998707   0.0002343809  -0.0000629486
        0.0009836209   0.0030151647   0.0163588923  -0.0017580387   0.0026069669
        0.0016843892  -0.0368918763  -0.0005618136  -0.0159410433   0.0608575700
        0.0024438622   0.0289141259   0.0015515592  -0.0003539592   0.0069554231
       -0.0003545954  -0.0013233821   0.0007062642   0.0009208382   0.0005893309
       -0.0002495401  -0.0003401261   0.0002351090  -0.0003788908  -0.0256981078
       -0.0057057544  -0.0371601452   0.0001510210  -0.0012182029  -0.0005607757
        0.0000261734  -0.0002282541  -0.0002843222   0.0001245761   0.0001034744
       -0.0001513008   0.0000314494   0.0000030902  -0.0000227830   0.0000414020
        0.0000407609  -0.0000377201   0.0004076365   0.0003095944  -0.0000519593
        0.0002478726  -0.0002661775  -0.0010327414   0.0000052573  -0.0000457250
        0.0001470592   0.0000251974  -0.0000268781  -0.0001422466  -0.0002089217
       -0.0002109271   0.0001030254
       -0.0000470771  -0.0000254568   0.0000555831  -0.0000191870   0.0000968943
        0.0000836361   0.0001406142  -0.0002192018  -0.0000214536  -0.0008012536
        0.0001740366  -0.0002968308   0.0002298410   0.0000522822  -0.0000163705
        0.0017747278  -0.0039593256  -0.0244159156   0.0026989683  -0.0033652664
       -0.0022322309   0.0006732760  -0.0448132718  -0.0088259761   0.0024438622
        0.0505732160   0.0151422919   0.0006784248  -0.0008397744   0.0266086892
       -0.0012980484  -0.0043691147   0.0028238381   0.0012907050   0.0009008080
       -0.0009723703  -0.0004121458   0.0020505457   0.0001700623  -0.0064591857
        0.0016666404  -0.0069212814  -0.0004353780   0.0020552371   0.0006392938
        0.0002060542  -0.0001682208   0.0000618431   0.0000539535  -0.0000500546
       -0.0000556107   0.0000256615  -0.0000090759  -0.0000364175   0.0000083210
       -0.0000061330  -0.0000008780   0.0001798486  -0.0003214642  -0.0005584609
       -0.0005471263   0.0003969633  -0.0012722802  -0.0001862018   0.0001757630
       -0.0001698315  -0.0000127552   0.0000215816   0.0001363126  -0.0001858991
       -0.0000176081   0.0000743577
        0.0000636125   0.0000486833  -0.0000319996   0.0003260846   0.0002952877
       -0.0003479285  -0.0002010028  -0.0000163208   0.0001620807  -0.0006439542
        0.0002499046  -0.0000428850   0.0003958544  -0.0001819630   0.0002360209
        0.0021343314  -0.0038166925  -0.0181634521   0.0017088990  -0.0022177805
       -0.0014500621  -0.0127502772  -0.0107742515  -0.2437435632   0.0289141259
        0.0151422919   0.2890263288  -0.0004222247   0.0019236360  -0.0189964952
        0.0007739405   0.0025803498  -0.0016556405   0.0000804901  -0.0010665719
        0.0012326886  -0.0003417217  -0.0008862960   0.0013427849  -0.0190360390
       -0.0036152299  -0.0112005454  -0.0002490901   0.0008377024   0.0015761657
        0.0000679485   0.0001316450   0.0001102761  -0.0001462890  -0.0001231282
        0.0000753588  -0.0000695558   0.0000015677  -0.0000357390  -0.0000472287
       -0.0000502720  -0.0000201012  -0.0000972991   0.0005298045   0.0003491667
        0.0000964972   0.0005155578   0.0013840382  -0.0004708158   0.0003509091
       -0.0000847810  -0.0000741651   0.0000136612   0.0002061511  -0.0000121207
        0.0001275052   0.0000721324
       -0.0023705164   0.0000462843   0.0000112894  -0.0308084166   0.0131648273
        0.0076276816   0.0025357195  -0.0012838629  -0.0015265961   0.0015131832
        0.0015248433  -0.0010445869  -0.0003402542   0.0004370302  -0.0002509476
        0.0040244042   0.0086262886  -0.0046543642   0.0004020282   0.0001024214
       -0.0001232510  -0.0510795000  -0.0167190253   0.0116929427   0.0015515592
        0.0006784248  -0.0004222247   0.3856972930  -0.0116046918   0.0119615227
       -0.0421607190  -0.0015940310  -0.0271686716  -0.1499286634  -0.0384840838
       -0.0334884877  -0.0907605870   0.0750534021   0.0219679383  -0.0197653636
       -0.0281059825   0.0097143063  -0.0023771034   0.0042153069   0.0003503467
        0.0003635142  -0.0029206274  -0.0003660276   0.0018339613   0.0002577431
        0.0010445368  -0.0003877048  -0.0002222247  -0.0001065905  -0.0001257390
        0.0002879883  -0.0001075400  -0.0024626075  -0.0034957148   0.0057549156
       -0.0043344187  -0.0016052695  -0.0004256520   0.0001342793   0.0012102375
        0.0000090333   0.0000422411   0.0007169490   0.0001389825  -0.0011965896
       -0.0002862330  -0.0005885563
        0.0021680823  -0.0014377715  -0.0012493325   0.0206897259   0.0027770898
        0.0043125918   0.0010356170   0.0003117978   0.0000384563   0.0024758232
        0.0004834058  -0.0000306836   0.0003431276  -0.0001984759   0.0004171402
        0.0011759797  -0.0265873486   0.0051070254  -0.0006089755   0.0007073855
        0.0007671316  -0.0269322670  -0.1231759821   0.0437543369  -0.0003539592
       -0.0008397744   0.0019236360  -0.0116046918   0.4593851023   0.0307206431
       -0.0037038162  -0.0411056444  -0.0022489895  -0.0638667114  -0.0755793974
       -0.0227046718   0.0832312499  -0.1806248134  -0.0533154087  -0.0056482781
       -0.0058812357   0.0013329132   0.0020667292   0.0010122093  -0.0017483862
       -0.0019030649   0.0010365787   0.0007572787  -0.0006896861  -0.0002164604
        0.0001512236   0.0008185528   0.0001564533   0.0001431854  -0.0002543374
       -0.0001300719  -0.0000122739   0.0018571645  -0.0074644505  -0.0094441110
       -0.0007060586  -0.0017806780   0.0011109439  -0.0000486766  -0.0010384866
        0.0003163088   0.0003399183  -0.0001532556  -0.0002787308   0.0001185527
        0.0003438239   0.0001797731
        0.0010925620  -0.0021848966  -0.0005247325   0.0115263811   0.0049977794
       -0.0004687893   0.0040511119  -0.0008082672   0.0013460249  -0.0010386592
        0.0003039448   0.0010720525  -0.0002939428   0.0002273657  -0.0002789949
       -0.0019694207  -0.0048667505   0.0035490956   0.0003924230  -0.0018946366
       -0.0001728362   0.0114995197   0.0409101158  -0.0931102938   0.0069554231
        0.0266086892  -0.0189964952   0.0119615227   0.0307206431   0.5226228199
       -0.0325287094   0.0014247063  -0.2374470179  -0.0431876355  -0.0212358060
       -0.0694598437   0.0112600412  -0.0314990027  -0.0980854198  -0.0018563713
       -0.0072184295   0.0042997071   0.0009039216  -0.0037222341   0.0002230895
        0.0007689793  -0.0007829828  -0.0005496709   0.0001304234   0.0004826120
       -0.0001568666   0.0008280882   0.0001703747   0.0001728203   0.0001592836
        0.0002514665  -0.0001054845   0.0213474588  -0.0317020190  -0.0148647641
       -0.0014076233   0.0003492477   0.0003352626  -0.0001793778  -0.0002564499
        0.0003334994  -0.0001042363   0.0000445730  -0.0000215315  -0.0003111634
       -0.0003200432   0.0002883692
        0.0000350722  -0.0000443316   0.0000010442   0.0008953061  -0.0015919987
       -0.0032436032   0.0002648583   0.0001840308   0.0013919228  -0.0002292029
        0.0002099578   0.0002335942  -0.0000244077  -0.0002379899   0.0001708319
        0.0000397235   0.0005706138  -0.0002251106   0.0001436301   0.0001654207
        0.0000532575   0.0027881019  -0.0007130849   0.0068408241  -0.0003545954
       -0.0012980484   0.0007739405  -0.0421607190  -0.0037038162  -0.0325287094
        0.0628778835   0.0003653701   0.0391899641  -0.0254309304  -0.0039848710
       -0.0340955279  -0.0000753121   0.0061186990   0.0195319526   0.0007855816
        0.0006503486  -0.0002720123  -0.0001262688  -0.0002233167   0.0001019730
        0.0000918308  -0.0000229404   0.0000108266  -0.0000151064   0.0000437940
        0.0002741959   0.0000599216   0.0000579837   0.0000081630   0.0000853550
        0.0000331356  -0.0000654856   0.0002651227   0.0031682360   0.0016764906
        0.0000589443   0.0001043793   0.0000228683   0.0000302874  -0.0000142428
       -0.0000247044  -0.0000573202   0.0000691239   0.0000326365   0.0000522440
        0.0000935473   0.0001406676
        0.0001290803  -0.0000042424   0.0000637364   0.0005183913   0.0008852974
        0.0010045324  -0.0000894492   0.0001408575  -0.0000402772   0.0000171820
       -0.0001418990   0.0000723292  -0.0001744205  -0.0000018029  -0.0001085574
       -0.0002872631   0.0004760424   0.0017686629   0.0000105208  -0.0006701337
       -0.0002684277   0.0020152716  -0.0030802421   0.0256483287  -0.0013233821
       -0.0043691147   0.0025803498  -0.0015940310  -0.0411056444   0.0014247063
        0.0003653701   0.0570334347   0.0133622164  -0.0054595813   0.0009237268
       -0.0095105197   0.0022370587  -0.0088320764  -0.0316075248   0.0011028256
        0.0008363555  -0.0011285996  -0.0000002352   0.0003398577  -0.0006797750
       -0.0000618934   0.0000874377  -0.0000499811  -0.0000704300  -0.0000925375
       -0.0001279946   0.0000369568  -0.0000099020   0.0000008870  -0.0000583080
       -0.0000327820  -0.0000277410   0.0023902838  -0.0024849249  -0.0025049138
        0.0000656300   0.0001683690   0.0000931486   0.0000839126  -0.0000364457
        0.0000109632   0.0000914770  -0.0000795622  -0.0000204940   0.0000550330
        0.0000499311   0.0000449448
        0.0002826964   0.0000172655   0.0000230397   0.0010633884   0.0000840193
        0.0021102239  -0.0010992555   0.0007083139   0.0000766582  -0.0001484946
       -0.0000010324  -0.0002375991   0.0002426770  -0.0001360153   0.0000042965
       -0.0001706903  -0.0008969449   0.0000232799  -0.0000263071   0.0003047243
        0.0003845051  -0.0017518448   0.0047720334  -0.0212262028   0.0007062642
        0.0028238381  -0.0016556405  -0.0271686716  -0.0022489895  -0.2374470179
        0.0391899641   0.0133622164   0.2884267404  -0.0168964373  -0.0045666631
       -0.0117005523   0.0045855486  -0.0109274357  -0.0203639394  -0.0001123614
       -0.0005766592   0.0013235721   0.0002547400  -0.0000642949   0.0003125405
        0.0000095019   0.0000891471   0.0000592813  -0.0001480170  -0.0001057368
        0.0000545252   0.0000445678   0.0000373093  -0.0000052848   0.0000518864
       -0.0000066449  -0.0000208865   0.0010560420  -0.0021206307  -0.0004368296
       -0.0000852406  -0.0005927334   0.0001155143  -0.0000497339  -0.0000638947
        0.0000044973  -0.0000316144  -0.0000391613   0.0000828959   0.0002013917
        0.0001479694   0.0000923828
       -0.0353052962   0.0249765744   0.0109691861  -0.0983495065   0.0564321698
        0.0307801395  -0.0039947960   0.0073084073   0.0115212138  -0.0012432885
        0.0052382326   0.0018420935   0.0000292905  -0.0004145800  -0.0001107633
       -0.0017003634   0.0014411927   0.0004216468  -0.0006418697   0.0002666626
       -0.0001054758  -0.0311522448  -0.0129016524  -0.0045878853   0.0009208382
        0.0012907050   0.0000804901  -0.1499286634  -0.0638667114  -0.0431876355
       -0.0254309304  -0.0054595813  -0.0168964373   0.4000873669  -0.0355827761
       -0.0029790716  -0.0470244336   0.0263981467   0.0083657809  -0.0044205948
       -0.0080632753   0.0029514814   0.0006851321   0.0007431594  -0.0000509305
       -0.0008654545   0.0050168363   0.0005872991   0.0001611411   0.0013852207
        0.0023563105  -0.0072568067  -0.0022514195  -0.0011600220   0.0017423149
        0.0005269837   0.0002694115   0.0032901443  -0.0000010630  -0.0003991829
       -0.0016364195  -0.0004855903  -0.0000384912   0.0002844330  -0.0003735743
       -0.0002526362   0.0000090599  -0.0008733800  -0.0003661703   0.0017409471
       -0.0007506876  -0.0000103513
        0.0016980993   0.0046163179   0.0023965040   0.0394482284  -0.1374422112
       -0.0554696350   0.0078325166  -0.0089014029  -0.0168745422   0.0214979332
       -0.0304861940  -0.0153693009  -0.0001678037   0.0015844360  -0.0007188320
        0.0018739824   0.0040368646  -0.0001553711   0.0001352209  -0.0001757118
       -0.0005920328  -0.0305402346  -0.0078558139  -0.0048543640   0.0005893309
        0.0009008080  -0.0010665719  -0.0384840838  -0.0755793974  -0.0212358060
       -0.0039848710   0.0009237268  -0.0045666631  -0.0355827761   0.2761162965
        0.1142615333   0.0412208224  -0.0050787461  -0.0002306553  -0.0054838771
       -0.0084174904   0.0031323457  -0.0001673677  -0.0002296800   0.0002455824
        0.0036507030  -0.0168276521   0.0006018365  -0.0002185407   0.0008932662
        0.0000825144  -0.0016129896   0.0002590280  -0.0006479948   0.0003422817
        0.0006067136  -0.0002742131  -0.0002850994   0.0004658580   0.0001597380
       -0.0017045925  -0.0001205317  -0.0002465701   0.0000419667   0.0004258341
       -0.0000815942  -0.0002930996   0.0006412553   0.0009103379   0.0001942502
       -0.0003555736   0.0005937542
       -0.0006790131   0.0026267684   0.0021752652   0.0241433729  -0.0578416534
       -0.0844319462   0.0227030177  -0.0299052432  -0.0236407515  -0.0022181305
        0.0006532554   0.0054113979  -0.0000772103  -0.0009244527   0.0010376306
        0.0002321737  -0.0001047342  -0.0001419419   0.0001500196   0.0003050934
       -0.0000650664   0.0089346678   0.0021114594   0.0052585792  -0.0002495401
       -0.0009723703   0.0012326886  -0.0334884877  -0.0227046718  -0.0694598437
       -0.0340955279  -0.0095105197  -0.0117005523  -0.0029790716   0.1142615333
        0.1647248019   0.0180780216  -0.0040387015   0.0057403745   0.0021072811
        0.0029482588   0.0004050458  -0.0000533615  -0.0002442143   0.0003705037
       -0.0000091770   0.0006594317   0.0005693544  -0.0024414248   0.0001532746
        0.0019707388  -0.0015987309   0.0002092529   0.0001297583  -0.0005156328
       -0.0003107444  -0.0000987358   0.0000891753   0.0012574255   0.0005668428
        0.0003400855  -0.0001136739   0.0001131583  -0.0000992056  -0.0000401058
       -0.0001223094   0.0002158319   0.0005372233   0.0002073554   0.0015108667
        0.0009881088  -0.0002523482
       -0.0014345868   0.0023597041   0.0012663611  -0.0086513604  -0.0033394121
       -0.0046840830   0.0002499091  -0.0002140498  -0.0000627005   0.0003359661
       -0.0008587517   0.0004726386   0.0000929957  -0.0001147355   0.0001259109
        0.0004354943  -0.0007101338  -0.0010504355  -0.0001251965  -0.0001424962
        0.0000802977  -0.0020108768   0.0045722117   0.0006809192  -0.0003401261
       -0.0004121458  -0.0003417217  -0.0907605870   0.0832312499   0.0112600412
       -0.0000753121   0.0022370587   0.0045855486  -0.0470244336   0.0412208224
        0.0180780216   0.1692721435  -0.1442795917   0.0161112698   0.0022786638
       -0.0005340834  -0.0001209140   0.0000651478   0.0010538231  -0.0000363057
       -0.0000954958   0.0009661069   0.0001054640  -0.0003019565   0.0000048857
       -0.0000597885  -0.0008490690  -0.0001510331  -0.0001890710   0.0001646954
        0.0000802031  -0.0000468689  -0.0221120994   0.0157234656  -0.0468266328
        0.0002372442  -0.0002278276   0.0004418102   0.0000666484  -0.0001369946
       -0.0000274724  -0.0000158544  -0.0003017557  -0.0000722942   0.0005980459
       -0.0000265205   0.0003100056
        0.0004336473  -0.0012983491  -0.0005336650   0.0022352063   0.0025954851
        0.0031913056  -0.0005233606   0.0000811133   0.0001792765  -0.0016319935
        0.0009158690  -0.0003233505  -0.0001929105   0.0000675646  -0.0001242129
       -0.0033475515  -0.0043004269   0.0052719167   0.0001033792   0.0002007549
       -0.0000286243   0.0259455673  -0.0456873235  -0.0118127633   0.0002351090
        0.0020505457  -0.0008862960   0.0750534021  -0.1806248134  -0.0314990027
        0.0061186990  -0.0088320764  -0.0109274357   0.0263981467  -0.0050787461
       -0.0040387015  -0.1442795917   0.2725097422   0.0887865596  -0.0003352823
        0.0020229235  -0.0010509859   0.0019018445  -0.0048278624   0.0000062278
        0.0008247115  -0.0005442669  -0.0003106479   0.0004172622   0.0002094735
       -0.0000296776   0.0002151479   0.0001003054   0.0000268797   0.0000701068
        0.0000516421   0.0000002217   0.0105042113  -0.0301001914  -0.0360810120
        0.0005636109   0.0010791899   0.0000413248  -0.0001451665  -0.0005833904
        0.0000137286  -0.0002794271   0.0001465758   0.0001598792  -0.0002847683
       -0.0001537388  -0.0000309451
        0.0002293816  -0.0003996585   0.0001554821   0.0002644751   0.0010202695
        0.0019331446  -0.0003170954   0.0000859974   0.0001497184  -0.0002477398
        0.0003263903  -0.0002378906   0.0000263761  -0.0000050819  -0.0000009954
        0.0000686676   0.0017863036   0.0003083654   0.0000001503   0.0003855157
        0.0000771862  -0.0017001784   0.0060916256   0.0063702064  -0.0003788908
        0.0001700623   0.0013427849   0.0219679383  -0.0533154087  -0.0980854198
        0.0195319526  -0.0316075248  -0.0203639394   0.0083657809  -0.0002306553
        0.0057403745   0.0161112698   0.0887865596   0.5074666555  -0.0009533519
        0.0002874255   0.0003945801  -0.0000142858  -0.0000822222   0.0002644871
        0.0000308503  -0.0001795935  -0.0001110971   0.0001147146  -0.0001509397
       -0.0000648765   0.0000472108   0.0000246911  -0.0000616678  -0.0000082260
       -0.0000330556  -0.0000304941  -0.0629553222  -0.0134083179  -0.4051112170
       -0.0000054687   0.0000689574  -0.0002317106  -0.0000731079   0.0001730310
       -0.0000130877   0.0000034355   0.0000783409   0.0001461261  -0.0001085365
        0.0001272882  -0.0000367151
        0.0005041944   0.0002775732   0.0000740495   0.0001004072   0.0006198732
       -0.0012159453   0.0001889041   0.0000470237   0.0001638465   0.0013757596
        0.0050270604   0.0028277365   0.0005374438  -0.0002069435   0.0001463355
       -0.0501629511   0.0004684222  -0.0043915304   0.0018805846  -0.0017258495
       -0.0006181026  -0.2125277703  -0.0071795753  -0.0494363421  -0.0256981078
       -0.0064591857  -0.0190360390  -0.0197653636  -0.0056482781  -0.0018563713
        0.0007855816   0.0011028256  -0.0001123614  -0.0044205948  -0.0054838771
        0.0021072811   0.0022786638  -0.0003352823  -0.0009533519   0.3585243896
        0.1058301779   0.0457061086   0.0018691781  -0.0006001744  -0.0008406090
       -0.0059030118   0.0023704017   0.0014533482  -0.0004340086  -0.0003767518
       -0.0000572832   0.0001140005   0.0000844777  -0.0000054362  -0.0000048920
       -0.0001418071  -0.0000065243  -0.0003741876   0.0001345609  -0.0000356364
       -0.0501426061  -0.0869866240   0.0260761725   0.0007166869  -0.0008571006
        0.0001237764   0.0003439296  -0.0002269207  -0.0002200211   0.0002137698
        0.0002659734   0.0001068994
       -0.0000781825   0.0001670651  -0.0000128134   0.0002235769  -0.0002781126
       -0.0004349583   0.0000598008  -0.0000555915   0.0001276862   0.0019332702
       -0.0023047815  -0.0011238067   0.0001760225  -0.0002145945   0.0000144815
        0.0227260575   0.0034494194   0.0045395678  -0.0011173906   0.0010457280
        0.0013749022  -0.0303827902  -0.0699552076   0.0027668496  -0.0057057544
        0.0016666404  -0.0036152299  -0.0281059825  -0.0058812357  -0.0072184295
        0.0006503486   0.0008363555  -0.0005766592  -0.0080632753  -0.0084174904
        0.0029482588  -0.0005340834   0.0020229235   0.0002874255   0.1058301779
        0.4243889489  -0.1397435796   0.0016995426   0.0003636880   0.0004635351
        0.0020698160  -0.0004331534  -0.0003381590   0.0000080320  -0.0000908987
        0.0001200376  -0.0000411129   0.0000246138  -0.0000349202   0.0000680373
        0.0000013473   0.0000268633  -0.0000427845   0.0001096580   0.0001413568
       -0.0614668735  -0.3469313716   0.1405069644   0.0001865374   0.0003291810
       -0.0003536113  -0.0001426588   0.0000062282   0.0000860242   0.0000496691
        0.0001506402   0.0000482142
        0.0000840534   0.0000216425  -0.0000760927  -0.0000089053   0.0000521982
       -0.0003826360  -0.0000856432  -0.0000492297   0.0001940254   0.0009827897
       -0.0008810532   0.0002924919   0.0005968912  -0.0000903814   0.0001380628
        0.0065334523   0.0001326647   0.0049818305  -0.0003946966   0.0012362654
        0.0015393768  -0.0430183898   0.0095994256  -0.0674050835  -0.0371601452
       -0.0069212814  -0.0112005454   0.0097143063   0.0013329132   0.0042997071
       -0.0002720123  -0.0011285996   0.0013235721   0.0029514814   0.0031323457
        0.0004050458  -0.0001209140  -0.0010509859   0.0003945801   0.0457061086
       -0.1397435796   0.1254504053   0.0005453335   0.0006226148   0.0011882898
        0.0005208394  -0.0000356955   0.0000362233  -0.0000647870  -0.0000729032
        0.0001353412  -0.0000379819   0.0000130242  -0.0000126856   0.0000028444
       -0.0000236910  -0.0000001714   0.0002079506   0.0006000720   0.0002012915
        0.0136143483   0.1333274224  -0.0613135210  -0.0001841628  -0.0001846413
       -0.0003037727  -0.0001495117  -0.0000067593   0.0001893424   0.0000367505
        0.0001182123  -0.0000750774
        0.0001583946  -0.0017035494   0.0010756896  -0.0084580650  -0.0009041793
       -0.0007174292  -0.0000883708  -0.0000081270  -0.0000059297  -0.0133695487
       -0.0345072403   0.0191317402   0.0026920996   0.0009983040   0.0009678644
       -0.0789454621  -0.0178040862   0.0268922258   0.0035140387   0.0001412728
        0.0032188007   0.0034451167   0.0174560894  -0.0096896130   0.0001510210
       -0.0004353780  -0.0002490901  -0.0023771034   0.0020667292   0.0009039216
       -0.0001262688  -0.0000002352   0.0002547400   0.0006851321  -0.0001673677
       -0.0000533615   0.0000651478   0.0019018445  -0.0000142858   0.0018691781
        0.0016995426   0.0005453335   0.3355975651  -0.1428281964  -0.1090631655
       -0.0000155289  -0.0007827075   0.0009012965  -0.0002021858  -0.0000409923
       -0.0001664161   0.0001996771  -0.0000045268   0.0000460689  -0.0006993276
       -0.0004424827  -0.0000996749  -0.0000978497  -0.0000017061  -0.0000895510
        0.0006673163  -0.0014547434  -0.0003382426  -0.2448061483   0.1771021230
        0.0668024808  -0.0000189116  -0.0003251184  -0.0003282129   0.0001600837
        0.0000447311   0.0000748103
        0.0002059867  -0.0014259654   0.0010410216  -0.0067528481   0.0015759342
       -0.0014530622   0.0003115759   0.0001051401   0.0001276111  -0.0122403180
       -0.0261356515   0.0115861904   0.0018659743   0.0006589568   0.0001440667
       -0.0414147611  -0.1599214714   0.0719953902  -0.0026174254  -0.0099781004
        0.0210250092  -0.0025576291  -0.0405276624   0.0159138293  -0.0012182029
        0.0020552371   0.0008377024   0.0042153069   0.0010122093  -0.0037222341
       -0.0002233167   0.0003398577  -0.0000642949   0.0007431594  -0.0002296800
       -0.0002442143   0.0010538231  -0.0048278624  -0.0000822222  -0.0006001744
        0.0003636880   0.0006226148  -0.1428281964   0.4201893119  -0.0793399432
        0.0025783304   0.0038626042   0.0002017999  -0.0001697331  -0.0002184926
       -0.0003173159   0.0001898096  -0.0000036296   0.0000255604  -0.0005604957
       -0.0003747711  -0.0000526941  -0.0001796387   0.0002801626   0.0001594182
        0.0001970675   0.0013308870  -0.0007350685   0.1997745224  -0.1881004273
       -0.0375223071   0.0001460157  -0.0002715698  -0.0002469768   0.0000811678
        0.0002412950   0.0001001192
       -0.0000694961   0.0005891378  -0.0004069169   0.0019963662  -0.0005209397
        0.0010088565  -0.0002638463  -0.0005239641   0.0004008593   0.0034042925
        0.0085434424   0.0001501083   0.0005126664  -0.0002838468   0.0007004452
        0.0387856832   0.0644926505  -0.1012400806   0.0090360206   0.0361101630
       -0.0289869298  -0.0010728290  -0.0016805274   0.0055814825  -0.0005607757
        0.0006392938   0.0015761657   0.0003503467  -0.0017483862   0.0002230895
        0.0001019730  -0.0006797750   0.0003125405  -0.0000509305   0.0002455824
        0.0003705037  -0.0000363057   0.0000062278   0.0002644871  -0.0008406090
        0.0004635351   0.0011882898  -0.1090631655  -0.0793399432   0.1446894932
       -0.0007026258  -0.0007359175   0.0006085908   0.0000327072  -0.0000707879
        0.0004135460  -0.0000790836   0.0000304726  -0.0000598302   0.0001732259
        0.0000410064   0.0000427500   0.0000370287   0.0000563968   0.0001117955
       -0.0001340244  -0.0006451621  -0.0009951232   0.0589897025  -0.0250669937
       -0.0261520186  -0.0005190512  -0.0000219403   0.0002798828  -0.0000272700
        0.0001002754  -0.0000819868
       -0.0008503307  -0.0006002781  -0.0005181537  -0.0001707896   0.0049135980
        0.0022616577  -0.0003184866  -0.0008281104  -0.0006449067  -0.1108031515
        0.0808318674   0.0201446158   0.0016353672  -0.0004510571   0.0027896083
       -0.0388968706   0.0323974922   0.0204460335   0.0025312379   0.0004446192
        0.0009837150  -0.0041865576  -0.0036264205  -0.0021233137   0.0000261734
        0.0002060542   0.0000679485   0.0003635142  -0.0019030649   0.0007689793
        0.0000918308  -0.0000618934   0.0000095019  -0.0008654545   0.0036507030
       -0.0000091770  -0.0000954958   0.0008247115   0.0000308503  -0.0059030118
        0.0020698160   0.0005208394  -0.0000155289   0.0025783304  -0.0007026258
        0.1818295149  -0.1417553599   0.0115424622   0.0001384508  -0.0000196876
        0.0002113793   0.0007034940   0.0001089538  -0.0000009193   0.0004983854
        0.0000545981  -0.0000567747   0.0000081585  -0.0003093977  -0.0000731549
        0.0006020080   0.0000953768  -0.0002183507   0.0035535698   0.0002357423
       -0.0014801809  -0.0300474754   0.0215257455  -0.0539163985   0.0001714480
       -0.0003823387  -0.0000336355
        0.0018675806   0.0007803969   0.0005171147   0.0205399230  -0.0310329721
       -0.0154626167  -0.0001863287   0.0019487791  -0.0005704432   0.0809695456
       -0.1394709910  -0.0298389724   0.0037204111  -0.0045815877  -0.0076363515
        0.0105505781  -0.0073675192  -0.0031592508  -0.0007662218  -0.0000307421
        0.0008525056  -0.0002244979   0.0018934708   0.0012904976  -0.0002282541
       -0.0001682208   0.0001316450  -0.0029206274   0.0010365787  -0.0007829828
       -0.0000229404   0.0000874377   0.0000891471   0.0050168363  -0.0168276521
        0.0006594317   0.0009661069  -0.0005442669  -0.0001795935   0.0023704017
       -0.0004331534  -0.0000356955  -0.0007827075   0.0038626042  -0.0007359175
       -0.1417553599   0.2151180164   0.0572008552  -0.0002116765  -0.0008337473
       -0.0009560277   0.0003101804   0.0002664357   0.0000229945   0.0002685100
        0.0000939947   0.0001793527  -0.0002835245   0.0001970710   0.0001891331
       -0.0001264507   0.0000200087  -0.0000356980   0.0014544572   0.0005306126
       -0.0012605647   0.0194037019  -0.0249625699  -0.0006981803   0.0000703567
        0.0004180160   0.0002196176
        0.0006878253  -0.0003647883   0.0007369425  -0.0031319285   0.0020719758
        0.0042946207  -0.0003884860   0.0005484312   0.0016992156   0.0367320811
       -0.0511178247  -0.0965001399   0.0206344621  -0.0264932834  -0.0219535825
        0.0070918061  -0.0049108654   0.0009054363  -0.0006438604   0.0008899263
        0.0012694125  -0.0004249600   0.0009624229   0.0011915450  -0.0002843222
        0.0000618431   0.0001102761  -0.0003660276   0.0007572787  -0.0005496709
        0.0000108266  -0.0000499811   0.0000592813   0.0005872991   0.0006018365
        0.0005693544   0.0001054640  -0.0003106479  -0.0001110971   0.0014533482
       -0.0003381590   0.0000362233   0.0009012965   0.0002017999   0.0006085908
        0.0115424622   0.0572008552   0.5167444357  -0.0004578605  -0.0004648438
       -0.0003702127  -0.0004162668   0.0000710703  -0.0000301383  -0.0002876020
       -0.0000181492  -0.0000793540  -0.0000108469   0.0000917215   0.0001427117
       -0.0001358870  -0.0000862936   0.0000452846  -0.0015502352   0.0004233888
       -0.0002500462  -0.0716063934   0.0200113193  -0.4086284714  -0.0000421948
        0.0002609671   0.0000593823
       -0.0654026198   0.0159166952  -0.0171415495  -0.0091036303  -0.0064808371
       -0.0357096524  -0.0069793331  -0.0023563922  -0.0030867484   0.0006614317
        0.0009296583  -0.0002269439   0.0002616410   0.0008229125  -0.0003019668
        0.0005140002   0.0006718766   0.0000851628  -0.0000458245   0.0000227102
       -0.0000958959   0.0003074643  -0.0000594821  -0.0001312844   0.0001245761
        0.0000539535  -0.0001462890   0.0018339613  -0.0006896861   0.0001304234
       -0.0000151064  -0.0000704300  -0.0001480170   0.0001611411  -0.0002185407
       -0.0024414248  -0.0003019565   0.0004172622   0.0001147146  -0.0004340086
        0.0000080320  -0.0000647870  -0.0002021858  -0.0001697331   0.0000327072
        0.0001384508  -0.0002116765  -0.0004578605   0.2571905306  -0.2057341168
       -0.0151543912   0.0025902654   0.0030642299   0.0210968495   0.0033533253
        0.0012846848   0.0012007098   0.0002230385  -0.0001708551  -0.0000149149
        0.0001028801  -0.0000574529   0.0000326351   0.0001659528   0.0001300126
        0.0000158059  -0.0001083476   0.0001210824  -0.0000044165  -0.1850356465
        0.1927760924   0.0524171339
        0.0107922003  -0.0645050263  -0.0211319677  -0.0050808383   0.0001164142
       -0.0129146251  -0.0024613467  -0.0002746512  -0.0010922293  -0.0003167338
        0.0006975530  -0.0008921558   0.0004045144   0.0005620143  -0.0001553677
        0.0004148763   0.0006211589   0.0000280980  -0.0000108683  -0.0000894743
       -0.0001030626   0.0003207616   0.0000186606   0.0000300369   0.0001034744
       -0.0000500546  -0.0001231282   0.0002577431  -0.0002164604   0.0004826120
        0.0000437940  -0.0000925375  -0.0001057368   0.0013852207   0.0008932662
        0.0001532746   0.0000048857   0.0002094735  -0.0001509397  -0.0003767518
       -0.0000908987  -0.0000729032  -0.0000409923  -0.0002184926  -0.0000707879
       -0.0000196876  -0.0008337473  -0.0004648438  -0.2057341168   0.2805200520
        0.1057134280  -0.0010636808  -0.0042811866  -0.0278270457   0.0027978338
        0.0061901892   0.0251851929   0.0000613668  -0.0001411509   0.0001710319
        0.0000645410   0.0000546212  -0.0000044704   0.0000295122   0.0001822517
        0.0000807658  -0.0000570239   0.0001307092   0.0000287801   0.1984813159
       -0.2194026837  -0.0667639563
       -0.0377377593  -0.0054295338  -0.2221962258  -0.0189864697  -0.0103340430
       -0.0300638157  -0.0051039909  -0.0018451197  -0.0013885413   0.0000493296
        0.0027713306  -0.0009342089  -0.0000431676  -0.0004132768   0.0004582208
        0.0003494179   0.0002728041   0.0003394963   0.0003007055   0.0002240612
        0.0000520416   0.0003397763  -0.0000274706  -0.0003309831  -0.0001513008
       -0.0000556107   0.0000753588   0.0010445368   0.0001512236  -0.0001568666
        0.0002741959  -0.0001279946   0.0000545252   0.0023563105   0.0000825144
        0.0019707388  -0.0000597885  -0.0000296776  -0.0000648765  -0.0000572832
        0.0001200376   0.0001353412  -0.0001664161  -0.0003173159   0.0004135460
        0.0002113793  -0.0009560277  -0.0003702127  -0.0151543912   0.1057134280
        0.3832798521   0.0021596521  -0.0084492768  -0.0221217590  -0.0031758246
        0.0063577109  -0.0451089956   0.0000005368   0.0000199311   0.0002747316
        0.0000207933  -0.0000737579   0.0000153466  -0.0000369310  -0.0000017373
       -0.0000741260   0.0002217137   0.0002693990   0.0005114508   0.0733449751
       -0.0879215980  -0.0647700387
       -0.1394136307   0.1080186787   0.0409556095  -0.0212388357   0.0185987760
        0.0067110146   0.0000001639   0.0001472658  -0.0000939792  -0.0000482180
        0.0009838349   0.0005355170  -0.0001132835   0.0000321002   0.0001532864
        0.0001144804   0.0001959982   0.0000615451   0.0000403654   0.0000558927
        0.0000179892  -0.0000620545   0.0000430066  -0.0000772866   0.0000314494
        0.0000256615  -0.0000695558  -0.0003877048   0.0008185528   0.0008280882
        0.0000599216   0.0000369568   0.0000445678  -0.0072568067  -0.0016129896
       -0.0015987309  -0.0008490690   0.0002151479   0.0000472108   0.0001140005
       -0.0000411129  -0.0000379819   0.0001996771   0.0001898096  -0.0000790836
        0.0007034940   0.0003101804  -0.0004162668   0.0025902654  -0.0010636808
        0.0021596521   0.1611068130  -0.1241232901  -0.0471999777   0.0035773706
       -0.0022490330  -0.0012219791   0.0000746194  -0.0000119159  -0.0000484756
       -0.0000243545  -0.0000365324   0.0000415210  -0.0000357487  -0.0000863480
        0.0000209888  -0.0003621982  -0.0005096790  -0.0003071893   0.0011792833
        0.0000627194  -0.0004264839
        0.1091470677  -0.1642757395  -0.0432803867  -0.0025482435   0.0043319453
        0.0017002574   0.0000176121   0.0000209670   0.0001332393  -0.0008745874
        0.0000466181  -0.0000076680   0.0000065899  -0.0000050145  -0.0000353313
        0.0001678568  -0.0000636602  -0.0000756234   0.0000077694   0.0000233163
        0.0000263119   0.0000377737   0.0000440463  -0.0000653405   0.0000030902
       -0.0000090759   0.0000015677  -0.0002222247   0.0001564533   0.0001703747
        0.0000579837  -0.0000099020   0.0000373093  -0.0022514195   0.0002590280
        0.0002092529  -0.0001510331   0.0001003054   0.0000246911   0.0000844777
        0.0000246138   0.0000130242  -0.0000045268  -0.0000036296   0.0000304726
        0.0001089538   0.0002664357   0.0000710703   0.0030642299  -0.0042811866
       -0.0084492768  -0.1241232901   0.1863446357   0.0554661603   0.0182527814
       -0.0240336520  -0.0045192118  -0.0000672760   0.0000013935   0.0000272691
       -0.0000159368  -0.0000086982  -0.0000084952  -0.0000571250  -0.0000222809
        0.0000038060  -0.0004572085  -0.0001050613  -0.0001756417  -0.0001833151
        0.0011981424  -0.0012978315
        0.0366405937  -0.0380297541  -0.0533147542  -0.0011875839   0.0025524868
        0.0019833857  -0.0002377272   0.0001363812  -0.0000952507   0.0003952790
       -0.0000262993   0.0003149679   0.0002653061  -0.0000847592  -0.0003121976
       -0.0000242969  -0.0000228280  -0.0000693399  -0.0000439992  -0.0000054367
       -0.0000292158  -0.0000413492   0.0000225925   0.0000128548  -0.0000227830
       -0.0000364175  -0.0000357390  -0.0001065905   0.0001431854   0.0001728203
        0.0000081630   0.0000008870  -0.0000052848  -0.0011600220  -0.0006479948
        0.0001297583  -0.0001890710   0.0000268797  -0.0000616678  -0.0000054362
       -0.0000349202  -0.0000126856   0.0000460689   0.0000255604  -0.0000598302
       -0.0000009193   0.0000229945  -0.0000301383   0.0210968495  -0.0278270457
       -0.0221217590  -0.0471999777   0.0554661603   0.0756292542  -0.0074925491
        0.0098780582   0.0040185216   0.0000168390  -0.0000009488   0.0000341284
       -0.0000121068  -0.0000130412   0.0000158225  -0.0000191048  -0.0000011964
        0.0000399399  -0.0004837785  -0.0000984766  -0.0000544761  -0.0002418041
       -0.0014460673  -0.0061491147
       -0.0497277916  -0.0321831784   0.0201182508  -0.0115552929  -0.0283702297
        0.0109449876   0.0005591534  -0.0002675272   0.0003675950  -0.0060531203
       -0.0006708667  -0.0011406443  -0.0000476043   0.0002598422  -0.0001325962
        0.0000918169  -0.0009866606   0.0006787374   0.0000363755   0.0000348826
        0.0000017549   0.0002395056  -0.0000348730  -0.0001562666   0.0000414020
        0.0000083210  -0.0000472287  -0.0001257390  -0.0002543374   0.0001592836
        0.0000853550  -0.0000583080   0.0000518864   0.0017423149   0.0003422817
       -0.0005156328   0.0001646954   0.0000701068  -0.0000082260  -0.0000048920
        0.0000680373   0.0000028444  -0.0006993276  -0.0005604957   0.0001732259
        0.0004983854   0.0002685100  -0.0002876020   0.0033533253   0.0027978338
       -0.0031758246   0.0035773706   0.0182527814  -0.0074925491   0.0572702751
        0.0421700703  -0.0202104462  -0.0000506125  -0.0000482418  -0.0000058697
        0.0000402332   0.0000122703  -0.0000107681   0.0000178479   0.0000746747
       -0.0000011071  -0.0000091936  -0.0000335463   0.0000410519   0.0005555177
       -0.0008913473   0.0006451435
       -0.0342981654  -0.2061132899   0.0847565657  -0.0058737407  -0.0121461788
        0.0043982508   0.0000331728  -0.0001161510  -0.0001766277  -0.0030535422
       -0.0001137040  -0.0006894167   0.0001878869   0.0003238675  -0.0003767512
        0.0001852056  -0.0004016070   0.0003334799  -0.0000306212  -0.0000257389
       -0.0000505416   0.0002298534   0.0000187520  -0.0000671994   0.0000407609
       -0.0000061330  -0.0000502720   0.0002879883  -0.0001300719   0.0002514665
        0.0000331356  -0.0000327820  -0.0000066449   0.0005269837   0.0006067136
       -0.0003107444   0.0000802031   0.0000516421  -0.0000330556  -0.0001418071
        0.0000013473  -0.0000236910  -0.0004424827  -0.0003747711   0.0000410064
        0.0000545981   0.0000939947  -0.0000181492   0.0012846848   0.0061901892
        0.0063577109  -0.0022490330  -0.0240336520   0.0098780582   0.0421700703
        0.2338889073  -0.1029344051   0.0000238168  -0.0000326153   0.0000013593
        0.0000484090   0.0000231064  -0.0000035344   0.0000499117   0.0001323652
        0.0000169739  -0.0000280797   0.0000620700   0.0000871884   0.0008807909
        0.0021337394  -0.0013810268
        0.0221028270   0.0844118555  -0.0792423392  -0.0003986649  -0.0014154682
        0.0025840313  -0.0004348948  -0.0006449273   0.0002729965  -0.0008260160
       -0.0002302265   0.0006907112  -0.0001219396  -0.0002323530  -0.0001243807
       -0.0000317764  -0.0001919691   0.0000130275  -0.0000002498   0.0000150453
        0.0000163378  -0.0000425314  -0.0000261265   0.0000192469  -0.0000377201
       -0.0000008780  -0.0000201012  -0.0001075400  -0.0000122739  -0.0001054845
       -0.0000654856  -0.0000277410  -0.0000208865   0.0002694115  -0.0002742131
       -0.0000987358  -0.0000468689   0.0000002217  -0.0000304941  -0.0000065243
        0.0000268633  -0.0000001714  -0.0000996749  -0.0000526941   0.0000427500
       -0.0000567747   0.0001793527  -0.0000793540   0.0012007098   0.0251851929
       -0.0451089956  -0.0012219791  -0.0045192118   0.0040185216  -0.0202104462
       -0.1029344051   0.1168462668   0.0000094214   0.0000038127   0.0000254142
       -0.0000036422  -0.0000330380   0.0000199007  -0.0000019854  -0.0000090111
       -0.0000115777   0.0000467547  -0.0000142471   0.0000793910   0.0000855896
        0.0007964397   0.0002139252
       -0.0000905424  -0.0000725683  -0.0000169305  -0.0004949246   0.0003641446
        0.0004210129  -0.0000869926  -0.0000314351  -0.0002594273  -0.0000275396
       -0.0000040946  -0.0000471679  -0.0000319424   0.0000901850  -0.0000223197
        0.0000631234   0.0000924323   0.0001041956   0.0000042060  -0.0000045822
        0.0000169855   0.0007439421   0.0002460093  -0.0008540867   0.0004076365
        0.0001798486  -0.0000972991  -0.0024626075   0.0018571645   0.0213474588
        0.0002651227   0.0023902838   0.0010560420   0.0032901443  -0.0002850994
        0.0000891753  -0.0221120994   0.0105042113  -0.0629553222  -0.0003741876
       -0.0000427845   0.0002079506  -0.0000978497  -0.0001796387   0.0000370287
        0.0000081585  -0.0002835245  -0.0000108469   0.0002230385   0.0000613668
        0.0000005368   0.0000746194  -0.0000672760   0.0000168390  -0.0000506125
        0.0000238168   0.0000094214   0.0216367525  -0.0150682271   0.0410044062
        0.0000030165  -0.0000287481  -0.0001894408  -0.0000050913   0.0000293149
        0.0000168927   0.0000067689   0.0000669230  -0.0000358802  -0.0008921397
        0.0001622775   0.0001607756
        0.0000645755   0.0001049651   0.0000196004   0.0000045966   0.0001282413
       -0.0003921663  -0.0000077077   0.0000518426   0.0001180848   0.0002655357
       -0.0000337929   0.0000482592   0.0001055164  -0.0000497142   0.0000230623
        0.0000591367  -0.0004769994  -0.0001994898  -0.0000024494   0.0001026706
        0.0001220085  -0.0005957733   0.0015634905  -0.0021413733   0.0003095944
       -0.0003214642   0.0005298045  -0.0034957148  -0.0074644505  -0.0317020190
        0.0031682360  -0.0024849249  -0.0021206307  -0.0000010630   0.0004658580
        0.0012574255   0.0157234656  -0.0301001914  -0.0134083179   0.0001345609
        0.0001096580   0.0006000720  -0.0000017061   0.0002801626   0.0000563968
       -0.0003093977   0.0001970710   0.0000917215  -0.0001708551  -0.0001411509
        0.0000199311  -0.0000119159   0.0000013935  -0.0000009488  -0.0000482418
       -0.0000326153   0.0000038127  -0.0150682271   0.0378932755   0.0472743758
       -0.0001497930  -0.0000473980  -0.0002434346  -0.0000627711   0.0000420133
        0.0000254892   0.0000639056   0.0000056250   0.0000299339   0.0000264925
        0.0002064348  -0.0000115977
       -0.0000962955   0.0000534568  -0.0002291743  -0.0000177697  -0.0000021910
       -0.0004101187  -0.0002028757   0.0001775047   0.0003235623   0.0001162433
       -0.0000478358   0.0000065233   0.0000059708  -0.0000221270   0.0000546495
        0.0000754164   0.0001225908  -0.0002197986  -0.0000638274   0.0001799630
        0.0001790808  -0.0005553513  -0.0001226993   0.0020495611  -0.0000519593
       -0.0005584609   0.0003491667   0.0057549156  -0.0094441110  -0.0148647641
        0.0016764906  -0.0025049138  -0.0004368296  -0.0003991829   0.0001597380
        0.0005668428  -0.0468266328  -0.0360810120  -0.4051112170  -0.0000356364
        0.0001413568   0.0002012915  -0.0000895510   0.0001594182   0.0001117955
       -0.0000731549   0.0001891331   0.0001427117  -0.0000149149   0.0001710319
        0.0002747316  -0.0000484756   0.0000272691   0.0000341284  -0.0000058697
        0.0000013593   0.0000254142   0.0410044062   0.0472743758   0.4170672718
        0.0000297890   0.0000936400  -0.0002061754   0.0000104387   0.0000293083
       -0.0000561661  -0.0000508081   0.0000299051  -0.0000420834  -0.0001413654
       -0.0000267003   0.0001895959
       -0.0000934322   0.0000173313  -0.0000046517   0.0001265614  -0.0001384888
        0.0001546390  -0.0000362980  -0.0000207821  -0.0000668665  -0.0003212033
        0.0000738502  -0.0001350997  -0.0000422266  -0.0000577096   0.0000141197
        0.0003747332  -0.0014263408   0.0013192817  -0.0003176560  -0.0000300234
        0.0002067484  -0.0164609520  -0.0321496333   0.0110305552   0.0002478726
       -0.0005471263   0.0000964972  -0.0043344187  -0.0007060586  -0.0014076233
        0.0000589443   0.0000656300  -0.0000852406  -0.0016364195  -0.0017045925
        0.0003400855   0.0002372442   0.0005636109  -0.0000054687  -0.0501426061
       -0.0614668735   0.0136143483   0.0006673163   0.0001970675  -0.0001340244
        0.0006020080  -0.0001264507  -0.0001358870   0.0001028801   0.0000645410
        0.0000207933  -0.0000243545  -0.0000159368  -0.0000121068   0.0000402332
        0.0000484090  -0.0000036422   0.0000030165  -0.0001497930   0.0000297890
        0.0705399654   0.0976707603  -0.0244890493   0.0005994239  -0.0001120413
       -0.0003845632  -0.0001614623  -0.0000301515   0.0000253519  -0.0000291699
       -0.0000191982   0.0000120140
       -0.0000098894   0.0000258523   0.0000142871   0.0001290251  -0.0002112843
        0.0001845436  -0.0000395885   0.0000362717  -0.0000987237  -0.0002803957
       -0.0001846693   0.0000244799  -0.0000330285   0.0000643929   0.0000298007
        0.0006784343   0.0011137923   0.0002527710   0.0002016060   0.0000257225
       -0.0000615380  -0.0074294543  -0.0047463003  -0.0017078060  -0.0002661775
        0.0003969633   0.0005155578  -0.0016052695  -0.0017806780   0.0003492477
        0.0001043793   0.0001683690  -0.0005927334  -0.0004855903  -0.0001205317
       -0.0001136739  -0.0002278276   0.0010791899   0.0000689574  -0.0869866240
       -0.3469313716   0.1333274224  -0.0014547434   0.0013308870  -0.0006451621
        0.0000953768   0.0000200087  -0.0000862936  -0.0000574529   0.0000546212
       -0.0000737579  -0.0000365324  -0.0000086982  -0.0000130412   0.0000122703
        0.0000231064  -0.0000330380  -0.0000287481  -0.0000473980   0.0000936400
        0.0976707603   0.3497808222  -0.1314947989  -0.0000335840   0.0000131619
        0.0000274077   0.0000241849  -0.0000578924  -0.0000114508   0.0000588691
       -0.0000443376   0.0000439025
       -0.0000085356  -0.0000461536  -0.0000271620  -0.0001113672   0.0001600130
        0.0000091610   0.0000504658   0.0000221046  -0.0000250031   0.0002430126
        0.0000038890  -0.0000301021  -0.0001142609  -0.0000073508  -0.0000306236
       -0.0002806531   0.0013105769   0.0008972105   0.0005375118   0.0000922851
       -0.0004094648  -0.0005059932  -0.0092900280   0.0012238023  -0.0010327414
       -0.0012722802   0.0013840382  -0.0004256520   0.0011109439   0.0003352626
        0.0000228683   0.0000931486   0.0001155143  -0.0000384912  -0.0002465701
        0.0001131583   0.0004418102   0.0000413248  -0.0002317106   0.0260761725
        0.1405069644  -0.0613135210  -0.0003382426  -0.0007350685  -0.0009951232
       -0.0002183507  -0.0000356980   0.0000452846   0.0000326351  -0.0000044704
        0.0000153466   0.0000415210  -0.0000084952   0.0000158225  -0.0000107681
       -0.0000035344   0.0000199007  -0.0001894408  -0.0002434346  -0.0002061754
       -0.0244890493  -0.1314947989   0.0590175921   0.0002619650   0.0000104800
        0.0001849223   0.0000839498   0.0000588058  -0.0001114293  -0.0000283661
       -0.0000226534   0.0000032991
       -0.0001349636  -0.0000615408   0.0000164231  -0.0000843967   0.0003383480
        0.0001772353   0.0000490044  -0.0000346007  -0.0000106029   0.0003714685
       -0.0017103464   0.0000925311   0.0000140571  -0.0005145364  -0.0001329191
        0.0084252300  -0.0037508039  -0.0052465947   0.0004683423   0.0004010664
        0.0001985077  -0.0010985382  -0.0010258071   0.0009242429   0.0000052573
       -0.0001862018  -0.0004708158   0.0001342793  -0.0000486766  -0.0001793778
        0.0000302874   0.0000839126  -0.0000497339   0.0002844330   0.0000419667
       -0.0000992056   0.0000666484  -0.0001451665  -0.0000731079   0.0007166869
        0.0001865374  -0.0001841628  -0.2448061483   0.1997745224   0.0589897025
        0.0035535698   0.0014544572  -0.0015502352   0.0001659528   0.0000295122
       -0.0000369310  -0.0000357487  -0.0000571250  -0.0000191048   0.0000178479
        0.0000499117  -0.0000019854  -0.0000050913  -0.0000627711   0.0000104387
        0.0005994239  -0.0000335840   0.0002619650   0.2315582061  -0.1948401933
       -0.0527714758  -0.0001736574   0.0000676338   0.0001770824  -0.0001221509
        0.0000434850  -0.0000218761
       -0.0001603424   0.0000168323  -0.0000542632   0.0006266031  -0.0005106452
        0.0000681970  -0.0000349288   0.0000514731  -0.0001214143   0.0009476195
       -0.0000326621  -0.0007470386  -0.0004572819  -0.0006604041  -0.0003496800
        0.0169386466  -0.0272487480  -0.0000696552   0.0003696765   0.0000508831
       -0.0003679446  -0.0000324203  -0.0053631770   0.0027601589  -0.0000457250
        0.0001757630   0.0003509091   0.0012102375  -0.0010384866  -0.0002564499
       -0.0000142428  -0.0000364457  -0.0000638947  -0.0003735743   0.0004258341
       -0.0000401058  -0.0001369946  -0.0005833904   0.0001730310  -0.0008571006
        0.0003291810  -0.0001846413   0.1771021230  -0.1881004273  -0.0250669937
        0.0002357423   0.0005306126   0.0004233888   0.0001300126   0.0001822517
       -0.0000017373  -0.0000863480  -0.0000222809  -0.0000011964   0.0000746747
        0.0001323652  -0.0000090111   0.0000293149   0.0000420133   0.0000293083
       -0.0001120413   0.0000131619   0.0000104800  -0.1948401933   0.2216487179
        0.0233539204  -0.0004975302   0.0000857017   0.0001670578  -0.0000159271
       -0.0000881235  -0.0000024251
       -0.0000288779  -0.0000633352   0.0000011228  -0.0000637506  -0.0002738425
        0.0000087710  -0.0000263115   0.0000842591  -0.0000764061   0.0011326446
        0.0008232304   0.0012470394  -0.0002142345  -0.0004777034  -0.0000675824
       -0.0140669974   0.0123898166   0.0010182315  -0.0003288629   0.0015411854
       -0.0000703663   0.0009462248   0.0008064358  -0.0003847467   0.0001470592
       -0.0001698315  -0.0000847810   0.0000090333   0.0003163088   0.0003334994
       -0.0000247044   0.0000109632   0.0000044973  -0.0002526362  -0.0000815942
       -0.0001223094  -0.0000274724   0.0000137286  -0.0000130877   0.0001237764
       -0.0003536113  -0.0003037727   0.0668024808  -0.0375223071  -0.0261520186
       -0.0014801809  -0.0012605647  -0.0002500462   0.0000158059   0.0000807658
       -0.0000741260   0.0000209888   0.0000038060   0.0000399399  -0.0000011071
        0.0000169739  -0.0000115777   0.0000168927   0.0000254892  -0.0000561661
       -0.0003845632   0.0000274077   0.0001849223  -0.0527714758   0.0233539204
        0.0255193689   0.0004243490   0.0007809785  -0.0006996290   0.0000319192
       -0.0000724796   0.0000092234
        0.0000364722  -0.0000894751  -0.0002739550   0.0006059570   0.0003898413
       -0.0006923314   0.0004079530   0.0003191747  -0.0000432492   0.0006988199
       -0.0015903770   0.0219120827  -0.0005740762   0.0022418148   0.0013138643
        0.0016313964  -0.0000629292   0.0022947719  -0.0003796733   0.0001964831
       -0.0004596967  -0.0005453908   0.0001109978   0.0002822235   0.0000251974
       -0.0000127552  -0.0000741651   0.0000422411   0.0003399183  -0.0001042363
       -0.0000573202   0.0000914770  -0.0000316144   0.0000090599  -0.0002930996
        0.0002158319  -0.0000158544  -0.0002794271   0.0000034355   0.0003439296
       -0.0001426588  -0.0001495117  -0.0000189116   0.0001460157  -0.0005190512
       -0.0300474754   0.0194037019  -0.0716063934  -0.0001083476  -0.0000570239
        0.0002217137  -0.0003621982  -0.0004572085  -0.0004837785  -0.0000091936
       -0.0000280797   0.0000467547   0.0000067689   0.0000639056  -0.0000508081
       -0.0001614623   0.0000241849   0.0000839498  -0.0001736574  -0.0004975302
        0.0004243490   0.0286633126  -0.0199826262   0.0476987865  -0.0000175469
        0.0001656752  -0.0000089727
       -0.0002917630  -0.0004444056  -0.0000460005   0.0002647118   0.0007935991
       -0.0025902650   0.0004542945  -0.0003391763   0.0005906785  -0.0041785606
       -0.0039133430  -0.0273211671   0.0028015545  -0.0021681204  -0.0027458650
        0.0003945085   0.0009241190   0.0005321225   0.0003212849   0.0003291231
       -0.0000159286   0.0000891617  -0.0000319940  -0.0001826288  -0.0000268781
        0.0000215816   0.0000136612   0.0007169490  -0.0001532556   0.0000445730
        0.0000691239  -0.0000795622  -0.0000391613  -0.0008733800   0.0006412553
        0.0005372233  -0.0003017557   0.0001465758   0.0000783409  -0.0002269207
        0.0000062282  -0.0000067593  -0.0003251184  -0.0002715698  -0.0000219403
        0.0215257455  -0.0249625699   0.0200113193   0.0001210824   0.0001307092
        0.0002693990  -0.0005096790  -0.0001050613  -0.0000984766  -0.0000335463
        0.0000620700  -0.0000142471   0.0000669230   0.0000056250   0.0000299051
       -0.0000301515  -0.0000578924   0.0000588058   0.0000676338   0.0000857017
        0.0007809785  -0.0199826262   0.0293865106   0.0102140743  -0.0001125942
       -0.0000061482  -0.0000786417
       -0.0001542425   0.0001487555  -0.0005945222   0.0002330190  -0.0005226071
        0.0019897603   0.0000750636  -0.0008274616   0.0002792787   0.0039203893
       -0.0071280778  -0.0186682435   0.0022260293  -0.0027290636  -0.0011831178
        0.0001129657   0.0007997435   0.0009708079   0.0007922922  -0.0001370764
        0.0002014515   0.0000606577  -0.0001225619  -0.0001128462  -0.0001422466
        0.0001363126   0.0002061511   0.0001389825  -0.0002787308  -0.0000215315
        0.0000326365  -0.0000204940   0.0000828959  -0.0003661703   0.0009103379
        0.0002073554  -0.0000722942   0.0001598792   0.0001461261  -0.0002200211
        0.0000860242   0.0001893424  -0.0003282129  -0.0002469768   0.0002798828
       -0.0539163985  -0.0006981803  -0.4086284714  -0.0000044165   0.0000287801
        0.0005114508  -0.0003071893  -0.0001756417  -0.0000544761   0.0000410519
        0.0000871884   0.0000793910  -0.0000358802   0.0000299339  -0.0000420834
        0.0000253519  -0.0000114508  -0.0001114293   0.0001770824   0.0001670578
       -0.0006996290   0.0476987865   0.0102140743   0.4249943506   0.0000127638
        0.0001302354  -0.0000218941
        0.0029210818  -0.0056941835   0.0024244313   0.0012315807  -0.0006557957
       -0.0007327022   0.0001007904   0.0001315170   0.0002737853  -0.0003613646
        0.0000182279  -0.0001067026   0.0000114950  -0.0002025467   0.0001344577
       -0.0001010604  -0.0001869470  -0.0000687084   0.0000446592  -0.0000135287
        0.0000188773  -0.0000264089   0.0000283845   0.0001109012  -0.0002089217
       -0.0001858991  -0.0000121207  -0.0011965896   0.0001185527  -0.0003111634
        0.0000522440   0.0000550330   0.0002013917   0.0017409471   0.0001942502
        0.0015108667   0.0005980459  -0.0002847683  -0.0001085365   0.0002137698
        0.0000496691   0.0000367505   0.0001600837   0.0000811678  -0.0000272700
        0.0001714480   0.0000703567  -0.0000421948  -0.1850356465   0.1984813159
        0.0733449751   0.0011792833  -0.0001833151  -0.0002418041   0.0005555177
        0.0008807909   0.0000855896  -0.0008921397   0.0000264925  -0.0001413654
       -0.0000291699   0.0000588691  -0.0000283661  -0.0001221509  -0.0000159271
        0.0000319192  -0.0000175469  -0.0001125942   0.0000127638   0.1790100524
       -0.1926591218  -0.0763657751
       -0.0002815593  -0.0048414722  -0.0075226496   0.0016573864  -0.0002441734
       -0.0009441873   0.0002408019   0.0001593242   0.0003242314   0.0004038895
       -0.0004891131  -0.0001082007  -0.0001285383  -0.0008343788  -0.0000202049
       -0.0001638642  -0.0002610127  -0.0001393222   0.0000046624   0.0000673155
        0.0000938704  -0.0001209054  -0.0000280028  -0.0001013859  -0.0002109271
       -0.0000176081   0.0001275052  -0.0002862330   0.0003438239  -0.0003200432
        0.0000935473   0.0000499311   0.0001479694  -0.0007506876  -0.0003555736
        0.0009881088  -0.0000265205  -0.0001537388   0.0001272882   0.0002659734
        0.0001506402   0.0001182123   0.0000447311   0.0002412950   0.0001002754
       -0.0003823387   0.0004180160   0.0002609671   0.1927760924  -0.2194026837
       -0.0879215980   0.0000627194   0.0011981424  -0.0014460673  -0.0008913473
        0.0021337394   0.0007964397   0.0001622775   0.0002064348  -0.0000267003
       -0.0000191982  -0.0000443376  -0.0000226534   0.0000434850  -0.0000881235
       -0.0000724796   0.0001656752  -0.0000061482   0.0001302354  -0.1926591218
        0.2217977041   0.0954303890
        0.0224294957  -0.0264077707  -0.0198512773   0.0005085675  -0.0006886287
       -0.0000058711   0.0003145083   0.0001333010   0.0003399432   0.0002779942
       -0.0002437902   0.0000117994  -0.0000431263   0.0000989086   0.0002408581
       -0.0000913512  -0.0001038068  -0.0000341003  -0.0000005459  -0.0000413012
        0.0000020980   0.0000896334   0.0000844399   0.0001136067   0.0001030254
        0.0000743577   0.0000721324  -0.0005885563   0.0001797731   0.0002883692
        0.0001406676   0.0000449448   0.0000923828  -0.0000103513   0.0005937542
       -0.0002523482   0.0003100056  -0.0000309451  -0.0000367151   0.0001068994
        0.0000482142  -0.0000750774   0.0000748103   0.0001001192  -0.0000819868
       -0.0000336355   0.0002196176   0.0000593823   0.0524171339  -0.0667639563
       -0.0647700387  -0.0004264839  -0.0012978315  -0.0061491147   0.0006451435
       -0.0013810268   0.0002139252   0.0001607756  -0.0000115977   0.0001895959
        0.0000120140   0.0000439025   0.0000032991  -0.0000218761  -0.0000024251
        0.0000092234  -0.0000089727  -0.0000786417  -0.0000218941  -0.0763657751
        0.0954303890   0.0896418080
