$hessian                                                                        
        0.5123113251  -0.0088135683  -0.0378801399  -0.0978817908  -0.0173848913
       -0.0577385354   0.0009293217  -0.0009065198  -0.0006307963  -0.0208327561
       -0.0047603289  -0.0186334094  -0.0099859388   0.0000251458  -0.0035618698
        0.0000089025   0.0002677497  -0.0013598376   0.0004848401  -0.0016503598
       -0.0011264465   0.0072575473   0.0017541561   0.0070940763  -0.2754084790
        0.0518108125   0.0430613419  -0.0702830396  -0.0433572659   0.0649508992
       -0.0466050935   0.0242059870   0.0043020508   0.0000051612  -0.0011909172
        0.0015226668
       -0.0088135683   0.5246812214  -0.0224641129  -0.0188848704  -0.0781145347
       -0.0327662844  -0.0151439311  -0.0092755888  -0.0232726888   0.0009697741
        0.0003231710   0.0029144629   0.0023222096   0.0007431388   0.0013049724
       -0.0001135781   0.0005939370  -0.0002943026   0.0003375594   0.0010898350
        0.0006500814   0.0072946966   0.0066561084   0.0178702478   0.0507996756
       -0.0539752350  -0.0091395732  -0.0439091766  -0.1103970115   0.1008256141
        0.0253834286  -0.2811740456  -0.0382852389  -0.0002422194  -0.0011509960
        0.0026568222
       -0.0378801399  -0.0224641129   0.4850682537  -0.0503935355  -0.0295290189
       -0.1429182502  -0.0059716760  -0.0054318329  -0.0083719799  -0.0092287625
        0.0016249581  -0.0013671802   0.0024273411   0.0000538771   0.0020088643
        0.0003324271   0.0001631275   0.0001678374   0.0004464331  -0.0007968311
        0.0003778843  -0.0118352639  -0.0002145931  -0.0372778335   0.0409807421
       -0.0090412560  -0.0490098576   0.0668882904   0.1027774969  -0.1947871217
        0.0044064312  -0.0398209023  -0.0500103799  -0.0001722872   0.0026790878
       -0.0038802366
       -0.0978817908  -0.0188848704  -0.0503935355   0.4046663768   0.0086879044
        0.0231837574  -0.0435998457   0.0223247135   0.0047007487  -0.1337847436
        0.0217192750   0.0077680852  -0.0251132351   0.0024179520  -0.0043590770
       -0.0087916097   0.0020073340   0.0025272697  -0.0080922477   0.0027400050
        0.0019767008  -0.0727044518  -0.0433000035   0.0399545036  -0.0207264789
       -0.0072069239  -0.0258417505   0.0041142728   0.0022696407   0.0070667961
        0.0004376872  -0.0020710738  -0.0002153784   0.0014760666   0.0092960471
       -0.0063681200
       -0.0173848913  -0.0781145347  -0.0295290189   0.0086879044   0.5200857932
        0.0207383235   0.0219080789  -0.2394746582  -0.0469292243   0.0247440347
       -0.0539335027  -0.0073951867  -0.0069521443   0.0039158355  -0.0015487529
       -0.0186590432  -0.0008223710   0.0109994856   0.0348111135  -0.0267009865
       -0.0109020556  -0.0474839295  -0.1222231489   0.0780720906   0.0027892057
        0.0016804985   0.0043323549   0.0073212285   0.0028460853   0.0128992411
       -0.0169547248  -0.0115020111  -0.0269752762   0.0071731673   0.0042430004
       -0.0037619810
       -0.0577385354  -0.0327662844  -0.1429182502   0.0231837574   0.0207383235
        0.4588887353   0.0026025313  -0.0458754556  -0.0466212898   0.0111838121
       -0.0087547686  -0.0432238053  -0.0357722026   0.0002080708  -0.0120732507
        0.0236606877   0.0037033023  -0.0093511080   0.0070887395  -0.0024461288
        0.0013323028   0.0319747201   0.0561763030  -0.1509261468  -0.0012644744
        0.0007835789   0.0014039479  -0.0111392282  -0.0037516609  -0.0216597755
       -0.0045028408  -0.0061515615  -0.0079107535   0.0107230331   0.0181362812
       -0.0269406062
        0.0009293217  -0.0151439311  -0.0059716760  -0.0435998457   0.0219080789
        0.0026025313   0.0531853690  -0.0217105456  -0.0064060613  -0.0065987311
        0.0271982146   0.0071525594   0.0012272785  -0.0006238699   0.0001993442
        0.0010243328  -0.0002390418  -0.0007591949  -0.0076877423   0.0056142595
        0.0022697683   0.0013657627  -0.0157505397   0.0039733600   0.0002552452
       -0.0006943392  -0.0001253605   0.0002609394   0.0000394295   0.0003508341
       -0.0012560918  -0.0012406418  -0.0031450335   0.0008941615   0.0006429264
       -0.0001410712
       -0.0009065198  -0.0092755888  -0.0054318329   0.0223247135  -0.2394746582
       -0.0458754556  -0.0217105456   0.2885145967   0.0434895486   0.0060107269
       -0.0130878354  -0.0043744586  -0.0007548638   0.0004971731   0.0001539243
       -0.0003398440   0.0007308633  -0.0000250343   0.0022215239  -0.0011066444
       -0.0005457711  -0.0053035520  -0.0295102088   0.0137595913   0.0000237942
        0.0002898701   0.0004245457   0.0002686500   0.0003730189   0.0001794225
       -0.0011112653   0.0001112903  -0.0016713136  -0.0007228179   0.0019381232
       -0.0000831663
       -0.0006307963  -0.0232726888  -0.0083719799   0.0047007487  -0.0469292243
       -0.0466212898  -0.0064060613   0.0434895486   0.0638450683   0.0004610264
       -0.0052006827   0.0004345589  -0.0001192168   0.0001201941  -0.0001208479
       -0.0004238538   0.0001039851  -0.0001003100   0.0014256495  -0.0009894613
       -0.0000893901   0.0038747155   0.0323898497  -0.0062658212   0.0005913400
        0.0000490027   0.0006608262   0.0000861467  -0.0004443914   0.0001176213
       -0.0030790135  -0.0016690282  -0.0040594617  -0.0004806849   0.0023528965
        0.0005710260
       -0.0208327561   0.0009697741  -0.0092287625  -0.1337847436   0.0247440347
        0.0111838121  -0.0065987311   0.0060107269   0.0004610264   0.4607362890
       -0.0191730157  -0.0211507113  -0.1205956685  -0.0205493312  -0.0895720119
       -0.0929122695  -0.0512670635   0.0720961835  -0.0701513971   0.0696476645
        0.0198667458  -0.0159813268  -0.0087422463   0.0159841127  -0.0012189376
       -0.0005790833  -0.0013423270   0.0001246618   0.0000798766  -0.0005603379
        0.0003253010  -0.0003319310   0.0002508757   0.0008895785  -0.0008094058
        0.0020113946
       -0.0047603289   0.0003231710   0.0016249581   0.0217192750  -0.0539335027
       -0.0087547686   0.0271982146  -0.0130878354  -0.0052006827  -0.0191730157
        0.3902553575   0.0014488087  -0.0123698711  -0.0469691954  -0.0178099166
       -0.0310277033  -0.0846539027   0.0564483687   0.0395814101  -0.1897487300
       -0.0383224545  -0.0183384518  -0.0040876680   0.0120233308  -0.0010264316
        0.0002986327  -0.0011981240   0.0001983395   0.0005264824   0.0008166947
       -0.0015382256  -0.0006516792  -0.0006360526  -0.0004632111   0.0017288698
       -0.0004401619
       -0.0186334094   0.0029144629  -0.0013671802   0.0077680852  -0.0073951867
       -0.0432238053   0.0071525594  -0.0043744586   0.0004345589  -0.0211507113
        0.0014488087   0.3784593207  -0.0631848327  -0.0190233829  -0.1262741209
        0.0506781940   0.0619394109  -0.1276313689   0.0130037074  -0.0424913551
       -0.0547140586   0.0262589143   0.0086659553  -0.0195006230  -0.0028424048
       -0.0014335780  -0.0037251850  -0.0013361159   0.0010028014  -0.0009628400
       -0.0009882070  -0.0006040185   0.0007803195   0.0032742209  -0.0006494594
       -0.0022750172
       -0.0099859388   0.0023222096   0.0024273411  -0.0251132351  -0.0069521443
       -0.0357722026   0.0012272785  -0.0007548638  -0.0001192168  -0.1205956685
       -0.0123698711  -0.0631848327   0.1291338212   0.0290218106   0.1147849257
        0.0146335682   0.0076212342  -0.0081198126   0.0087291796  -0.0181230583
       -0.0090192112   0.0020991869  -0.0005148120   0.0003296781  -0.0016773925
       -0.0008493487  -0.0024897819   0.0004619955  -0.0000793122   0.0006694793
        0.0004268571   0.0004343576   0.0004015126   0.0006603480   0.0002437984
        0.0000921210
        0.0000251458   0.0007431388   0.0000538771   0.0024179520   0.0039158355
        0.0002080708  -0.0006238699   0.0004971731   0.0001201941  -0.0205493312
       -0.0469691954  -0.0190233829   0.0290218106   0.0699632530   0.0438425316
        0.0079985106   0.0055458354   0.0187576669  -0.0186174209  -0.0337745472
       -0.0438707825   0.0000206368   0.0006057970  -0.0001855874  -0.0000643392
       -0.0000210839  -0.0000617127   0.0000444872  -0.0000670868  -0.0001126664
        0.0002494629   0.0000471731   0.0001147170   0.0000769552  -0.0004862925
        0.0001570745
       -0.0035618698   0.0013049724   0.0020088643  -0.0043590770  -0.0015487529
       -0.0120732507   0.0001993442   0.0001539243  -0.0001208479  -0.0895720119
       -0.0178099166  -0.1262741209   0.1147849257   0.0438425316   0.2338304233
       -0.0094035752   0.0181313496  -0.0717068954  -0.0088503921  -0.0420724677
       -0.0286694168   0.0010986451  -0.0019751648   0.0033407129  -0.0008129264
       -0.0003387399  -0.0010444776   0.0004882127  -0.0000850449   0.0002461281
        0.0004571988   0.0001128875   0.0000665522  -0.0004684741   0.0002844214
        0.0003963285
        0.0000089025  -0.0001135781   0.0003324271  -0.0087916097  -0.0186590432
        0.0236606877   0.0010243328  -0.0003398440  -0.0004238538  -0.0929122695
       -0.0310277033   0.0506781940   0.0146335682   0.0079985106  -0.0094035752
        0.0898415722   0.0556874193  -0.0697235659   0.0102481617  -0.0109952394
       -0.0028970521  -0.0135524503  -0.0025177831   0.0084392900   0.0001327273
        0.0000167586   0.0002055799  -0.0007845183   0.0000390292  -0.0001099301
       -0.0000288544  -0.0001622198   0.0002639293   0.0001804374   0.0000736931
       -0.0010221310
        0.0002677497   0.0005939370   0.0001631275   0.0020073340  -0.0008223710
        0.0037033023  -0.0002390418   0.0007308633   0.0001039851  -0.0512670635
       -0.0846539027   0.0619394109   0.0076212342   0.0055458354   0.0181313496
        0.0556874193   0.1466647971  -0.1143741820  -0.0107643771  -0.0673929757
        0.0278499529  -0.0035946917  -0.0002272922   0.0032188887  -0.0000860709
       -0.0001183865   0.0000184386  -0.0000021358  -0.0000252475  -0.0003568932
        0.0001658962  -0.0000908113   0.0000530913   0.0002037473  -0.0002044457
       -0.0004504719
       -0.0013598376  -0.0002943026   0.0001678374   0.0025272697   0.0109994856
       -0.0093511080  -0.0007591949  -0.0000250343  -0.0001003100   0.0720961835
        0.0564483687  -0.1276313689  -0.0081198126   0.0187576669  -0.0717068954
       -0.0697235659  -0.1143741820   0.2072545395  -0.0031019787   0.0264825434
        0.0054978932   0.0089739771   0.0020942526  -0.0056378720   0.0000915978
        0.0000628252   0.0001708083  -0.0003361809  -0.0005581320   0.0004435888
        0.0001166044   0.0003367926  -0.0001845980  -0.0004050620   0.0000697158
        0.0010774852
        0.0004848401   0.0003375594   0.0004464331  -0.0080922477   0.0348111135
        0.0070887395  -0.0076877423   0.0022215239   0.0014256495  -0.0701513971
        0.0395814101   0.0130037074   0.0087291796  -0.0186174209  -0.0088503921
        0.0102481617  -0.0107643771  -0.0031019787   0.0647255826  -0.0461497323
       -0.0098719743   0.0019892984  -0.0019882291   0.0000983726   0.0003039013
        0.0000667138   0.0001753430   0.0000154822   0.0002099958   0.0000650665
       -0.0004441111   0.0000944253   0.0000291892  -0.0001209476   0.0001970176
       -0.0005081558
       -0.0016503598   0.0010898350  -0.0007968311   0.0027400050  -0.0267009865
       -0.0024461288   0.0056142595  -0.0011066444  -0.0009894613   0.0696476645
       -0.1897487300  -0.0424913551  -0.0181230583  -0.0337745472  -0.0420724677
       -0.0109952394  -0.0673929757   0.0264825434  -0.0461497323   0.3127966311
        0.0643375236  -0.0010330612   0.0048549485  -0.0030323238  -0.0000926840
       -0.0000206048   0.0001508189  -0.0001168605  -0.0003826695   0.0000689530
       -0.0000137879   0.0006695178   0.0001809587   0.0001728545  -0.0002837743
        0.0006077702
       -0.0011264465   0.0006500814   0.0003778843   0.0019767008  -0.0109020556
        0.0013323028   0.0022697683  -0.0005457711  -0.0000893901   0.0198667458
       -0.0383224545  -0.0547140586  -0.0090192112  -0.0438707825  -0.0286694168
       -0.0028970521   0.0278499529   0.0054978932  -0.0098719743   0.0643375236
        0.0752681420  -0.0009877893   0.0003324483   0.0006074684  -0.0000037045
        0.0001781944   0.0001484361   0.0001437695  -0.0003135345   0.0001187467
       -0.0001232363   0.0004635909  -0.0002275261  -0.0002275702   0.0001428068
        0.0003495180
        0.0072575473   0.0072946966  -0.0118352639  -0.0727044518  -0.0474839295
        0.0319747201   0.0013657627  -0.0053035520   0.0038747155  -0.0159813268
       -0.0183384518   0.0262589143   0.0020991869   0.0000206368   0.0010986451
       -0.0135524503  -0.0035946917   0.0089739771   0.0019892984  -0.0010330612
       -0.0009877893   0.1599641862   0.1435504719   0.0600253928   0.0009326245
        0.0000671823   0.0006246563  -0.0012038567  -0.0005285107  -0.0033213508
       -0.0001013770   0.0002005160   0.0001351138  -0.0700651432  -0.0748513068
       -0.1168217309
        0.0017541561   0.0066561084  -0.0002145931  -0.0433000035  -0.1222231489
        0.0561763030  -0.0157505397  -0.0295102088   0.0323898497  -0.0087422463
       -0.0040876680   0.0086659553  -0.0005148120   0.0006057970  -0.0019751648
       -0.0025177831  -0.0002272922   0.0020942526  -0.0019882291   0.0048549485
        0.0003324483   0.1435504719   0.2237076592   0.0138018811  -0.0002003476
       -0.0001653245  -0.0005267496  -0.0004561289   0.0005496649  -0.0017290605
        0.0003318705   0.0005884529   0.0001680276  -0.0721664084  -0.0807489884
       -0.1091831495
        0.0070940763   0.0178702478  -0.0372778335   0.0399545036   0.0780720906
       -0.1509261468   0.0039733600   0.0137595913  -0.0062658212   0.0159841127
        0.0120233308  -0.0195006230   0.0003296781  -0.0001855874   0.0033407129
        0.0084392900   0.0032188887  -0.0056378720   0.0000983726  -0.0030323238
        0.0006074684   0.0600253928   0.0138018811   0.5286630147   0.0005212882
        0.0004647307   0.0016712188  -0.0037114645  -0.0016305937  -0.0067353748
        0.0011787610  -0.0000834255   0.0021290619  -0.1338873707  -0.1342788305
       -0.3100678051
       -0.2754084790   0.0507996756   0.0409807421  -0.0207264789   0.0027892057
       -0.0012644744   0.0002552452   0.0000237942   0.0005913400  -0.0012189376
       -0.0010264316  -0.0028424048  -0.0016773925  -0.0000643392  -0.0008129264
        0.0001327273  -0.0000860709   0.0000915978   0.0003039013  -0.0000926840
       -0.0000037045   0.0009326245  -0.0002003476   0.0005212882   0.3163623307
       -0.0581569523  -0.0450418886  -0.0132806865   0.0016383205   0.0051743939
       -0.0058311115   0.0041342246   0.0020446798   0.0001562570   0.0002416050
        0.0005613569
        0.0518108125  -0.0539752350  -0.0090412560  -0.0072069239   0.0016804985
        0.0007835789  -0.0006943392   0.0002898701   0.0000490027  -0.0005790833
        0.0002986327  -0.0014335780  -0.0008493487  -0.0000210839  -0.0003387399
        0.0000167586  -0.0001183865   0.0000628252   0.0000667138  -0.0000206048
        0.0001781944   0.0000671823  -0.0001653245   0.0004647307  -0.0581569523
        0.0587473406   0.0119165171  -0.0158801828   0.0033797228   0.0037878570
        0.0314234863  -0.0099959206  -0.0063310507  -0.0000181234  -0.0000995095
       -0.0000980812
        0.0430613419  -0.0091395732  -0.0490098576  -0.0258417505   0.0043323549
        0.0014039479  -0.0001253605   0.0004245457   0.0006608262  -0.0013423270
       -0.0011981240  -0.0037251850  -0.0024897819  -0.0000617127  -0.0010444776
        0.0002055799   0.0000184386   0.0001708083   0.0001753430   0.0001508189
        0.0001484361   0.0006246563  -0.0005267496   0.0016712188  -0.0450418886
        0.0119165171   0.0551011387   0.0252767415  -0.0041242885  -0.0053434617
        0.0055849630  -0.0017922647  -0.0000832923  -0.0000875171   0.0000000374
        0.0000498982
       -0.0702830396  -0.0439091766   0.0668882904   0.0041142728   0.0073212285
       -0.0111392282   0.0002609394   0.0002686500   0.0000861467   0.0001246618
        0.0001983395  -0.0013361159   0.0004619955   0.0000444872   0.0004882127
       -0.0007845183  -0.0000021358  -0.0003361809   0.0000154822  -0.0001168605
        0.0001437695  -0.0012038567  -0.0004561289  -0.0037114645  -0.0132806865
       -0.0158801828   0.0252767415   0.0787724130   0.0507212853  -0.0736197299
        0.0016360344   0.0013947100  -0.0019606218   0.0001663021   0.0004157842
       -0.0007798195
       -0.0433572659  -0.1103970115   0.1027774969   0.0022696407   0.0028460853
       -0.0037516609   0.0000394295   0.0003730189  -0.0004443914   0.0000798766
        0.0005264824   0.0010028014  -0.0000793122  -0.0000670868  -0.0000850449
        0.0000390292  -0.0000252475  -0.0005581320   0.0002099958  -0.0003826695
       -0.0003135345  -0.0005285107   0.0005496649  -0.0016305937   0.0016383205
        0.0033797228  -0.0041242885   0.0507212853   0.1230775496  -0.1172533688
       -0.0109755164  -0.0202220194   0.0246566361  -0.0000569725   0.0003415108
       -0.0002759196
        0.0649508992   0.1008256141  -0.1947871217   0.0070667961   0.0128992411
       -0.0216597755   0.0003508341   0.0001794225   0.0001176213  -0.0005603379
        0.0008166947  -0.0009628400   0.0006694793  -0.0001126664   0.0002461281
       -0.0001099301  -0.0003568932   0.0004435888   0.0000650665   0.0000689530
        0.0001187467  -0.0033213508  -0.0017290605  -0.0067353748   0.0051743939
        0.0037878570  -0.0053434617  -0.0736197299  -0.1172533688   0.2259819141
       -0.0007858826  -0.0000460070   0.0034883932   0.0001197623   0.0009202136
       -0.0009078184
       -0.0466050935   0.0253834286   0.0044064312   0.0004376872  -0.0169547248
       -0.0045028408  -0.0012560918  -0.0011112653  -0.0030790135   0.0003253010
       -0.0015382256  -0.0009882070   0.0004268571   0.0002494629   0.0004571988
       -0.0000288544   0.0001658962   0.0001166044  -0.0004441111  -0.0000137879
       -0.0001232363  -0.0001013770   0.0003318705   0.0011787610  -0.0058311115
        0.0314234863   0.0055849630   0.0016360344  -0.0109755164  -0.0007858826
        0.0513974129  -0.0269529728  -0.0023080866   0.0000433467  -0.0000076517
        0.0000433084
        0.0242059870  -0.2811740456  -0.0398209023  -0.0020710738  -0.0115020111
       -0.0061515615  -0.0012406418   0.0001112903  -0.0016690282  -0.0003319310
       -0.0006516792  -0.0006040185   0.0004343576   0.0000471731   0.0001128875
       -0.0001622198  -0.0000908113   0.0003367926   0.0000944253   0.0006695178
        0.0004635909   0.0002005160   0.0005884529  -0.0000834255   0.0041342246
       -0.0099959206  -0.0017922647   0.0013947100  -0.0202220194  -0.0000460070
       -0.0269529728   0.3219305687   0.0485690117   0.0002946188   0.0002894845
        0.0006849249
        0.0043020508  -0.0382852389  -0.0500103799  -0.0002153784  -0.0269752762
       -0.0079107535  -0.0031450335  -0.0016713136  -0.0040594617   0.0002508757
       -0.0006360526   0.0007803195   0.0004015126   0.0001147170   0.0000665522
        0.0002639293   0.0000530913  -0.0001845980   0.0000291892   0.0001809587
       -0.0002275261   0.0001351138   0.0001680276   0.0021290619   0.0020446798
       -0.0063310507  -0.0000832923  -0.0019606218   0.0246566361   0.0034883932
       -0.0023080866   0.0485690117   0.0556357622   0.0002017692   0.0001564895
        0.0003759225
        0.0000051612  -0.0002422194  -0.0001722872   0.0014760666   0.0071731673
        0.0107230331   0.0008941615  -0.0007228179  -0.0004806849   0.0008895785
       -0.0004632111   0.0032742209   0.0006603480   0.0000769552  -0.0004684741
        0.0001804374   0.0002037473  -0.0004050620  -0.0001209476   0.0001728545
       -0.0002275702  -0.0700651432  -0.0721664084  -0.1338873707   0.0001562570
       -0.0000181234  -0.0000875171   0.0001663021  -0.0000569725   0.0001197623
        0.0000433467   0.0002946188   0.0002017692   0.0657144319   0.0657484096
        0.1214101808
       -0.0011909172  -0.0011509960   0.0026790878   0.0092960471   0.0042430004
        0.0181362812   0.0006429264   0.0019381232   0.0023528965  -0.0008094058
        0.0017288698  -0.0006494594   0.0002437984  -0.0004862925   0.0002844214
        0.0000736931  -0.0002044457   0.0000697158   0.0001970176  -0.0002837743
        0.0001428068  -0.0748513068  -0.0807489884  -0.1342788305   0.0002416050
       -0.0000995095   0.0000000374   0.0004157842   0.0003415108   0.0009202136
       -0.0000076517   0.0002894845   0.0001564895   0.0657484096   0.0744330178
        0.1101863397
        0.0015226668   0.0026568222  -0.0038802366  -0.0063681200  -0.0037619810
       -0.0269406062  -0.0001410712  -0.0000831663   0.0005710260   0.0020113946
       -0.0004401619  -0.0022750172   0.0000921210   0.0001570745   0.0003963285
       -0.0010221310  -0.0004504719   0.0010774852  -0.0005081558   0.0006077702
        0.0003495180  -0.1168217309  -0.1091831495  -0.3100678051   0.0005613569
       -0.0000980812   0.0000498982  -0.0007798195  -0.0002759196  -0.0009078184
        0.0000433084   0.0006849249   0.0003759225   0.1214101808   0.1101863397
        0.3412513051
