           1           2  0.997579788244124     
           2           3  0.952319043942777     
           2           4  0.916770744349828     
           4           5  0.933549453354200     
           4           6  0.939625891310077     
           4           7  0.950103446300879     
           2           8   1.01475282642318     
           1           9  0.977413525018529     
           1          10  0.981164606816268     
           1          11  0.981527573988800     
           8          12  0.842855703117108     
