           1           2  0.985998850751427     
           2           3  0.956513588458796     
           2           4  0.968655936684335     
           4           5  0.956011338762729     
           4           6  0.968487261797757     
           6           7  0.955404976815583     
           6           8  0.963414742773101     
           8           9  0.957469475153357     
           8          10  0.945786605078059     
          10          11  0.946250852770579     
           2          12  0.963792680723833     
          10          12  0.956039282323995     
          10          13   1.02686796461868     
           8          14   1.00256565709260     
           6          15  0.997115352657903     
           4          16   1.00161109065433     
           1          17   1.00539164422204     
           1          18  0.966166592784265     
           1          19  0.967785968413381     
          13          20  0.831562947710070     
          14          21  0.853903727995934     
          15          22  0.844724728432258     
          16          23  0.844609332691820     
          17          24  0.842711809279868     
