           1           2  0.977583039279696     
           2           3  0.956913808458698     
           2           4  0.967138373172012     
           4           5  0.953559876295383     
           4           6  0.964815767871542     
           6           7  0.957766099263018     
           6           8  0.964842572760930     
           8           9  0.953197269279966     
           8          10  0.948667020127365     
          10          11  0.949494043029447     
           2          12  0.960059353802532     
          10          12  0.950699588274060     
          10          13   1.03097181177204     
           8          14   1.00339220577345     
           6          15  0.997895726410788     
           4          16   1.00336111788098     
           1          17   1.01060800415578     
           1          18  0.966256682494083     
           1          19  0.967074984295891     
          13          20  0.831807634035375     
          14          21  0.840062763853070     
          15          22  0.852608082978048     
          16          23  0.839376154553541     
          17          24  0.854190667242326     
