           1           2   1.42543438626920     
           2           3   1.46515996900684     
           3           4   1.34007922314752     
           2           5  0.102409750166564     
           4           5   1.34008632592238     
           1           6   1.42544774788102     
           3           6  0.102408621500587     
           5           6   1.46514775953719     
           4           7   1.17728029879712     
           1           8  0.972437650261641     
           2           9  0.971583827758323     
           3          10  0.968975986626485     
           5          11  0.968976418334186     
           6          12  0.971584271559195     
           7          13  0.942133491519598     
           7          14  0.942134575537298     
