           1           2  0.972098595155226     
           2           3  0.956696647009251     
           2           4  0.961957036063826     
           4           5  0.956404791371605     
           4           6  0.970774004583506     
           6           7  0.956795930682931     
           6           8  0.970846262098810     
           8           9  0.954518736426818     
           8          10  0.961166678613261     
          10          11  0.949481084048534     
           2          12  0.952797622326077     
          10          12  0.974723368752786     
          10          13  0.992516717472993     
           8          14   1.00271386181098     
           6          15  0.998664343783174     
           4          16  0.995926931962730     
           1          17   1.01036039912856     
           1          18  0.970046406605096     
           1          19  0.967074485937340     
          13          20  0.832465566252397     
          14          21  0.841036796492580     
          15          22  0.844029868309176     
          16          23  0.849271511789283     
          17          24  0.837816635442160     
