           1           2  0.978282597605460     
           2           3  0.956367948348281     
           2           4  0.963131798207356     
           4           5  0.957311217654331     
           4           6  0.954983802510710     
           6           7  0.959055851583247     
           6           8  0.962812502045903     
           8           9  0.962645478052173     
           8          10  0.957011885971774     
          10          11  0.945008003836891     
           2          12  0.955572164824109     
          10          12  0.951544477257530     
          10          13   1.02047123254129     
           8          14  0.996178366478171     
           6          15   1.00463652670659     
           4          16   1.00379726361478     
           1          17   1.01061273958717     
           1          18  0.968989520029937     
           1          19  0.967107357073084     
          13          20  0.826010679850012     
          14          21  0.839182059313237     
          15          22  0.858587591511820     
          16          23  0.852986745223461     
          17          24  0.857236970715307     
