           1           2   1.43183712244642     
           2           3   1.43162071843508     
           3           4   1.41754493547552     
           4           5   1.33482794440953     
           1           6   1.45596705956504     
           3           6  0.108282715307621     
           5           6   1.36024733211985     
           5           7   1.09261882177622     
           4           8  0.904437124438755     
           1           9  0.967469293622029     
           2          10  0.968090696384167     
           3          11  0.964716490140053     
           6          12  0.965428565423683     
           7          13  0.838815774759748     
