$hessian                                                                        
        0.3776340514   0.0174861270   0.0122574289  -0.1684362626   0.0187638723
        0.0194522499  -0.0378174008  -0.0008829960  -0.0157857801   0.0053030651
       -0.0016734534  -0.0020989181  -0.0008397520  -0.0001741965  -0.0033323290
        0.0002121939   0.0002139115   0.0003262397  -0.0007809630   0.0000578981
        0.0000372663  -0.0001043258   0.0001325214   0.0005556113  -0.0663054702
       -0.0525277743   0.0614228274  -0.0637716141  -0.0248566257  -0.0799619727
       -0.0450935218   0.0434607155   0.0071273764
        0.0174861270   0.5052209677   0.0106038352   0.0227192006  -0.0560339381
       -0.0065340700  -0.0049702114   0.0000949052  -0.0000488207  -0.0025158315
       -0.0027753498   0.0036459678   0.0001590021   0.0059442853  -0.0024799837
        0.0014784818  -0.0001322205  -0.0008495614  -0.0006553945  -0.0002984018
       -0.0001952547  -0.0013069911   0.0008486032   0.0006636503  -0.0474762829
       -0.1258224380   0.1049150296  -0.0218624615  -0.0604975411  -0.0622929327
        0.0369443614  -0.2665488720  -0.0474278597
        0.0122574289   0.0106038352   0.5406743320   0.0327189585  -0.0082351609
       -0.0665456264  -0.0292923060   0.0018416798  -0.0045610180  -0.0043962630
        0.0036168259   0.0059958545  -0.0019257357  -0.0026228831  -0.0025321894
       -0.0003969947  -0.0002560086   0.0006425392  -0.0022393384   0.0000546344
       -0.0009238485   0.0005372294   0.0001891280  -0.0000444505   0.0570596887
        0.1044912483  -0.1711629097  -0.0711851232  -0.0632662246  -0.2501044873
        0.0068624556  -0.0464170745  -0.0514381958
       -0.1684362626   0.0227192006   0.0327189585   0.4340257469  -0.0049644636
        0.1112049828  -0.1443359171  -0.0274699248  -0.1207377492   0.0081418398
        0.0013094165  -0.0019562820  -0.0325487370  -0.0051054004  -0.0283071783
       -0.0012234821  -0.0015582005   0.0026478751  -0.0170017438  -0.0000949676
       -0.0065735074  -0.0007588888   0.0031963336   0.0013311557  -0.0315042327
        0.0007739285   0.0076843964  -0.0212994876   0.0015155244  -0.0022856231
       -0.0250588349   0.0096785533   0.0042729715
        0.0187638723  -0.0560339381  -0.0082351609  -0.0049644636   0.1026643682
        0.0934906844  -0.0195183089  -0.0667193449  -0.0445390249  -0.0050615603
        0.0147405830  -0.0405523963   0.0004416741   0.0013507982   0.0007399095
        0.0002434173   0.0004620961  -0.0003045035   0.0012342586   0.0004278280
        0.0003467315  -0.0003566512   0.0019029975   0.0008962914  -0.0167611056
        0.0032119721  -0.0010723703  -0.0072514863   0.0011584703   0.0007004220
        0.0332303537  -0.0031658306  -0.0014705831
        0.0194522499  -0.0065340700  -0.0665456264   0.1112049828   0.0934906844
        0.4162694750  -0.0944353692  -0.0474992503  -0.2427569017  -0.0230775654
       -0.0381365093  -0.1049582429  -0.0105653945  -0.0011904924  -0.0063368849
       -0.0012417565  -0.0016206171   0.0036270610  -0.0021639353  -0.0001418174
       -0.0007629132  -0.0005187997   0.0028170087   0.0017961458   0.0234217392
       -0.0036807929  -0.0009496529  -0.0284155596   0.0034514401   0.0013186054
        0.0063394084  -0.0009555839  -0.0007010651
       -0.0378174008  -0.0049702114  -0.0292923060  -0.1443359171  -0.0195183089
       -0.0944353692   0.4681239379  -0.0504767493  -0.0645628837  -0.1360841405
        0.0640506278   0.1813557509  -0.1201303110   0.0108277796   0.0114287626
       -0.0046723828   0.0044488368  -0.0015285360  -0.0155254640   0.0031422809
        0.0030999819  -0.0002120107  -0.0073056887  -0.0015178943  -0.0008950776
       -0.0006937325  -0.0022825962  -0.0078943398   0.0008680750  -0.0001331884
       -0.0005568937  -0.0003729091  -0.0021317216
       -0.0008829960   0.0000949052   0.0018416798  -0.0274699248  -0.0667193449
       -0.0474992503  -0.0504767493   0.2566513174   0.2148757544   0.0654272949
       -0.1212265678  -0.1732614299   0.0123345437  -0.0529068496   0.0058880004
       -0.0219468858  -0.0026548864   0.0153822622  -0.0079538755   0.0036309205
       -0.0060728025   0.0289044216  -0.0194816245  -0.0120176915  -0.0008720252
        0.0016921401  -0.0001771874   0.0004854825   0.0002122783  -0.0008301173
        0.0024507140   0.0007077117   0.0018707821
       -0.0157857801  -0.0000488207  -0.0045610180  -0.1207377492  -0.0445390249
       -0.2427569017  -0.0645628837   0.2148757544   0.8592831355   0.1857919432
       -0.1737305929  -0.5589450735   0.0165664711   0.0053031563  -0.0302490695
        0.0231127770   0.0039675603  -0.0124179276  -0.0333828266  -0.0020542825
       -0.0141467842   0.0061557987  -0.0041584582  -0.0000353952   0.0025352764
        0.0022454344   0.0027716090  -0.0008449663  -0.0006771813  -0.0021063201
        0.0011519394  -0.0011835450   0.0031637454
        0.0053030651  -0.0025158315  -0.0043962630   0.0081418398  -0.0050615603
       -0.0230775654  -0.1360841405   0.0654272949   0.1857919432   0.1492092489
       -0.0773064489  -0.2068477567  -0.0156905096   0.0139878129   0.0350466871
       -0.0096536386  -0.0043981692   0.0072539735   0.0047190331  -0.0004289815
        0.0004706585  -0.0087840943   0.0098672321   0.0033303183   0.0010352464
        0.0010436367   0.0013281031   0.0009280737  -0.0002065050  -0.0005386796
        0.0008758760  -0.0004084801   0.0016385810
       -0.0016734534  -0.0027753498   0.0036168259   0.0013094165   0.0147405830
       -0.0381365093   0.0640506278  -0.1212265678  -0.1737305929  -0.0773064489
        0.1021120130   0.2264882309   0.0073533768   0.0078241191  -0.0165097732
        0.0063912206   0.0020966498  -0.0044142635  -0.0001133759   0.0002135764
        0.0022083650   0.0000613221  -0.0020563735   0.0003956011  -0.0002203272
       -0.0007127645   0.0005143484   0.0002398626   0.0002328667   0.0005765197
       -0.0000922210  -0.0004487524  -0.0010087523
       -0.0020989181   0.0036459678   0.0059958545  -0.0019562820  -0.0405523963
       -0.1049582429   0.1813557509  -0.1732614299  -0.5589450735  -0.2068477567
        0.2264882309   0.6854387035   0.0134557223  -0.0141798550  -0.0274900860
        0.0066619460   0.0048542266  -0.0052368966   0.0015285694   0.0020732436
        0.0068664387   0.0069967952  -0.0091828633  -0.0020902920  -0.0001423906
       -0.0009572227  -0.0006673287   0.0010691876   0.0004156623   0.0017718060
       -0.0000226240   0.0006564359  -0.0006848830
       -0.0008397520   0.0001590021  -0.0019257357  -0.0325487370   0.0004416741
       -0.0105653945  -0.1201303110   0.0123345437   0.0165664711  -0.0156905096
        0.0073533768   0.0134557223   0.4636696466  -0.0110904750  -0.0009411173
       -0.0883452416  -0.0508263816   0.0717462288  -0.1399325213  -0.0225783600
       -0.1091715437  -0.0655954597   0.0639667713   0.0205608557   0.0001393151
        0.0002236570   0.0001889185  -0.0005347749   0.0000929890  -0.0001126929
       -0.0001916546  -0.0000767972   0.0001982877
       -0.0001741965   0.0059442853  -0.0026228831  -0.0051054004   0.0013507982
       -0.0011904924   0.0108277796  -0.0529068496   0.0053031563   0.0139878129
        0.0078241191  -0.0141798550  -0.0110904750   0.3698944898   0.0128975004
       -0.0388534182  -0.0906631035   0.0679686153  -0.0129101730  -0.0467160902
       -0.0187632817   0.0435123566  -0.1951191311  -0.0492118399   0.0012879203
        0.0000171404   0.0002953809  -0.0002195043   0.0004431172  -0.0000918489
       -0.0012627019  -0.0000687756  -0.0004044519
       -0.0033323290  -0.0024799837  -0.0025321894  -0.0283071783   0.0007399095
       -0.0063368849   0.0114287626   0.0058880004  -0.0302490695   0.0350466871
       -0.0165097732  -0.0274900860  -0.0009411173   0.0128975004   0.4060852957
        0.0530930743   0.0704808205  -0.1388772413  -0.0774835806  -0.0222371837
       -0.1432030795   0.0114881464  -0.0486916968  -0.0572442182  -0.0002186462
        0.0001467704  -0.0003678449  -0.0012529275   0.0000512336   0.0001824151
        0.0004791085  -0.0002855973   0.0000329030
        0.0002121939   0.0014784818  -0.0003969947  -0.0012234821   0.0002434173
       -0.0012417565  -0.0046723828  -0.0219468858   0.0231127770  -0.0096536386
        0.0063912206   0.0066619460  -0.0883452416  -0.0388534182   0.0530930743
        0.0788944109   0.0541136421  -0.0648840614   0.0136445596   0.0092923535
       -0.0127270490   0.0107601537  -0.0107724557  -0.0035986109   0.0004031575
        0.0000261894   0.0000269263   0.0001485310   0.0000518625   0.0000236965
       -0.0001682614  -0.0000244075  -0.0000699477
        0.0002139115  -0.0001322205  -0.0002560086  -0.0015582005   0.0004620961
       -0.0016206171   0.0044488368  -0.0026548864   0.0039675603  -0.0043981692
        0.0020966498   0.0048542266  -0.0508263816  -0.0906631035   0.0704808205
        0.0541136421   0.1544240024  -0.1235085072   0.0084983272   0.0044856616
        0.0191083235  -0.0106681082  -0.0679973165   0.0269174047   0.0000472790
        0.0000139781  -0.0000364862   0.0000391291  -0.0000492898   0.0000428170
        0.0000897338   0.0000144286   0.0000504666
        0.0003262397  -0.0008495614   0.0006425392   0.0026478751  -0.0003045035
        0.0036270610  -0.0015285360   0.0153822622  -0.0124179276   0.0072539735
       -0.0044142635  -0.0052368966   0.0717462288   0.0679686153  -0.1388772413
       -0.0648840614  -0.1235085072   0.2140941557  -0.0115196811   0.0204991007
       -0.0691021066  -0.0038085021   0.0252598253   0.0072951661  -0.0002927668
       -0.0000633491   0.0000345242   0.0000177512  -0.0000069270  -0.0000444352
        0.0000414792   0.0000373082  -0.0000148388
       -0.0007809630  -0.0006553945  -0.0022393384  -0.0170017438   0.0012342586
       -0.0021639353  -0.0155254640  -0.0079538755  -0.0333828266   0.0047190331
       -0.0001133759   0.0015285694  -0.1399325213  -0.0129101730  -0.0774835806
        0.0136445596   0.0084983272  -0.0115196811   0.1476919699   0.0316366166
        0.1360116559   0.0076077494  -0.0198000555  -0.0108483586   0.0001610926
        0.0000109501  -0.0000704610  -0.0007222607   0.0001377261   0.0002071756
        0.0001385482  -0.0000850043  -0.0000392194
        0.0000578981  -0.0002984018   0.0000546344  -0.0000949676   0.0004278280
       -0.0001418174   0.0031422809   0.0036309205  -0.0020542825  -0.0004289815
        0.0002135764   0.0020732436  -0.0225783600  -0.0467160902  -0.0222371837
        0.0092923535   0.0044856616   0.0204991007   0.0316366166   0.0680092212
        0.0435650018  -0.0210688586  -0.0297016838  -0.0417901280  -0.0000338373
       -0.0000339763  -0.0000296210   0.0000081932  -0.0000481919   0.0000408969
        0.0000676626   0.0000311363   0.0000201551
        0.0000372663  -0.0001952547  -0.0009238485  -0.0065735074   0.0003467315
       -0.0007629132   0.0030999819  -0.0060728025  -0.0141467842   0.0004706585
        0.0022083650   0.0068664387  -0.1091715437  -0.0187632817  -0.1432030795
       -0.0127270490   0.0191083235  -0.0691021066   0.1360116559   0.0435650018
        0.2501084551  -0.0111233564  -0.0402274612  -0.0289204626   0.0001119203
       -0.0000884698   0.0000042989  -0.0002246468   0.0000836264   0.0001487078
        0.0000886204   0.0000352219  -0.0000687058
       -0.0001043258  -0.0013069911   0.0005372294  -0.0007588888  -0.0003566512
       -0.0005187997  -0.0002120107   0.0289044216   0.0061557987  -0.0087840943
        0.0000613221   0.0069967952  -0.0655954597   0.0435123566   0.0114881464
        0.0107601537  -0.0106681082  -0.0038085021   0.0076077494  -0.0210688586
       -0.0111233564   0.0567864394  -0.0389515630  -0.0097621474  -0.0001625204
        0.0000101189  -0.0000916117   0.0001010803  -0.0000732305   0.0000595083
        0.0003618769  -0.0000628165   0.0000669393
        0.0001325214   0.0008486032   0.0001891280   0.0031963336   0.0019029975
        0.0028170087  -0.0073056887  -0.0194816245  -0.0041584582   0.0098672321
       -0.0020563735  -0.0091828633   0.0639667713  -0.1951191311  -0.0486916968
       -0.0107724557  -0.0679973165   0.0252598253  -0.0198000555  -0.0297016838
       -0.0402274612  -0.0389515630   0.3115309532   0.0740865644  -0.0000382728
       -0.0000275198  -0.0000248124  -0.0000441584  -0.0000342873  -0.0000439080
       -0.0002506643   0.0001353825  -0.0000233264
        0.0005556113   0.0006636503  -0.0000444505   0.0013311557   0.0008962914
        0.0017961458  -0.0015178943  -0.0120176915  -0.0000353952   0.0033303183
        0.0003956011  -0.0020902920   0.0205608557  -0.0492118399  -0.0572442182
       -0.0035986109   0.0269174047   0.0072951661  -0.0108483586  -0.0417901280
       -0.0289204626  -0.0097621474   0.0740865644   0.0792641164   0.0000566353
       -0.0000280597   0.0000418562   0.0000689439   0.0000113026  -0.0000270554
       -0.0001765090   0.0000769045  -0.0000354105
       -0.0663054702  -0.0474762829   0.0570596887  -0.0315042327  -0.0167611056
        0.0234217392  -0.0008950776  -0.0008720252   0.0025352764   0.0010352464
       -0.0002203272  -0.0001423906   0.0001393151   0.0012879203  -0.0002186462
        0.0004031575   0.0000472790  -0.0002927668   0.0001610926  -0.0000338373
        0.0001119203  -0.0001625204  -0.0000382728   0.0000566353   0.0886585895
        0.0576577181  -0.0740999254   0.0049049319   0.0052747508  -0.0058659318
        0.0035649677   0.0011341828  -0.0025655991
       -0.0525277743  -0.1258224380   0.1044912483   0.0007739285   0.0032119721
       -0.0036807929  -0.0006937325   0.0016921401   0.0022454344   0.0010436367
       -0.0007127645  -0.0009572227   0.0002236570   0.0000171404   0.0001467704
        0.0000261894   0.0000139781  -0.0000633491   0.0000109501  -0.0000339763
       -0.0000884698   0.0000101189  -0.0000275198  -0.0000280597   0.0576577181
        0.1391608512  -0.1192818756   0.0024483537   0.0047493778  -0.0049361781
       -0.0089730456  -0.0222487612   0.0221524948
        0.0614228274   0.1049150296  -0.1711629097   0.0076843964  -0.0010723703
       -0.0009496529  -0.0022825962  -0.0001771874   0.0027716090   0.0013281031
        0.0005143484  -0.0006673287   0.0001889185   0.0002953809  -0.0003678449
        0.0000269263  -0.0000364862   0.0000345242  -0.0000704610  -0.0000296210
        0.0000042989  -0.0000916117  -0.0000248124   0.0000418562  -0.0740999254
       -0.1192818756   0.1892792399   0.0075555067   0.0163677844  -0.0224504323
       -0.0016620841  -0.0014701905   0.0034666403
       -0.0637716141  -0.0218624615  -0.0711851232  -0.0212994876  -0.0072514863
       -0.0284155596  -0.0078943398   0.0004854825  -0.0008449663   0.0009280737
        0.0002398626   0.0010691876  -0.0005347749  -0.0002195043  -0.0012529275
        0.0001485310   0.0000391291   0.0000177512  -0.0007222607   0.0000081932
       -0.0002246468   0.0001010803  -0.0000441584   0.0000689439   0.0049049319
        0.0024483537   0.0075555067   0.0848197228   0.0260207332   0.0900579737
        0.0033201375   0.0001358562   0.0031538604
       -0.0248566257  -0.0604975411  -0.0632662246   0.0015155244   0.0011584703
        0.0034514401   0.0008680750   0.0002122783  -0.0006771813  -0.0002065050
        0.0002328667   0.0004156623   0.0000929890   0.0004431172   0.0000512336
        0.0000518625  -0.0000492898  -0.0000069270   0.0001377261  -0.0000481919
        0.0000836264  -0.0000732305  -0.0000342873   0.0000113026   0.0052747508
        0.0047493778   0.0163677844   0.0260207332   0.0634863123   0.0704706922
       -0.0088252996  -0.0096531124  -0.0269014087
       -0.0799619727  -0.0622929327  -0.2501044873  -0.0022856231   0.0007004220
        0.0013186054  -0.0001331884  -0.0008301173  -0.0021063201  -0.0005386796
        0.0005765197   0.0017718060  -0.0001126929  -0.0000918489   0.0001824151
        0.0000236965   0.0000428170  -0.0000444352   0.0002071756   0.0000408969
        0.0001487078   0.0000595083  -0.0000439080  -0.0000270554  -0.0058659318
       -0.0049361781  -0.0224504323   0.0900579737   0.0704706922   0.2778878638
       -0.0014502657  -0.0036363626  -0.0065766679
       -0.0450935218   0.0369443614   0.0068624556  -0.0250588349   0.0332303537
        0.0063394084  -0.0005568937   0.0024507140   0.0011519394   0.0008758760
       -0.0000922210  -0.0000226240  -0.0001916546  -0.0012627019   0.0004791085
       -0.0001682614   0.0000897338   0.0000414792   0.0001385482   0.0000676626
        0.0000886204   0.0003618769  -0.0002506643  -0.0001765090   0.0035649677
       -0.0089730456  -0.0016620841   0.0033201375  -0.0088252996  -0.0014502657
        0.0628077601  -0.0533788931  -0.0116515286
        0.0434607155  -0.2665488720  -0.0464170745   0.0096785533  -0.0031658306
       -0.0009555839  -0.0003729091   0.0007077117  -0.0011835450  -0.0004084801
       -0.0004487524   0.0006564359  -0.0000767972  -0.0000687756  -0.0002855973
       -0.0000244075   0.0000144286   0.0000373082  -0.0000850043   0.0000311363
        0.0000352219  -0.0000628165   0.0001353825   0.0000769045   0.0011341828
       -0.0222487612  -0.0014701905   0.0001358562  -0.0096531124  -0.0036363626
       -0.0533788931   0.3012454452   0.0531424834
        0.0071273764  -0.0474278597  -0.0514381958   0.0042729715  -0.0014705831
       -0.0007010651  -0.0021317216   0.0018707821   0.0031637454   0.0016385810
       -0.0010087523  -0.0006848830   0.0001982877  -0.0004044519   0.0000329030
       -0.0000699477   0.0000504666  -0.0000148388  -0.0000392194   0.0000201551
       -0.0000687058   0.0000669393  -0.0000233264  -0.0000354105  -0.0025655991
        0.0221524948   0.0034666403   0.0031538604  -0.0269014087  -0.0065766679
       -0.0116515286   0.0531424834   0.0528564781
