           1           2   1.01339222676374     
           2           3   1.02428996866827     
           3           4   1.92989865439770     
           4           5   1.03344589805809     
           1           6  0.987629164456271     
           1           7  0.988802009642225     
           1           8  0.987345107397778     
           2           9  0.972309966049229     
           2          10  0.957937683616861     
           3          11  0.966363319027583     
           4          12  0.969130192280995     
           5          13  0.966403712675969     
           5          14  0.986882927557133     
           5          15  0.977923087522688     
