           1           2  0.968683419717008     
           2           3   1.00948269480346     
           2           4  0.907571555414704     
           4           5   1.46103970601373     
           4           6   1.47912445647253     
           5           6  0.347832180420667     
           1           7  0.983461088560064     
           1           8  0.971663621702288     
           1           9  0.983289180531806     
           2          10  0.949715205344547     
           3          11  0.982632306846601     
           3          12  0.976558509752263     
           3          13  0.979922263876137     
