           1           2  0.987465882936856     
           2           3   1.00000882267600     
           2           4  0.987540458466923     
           2           5  0.983966151728418     
           5           6   1.39536653591102     
           6           7   1.46767074571658     
           7           8   1.35889562567342     
           6           9  0.106401654227824     
           8           9   1.38162218600279     
           5          10   1.42061024630668     
           7          10  0.106277113332801     
           9          10   1.43892541474688     
           8          11   1.06504133748915     
           1          12  0.983587977536245     
           1          13  0.984174482469235     
           1          14  0.986803154908388     
           3          15  0.984529618291918     
           3          16  0.984111305772796     
           3          17  0.984548969314052     
           4          18  0.984180313529486     
           4          19  0.983559536717952     
           4          20  0.986803606944309     
           6          21  0.964911347468043     
           7          22  0.968998424101200     
           9          23  0.966339787000088     
          10          24  0.965254620577850     
          11          25  0.844318332310987     
