           1           2  0.974138948142348     
           2           3  0.955567824411591     
           2           4  0.969071891220929     
           4           5  0.959773146567764     
           4           6  0.960414533282212     
           6           7  0.961366390254210     
           6           8  0.967223871304503     
           8           9  0.957350643370933     
           8          10  0.959767156696650     
          10          11  0.943740834176686     
           2          12  0.963354373920699     
          10          12  0.950570099223678     
          10          13   1.02686137301996     
           8          14   1.00437596078755     
           6          15  0.994748312417693     
           4          16  0.997484551088064     
           1          17   1.01496345471557     
           1          18  0.968436089044117     
           1          19  0.966528425092755     
          13          20  0.824290529826283     
          14          21  0.840245498025941     
          15          22  0.846608342566953     
          16          23  0.842486734845996     
          17          24  0.843490896660426     
