$hessian                                                                        
        0.3912644380  -0.0017829415   0.0225251524  -0.1931830898  -0.0057323070
        0.0039847281  -0.0224351220   0.0025687688   0.0279397650   0.0041477771
        0.0000513186  -0.0023497927   0.0019072139   0.0001633786   0.0022876514
        0.0008545028   0.0002036327  -0.0005226255   0.0000618460   0.0000477145
        0.0000786123   0.0001659866   0.0000033581  -0.0000520118   0.0000477617
       -0.0000366539   0.0000872093   0.0007615811  -0.0002775198  -0.0004473109
       -0.0380962328   0.0031355645   0.0234172329  -0.0648816984  -0.0723253485
       -0.0256184874  -0.0776337100   0.0741324377  -0.0513542348  -0.0008546235
       -0.0001065915  -0.0003345076  -0.0005142135   0.0000614597   0.0002050921
       -0.0003344561  -0.0001499634   0.0000524697  -0.0001130243  -0.0000415854
        0.0000452774  -0.0000740440  -0.0000099476  -0.0001166550  -0.0000917627
        0.0000006927   0.0000513051   0.0000303896  -0.0000014559  -0.0000297926
       -0.0001255873   0.0000400194   0.0000330164  -0.0000715611  -0.0000300107
       -0.0001151162  -0.0004904505  -0.0000545693   0.0002330033  -0.0003419209
        0.0001405491   0.0000000189
       -0.0017829415   0.4968516824   0.0066469887  -0.0075650095  -0.0537314159
       -0.0013366166   0.0038626441   0.0003896866  -0.0007354344   0.0010266664
       -0.0037541613   0.0007242830  -0.0000575239   0.0052811188  -0.0012622794
       -0.0010034162   0.0000960409  -0.0001262070  -0.0001793828   0.0001583941
       -0.0001718278   0.0000059126  -0.0000256525  -0.0000047349   0.0001558285
        0.0002386092   0.0001428334   0.0009808815   0.0001453125   0.0000358790
        0.0022055714  -0.0458439642  -0.0297389074  -0.0686518621  -0.2262795932
       -0.0656204627   0.0708795394  -0.1734142979   0.0914083717   0.0001579558
        0.0003040638  -0.0000991835   0.0001254617   0.0000380505   0.0002082805
        0.0000545639  -0.0002389494  -0.0000587838  -0.0000797226  -0.0000124504
        0.0000091934   0.0000056376   0.0000069896  -0.0000087923  -0.0000031961
        0.0000205725   0.0000034233   0.0000013495  -0.0000168064   0.0000030603
        0.0000838097   0.0000003203   0.0000026913  -0.0000237224   0.0000043208
        0.0000061740  -0.0001559688  -0.0000151569  -0.0001453761  -0.0000430760
       -0.0002027140   0.0001174273
        0.0225251524   0.0066469887   0.5403898412  -0.0097651193  -0.0019518273
       -0.0648692948   0.0378413166  -0.0002888984  -0.0152830827   0.0053156221
        0.0010821741   0.0026311407   0.0007965034  -0.0013747426  -0.0053294892
       -0.0002864293   0.0001245967  -0.0000319041  -0.0000361488  -0.0000770208
        0.0000994799  -0.0000188189  -0.0000039109  -0.0000503653  -0.0000851505
        0.0000383421   0.0000364465  -0.0005099379  -0.0001914754  -0.0000054663
        0.0160520836  -0.0300647097  -0.2859897181  -0.0245595590  -0.0637748605
       -0.0658638072  -0.0492727356   0.0896973093  -0.1059268473   0.0017265317
        0.0000006439  -0.0003340892   0.0000432978  -0.0000352797   0.0001868687
        0.0000705198   0.0000204570  -0.0000123487   0.0000516288  -0.0000043273
        0.0000292508  -0.0000477816   0.0000117738   0.0000313476   0.0000169642
        0.0000034183   0.0000406189  -0.0000024640   0.0000036482   0.0000138018
        0.0000298458   0.0000183133   0.0000277998  -0.0000424581  -0.0000082402
        0.0000324348   0.0000747971   0.0000919432   0.0002150350   0.0000823396
        0.0000356841  -0.0000376529
       -0.1931830898  -0.0075650095  -0.0097651193   0.4046404169   0.0071720972
       -0.0596523436  -0.0998580350   0.0040445252   0.0467152713   0.0110350700
       -0.0039520851  -0.0254014755  -0.0269472638   0.0030916293   0.0349662756
       -0.0016398315  -0.0010377046   0.0022367183   0.0001705187   0.0004165441
       -0.0005955405   0.0001465091   0.0000373457   0.0002232105   0.0002070257
       -0.0005918164  -0.0005136292  -0.0016682423   0.0014857867   0.0019328197
       -0.0132582216   0.0002568591   0.0069201763  -0.0336508999  -0.0093543989
        0.0010207396  -0.0367727550   0.0061528128  -0.0004785299  -0.0078873796
       -0.0000875321   0.0024721795  -0.0008479028   0.0002237163  -0.0003426809
        0.0003072661   0.0005213152   0.0002457015  -0.0002599736   0.0001941056
       -0.0001666160   0.0001060519  -0.0000035631   0.0001559845   0.0000936954
       -0.0000088265  -0.0001073066  -0.0001685494  -0.0000098193   0.0000266438
       -0.0002486670  -0.0002653262  -0.0001086871   0.0001189255   0.0000524826
        0.0001397016  -0.0007672388  -0.0003420439  -0.0003197642   0.0003325707
       -0.0004310941   0.0003962706
       -0.0057323070  -0.0537314159  -0.0019518273   0.0071720972   0.0795364984
        0.0422052983   0.0027360635  -0.0584679012  -0.0193675124  -0.0036599766
        0.0233397184  -0.0200894319   0.0016881729   0.0038512157  -0.0001444495
        0.0004934065   0.0003837782   0.0002556824  -0.0000638880   0.0000961679
       -0.0002138460  -0.0000363291   0.0000007337  -0.0000073455   0.0000846614
        0.0003869625   0.0003496767  -0.0009420376  -0.0004984715  -0.0006857369
        0.0038405913   0.0005086089  -0.0007753360  -0.0300586352   0.0010212308
        0.0054901037   0.0245982814   0.0022152148  -0.0051591679  -0.0001865315
        0.0010121581  -0.0001012450   0.0001108354  -0.0004443448  -0.0005349158
       -0.0002234319   0.0003759289   0.0001766972  -0.0000406374   0.0000395825
       -0.0000598127   0.0001146798   0.0000014954  -0.0000666205   0.0000162267
       -0.0000503612   0.0000216686  -0.0000099357   0.0000646845  -0.0000115324
        0.0001431426   0.0000964312   0.0000317575  -0.0001517067   0.0000069609
        0.0000618874  -0.0000584429  -0.0001684316   0.0008886154   0.0001657009
        0.0004235555  -0.0003126074
        0.0039847281  -0.0013366166  -0.0648692948  -0.0596523436   0.0422052983
        0.4217854622   0.0363724662  -0.0198308020  -0.2224212951  -0.0230630140
       -0.0199796945  -0.1208499425   0.0239810699  -0.0005363923  -0.0097569625
       -0.0014125943   0.0025895958  -0.0028609451   0.0000930955  -0.0008317055
        0.0011371610  -0.0003550260  -0.0000388873  -0.0001288555  -0.0000185645
        0.0010710193   0.0008187468  -0.0008570084  -0.0034262116  -0.0019255730
        0.0351973631   0.0004753030  -0.0080274836  -0.0051906480   0.0021724331
        0.0020279661  -0.0118690413  -0.0026192009   0.0039902136   0.0017024800
       -0.0001491840  -0.0005882424   0.0002752384  -0.0001196698   0.0012731119
       -0.0001012786  -0.0007402046  -0.0002185069   0.0005537743  -0.0002244613
        0.0000691531  -0.0001657463  -0.0000258558  -0.0001058480   0.0000546655
        0.0000353071   0.0001802953   0.0000444875  -0.0000096389  -0.0000301435
        0.0005069945   0.0002665976  -0.0000083365  -0.0001347635  -0.0000244834
       -0.0001190149   0.0002799980   0.0005568958   0.0009512725  -0.0002263326
        0.0005205583  -0.0003229382
       -0.0224351220   0.0038626441   0.0378413166  -0.0998580350   0.0027360635
        0.0363724662   0.6554715972   0.0449266953   0.1865060060  -0.3197830161
       -0.0480519072  -0.2831479925  -0.1640970665  -0.0006348845   0.0273591900
       -0.0194374248   0.0118674215  -0.0103000596  -0.0006136654   0.0000796280
        0.0011935286  -0.0007682234  -0.0001943958  -0.0011839647  -0.0004107827
        0.0006895601   0.0013909729  -0.0159237206  -0.0159520706  -0.0065998676
       -0.0078422839  -0.0002069241   0.0013142797   0.0000958895  -0.0003347541
        0.0022788539  -0.0000547325   0.0008187226   0.0022462966  -0.0106457671
       -0.0001299989   0.0035247458   0.0011116979  -0.0006675039   0.0006323647
        0.0005972430  -0.0011778454   0.0002648243   0.0011198893  -0.0006088155
        0.0002839724  -0.0000417821   0.0001451246  -0.0003991845  -0.0002874540
        0.0000331255   0.0003061732   0.0009698880   0.0000563889   0.0000499881
        0.0012424687   0.0008062446   0.0000904276  -0.0000423956  -0.0002426996
       -0.0003422542   0.0010542726   0.0008465409   0.0004437640   0.0005785255
        0.0013336402  -0.0001258474
        0.0025687688   0.0003896866  -0.0002888984   0.0040445252  -0.0584679012
       -0.0198308020   0.0449266953   0.2079155969   0.0711883222  -0.0458700618
       -0.0728544273  -0.0532364755  -0.0039549782  -0.0652014048   0.0018351959
        0.0211245373  -0.0006521054  -0.0015137102   0.0025765551  -0.0035521249
        0.0031189347   0.0000029024  -0.0001259341  -0.0000649647  -0.0025733460
       -0.0050914269  -0.0020999438  -0.0254046158  -0.0039854743   0.0016875209
       -0.0003061140   0.0005137691  -0.0002641996  -0.0014290838   0.0005670639
        0.0014000890   0.0007979454   0.0010965001  -0.0008652430   0.0036838948
        0.0008743642  -0.0010177842  -0.0000395482   0.0008513050  -0.0001395998
        0.0013049254  -0.0010801259  -0.0000812709   0.0016690031  -0.0002475749
        0.0001899468  -0.0001859793  -0.0000541705   0.0000668294  -0.0000405049
       -0.0000567635   0.0000002322   0.0000845789  -0.0001098343   0.0000186015
       -0.0017418838  -0.0004250259  -0.0000510930   0.0002562104  -0.0001039351
       -0.0001234198  -0.0004102737   0.0006681082  -0.0004683144  -0.0010841526
       -0.0008681651   0.0005400467
        0.0279397650  -0.0007354344  -0.0152830827   0.0467152713  -0.0193675124
       -0.2224212951   0.1865060060   0.0711883222   0.6837357648  -0.2662191502
       -0.0524564708  -0.3778341255   0.0042477426   0.0007578943  -0.0606473640
       -0.0131993789   0.0004702909   0.0015100127  -0.0017098811   0.0023380530
       -0.0017915676   0.0002149658  -0.0000002977  -0.0002272812  -0.0008154085
       -0.0015754722  -0.0004949608  -0.0067895224  -0.0004328810   0.0012802986
        0.0006759537  -0.0003014741  -0.0020114230  -0.0019179537  -0.0025315159
        0.0023079410  -0.0024389543   0.0026694091   0.0019140840   0.0306107164
        0.0002618731  -0.0078382624  -0.0017315204   0.0002397676  -0.0017311879
        0.0001167203  -0.0002413235   0.0007629555  -0.0010110691   0.0001690791
        0.0000686759   0.0002715776   0.0001028685  -0.0001876525  -0.0002253714
       -0.0000241840  -0.0001428885   0.0002580532   0.0000266810   0.0000068580
       -0.0005161424  -0.0001209464   0.0001378554   0.0002266958  -0.0000953438
       -0.0001368190  -0.0016266047  -0.0011030358  -0.0014947346   0.0004174894
        0.0007616531   0.0005181990
        0.0041477771   0.0010266664   0.0053156221   0.0110350700  -0.0036599766
       -0.0230630140  -0.3197830161  -0.0458700618  -0.2662191502   0.3504494130
        0.0568395409   0.3264785941  -0.0389893800  -0.0080225535  -0.0413229029
       -0.0054299760  -0.0026607328   0.0019605712  -0.0006051999   0.0018645876
       -0.0015676836   0.0003853993   0.0000860437   0.0005473252  -0.0003898457
       -0.0023507289  -0.0010357927  -0.0057515088   0.0027214416   0.0012158781
        0.0014338046   0.0001886864   0.0009409398   0.0006601835   0.0012016489
       -0.0014113095   0.0007582217  -0.0014194356  -0.0011380607   0.0035166961
        0.0000656052  -0.0011251774   0.0000767317  -0.0001060873  -0.0000082690
        0.0001627036   0.0003168688   0.0002977106  -0.0010019441   0.0002438055
       -0.0001795532   0.0001422089  -0.0001027953   0.0000858045   0.0001709067
       -0.0000042935  -0.0000897718  -0.0003096935  -0.0000102470   0.0000181214
       -0.0010094090  -0.0003786730  -0.0000896521   0.0001307664   0.0001403147
        0.0000558189   0.0000508977   0.0001088729  -0.0000485219   0.0001491928
       -0.0002184972   0.0003824729
        0.0000513186  -0.0037541613   0.0010821741  -0.0039520851   0.0233397184
       -0.0199796945  -0.0480519072  -0.0728544273  -0.0524564708   0.0568395409
        0.0364587497   0.0757600100  -0.0044638157   0.0185567149  -0.0055493006
       -0.0026857612  -0.0015812335   0.0008650321  -0.0002482995   0.0011009786
       -0.0009559685   0.0000402375   0.0001598146   0.0000583819   0.0000720857
        0.0008293540   0.0004000183   0.0021380666  -0.0005340030   0.0001867702
       -0.0000504927   0.0000631008   0.0002266691  -0.0000870320  -0.0004012215
       -0.0004931699   0.0002644612  -0.0005586832   0.0005473755   0.0002130015
       -0.0008655905   0.0002417759   0.0000288504  -0.0000570958   0.0000319239
       -0.0004583373   0.0001520440  -0.0000467054  -0.0005681665   0.0000281761
       -0.0000231310   0.0000024330  -0.0000341827   0.0000440510   0.0000296608
        0.0000052352  -0.0000104292  -0.0000443247  -0.0000363479   0.0000067842
        0.0003506914   0.0000119080  -0.0000069405  -0.0000154614  -0.0000111081
        0.0000171651   0.0001018123  -0.0000122176   0.0000211258   0.0004935236
       -0.0000055220   0.0000325532
       -0.0023497927   0.0007242830   0.0026311407  -0.0254014755  -0.0200894319
       -0.1208499425  -0.2831479925  -0.0532364755  -0.3778341255   0.3264785941
        0.0757600100   0.4976201149  -0.0137626164  -0.0043518248  -0.0085686070
       -0.0003860413  -0.0020455620   0.0025305749  -0.0001695531   0.0008751192
       -0.0007155048   0.0002571568   0.0000491520   0.0004279994  -0.0000871457
       -0.0013422338  -0.0005950887  -0.0011991970   0.0029383921   0.0018891157
       -0.0008784039   0.0001405283   0.0014729055   0.0002537996   0.0008656933
        0.0000952529   0.0002693671  -0.0006630299   0.0001345589   0.0003119138
        0.0003369220   0.0013311559   0.0004948799  -0.0000883015   0.0001810115
        0.0001193363   0.0007262088  -0.0001703246  -0.0004442110   0.0001155078
       -0.0000720499  -0.0001108216  -0.0000306422   0.0002056941   0.0001756046
       -0.0000019305  -0.0000647516  -0.0002635286  -0.0000065909   0.0000065455
       -0.0005581237  -0.0001837369  -0.0000240098  -0.0001135186   0.0000864227
        0.0001971071   0.0004525620   0.0001864337   0.0001339340   0.0000592075
       -0.0007649129   0.0000372934
        0.0019072139  -0.0000575239   0.0007965034  -0.0269472638   0.0016881729
        0.0239810699  -0.1640970665  -0.0039549782   0.0042477426  -0.0389893800
       -0.0044638157  -0.0137626164   0.4618713022  -0.0017775160  -0.0217274425
       -0.0733402216   0.0310333624  -0.0197520150  -0.0211282626   0.0222940895
       -0.0164759031   0.0038104488   0.0003386009   0.0008332661  -0.0178473842
       -0.0273507368  -0.0093176350  -0.0665464276  -0.0277299670  -0.0072837934
       -0.0004210155  -0.0000313620  -0.0000088988  -0.0001826663   0.0000666302
       -0.0000349129  -0.0001001255  -0.0000867200  -0.0000570282  -0.0551044415
        0.0064732654   0.0512540808   0.0020002367  -0.0036379687   0.0018244521
        0.0032004491  -0.0037696523   0.0034638978  -0.0074800385   0.0007661184
       -0.0003760841   0.0007710271   0.0001989998  -0.0007639796  -0.0001674053
       -0.0000555784  -0.0003191950   0.0000745124   0.0000177820   0.0001204273
       -0.0073023603  -0.0016510690  -0.0000538169   0.0007350017  -0.0003603255
       -0.0006782204   0.0017312960   0.0045571055   0.0011320998   0.0035525715
        0.0074930864   0.0029580015
        0.0001633786   0.0052811188  -0.0013747426   0.0030916293   0.0038512157
       -0.0005363923  -0.0006348845  -0.0652014048   0.0007578943  -0.0080225535
        0.0185567149  -0.0043518248  -0.0017775160   0.4249869168   0.0151075076
        0.0395218058  -0.1238150923   0.0481835308   0.0077422640  -0.0024120238
        0.0028273859   0.0002713522  -0.0007568088   0.0001709461  -0.0100000198
       -0.0066170013  -0.0027567359  -0.0376344649  -0.1542173173  -0.0360021512
        0.0001843411   0.0001603990  -0.0000595734   0.0008346248  -0.0000334403
       -0.0004812274  -0.0009116973   0.0000424437   0.0004380461   0.0059216455
       -0.0447118590  -0.0267063462   0.0001734046  -0.0000648999   0.0022394050
        0.0112181177  -0.0246873830   0.0151367788   0.0004591529   0.0011340300
       -0.0002358174  -0.0004892647   0.0002288555   0.0000844609  -0.0000177643
        0.0000732393  -0.0000434505   0.0000275769   0.0000824966  -0.0000053913
       -0.0011423411   0.0010325947   0.0001059828   0.0008194939   0.0004741099
       -0.0000362653  -0.0024820694  -0.0080086122  -0.0060449048  -0.0073162121
       -0.0253782923  -0.0064171154
        0.0022876514  -0.0012622794  -0.0053294892   0.0349662756  -0.0001444495
       -0.0097569625   0.0273591900   0.0018351959  -0.0606473640  -0.0413229029
       -0.0055493006  -0.0085686070  -0.0217274425   0.0151075076   0.5441403400
       -0.0249705663   0.0482736681  -0.1037134570  -0.0041143374   0.0006119553
       -0.0000422632   0.0003265804   0.0001448777   0.0001366221  -0.0016362094
        0.0004091247   0.0008117354  -0.0100678875  -0.0364824400  -0.0795927369
        0.0015785701   0.0000119204  -0.0002719546  -0.0003156920  -0.0001800735
       -0.0000628408  -0.0001071458   0.0001241295  -0.0002205843   0.0473195112
       -0.0268699194  -0.2529212136  -0.0117305692   0.0224356778  -0.0221078509
        0.0029882631  -0.0051650806   0.0044188123   0.0004795634  -0.0002066209
        0.0007577302   0.0011783750  -0.0006775093   0.0008779549  -0.0000469966
       -0.0000304000  -0.0001240738   0.0002132874   0.0000011994   0.0000061487
        0.0006669600   0.0001531946   0.0006641225   0.0009172210   0.0008972628
        0.0006727224  -0.0088713618  -0.0273734056  -0.0138976526   0.0046296627
        0.0139357649   0.0047708620
        0.0008545028  -0.0010034162  -0.0002864293  -0.0016398315   0.0004934065
       -0.0014125943  -0.0194374248   0.0211245373  -0.0131993789  -0.0054299760
       -0.0026857612  -0.0003860413  -0.0733402216   0.0395218058  -0.0249705663
        0.4572746881   0.0245439189  -0.0163275772  -0.1932113834  -0.0032976830
        0.0137944772  -0.0179191491  -0.0094798882  -0.0016999638   0.0000632028
        0.0017979216   0.0000420455   0.0041999426  -0.0041159274   0.0034134678
        0.0000288520  -0.0000260584  -0.0000173579  -0.0001837226   0.0000411758
        0.0000937111  -0.0000031067  -0.0000207472  -0.0000517364   0.0023897864
       -0.0029057682   0.0023626265  -0.0571652299   0.0055630741   0.0585203427
       -0.0654626946  -0.0671004260  -0.0241535816  -0.0181804117   0.0017649342
       -0.0000177092  -0.0140752035  -0.0002372867   0.0048360527   0.0008088738
        0.0007175828   0.0003599730  -0.0002203577  -0.0024433126  -0.0006484599
        0.0002478830   0.0002117743   0.0000061225   0.0000179546  -0.0001414580
        0.0001486516   0.0002846828   0.0000490549  -0.0000220146   0.0000983441
       -0.0023714532  -0.0003840597
        0.0002036327   0.0000960409   0.0001245967  -0.0010377046   0.0003837782
        0.0025895958   0.0118674215  -0.0006521054   0.0004702909  -0.0026607328
       -0.0015812335  -0.0020455620   0.0310333624  -0.1238150923   0.0482736681
        0.0245439189   0.4969308920   0.0348208906  -0.0064606879  -0.0637852982
       -0.0007859731  -0.0268049519  -0.0049628741   0.0004815744   0.0014975898
        0.0026051908   0.0006514438   0.0082982904  -0.0298711526   0.0121746875
       -0.0000321542  -0.0000116382  -0.0000144413   0.0000207394  -0.0000374077
       -0.0000313025  -0.0000398372   0.0000442143  -0.0000341873  -0.0000751642
        0.0002984433   0.0016269003   0.0057458279  -0.0476833234  -0.0267919287
       -0.0664493121  -0.2200486826  -0.0695261605   0.0215807622  -0.0002707100
       -0.0005803007   0.0039514158   0.0006817462  -0.0004012474  -0.0003884759
        0.0006639200   0.0006847268  -0.0033799416  -0.0047823156  -0.0015805608
        0.0002294950   0.0003457340  -0.0000515605  -0.0002271023  -0.0001624008
        0.0001158375   0.0002937589   0.0010194417   0.0009901405  -0.0017101501
       -0.0054051670  -0.0011611281
       -0.0005226255  -0.0001262070  -0.0000319041   0.0022367183   0.0002556824
       -0.0028609451  -0.0103000596  -0.0015137102   0.0015100127   0.0019605712
        0.0008650321   0.0025305749  -0.0197520150   0.0481835308  -0.1037134570
       -0.0163275772   0.0348208906   0.5161062680   0.0147424185  -0.0002591070
       -0.0685420800  -0.0087974805  -0.0015141836   0.0007263374   0.0000221720
        0.0006033434   0.0000497918   0.0023883724  -0.0023298050   0.0039070364
        0.0000205788  -0.0000169469   0.0000208290   0.0000016826   0.0000245533
        0.0000390861   0.0001277552  -0.0000009167  -0.0000183670  -0.0112425830
        0.0217394112  -0.0202839198   0.0589378424  -0.0276853680  -0.2552064413
       -0.0242573645  -0.0688511559  -0.0717165459  -0.0168868882   0.0008032571
        0.0009779885   0.0301489502   0.0007898570  -0.0054665293  -0.0011377043
       -0.0002603985   0.0006382181  -0.0011797634  -0.0020411178   0.0000986632
        0.0000264447  -0.0000590636  -0.0000383463   0.0000169848  -0.0000828645
       -0.0000029365   0.0002423915  -0.0011715206   0.0009046806  -0.0004688214
       -0.0021731925   0.0003719856
        0.0000618460  -0.0001793828  -0.0000361488   0.0001705187  -0.0000638880
        0.0000930955  -0.0006136654   0.0025765551  -0.0017098811  -0.0006051999
       -0.0002482995  -0.0001695531  -0.0211282626   0.0077422640  -0.0041143374
       -0.1932113834  -0.0064606879   0.0147424185   0.4642415048  -0.0258980961
       -0.0010580753  -0.0791762381  -0.0378476465  -0.0133531262   0.0041317782
        0.0084214756   0.0032914245   0.0003984552  -0.0016168674   0.0005351547
       -0.0000168440  -0.0000045991  -0.0000122676   0.0000131920   0.0000430502
        0.0000214116  -0.0000303008  -0.0000179868   0.0000181534   0.0008018004
       -0.0005713070   0.0006698808  -0.0134660513   0.0004224341   0.0045951855
       -0.0150741375  -0.0030375745   0.0005781360  -0.0780410353   0.0681057636
       -0.0515142459  -0.0572689452   0.0092588077   0.0559600600   0.0022915758
        0.0045774597   0.0018311108  -0.0137421255  -0.0278383632  -0.0095884220
       -0.0001822501   0.0027531102  -0.0011646144   0.0002750507  -0.0001130446
        0.0002105450  -0.0000313735   0.0002023250   0.0001058710   0.0002020908
       -0.0002055020   0.0000682243
        0.0000477145   0.0001583941  -0.0000770208   0.0004165441   0.0000961679
       -0.0008317055   0.0000796280  -0.0035521249   0.0023380530   0.0018645876
        0.0011009786   0.0008751192   0.0222940895  -0.0024120238   0.0006119553
       -0.0032976830  -0.0637852982  -0.0002591070  -0.0258980961   0.4932709768
       -0.0203503603  -0.0395457830  -0.1679909986  -0.0390218013  -0.0038821040
       -0.0309032652  -0.0020837913  -0.0018980413   0.0017688120  -0.0011032152
       -0.0000040251   0.0000039654  -0.0000051387   0.0000618140   0.0000049593
       -0.0000098492  -0.0000454727   0.0000162254   0.0000244406   0.0000993536
        0.0004171253  -0.0004913633   0.0033137823   0.0006461882  -0.0008471284
       -0.0273485042  -0.0030401585   0.0013330992   0.0679567249  -0.1629040416
        0.0944819594   0.0093810967  -0.0481042598  -0.0284670340  -0.0019490591
       -0.0078216019  -0.0057230165  -0.0035550759  -0.0043795186  -0.0017882161
        0.0021270294  -0.0037108854   0.0023960477  -0.0002219226   0.0008924271
       -0.0008628267   0.0002171551  -0.0002155606  -0.0000848586  -0.0002137526
        0.0004435172  -0.0000542416
        0.0000786123  -0.0001718278   0.0000994799  -0.0005955405  -0.0002138460
        0.0011371610   0.0011935286   0.0031189347  -0.0017915676  -0.0015676836
       -0.0009559685  -0.0007155048  -0.0164759031   0.0028273859  -0.0000422632
        0.0137944772  -0.0007859731  -0.0685420800  -0.0010580753  -0.0203503603
        0.5340127261  -0.0132131534  -0.0384364311  -0.0823546960   0.0042858407
        0.0124565335   0.0043956500   0.0006417911  -0.0011514104   0.0005630724
       -0.0000421518   0.0000067109   0.0000197922  -0.0000277124  -0.0000247530
       -0.0000056069   0.0000671455   0.0000025936  -0.0000168378  -0.0012011974
        0.0002018795   0.0006377678   0.0296153135   0.0005083611  -0.0051309847
       -0.0102489279  -0.0015471676   0.0011591621  -0.0511629962   0.0941955001
       -0.1181474722   0.0555197958  -0.0282958989  -0.2529547458  -0.0091367222
       -0.0280718169  -0.0133108752   0.0007508204   0.0017492852   0.0011714995
       -0.0013082404   0.0035996481  -0.0009741182   0.0000855595   0.0012615735
        0.0008847664  -0.0000130729   0.0001125763  -0.0000357081   0.0000184923
       -0.0000355284  -0.0000586168
        0.0001659866   0.0000059126  -0.0000188189   0.0001465091  -0.0000363291
       -0.0003550260  -0.0007682234   0.0000029024   0.0002149658   0.0003853993
        0.0000402375   0.0002571568   0.0038104488   0.0002713522   0.0003265804
       -0.0179191491  -0.0268049519  -0.0087974805  -0.0791762381  -0.0395457830
       -0.0132131534   0.5294816010   0.0010270834  -0.0210701882  -0.0868660063
        0.0404391850  -0.0289086321  -0.0211078282   0.0218139488  -0.0156874766
       -0.0000084070   0.0000004356   0.0000079914   0.0000021939  -0.0000025967
        0.0000021577   0.0000056342   0.0000027558  -0.0000001202  -0.0002737407
       -0.0000464606  -0.0001842621   0.0007754795  -0.0004238488  -0.0007768816
       -0.0067340995  -0.0014586196  -0.0001047552   0.0038364295   0.0092333177
        0.0027847026   0.0025524430   0.0051356986   0.0015050061  -0.0581024879
        0.0063605040   0.0518549748  -0.2706830227  -0.0074212629   0.0272873600
        0.0036748193  -0.0054384464   0.0037806573   0.0028412028  -0.0040063961
        0.0023413872   0.0007903490   0.0002307328  -0.0008670340  -0.0068292930
        0.0006206289  -0.0003791111
        0.0000033581  -0.0000256525  -0.0000039109   0.0000373457   0.0000007337
       -0.0000388873  -0.0001943958  -0.0001259341  -0.0000002977   0.0000860437
        0.0001598146   0.0000491520   0.0003386009  -0.0007568088   0.0001448777
       -0.0094798882  -0.0049628741  -0.0015141836  -0.0378476465  -0.1679909986
       -0.0384364311   0.0010270834   0.4496258210   0.0083363983   0.0387594165
       -0.1344225062   0.0521287123   0.0070966911  -0.0013523194   0.0013251312
       -0.0000009272   0.0000031426  -0.0000009152   0.0000329912   0.0000071915
       -0.0000059029  -0.0000275688   0.0000062220   0.0000074765  -0.0000256723
        0.0001317303  -0.0000440599   0.0006086357   0.0005537913   0.0000250103
       -0.0002101033   0.0011371103   0.0000740867  -0.0070602738  -0.0253326891
       -0.0062452496  -0.0026067767  -0.0077068750  -0.0057308546   0.0064280095
       -0.0447774014  -0.0271657957  -0.0075018241  -0.0407550940   0.0002864987
        0.0109964813  -0.0250415477   0.0149806910   0.0002058688   0.0001789836
        0.0020191402  -0.0003282434   0.0003173858   0.0000080030  -0.0003372058
        0.0011287741  -0.0001986891
       -0.0000520118  -0.0000047349  -0.0000503653   0.0002232105  -0.0000073455
       -0.0001288555  -0.0011839647  -0.0000649647  -0.0002272812   0.0005473252
        0.0000583819   0.0004279994   0.0008332661   0.0001709461   0.0001366221
       -0.0016999638   0.0004815744   0.0007263374  -0.0133531262  -0.0390218013
       -0.0823546960  -0.0210701882   0.0083363983   0.5160416901  -0.0286390124
        0.0527218501  -0.1082361925  -0.0040101689   0.0002382893   0.0003100030
       -0.0000054832  -0.0000011507  -0.0000045728   0.0000172278   0.0000009330
        0.0000100662   0.0000253574   0.0000011687   0.0000102642  -0.0000420733
       -0.0000360037  -0.0001073848   0.0007920950   0.0008670444   0.0007306947
        0.0007917831   0.0002271229   0.0007394063   0.0045589473   0.0145803990
        0.0045902402  -0.0093929465  -0.0276069907  -0.0134492458   0.0523427567
       -0.0271405822  -0.2558494431   0.0267115792   0.0002596694  -0.0479490811
        0.0030501834  -0.0057910230   0.0044682475  -0.0122781612   0.0226489341
       -0.0216254826   0.0010003721  -0.0006693778   0.0009471525   0.0008329965
       -0.0002487370   0.0008438771
        0.0000477617   0.0001558285  -0.0000851505   0.0002070257   0.0000846614
       -0.0000185645  -0.0004107827  -0.0025733460  -0.0008154085  -0.0003898457
        0.0000720857  -0.0000871457  -0.0178473842  -0.0100000198  -0.0016362094
        0.0000632028   0.0014975898   0.0000221720   0.0041317782  -0.0038821040
        0.0042858407  -0.0868660063   0.0387594165  -0.0286390124   0.4596457961
        0.0204719517  -0.0099195200  -0.1932835173  -0.0021641009   0.0141230346
       -0.0000183933  -0.0000047031  -0.0000128480  -0.0000356237   0.0000157074
        0.0000157765   0.0000234552  -0.0000373691   0.0000320164   0.0007616170
        0.0007527137   0.0004363431   0.0000050693  -0.0001478855   0.0001412784
        0.0001631490   0.0001887885   0.0000124694   0.0002731684  -0.0024852661
       -0.0002524380   0.0002454964   0.0000995135   0.0000940646   0.0025842113
       -0.0033997763   0.0025018765  -0.0165144357   0.0229904342  -0.0168039916
       -0.0647874589  -0.0666066331  -0.0244331064  -0.0568505422   0.0050469386
        0.0563391673  -0.0134312819  -0.0005067566   0.0046994449  -0.0177164590
        0.0016723310  -0.0000000893
       -0.0000366539   0.0002386092   0.0000383421  -0.0005918164   0.0003869625
        0.0010710193   0.0006895601  -0.0050914269  -0.0015754722  -0.0023507289
        0.0008293540  -0.0013422338  -0.0273507368  -0.0066170013   0.0004091247
        0.0017979216   0.0026051908   0.0006033434   0.0084214756  -0.0309032652
        0.0124565335   0.0404391850  -0.1344225062   0.0527218501   0.0204719517
        0.5112121417   0.0268419713  -0.0054979508  -0.0633706751   0.0002071404
       -0.0000087884   0.0000035898   0.0000069779   0.0000589770   0.0000141779
       -0.0000300173  -0.0000674404   0.0000033738   0.0000095515  -0.0003880059
        0.0005447843   0.0005767246  -0.0001902114  -0.0002464639   0.0001491774
        0.0001847965   0.0004689506  -0.0000837881  -0.0019059483  -0.0055450754
       -0.0012399640   0.0001957102   0.0008220125   0.0009003900  -0.0003828929
        0.0002060178   0.0020660609   0.0024655650  -0.0014135206   0.0015956227
       -0.0663752438  -0.2228842845  -0.0705665109   0.0048080960  -0.0473053266
       -0.0239427696   0.0035099024   0.0007252343  -0.0003035987   0.0221032767
       -0.0002608535  -0.0005694751
        0.0000872093   0.0001428334   0.0000364465  -0.0005136292   0.0003496767
        0.0008187468   0.0013909729  -0.0020999438  -0.0004949608  -0.0010357927
        0.0004000183  -0.0005950887  -0.0093176350  -0.0027567359   0.0008117354
        0.0000420455   0.0006514438   0.0000497918   0.0032914245  -0.0020837913
        0.0043956500  -0.0289086321   0.0521287123  -0.1082361925  -0.0099195200
        0.0268419713   0.5205917176   0.0140202113   0.0006855493  -0.0688186186
       -0.0000419772  -0.0000069722   0.0000173094   0.0000545655  -0.0000026817
       -0.0000100845  -0.0000126574   0.0000196738  -0.0000136224  -0.0011087601
       -0.0002806817   0.0005620490   0.0000494490  -0.0000582831  -0.0000425031
       -0.0000329743  -0.0001076238  -0.0000420265  -0.0004412084  -0.0024620982
        0.0004078488   0.0001465639  -0.0012273605   0.0009929293  -0.0118945527
        0.0231782986  -0.0216240652   0.0000141519  -0.0006225584   0.0009799628
       -0.0241664440  -0.0702498147  -0.0714071262   0.0559525581  -0.0241562363
       -0.2541693632   0.0295758752   0.0007669850  -0.0052425117  -0.0172312441
        0.0009496191   0.0010319761
        0.0007615811   0.0009808815  -0.0005099379  -0.0016682423  -0.0009420376
       -0.0008570084  -0.0159237206  -0.0254046158  -0.0067895224  -0.0057515088
        0.0021380666  -0.0011991970  -0.0665464276  -0.0376344649  -0.0100678875
        0.0041999426   0.0082982904   0.0023883724   0.0003984552  -0.0018980413
        0.0006417911  -0.0211078282   0.0070966911  -0.0040101689  -0.1932835173
       -0.0054979508   0.0140202113   0.4624693801  -0.0301059563  -0.0056486964
        0.0000204216   0.0000280846  -0.0000264189  -0.0000008682   0.0000053413
       -0.0000540070  -0.0001827470  -0.0000257149   0.0000971526   0.0021875707
        0.0039967780   0.0017793686   0.0003202365  -0.0001054139   0.0000991997
       -0.0003208063   0.0025856125  -0.0012454496   0.0002911724  -0.0002072289
        0.0000661218  -0.0000216580   0.0001890216   0.0001130688   0.0008489163
       -0.0005623750   0.0006012945  -0.0007865983   0.0024751353  -0.0015384270
       -0.0155873134  -0.0031816167   0.0005887634  -0.0140515077   0.0001455344
        0.0047975489  -0.0575375123   0.0092624630   0.0579557004  -0.0787274204
        0.0683635159  -0.0512018727
       -0.0002775198   0.0001453125  -0.0001914754   0.0014857867  -0.0004984715
       -0.0034262116  -0.0159520706  -0.0039854743  -0.0004328810   0.0027214416
       -0.0005340030   0.0029383921  -0.0277299670  -0.1542173173  -0.0364824400
       -0.0041159274  -0.0298711526  -0.0023298050  -0.0016168674   0.0017688120
       -0.0011514104   0.0218139488  -0.0013523194   0.0002382893  -0.0021641009
       -0.0633706751   0.0006855493  -0.0301059563   0.4741957390  -0.0251003296
        0.0000386837   0.0000077326   0.0000150716   0.0000690473   0.0000570167
        0.0000128602  -0.0000307716  -0.0000373874   0.0000589323  -0.0021380448
       -0.0072347205  -0.0051113124  -0.0003011249   0.0010275240  -0.0010234703
        0.0019148487  -0.0037216008   0.0022972026  -0.0002191864   0.0003047935
       -0.0000464075   0.0002365052  -0.0001193081  -0.0000645340   0.0000851656
        0.0005019755  -0.0006083553   0.0032253018  -0.0029585148   0.0024146443
       -0.0267929598  -0.0029688056   0.0013102114   0.0029899629   0.0005550466
       -0.0007795932   0.0091683262  -0.0468560453  -0.0260421609   0.0676954784
       -0.1608381567   0.0928192337
       -0.0004473109   0.0000358790  -0.0000054663   0.0019328197  -0.0006857369
       -0.0019255730  -0.0065998676   0.0016875209   0.0012802986   0.0012158781
        0.0001867702   0.0018891157  -0.0072837934  -0.0360021512  -0.0795927369
        0.0034134678   0.0121746875   0.0039070364   0.0005351547  -0.0011032152
        0.0005630724  -0.0156874766   0.0013251312   0.0003100030   0.0141230346
        0.0002071404  -0.0688186186  -0.0056486964  -0.0251003296   0.5329597638
        0.0000083591   0.0000243429   0.0000038214   0.0001137803  -0.0000053461
       -0.0000250250   0.0000124827  -0.0000075321   0.0000331065  -0.0085887568
       -0.0263839449  -0.0125565107   0.0002153897   0.0011554477   0.0008557553
       -0.0012475534   0.0033011382  -0.0008977515   0.0000879907  -0.0000382208
       -0.0000429025  -0.0000534806   0.0001179315  -0.0000083237  -0.0012248351
        0.0001734633   0.0007481852  -0.0023447671   0.0028098378  -0.0011616813
       -0.0100654513  -0.0014109835   0.0010655713   0.0302970358   0.0005003188
       -0.0053707145   0.0582998025  -0.0251085989  -0.2555972017  -0.0510632065
        0.0921464497  -0.1176132241
       -0.0380962328   0.0022055714   0.0160520836  -0.0132582216   0.0038405913
        0.0351973631  -0.0078422839  -0.0003061140   0.0006759537   0.0014338046
       -0.0000504927  -0.0008784039  -0.0004210155   0.0001843411   0.0015785701
        0.0000288520  -0.0000321542   0.0000205788  -0.0000168440  -0.0000040251
       -0.0000421518  -0.0000084070  -0.0000009272  -0.0000054832  -0.0000183933
       -0.0000087884  -0.0000419772   0.0000204216   0.0000386837   0.0000083591
        0.0541509716  -0.0034744150  -0.0312867748   0.0021566645  -0.0011404697
       -0.0095863680   0.0022422460  -0.0012620972  -0.0119000952  -0.0004447281
       -0.0000085832   0.0000842536  -0.0000315422  -0.0000034743   0.0000860384
        0.0000298261  -0.0000354346  -0.0000077228   0.0000079065   0.0000027054
       -0.0000060134   0.0000286721  -0.0000025815  -0.0000108786  -0.0000061551
        0.0000005579   0.0000114758   0.0000126162   0.0000012924   0.0000002369
        0.0000082630  -0.0000020822  -0.0000047708   0.0000267144   0.0000031862
       -0.0000100818  -0.0000274802   0.0000198530   0.0000842026   0.0000243451
        0.0000348567  -0.0000183940
        0.0031355645  -0.0458439642  -0.0300647097   0.0002568591   0.0005086089
        0.0004753030  -0.0002069241   0.0005137691  -0.0003014741   0.0001886864
        0.0000631008   0.0001405283  -0.0000313620   0.0001603990   0.0000119204
       -0.0000260584  -0.0000116382  -0.0000169469  -0.0000045991   0.0000039654
        0.0000067109   0.0000004356   0.0000031426  -0.0000011507  -0.0000047031
        0.0000035898  -0.0000069722   0.0000280846   0.0000077326   0.0000243429
       -0.0034744150   0.0475679096   0.0341898513   0.0011440427  -0.0049320117
       -0.0280676764  -0.0010095636   0.0019463864   0.0235827215  -0.0000098171
       -0.0000283784   0.0000152506   0.0000494691   0.0000317261  -0.0000021173
       -0.0000133901  -0.0000065005  -0.0000143480   0.0000086538  -0.0000074884
        0.0000015371  -0.0000125796  -0.0000021486   0.0000084874  -0.0000003902
        0.0000107911   0.0000017830   0.0000014308  -0.0000049869   0.0000016579
       -0.0000050325  -0.0000049490   0.0000035540   0.0000104628  -0.0000042800
       -0.0000069177  -0.0000376266   0.0000296131   0.0000066910   0.0000127722
       -0.0000043884   0.0000119738
        0.0234172329  -0.0297389074  -0.2859897181   0.0069201763  -0.0007753360
       -0.0080274836   0.0013142797  -0.0002641996  -0.0020114230   0.0009409398
        0.0002266691   0.0014729055  -0.0000088988  -0.0000595734  -0.0002719546
       -0.0000173579  -0.0000144413   0.0000208290  -0.0000122676  -0.0000051387
        0.0000197922   0.0000079914  -0.0000009152  -0.0000045728  -0.0000128480
        0.0000069779   0.0000173094  -0.0000264189   0.0000150716   0.0000038214
       -0.0312867748   0.0341898513   0.3251568733  -0.0007448554  -0.0031502778
       -0.0117541713  -0.0006358750  -0.0004503194  -0.0187375997   0.0000645175
        0.0000142138   0.0000490297   0.0000667949  -0.0000132941   0.0000060887
       -0.0000134683   0.0000295900  -0.0000056988   0.0000065100  -0.0000050878
        0.0000098771  -0.0000226715   0.0000050311   0.0000056560   0.0000057407
        0.0000008324   0.0000143387   0.0000010481   0.0000013323   0.0000020693
        0.0000050928   0.0000107332   0.0000084042  -0.0000260858  -0.0000042192
        0.0000092047   0.0000736308   0.0000124443   0.0000041690  -0.0000164328
       -0.0000310371   0.0000022538
       -0.0648816984  -0.0686518621  -0.0245595590  -0.0336508999  -0.0300586352
       -0.0051906480   0.0000958895  -0.0014290838  -0.0019179537   0.0006601835
       -0.0000870320   0.0002537996  -0.0001826663   0.0008346248  -0.0003156920
       -0.0001837226   0.0000207394   0.0000016826   0.0000131920   0.0000618140
       -0.0000277124   0.0000021939   0.0000329912   0.0000172278  -0.0000356237
        0.0000589770   0.0000545655  -0.0000008682   0.0000690473   0.0001137803
        0.0021566645   0.0011440427  -0.0007448554   0.0904187360   0.0879406546
        0.0292451942   0.0053777103   0.0100882219   0.0029603688   0.0000766047
        0.0000256804  -0.0000585654   0.0000378030  -0.0001256548   0.0000724532
       -0.0000788013  -0.0000108190   0.0000593272  -0.0000207816  -0.0000056149
       -0.0000104986   0.0000110173  -0.0000137938  -0.0000061740   0.0000192757
       -0.0000064825   0.0000055950  -0.0000005391  -0.0000019963   0.0000093269
        0.0000185284   0.0000004686  -0.0000006934   0.0000014680   0.0000067213
       -0.0000056220   0.0001254475   0.0000884489   0.0000608711   0.0000208870
        0.0000185422  -0.0000162185
       -0.0723253485  -0.2262795932  -0.0637748605  -0.0093543989   0.0010212308
        0.0021724331  -0.0003347541   0.0005670639  -0.0025315159   0.0012016489
       -0.0004012215   0.0008656933   0.0000666302  -0.0000334403  -0.0001800735
        0.0000411758  -0.0000374077   0.0000245533   0.0000430502   0.0000049593
       -0.0000247530  -0.0000025967   0.0000071915   0.0000009330   0.0000157074
        0.0000141779  -0.0000026817   0.0000053413   0.0000570167  -0.0000053461
       -0.0011404697  -0.0049320117  -0.0031502778   0.0879406546   0.2573471202
        0.0728727454  -0.0062363531  -0.0273463729  -0.0063886636   0.0000429810
        0.0000048082   0.0000320707  -0.0000146292  -0.0000364147   0.0000124361
       -0.0000050590   0.0000403807   0.0000097778  -0.0000086796   0.0000109594
       -0.0000050972  -0.0000044481  -0.0000017154   0.0000211527   0.0000112786
       -0.0000061612   0.0000021607  -0.0000184297   0.0000003746   0.0000037273
        0.0000060130  -0.0000081925  -0.0000027322  -0.0000165645   0.0000037867
        0.0000236582   0.0000598456   0.0000070814   0.0000607543   0.0000274047
       -0.0000036201  -0.0000360941
       -0.0256184874  -0.0656204627  -0.0658638072   0.0010207396   0.0054901037
        0.0020279661   0.0022788539   0.0014000890   0.0023079410  -0.0014113095
       -0.0004931699   0.0000952529  -0.0000349129  -0.0004812274  -0.0000628408
        0.0000937111  -0.0000313025   0.0000390861   0.0000214116  -0.0000098492
       -0.0000056069   0.0000021577  -0.0000059029   0.0000100662   0.0000157765
       -0.0000300173  -0.0000100845  -0.0000540070   0.0000128602  -0.0000250250
       -0.0095863680  -0.0280676764  -0.0117541713   0.0292451942   0.0728727454
        0.0686679500   0.0040783099   0.0149449572   0.0046406337   0.0000186540
        0.0000075492  -0.0000003201  -0.0000404590  -0.0000320806  -0.0000628559
        0.0000092664   0.0000353720   0.0000358184  -0.0000170074   0.0000172130
       -0.0000078938   0.0000108439   0.0000036981   0.0000046747   0.0000026782
       -0.0000072521  -0.0000142535  -0.0000126073   0.0000059260  -0.0000005630
       -0.0000168949  -0.0000082865  -0.0000082149  -0.0000066369   0.0000046967
        0.0000119882   0.0000126310  -0.0000175119  -0.0000240473  -0.0000115376
        0.0000095287  -0.0000016936
       -0.0776337100   0.0708795394  -0.0492727356  -0.0367727550   0.0245982814
       -0.0118690413  -0.0000547325   0.0007979454  -0.0024389543   0.0007582217
        0.0002644612   0.0002693671  -0.0001001255  -0.0009116973  -0.0001071458
       -0.0000031067  -0.0000398372   0.0001277552  -0.0000303008  -0.0000454727
        0.0000671455   0.0000056342  -0.0000275688   0.0000253574   0.0000234552
       -0.0000674404  -0.0000126574  -0.0001827470  -0.0000307716   0.0000124827
        0.0022422460  -0.0010095636  -0.0006358750   0.0053777103  -0.0062363531
        0.0040783099   0.1061597265  -0.0882552426   0.0596510411   0.0000863396
       -0.0000317764  -0.0000496754   0.0001372763  -0.0000521392   0.0000877654
        0.0000270794  -0.0000207509  -0.0000147311   0.0000185480   0.0000026046
       -0.0000014219   0.0000006792  -0.0000068094  -0.0000018875   0.0000189365
        0.0000114145   0.0000034499  -0.0000026576   0.0000051416   0.0000087031
       -0.0000224458  -0.0000001194  -0.0000112881   0.0000099390   0.0000138446
       -0.0000080290   0.0000166171   0.0001472745   0.0000337133  -0.0000798281
        0.0000150355   0.0000583519
        0.0741324377  -0.1734142979   0.0896973093   0.0061528128   0.0022152148
       -0.0026192009   0.0008187226   0.0010965001   0.0026694091  -0.0014194356
       -0.0005586832  -0.0006630299  -0.0000867200   0.0000424437   0.0001241295
       -0.0000207472   0.0000442143  -0.0000009167  -0.0000179868   0.0000162254
        0.0000025936   0.0000027558   0.0000062220   0.0000011687  -0.0000373691
        0.0000033738   0.0000196738  -0.0000257149  -0.0000373874  -0.0000075321
       -0.0012620972   0.0019463864  -0.0004503194   0.0100882219  -0.0273463729
        0.0149449572  -0.0882552426   0.1960191766  -0.1035962561  -0.0000297282
       -0.0000115504  -0.0000351250  -0.0000413614  -0.0000185602  -0.0000577259
       -0.0000286454  -0.0000019736   0.0000311903  -0.0000058700  -0.0000077946
        0.0000009033   0.0000150453  -0.0000021886  -0.0000227366  -0.0000079118
       -0.0000069026  -0.0000032822   0.0000156159  -0.0000007301  -0.0000029954
        0.0000012384   0.0000086370   0.0000019940   0.0000084804  -0.0000054922
       -0.0000196598   0.0000079445  -0.0000202989  -0.0000127975  -0.0000044451
        0.0000338387  -0.0000017513
       -0.0513542348   0.0914083717  -0.1059268473  -0.0004785299  -0.0051591679
        0.0039902136   0.0022462966  -0.0008652430   0.0019140840  -0.0011380607
        0.0005473755   0.0001345589  -0.0000570282   0.0004380461  -0.0002205843
       -0.0000517364  -0.0000341873  -0.0000183670   0.0000181534   0.0000244406
       -0.0000168378  -0.0000001202   0.0000074765   0.0000102642   0.0000320164
        0.0000095515  -0.0000136224   0.0000971526   0.0000589323   0.0000331065
       -0.0119000952   0.0235827215  -0.0187375997   0.0029603688  -0.0063886636
        0.0046406337   0.0596510411  -0.1035962561   0.1142409816   0.0000285110
       -0.0000042739   0.0000088598   0.0000259362   0.0000179732  -0.0000141198
       -0.0000045210  -0.0000116823  -0.0000062699  -0.0000174122   0.0000065614
       -0.0000073439  -0.0000097565  -0.0000030695   0.0000202528   0.0000033784
        0.0000069476  -0.0000148829  -0.0000160949  -0.0000072443   0.0000031332
       -0.0000147187  -0.0000234587  -0.0000048269   0.0000111524  -0.0000008497
        0.0000094367  -0.0000480799   0.0000176100  -0.0000665621   0.0000163815
       -0.0000319115   0.0000423392
       -0.0008546235   0.0001579558   0.0017265317  -0.0078873796  -0.0001865315
        0.0017024800  -0.0106457671   0.0036838948   0.0306107164   0.0035166961
        0.0002130015   0.0003119138  -0.0551044415   0.0059216455   0.0473195112
        0.0023897864  -0.0000751642  -0.0112425830   0.0008018004   0.0000993536
       -0.0012011974  -0.0002737407  -0.0000256723  -0.0000420733   0.0007616170
       -0.0003880059  -0.0011087601   0.0021875707  -0.0021380448  -0.0085887568
       -0.0004447281  -0.0000098171   0.0000645175   0.0000766047   0.0000429810
        0.0000186540   0.0000863396  -0.0000297282   0.0000285110   0.0666904237
       -0.0073948906  -0.0584272997  -0.0005984621   0.0018858101  -0.0016545071
        0.0002481116  -0.0004010351   0.0002626902  -0.0000250739  -0.0000631449
        0.0001795913  -0.0004064538   0.0003710417   0.0001374532  -0.0000544828
        0.0000359600   0.0001958731  -0.0000353844   0.0000013890  -0.0000061444
       -0.0000493331   0.0001030823   0.0001410452  -0.0003321380  -0.0003618123
        0.0002160462  -0.0002170930  -0.0018905612  -0.0008380494   0.0001701514
        0.0004482929   0.0001938366
       -0.0001065915   0.0003040638   0.0000006439  -0.0000875321   0.0010121581
       -0.0001491840  -0.0001299989   0.0008743642   0.0002618731   0.0000656052
       -0.0008655905   0.0003369220   0.0064732654  -0.0447118590  -0.0268699194
       -0.0029057682   0.0002984433   0.0217394112  -0.0005713070   0.0004171253
        0.0002018795  -0.0000464606   0.0001317303  -0.0000360037   0.0007527137
        0.0005447843  -0.0002806817   0.0039967780  -0.0072347205  -0.0263839449
       -0.0000085832  -0.0000283784   0.0000142138   0.0000256804   0.0000048082
        0.0000075492  -0.0000317764  -0.0000115504  -0.0000042739  -0.0073948906
        0.0564739725   0.0303774594   0.0019822129  -0.0028533826   0.0031800219
       -0.0003705269   0.0003742437   0.0004915185  -0.0001578160  -0.0000438555
       -0.0001124696   0.0002963700   0.0000783281  -0.0001862104   0.0000289992
       -0.0002299674   0.0000504172   0.0000045998  -0.0000895858   0.0000106996
        0.0001966157   0.0000596025   0.0001874653  -0.0004798624   0.0000219923
        0.0002604442  -0.0019470364  -0.0049225090  -0.0026556673   0.0004153099
        0.0003957827  -0.0004421640
       -0.0003345076  -0.0000991835  -0.0003340892   0.0024721795  -0.0001012450
       -0.0005882424   0.0035247458  -0.0010177842  -0.0078382624  -0.0011251774
        0.0002417759   0.0013311559   0.0512540808  -0.0267063462  -0.2529212136
        0.0023626265   0.0016269003  -0.0202839198   0.0006698808  -0.0004913633
        0.0006377678  -0.0001842621  -0.0000440599  -0.0001073848   0.0004363431
        0.0005767246   0.0005620490   0.0017793686  -0.0051113124  -0.0125565107
        0.0000842536   0.0000152506   0.0000490297  -0.0000585654   0.0000320707
       -0.0000003201  -0.0000496754  -0.0000351250   0.0000088598  -0.0584272997
        0.0303774594   0.2932064526  -0.0015584551   0.0033238427  -0.0024280676
        0.0002883531  -0.0002216541   0.0004729902   0.0001780503  -0.0000873127
        0.0002561900  -0.0005809337   0.0001629428   0.0002667408   0.0001461433
        0.0000476769   0.0000601021   0.0000074892   0.0000112578  -0.0000113771
        0.0001185616   0.0001611171   0.0001787558  -0.0004585017  -0.0001535789
        0.0002499866  -0.0006998246  -0.0027824575  -0.0007379270   0.0001551265
        0.0002744040   0.0005272344
       -0.0005142135   0.0001254617   0.0000432978  -0.0008479028   0.0001108354
        0.0002752384   0.0011116979  -0.0000395482  -0.0017315204   0.0000767317
        0.0000288504   0.0004948799   0.0020002367   0.0001734046  -0.0117305692
       -0.0571652299   0.0057458279   0.0589378424  -0.0134660513   0.0033137823
        0.0296153135   0.0007754795   0.0006086357   0.0007920950   0.0000050693
       -0.0001902114   0.0000494490   0.0003202365  -0.0003011249   0.0002153897
       -0.0000315422   0.0000494691   0.0000667949   0.0000378030  -0.0000146292
       -0.0000404590   0.0001372763  -0.0000413614   0.0000259362  -0.0005984621
        0.0019822129  -0.0015584551   0.0712159837  -0.0090637363  -0.0672964567
        0.0033109540  -0.0020985382  -0.0093189814   0.0005678714   0.0001269057
        0.0003947626  -0.0069086554  -0.0002884912   0.0015820866  -0.0002415218
       -0.0004703953  -0.0005135295   0.0002584820   0.0002181682  -0.0001703862
       -0.0000631053   0.0000319603  -0.0000243077  -0.0001455460   0.0001179263
       -0.0001387678   0.0002703322  -0.0000379861   0.0000817995  -0.0001059237
       -0.0000874183  -0.0000514524
        0.0000614597   0.0000380505  -0.0000352797   0.0002237163  -0.0004443448
       -0.0001196698  -0.0006675039   0.0008513050   0.0002397676  -0.0001060873
       -0.0000570958  -0.0000883015  -0.0036379687  -0.0000648999   0.0224356778
        0.0055630741  -0.0476833234  -0.0276853680   0.0004224341   0.0006461882
        0.0005083611  -0.0004238488   0.0005537913   0.0008670444  -0.0001478855
       -0.0002464639  -0.0000582831  -0.0001054139   0.0010275240   0.0011554477
       -0.0000034743   0.0000317261  -0.0000132941  -0.0001256548  -0.0000364147
       -0.0000320806  -0.0000521392  -0.0000185602   0.0000179732   0.0018858101
       -0.0028533826   0.0033238427  -0.0090637363   0.0546006959   0.0291043501
        0.0058645879  -0.0062249080  -0.0289193483   0.0004015345  -0.0000714988
       -0.0002899904  -0.0000811900   0.0007305107   0.0002263562  -0.0003369629
        0.0000370499  -0.0001598836   0.0000400661  -0.0001343054  -0.0000732285
        0.0000055215  -0.0000407845   0.0000313876   0.0001123249  -0.0000797361
       -0.0001068390   0.0001464250  -0.0006708625  -0.0001209674   0.0000249113
        0.0001097392  -0.0002076743
        0.0002050921   0.0002082805   0.0001868687  -0.0003426809  -0.0005349158
        0.0012731119   0.0006323647  -0.0001395998  -0.0017311879  -0.0000082690
        0.0000319239   0.0001810115   0.0018244521   0.0022394050  -0.0221078509
        0.0585203427  -0.0267919287  -0.2552064413   0.0045951855  -0.0008471284
       -0.0051309847  -0.0007768816   0.0000250103   0.0007306947   0.0001412784
        0.0001491774  -0.0000425031   0.0000991997  -0.0010234703   0.0008557553
        0.0000860384  -0.0000021173   0.0000060887   0.0000724532   0.0000124361
       -0.0000628559   0.0000877654  -0.0000577259  -0.0000141198  -0.0016545071
        0.0031800219  -0.0024280676  -0.0672964567   0.0291043501   0.2967625545
        0.0027066959  -0.0054175863  -0.0149032775  -0.0002054066  -0.0001436060
        0.0004931677   0.0015268671  -0.0002014280   0.0003279582   0.0001172870
        0.0002375065   0.0002336870  -0.0001744619  -0.0000936260   0.0000545346
       -0.0000081508   0.0000121040  -0.0000272381  -0.0001160414  -0.0001103374
       -0.0000405147   0.0000274672   0.0004334565   0.0004141235  -0.0000596334
       -0.0002702021   0.0001754852
       -0.0003344561   0.0000545639   0.0000705198   0.0003072661  -0.0002234319
       -0.0001012786   0.0005972430   0.0013049254   0.0001167203   0.0001627036
       -0.0004583373   0.0001193363   0.0032004491   0.0112181177   0.0029882631
       -0.0654626946  -0.0664493121  -0.0242573645  -0.0150741375  -0.0273485042
       -0.0102489279  -0.0067340995  -0.0002101033   0.0007917831   0.0001631490
        0.0001847965  -0.0000329743  -0.0003208063   0.0019148487  -0.0012475534
        0.0000298261  -0.0000133901  -0.0000134683  -0.0000788013  -0.0000050590
        0.0000092664   0.0000270794  -0.0000286454  -0.0000045210   0.0002481116
       -0.0003705269   0.0002883531   0.0033109540   0.0058645879   0.0027066959
        0.0802067754   0.0759056122   0.0296108718   0.0003684536  -0.0001896335
       -0.0003188497   0.0006185643  -0.0003601693  -0.0000640700  -0.0000511624
        0.0002434804   0.0001352878  -0.0010810661  -0.0016879043  -0.0005099229
       -0.0000178677   0.0000422286   0.0000023756  -0.0000906831   0.0000259103
       -0.0000055619  -0.0001080872  -0.0000720403  -0.0000725936   0.0001132868
        0.0006579862   0.0000376128
       -0.0001499634  -0.0002389494   0.0000204570   0.0005213152   0.0003759289
       -0.0007402046  -0.0011778454  -0.0010801259  -0.0002413235   0.0003168688
        0.0001520440   0.0007262088  -0.0037696523  -0.0246873830  -0.0051650806
       -0.0671004260  -0.2200486826  -0.0688511559  -0.0030375745  -0.0030401585
       -0.0015471676  -0.0014586196   0.0011371103   0.0002271229   0.0001887885
        0.0004689506  -0.0001076238   0.0025856125  -0.0037216008   0.0033011382
       -0.0000354346  -0.0000065005   0.0000295900  -0.0000108190   0.0000403807
        0.0000353720  -0.0000207509  -0.0000019736  -0.0000116823  -0.0004010351
        0.0003742437  -0.0002216541  -0.0020985382  -0.0062249080  -0.0054175863
        0.0759056122   0.2576614933   0.0776365226   0.0001257701   0.0004398239
       -0.0001333242   0.0000496462   0.0000828129   0.0003016862   0.0000852395
        0.0000576231   0.0001272356  -0.0001931668  -0.0004300493  -0.0000468247
        0.0000765821   0.0000793473   0.0000104931   0.0000211456  -0.0000339740
        0.0000399927   0.0000412112   0.0002377549   0.0002462050  -0.0004639660
       -0.0015932081  -0.0002183965
        0.0000524697  -0.0000587838  -0.0000123487   0.0002457015   0.0001766972
       -0.0002185069   0.0002648243  -0.0000812709   0.0007629555   0.0002977106
       -0.0000467054  -0.0001703246   0.0034638978   0.0151367788   0.0044188123
       -0.0241535816  -0.0695261605  -0.0717165459   0.0005781360   0.0013330992
        0.0011591621  -0.0001047552   0.0000740867   0.0007394063   0.0000124694
       -0.0000837881  -0.0000420265  -0.0012454496   0.0022972026  -0.0008977515
       -0.0000077228  -0.0000143480  -0.0000056988   0.0000593272   0.0000097778
        0.0000358184  -0.0000147311   0.0000311903  -0.0000062699   0.0002626902
        0.0004915185   0.0004729902  -0.0093189814  -0.0289193483  -0.0149032775
        0.0296108718   0.0776365226   0.0796575317  -0.0003785049  -0.0000641754
       -0.0001843393   0.0003634937   0.0004855173   0.0003243055   0.0001114619
        0.0001964878   0.0001711027  -0.0001207465  -0.0000354716   0.0001362767
       -0.0000191599   0.0000054332  -0.0000168283  -0.0000150723   0.0000188384
       -0.0000279621  -0.0000898434   0.0001825546   0.0000485441   0.0001454947
        0.0007543470   0.0002749745
       -0.0001130243  -0.0000797226   0.0000516288  -0.0002599736  -0.0000406374
        0.0005537743   0.0011198893   0.0016690031  -0.0010110691  -0.0010019441
       -0.0005681665  -0.0004442110  -0.0074800385   0.0004591529   0.0004795634
       -0.0181804117   0.0215807622  -0.0168868882  -0.0780410353   0.0679567249
       -0.0511629962   0.0038364295  -0.0070602738   0.0045589473   0.0002731684
       -0.0019059483  -0.0004412084   0.0002911724  -0.0002191864   0.0000879907
        0.0000079065   0.0000086538   0.0000065100  -0.0000207816  -0.0000086796
       -0.0000170074   0.0000185480  -0.0000058700  -0.0000174122  -0.0000250739
       -0.0001578160   0.0001780503   0.0005678714   0.0004015345  -0.0002054066
        0.0003684536   0.0001257701  -0.0003785049   0.0946869456  -0.0772481040
        0.0603063664   0.0036481648  -0.0044297562   0.0038327031   0.0001055582
        0.0003590142   0.0001895692   0.0002525576  -0.0002999152   0.0002572076
        0.0001296643  -0.0004844768   0.0001552292  -0.0001184477   0.0000421146
       -0.0000918145  -0.0000597648  -0.0000077863  -0.0000052709  -0.0000058341
       -0.0000863914   0.0000042488
       -0.0000415854  -0.0000124504  -0.0000043273   0.0001941056   0.0000395825
       -0.0002244613  -0.0006088155  -0.0002475749   0.0001690791   0.0002438055
        0.0000281761   0.0001155078   0.0007661184   0.0011340300  -0.0002066209
        0.0017649342  -0.0002707100   0.0008032571   0.0681057636  -0.1629040416
        0.0941955001   0.0092333177  -0.0253326891   0.0145803990  -0.0024852661
       -0.0055450754  -0.0024620982  -0.0002072289   0.0003047935  -0.0000382208
        0.0000027054  -0.0000074884  -0.0000050878  -0.0000056149   0.0000109594
        0.0000172130   0.0000026046  -0.0000077946   0.0000065614  -0.0000631449
       -0.0000438555  -0.0000873127   0.0001269057  -0.0000714988  -0.0001436060
       -0.0001896335   0.0004398239  -0.0000641754  -0.0772481040   0.1915191756
       -0.1083889308  -0.0005302813   0.0018291757   0.0006829507   0.0004867886
        0.0003843499   0.0001890430  -0.0000504433   0.0003186288   0.0003801200
        0.0006919900  -0.0016825262   0.0007810640  -0.0001034576   0.0001186209
       -0.0002632518  -0.0000377377  -0.0000573352  -0.0000040438  -0.0000477262
        0.0000557236  -0.0000285584
        0.0000452774   0.0000091934   0.0000292508  -0.0001666160  -0.0000598127
        0.0000691531   0.0002839724   0.0001899468   0.0000686759  -0.0001795532
       -0.0000231310  -0.0000720499  -0.0003760841  -0.0002358174   0.0007577302
       -0.0000177092  -0.0005803007   0.0009779885  -0.0515142459   0.0944819594
       -0.1181474722   0.0027847026  -0.0062452496   0.0045902402  -0.0002524380
       -0.0012399640   0.0004078488   0.0000661218  -0.0000464075  -0.0000429025
       -0.0000060134   0.0000015371   0.0000098771  -0.0000104986  -0.0000050972
       -0.0000078938  -0.0000014219   0.0000009033  -0.0000073439   0.0001795913
       -0.0001124696   0.0002561900   0.0003947626  -0.0002899904   0.0004931677
       -0.0003188497  -0.0001333242  -0.0001843393   0.0603063664  -0.1083889308
        0.1336469847  -0.0117230534   0.0233622993  -0.0238177193   0.0001526191
       -0.0004629170   0.0005363541   0.0003363225   0.0002602038   0.0000232460
        0.0000414494  -0.0002198624   0.0002681000  -0.0000297008  -0.0002068190
        0.0001670356  -0.0000116567  -0.0000241063  -0.0000170706   0.0000166554
       -0.0000318434  -0.0000050513
       -0.0000740440   0.0000056376  -0.0000477816   0.0001060519   0.0001146798
       -0.0001657463  -0.0000417821  -0.0001859793   0.0002715776   0.0001422089
        0.0000024330  -0.0001108216   0.0007710271  -0.0004892647   0.0011783750
       -0.0140752035   0.0039514158   0.0301489502  -0.0572689452   0.0093810967
        0.0555197958   0.0025524430  -0.0026067767  -0.0093929465   0.0002454964
        0.0001957102   0.0001465639  -0.0000216580   0.0002365052  -0.0000534806
        0.0000286721  -0.0000125796  -0.0000226715   0.0000110173  -0.0000044481
        0.0000108439   0.0000006792   0.0000150453  -0.0000097565  -0.0004064538
        0.0002963700  -0.0005809337  -0.0069086554  -0.0000811900   0.0015268671
        0.0006185643   0.0000496462   0.0003634937   0.0036481648  -0.0005302813
       -0.0117230534   0.0705744257  -0.0080832076  -0.0655068693   0.0000362208
       -0.0022022646  -0.0008225239   0.0002056911  -0.0001014430  -0.0006266931
       -0.0001199195   0.0000601226  -0.0000721287   0.0001808972   0.0001637258
        0.0000674952  -0.0001192255  -0.0001465484  -0.0000918238  -0.0000856727
       -0.0000284049  -0.0000067319
       -0.0000099476   0.0000069896   0.0000117738  -0.0000035631   0.0000014954
       -0.0000258558   0.0001451246  -0.0000541705   0.0001028685  -0.0001027953
       -0.0000341827  -0.0000306422   0.0001989998   0.0002288555  -0.0006775093
       -0.0002372867   0.0006817462   0.0007898570   0.0092588077  -0.0481042598
       -0.0282958989   0.0051356986  -0.0077068750  -0.0276069907   0.0000995135
        0.0008220125  -0.0012273605   0.0001890216  -0.0001193081   0.0001179315
       -0.0000025815  -0.0000021486   0.0000050311  -0.0000137938  -0.0000017154
        0.0000036981  -0.0000068094  -0.0000021886  -0.0000030695   0.0003710417
        0.0000783281   0.0001629428  -0.0002884912   0.0007305107  -0.0002014280
       -0.0003601693   0.0000828129   0.0004855173  -0.0044297562   0.0018291757
        0.0233622993  -0.0080832076   0.0565605218   0.0353188156  -0.0018319452
       -0.0053007777  -0.0029951049   0.0003250236   0.0006597881  -0.0000521042
       -0.0000986387   0.0002419734   0.0001803316  -0.0000683308  -0.0004929689
        0.0004921772  -0.0001574657  -0.0000495121   0.0000946709  -0.0000284490
       -0.0000561025  -0.0000119506
       -0.0001166550  -0.0000087923   0.0000313476   0.0001559845  -0.0000666205
       -0.0001058480  -0.0003991845   0.0000668294  -0.0001876525   0.0000858045
        0.0000440510   0.0002056941  -0.0007639796   0.0000844609   0.0008779549
        0.0048360527  -0.0004012474  -0.0054665293   0.0559600600  -0.0284670340
       -0.2529547458   0.0015050061  -0.0057308546  -0.0134492458   0.0000940646
        0.0009003900   0.0009929293   0.0001130688  -0.0000645340  -0.0000083237
       -0.0000108786   0.0000084874   0.0000056560  -0.0000061740   0.0000211527
        0.0000046747  -0.0000018875  -0.0000227366   0.0000202528   0.0001374532
       -0.0001862104   0.0002667408   0.0015820866   0.0002263562   0.0003279582
       -0.0000640700   0.0003016862   0.0003243055   0.0038327031   0.0006829507
       -0.0238177193  -0.0655068693   0.0353188156   0.2933236454  -0.0011424650
       -0.0029835726  -0.0008494957  -0.0002238265   0.0002217609   0.0001422791
       -0.0000971685   0.0002324867   0.0000431425   0.0001356547  -0.0002339693
        0.0003819342  -0.0001103891   0.0000899013  -0.0000953118   0.0000056087
       -0.0000337570  -0.0000136431
       -0.0000917627  -0.0000031961   0.0000169642   0.0000936954   0.0000162267
        0.0000546655  -0.0002874540  -0.0000405049  -0.0002253714   0.0001709067
        0.0000296608   0.0001756046  -0.0001674053  -0.0000177643  -0.0000469966
        0.0008088738  -0.0003884759  -0.0011377043   0.0022915758  -0.0019490591
       -0.0091367222  -0.0581024879   0.0064280095   0.0523427567   0.0025842113
       -0.0003828929  -0.0118945527   0.0008489163   0.0000851656  -0.0012248351
       -0.0000061551  -0.0000003902   0.0000057407   0.0000192757   0.0000112786
        0.0000026782   0.0000189365  -0.0000079118   0.0000033784  -0.0000544828
        0.0000289992   0.0001461433  -0.0002415218  -0.0003369629   0.0001172870
       -0.0000511624   0.0000852395   0.0001114619   0.0001055582   0.0004867886
        0.0001526191   0.0000362208  -0.0018319452  -0.0011424650   0.0646543337
       -0.0076730157  -0.0592760075  -0.0121184201   0.0038502155   0.0325048949
        0.0001840645  -0.0004575828   0.0002338140  -0.0003613644   0.0017948656
       -0.0019758786  -0.0003121319   0.0003270169   0.0000462173  -0.0000222202
       -0.0000537648   0.0001463077
        0.0000006927   0.0000205725   0.0000034183  -0.0000088265  -0.0000503612
        0.0000353071   0.0000331255  -0.0000567635  -0.0000241840  -0.0000042935
        0.0000052352  -0.0000019305  -0.0000555784   0.0000732393  -0.0000304000
        0.0007175828   0.0006639200  -0.0002603985   0.0045774597  -0.0078216019
       -0.0280718169   0.0063605040  -0.0447774014  -0.0271405822  -0.0033997763
        0.0002060178   0.0231782986  -0.0005623750   0.0005019755   0.0001734633
        0.0000005579   0.0000107911   0.0000008324  -0.0000064825  -0.0000061612
       -0.0000072521   0.0000114145  -0.0000069026   0.0000069476   0.0000359600
       -0.0002299674   0.0000476769  -0.0004703953   0.0000370499   0.0002375065
        0.0002434804   0.0000576231   0.0001964878   0.0003590142   0.0003843499
       -0.0004629170  -0.0022022646  -0.0053007777  -0.0029835726  -0.0076730157
        0.0576261421   0.0310169366   0.0000417461   0.0012734002   0.0003702787
       -0.0003149494   0.0003945183   0.0005113134   0.0022379246  -0.0030556385
        0.0035093543   0.0002790903   0.0000925620  -0.0001783972  -0.0002005956
       -0.0000418213  -0.0001263703
        0.0000513051   0.0000034233   0.0000406189  -0.0001073066   0.0000216686
        0.0001802953   0.0003061732   0.0000002322  -0.0001428885  -0.0000897718
       -0.0000104292  -0.0000647516  -0.0003191950  -0.0000434505  -0.0001240738
        0.0003599730   0.0006847268   0.0006382181   0.0018311108  -0.0057230165
       -0.0133108752   0.0518549748  -0.0271657957  -0.2558494431   0.0025018765
        0.0020660609  -0.0216240652   0.0006012945  -0.0006083553   0.0007481852
        0.0000114758   0.0000017830   0.0000143387   0.0000055950   0.0000021607
       -0.0000142535   0.0000034499  -0.0000032822  -0.0000148829   0.0001958731
        0.0000504172   0.0000601021  -0.0005135295  -0.0001598836   0.0002336870
        0.0001352878   0.0001272356   0.0001711027   0.0001895692   0.0001890430
        0.0005363541  -0.0008225239  -0.0029951049  -0.0008494957  -0.0592760075
        0.0310169366   0.2986458532   0.0049741170  -0.0009682992  -0.0075141869
        0.0003009840  -0.0001357916   0.0004508601  -0.0017695803   0.0035462078
       -0.0026969557  -0.0006309867   0.0001574005   0.0002431775   0.0002058417
       -0.0000538874   0.0002430791
        0.0000303896   0.0000013495  -0.0000024640  -0.0001685494  -0.0000099357
        0.0000444875   0.0009698880   0.0000845789   0.0002580532  -0.0003096935
       -0.0000443247  -0.0002635286   0.0000745124   0.0000275769   0.0002132874
       -0.0002203577  -0.0033799416  -0.0011797634  -0.0137421255  -0.0035550759
        0.0007508204  -0.2706830227  -0.0075018241   0.0267115792  -0.0165144357
        0.0024655650   0.0000141519  -0.0007865983   0.0032253018  -0.0023447671
        0.0000126162   0.0000014308   0.0000010481  -0.0000005391  -0.0000184297
       -0.0000126073  -0.0000026576   0.0000156159  -0.0000160949  -0.0000353844
        0.0000045998   0.0000074892   0.0002584820   0.0000400661  -0.0001744619
       -0.0010810661  -0.0001931668  -0.0001207465   0.0002525576  -0.0000504433
        0.0003363225   0.0002056911   0.0003250236  -0.0002238265  -0.0121184201
        0.0000417461   0.0049741170   0.3143670628   0.0087599949  -0.0288773468
        0.0002091753   0.0001424285   0.0003361574   0.0002441604  -0.0004082290
       -0.0000947471   0.0002836007  -0.0000468850  -0.0001713246  -0.0012452859
        0.0000729781  -0.0001658351
       -0.0000014559  -0.0000168064   0.0000036482  -0.0000098193   0.0000646845
       -0.0000096389   0.0000563889  -0.0001098343   0.0000266810  -0.0000102470
       -0.0000363479  -0.0000065909   0.0000177820   0.0000824966   0.0000011994
       -0.0024433126  -0.0047823156  -0.0020411178  -0.0278383632  -0.0043795186
        0.0017492852  -0.0074212629  -0.0407550940   0.0002596694   0.0229904342
       -0.0014135206  -0.0006225584   0.0024751353  -0.0029585148   0.0028098378
        0.0000012924  -0.0000049869   0.0000013323  -0.0000019963   0.0000003746
        0.0000059260   0.0000051416  -0.0000007301  -0.0000072443   0.0000013890
       -0.0000895858   0.0000112578   0.0002181682  -0.0001343054  -0.0000936260
       -0.0016879043  -0.0004300493  -0.0000354716  -0.0002999152   0.0003186288
        0.0002602038  -0.0001014430   0.0006597881   0.0002217609   0.0038502155
        0.0012734002  -0.0009682992   0.0087599949   0.0523282808  -0.0012075572
        0.0003616451   0.0001758361  -0.0002639167  -0.0001080545   0.0005324120
       -0.0003540427  -0.0002189662  -0.0001056366   0.0001175056   0.0014051529
       -0.0002186556   0.0001417561
       -0.0000297926   0.0000030603   0.0000138018   0.0000266438  -0.0000115324
       -0.0000301435   0.0000499881   0.0000186015   0.0000068580   0.0000181214
        0.0000067842   0.0000065455   0.0001204273  -0.0000053913   0.0000061487
       -0.0006484599  -0.0015805608   0.0000986632  -0.0095884220  -0.0017882161
        0.0011714995   0.0272873600   0.0002864987  -0.0479490811  -0.0168039916
        0.0015956227   0.0009799628  -0.0015384270   0.0024146443  -0.0011616813
        0.0000002369   0.0000016579   0.0000020693   0.0000093269   0.0000037273
       -0.0000005630   0.0000087031  -0.0000029954   0.0000031332  -0.0000061444
        0.0000106996  -0.0000113771  -0.0001703862  -0.0000732285   0.0000545346
       -0.0005099229  -0.0000468247   0.0001362767   0.0002572076   0.0003801200
        0.0000232460  -0.0006266931  -0.0000521042   0.0001422791   0.0325048949
        0.0003702787  -0.0075141869  -0.0288773468  -0.0012075572   0.0534977627
        0.0002030184  -0.0003950994   0.0002042367  -0.0006225247  -0.0001249073
        0.0002349845  -0.0001172581   0.0001009362  -0.0000024864  -0.0009465591
        0.0000957859   0.0000875171
       -0.0001255873   0.0000838097   0.0000298458  -0.0002486670   0.0001431426
        0.0005069945   0.0012424687  -0.0017418838  -0.0005161424  -0.0010094090
        0.0003506914  -0.0005581237  -0.0073023603  -0.0011423411   0.0006669600
        0.0002478830   0.0002294950   0.0000264447  -0.0001822501   0.0021270294
       -0.0013082404   0.0036748193   0.0109964813   0.0030501834  -0.0647874589
       -0.0663752438  -0.0241664440  -0.0155873134  -0.0267929598  -0.0100654513
        0.0000082630  -0.0000050325   0.0000050928   0.0000185284   0.0000060130
       -0.0000168949  -0.0000224458   0.0000012384  -0.0000147187  -0.0000493331
        0.0001966157   0.0001185616  -0.0000631053   0.0000055215  -0.0000081508
       -0.0000178677   0.0000765821  -0.0000191599   0.0001296643   0.0006919900
        0.0000414494  -0.0001199195  -0.0000986387  -0.0000971685   0.0001840645
       -0.0003149494   0.0003009840   0.0002091753   0.0003616451   0.0002030184
        0.0795868285   0.0759713076   0.0295053728   0.0032310673   0.0058457595
        0.0027584905   0.0006101147  -0.0003855875  -0.0001175767   0.0003728404
       -0.0002306857  -0.0003253266
        0.0000400194   0.0000003203   0.0000183133  -0.0002653262   0.0000964312
        0.0002665976   0.0008062446  -0.0004250259  -0.0001209464  -0.0003786730
        0.0000119080  -0.0001837369  -0.0016510690   0.0010325947   0.0001531946
        0.0002117743   0.0003457340  -0.0000590636   0.0027531102  -0.0037108854
        0.0035996481  -0.0054384464  -0.0250415477  -0.0057910230  -0.0666066331
       -0.2228842845  -0.0702498147  -0.0031816167  -0.0029688056  -0.0014109835
       -0.0000020822  -0.0000049490   0.0000107332   0.0000004686  -0.0000081925
       -0.0000082865  -0.0000001194   0.0000086370  -0.0000234587   0.0001030823
        0.0000596025   0.0001611171   0.0000319603  -0.0000407845   0.0000121040
        0.0000422286   0.0000793473   0.0000054332  -0.0004844768  -0.0016825262
       -0.0002198624   0.0000601226   0.0002419734   0.0002324867  -0.0004575828
        0.0003945183  -0.0001357916   0.0001424285   0.0001758361  -0.0003950994
        0.0759713076   0.2598667241   0.0793646347  -0.0018231860  -0.0060272968
       -0.0053310777   0.0000383859   0.0000478764   0.0002496444   0.0000880789
        0.0004327947  -0.0001447624
        0.0000330164   0.0000026913   0.0000277998  -0.0001086871   0.0000317575
       -0.0000083365   0.0000904276  -0.0000510930   0.0001378554  -0.0000896521
       -0.0000069405  -0.0000240098  -0.0000538169   0.0001059828   0.0006641225
        0.0000061225  -0.0000515605  -0.0000383463  -0.0011646144   0.0023960477
       -0.0009741182   0.0037806573   0.0149806910   0.0044682475  -0.0244331064
       -0.0705665109  -0.0714071262   0.0005887634   0.0013102114   0.0010655713
       -0.0000047708   0.0000035540   0.0000084042  -0.0000006934  -0.0000027322
       -0.0000082149  -0.0000112881   0.0000019940  -0.0000048269   0.0001410452
        0.0001874653   0.0001787558  -0.0000243077   0.0000313876  -0.0000272381
        0.0000023756   0.0000104931  -0.0000168283   0.0001552292   0.0007810640
        0.0002681000  -0.0000721287   0.0001803316   0.0000431425   0.0002338140
        0.0005113134   0.0004508601   0.0003361574  -0.0002639167   0.0002042367
        0.0295053728   0.0793646347   0.0803825936  -0.0089225252  -0.0293320387
       -0.0155436672   0.0003716130   0.0004491943   0.0003344567  -0.0003590036
       -0.0000740213  -0.0001814338
       -0.0000715611  -0.0000237224  -0.0000424581   0.0001189255  -0.0001517067
       -0.0001347635  -0.0000423956   0.0002562104   0.0002266958   0.0001307664
       -0.0000154614  -0.0001135186   0.0007350017   0.0008194939   0.0009172210
        0.0000179546  -0.0002271023   0.0000169848   0.0002750507  -0.0002219226
        0.0000855595   0.0028412028   0.0002058688  -0.0122781612  -0.0568505422
        0.0048080960   0.0559525581  -0.0140515077   0.0029899629   0.0302970358
        0.0000267144   0.0000104628  -0.0000260858   0.0000014680  -0.0000165645
       -0.0000066369   0.0000099390   0.0000084804   0.0000111524  -0.0003321380
       -0.0004798624  -0.0004585017  -0.0001455460   0.0001123249  -0.0001160414
       -0.0000906831   0.0000211456  -0.0000150723  -0.0001184477  -0.0001034576
       -0.0000297008   0.0001808972  -0.0000683308   0.0001356547  -0.0003613644
        0.0022379246  -0.0017695803   0.0002441604  -0.0001080545  -0.0006225247
        0.0032310673  -0.0018231860  -0.0089225252   0.0705904683  -0.0081059291
       -0.0650332614  -0.0069172157  -0.0002383349   0.0015293552   0.0005777852
        0.0001136651   0.0003966146
       -0.0000300107   0.0000043208  -0.0000082402   0.0000524826   0.0000069609
       -0.0000244834  -0.0002426996  -0.0001039351  -0.0000953438   0.0001403147
       -0.0000111081   0.0000864227  -0.0003603255   0.0004741099   0.0008972628
       -0.0001414580  -0.0001624008  -0.0000828645  -0.0001130446   0.0008924271
        0.0012615735  -0.0040063961   0.0001789836   0.0226489341   0.0050469386
       -0.0473053266  -0.0241562363   0.0001455344   0.0005550466   0.0005003188
        0.0000031862  -0.0000042800  -0.0000042192   0.0000067213   0.0000037867
        0.0000046967   0.0000138446  -0.0000054922  -0.0000008497  -0.0003618123
        0.0000219923  -0.0001535789   0.0001179263  -0.0000797361  -0.0001103374
        0.0000259103  -0.0000339740   0.0000188384   0.0000421146   0.0001186209
       -0.0002068190   0.0001637258  -0.0004929689  -0.0002339693   0.0017948656
       -0.0030556385   0.0035462078  -0.0004082290   0.0005324120  -0.0001249073
        0.0058457595  -0.0060272968  -0.0293320387  -0.0081059291   0.0538158223
        0.0256646518  -0.0000201898   0.0007411418   0.0002378579   0.0003907701
       -0.0000634677  -0.0003328770
       -0.0001151162   0.0000061740   0.0000324348   0.0001397016   0.0000618874
       -0.0001190149  -0.0003422542  -0.0001234198  -0.0001368190   0.0000558189
        0.0000171651   0.0001971071  -0.0006782204  -0.0000362653   0.0006727224
        0.0001486516   0.0001158375  -0.0000029365   0.0002105450  -0.0008628267
        0.0008847664   0.0023413872   0.0020191402  -0.0216254826   0.0563391673
       -0.0239427696  -0.2541693632   0.0047975489  -0.0007795932  -0.0053707145
       -0.0000100818  -0.0000069177   0.0000092047  -0.0000056220   0.0000236582
        0.0000119882  -0.0000080290  -0.0000196598   0.0000094367   0.0002160462
        0.0002604442   0.0002499866  -0.0001387678  -0.0001068390  -0.0000405147
       -0.0000055619   0.0000399927  -0.0000279621  -0.0000918145  -0.0002632518
        0.0001670356   0.0000674952   0.0004921772   0.0003819342  -0.0019758786
        0.0035093543  -0.0026969557  -0.0000947471  -0.0003540427   0.0002349845
        0.0027584905  -0.0053310777  -0.0155436672  -0.0650332614   0.0256646518
        0.2960577531   0.0015665138  -0.0001876641   0.0003204659  -0.0001420112
       -0.0001961553   0.0005036102
       -0.0004904505  -0.0001559688   0.0000747971  -0.0007672388  -0.0000584429
        0.0002799980   0.0010542726  -0.0004102737  -0.0016266047   0.0000508977
        0.0001018123   0.0004525620   0.0017312960  -0.0024820694  -0.0088713618
        0.0002846828   0.0002937589   0.0002423915  -0.0000313735   0.0002171551
       -0.0000130729   0.0007903490  -0.0003282434   0.0010003721  -0.0134312819
        0.0035099024   0.0295758752  -0.0575375123   0.0091683262   0.0582998025
       -0.0000274802  -0.0000376266   0.0000736308   0.0001254475   0.0000598456
        0.0000126310   0.0000166171   0.0000079445  -0.0000480799  -0.0002170930
       -0.0019470364  -0.0006998246   0.0002703322   0.0001464250   0.0000274672
       -0.0001080872   0.0000412112  -0.0000898434  -0.0000597648  -0.0000377377
       -0.0000116567  -0.0001192255  -0.0001574657  -0.0001103891  -0.0003121319
        0.0002790903  -0.0006309867   0.0002836007  -0.0002189662  -0.0001172581
        0.0006101147   0.0000383859   0.0003716130  -0.0069172157  -0.0000201898
        0.0015665138   0.0710946698  -0.0076689199  -0.0676195163   0.0037065751
       -0.0003409168  -0.0121390600
       -0.0000545693  -0.0000151569   0.0000919432  -0.0003420439  -0.0001684316
        0.0005568958   0.0008465409   0.0006681082  -0.0011030358   0.0001088729
       -0.0000122176   0.0001864337   0.0045571055  -0.0080086122  -0.0273734056
        0.0000490549   0.0010194417  -0.0011715206   0.0002023250  -0.0002155606
        0.0001125763   0.0002307328   0.0003173858  -0.0006693778  -0.0005067566
        0.0007252343   0.0007669850   0.0092624630  -0.0468560453  -0.0251085989
        0.0000198530   0.0000296131   0.0000124443   0.0000884489   0.0000070814
       -0.0000175119   0.0001472745  -0.0000202989   0.0000176100  -0.0018905612
       -0.0049225090  -0.0027824575  -0.0000379861  -0.0006708625   0.0004334565
       -0.0000720403   0.0002377549   0.0001825546  -0.0000077863  -0.0000573352
       -0.0000241063  -0.0001465484  -0.0000495121   0.0000899013   0.0003270169
        0.0000925620   0.0001574005  -0.0000468850  -0.0001056366   0.0001009362
       -0.0003855875   0.0000478764   0.0004491943  -0.0002383349   0.0007411418
       -0.0001876641  -0.0076689199   0.0555880410   0.0321392635  -0.0044416687
        0.0016279380   0.0231400831
        0.0002330033  -0.0001453761   0.0002150350  -0.0003197642   0.0008886154
        0.0009512725   0.0004437640  -0.0004683144  -0.0014947346  -0.0000485219
        0.0000211258   0.0001339340   0.0011320998  -0.0060449048  -0.0138976526
       -0.0000220146   0.0009901405   0.0009046806   0.0001058710  -0.0000848586
       -0.0000357081  -0.0008670340   0.0000080030   0.0009471525   0.0046994449
       -0.0003035987  -0.0052425117   0.0579557004  -0.0260421609  -0.2555972017
        0.0000842026   0.0000066910   0.0000041690   0.0000608711   0.0000607543
       -0.0000240473   0.0000337133  -0.0000127975  -0.0000665621  -0.0008380494
       -0.0026556673  -0.0007379270   0.0000817995  -0.0001209674   0.0004141235
       -0.0000725936   0.0002462050   0.0000485441  -0.0000052709  -0.0000040438
       -0.0000170706  -0.0000918238   0.0000946709  -0.0000953118   0.0000462173
       -0.0001783972   0.0002431775  -0.0001713246   0.0001175056  -0.0000024864
       -0.0001175767   0.0002496444   0.0003344567   0.0015293552   0.0002378579
        0.0003204659  -0.0676195163   0.0321392635   0.2958365817   0.0037674477
        0.0010006093  -0.0231423790
       -0.0003419209  -0.0000430760   0.0000823396   0.0003325707   0.0001657009
       -0.0002263326   0.0005785255  -0.0010841526   0.0004174894   0.0001491928
        0.0004935236   0.0000592075   0.0035525715  -0.0073162121   0.0046296627
        0.0000983441  -0.0017101501  -0.0004688214   0.0002020908  -0.0002137526
        0.0000184923  -0.0068292930  -0.0003372058   0.0008329965  -0.0177164590
        0.0221032767  -0.0172312441  -0.0787274204   0.0676954784  -0.0510632065
        0.0000243451   0.0000127722  -0.0000164328   0.0000208870   0.0000274047
       -0.0000115376  -0.0000798281  -0.0000044451   0.0000163815   0.0001701514
        0.0004153099   0.0001551265  -0.0001059237   0.0000249113  -0.0000596334
        0.0001132868  -0.0004639660   0.0001454947  -0.0000058341  -0.0000477262
        0.0000166554  -0.0000856727  -0.0000284490   0.0000056087  -0.0000222202
       -0.0002005956   0.0002058417  -0.0012452859   0.0014051529  -0.0009465591
        0.0003728404   0.0000880789  -0.0003590036   0.0005777852   0.0003907701
       -0.0001420112   0.0037065751  -0.0044416687   0.0037674477   0.0952606917
       -0.0769309799   0.0601720381
        0.0001405491  -0.0002027140   0.0000356841  -0.0004310941   0.0004235555
        0.0005205583   0.0013336402  -0.0008681651   0.0007616531  -0.0002184972
       -0.0000055220  -0.0007649129   0.0074930864  -0.0253782923   0.0139357649
       -0.0023714532  -0.0054051670  -0.0021731925  -0.0002055020   0.0004435172
       -0.0000355284   0.0006206289   0.0011287741  -0.0002487370   0.0016723310
       -0.0002608535   0.0009496191   0.0683635159  -0.1608381567   0.0921464497
        0.0000348567  -0.0000043884  -0.0000310371   0.0000185422  -0.0000036201
        0.0000095287   0.0000150355   0.0000338387  -0.0000319115   0.0004482929
        0.0003957827   0.0002744040  -0.0000874183   0.0001097392  -0.0002702021
        0.0006579862  -0.0015932081   0.0007543470  -0.0000863914   0.0000557236
       -0.0000318434  -0.0000284049  -0.0000561025  -0.0000337570  -0.0000537648
       -0.0000418213  -0.0000538874   0.0000729781  -0.0002186556   0.0000957859
       -0.0002306857   0.0004327947  -0.0000740213   0.0001136651  -0.0000634677
       -0.0001961553  -0.0003409168   0.0016279380   0.0010006093  -0.0769309799
        0.1902884706  -0.1065392182
        0.0000000189   0.0001174273  -0.0000376529   0.0003962706  -0.0003126074
       -0.0003229382  -0.0001258474   0.0005400467   0.0005181990   0.0003824729
        0.0000325532   0.0000372934   0.0029580015  -0.0064171154   0.0047708620
       -0.0003840597  -0.0011611281   0.0003719856   0.0000682243  -0.0000542416
       -0.0000586168  -0.0003791111  -0.0001986891   0.0008438771  -0.0000000893
       -0.0005694751   0.0010319761  -0.0512018727   0.0928192337  -0.1176132241
       -0.0000183940   0.0000119738   0.0000022538  -0.0000162185  -0.0000360941
       -0.0000016936   0.0000583519  -0.0000017513   0.0000423392   0.0001938366
       -0.0004421640   0.0005272344  -0.0000514524  -0.0002076743   0.0001754852
        0.0000376128  -0.0002183965   0.0002749745   0.0000042488  -0.0000285584
       -0.0000050513  -0.0000067319  -0.0000119506  -0.0000136431   0.0001463077
       -0.0001263703   0.0002430791  -0.0001658351   0.0001417561   0.0000875171
       -0.0003253266  -0.0001447624  -0.0001814338   0.0003966146  -0.0003328770
        0.0005036102  -0.0121390600   0.0231400831  -0.0231423790   0.0601720381
       -0.1065392182   0.1319459461
