           1           2   1.00796398833513     
           2           3  0.967829593463649     
           2           4  0.998277373071004     
           4           5   1.00692063428221     
           5           6  0.996505275637709     
           6           7  0.966003932559559     
           6           8  0.981903855262322     
           8           9  0.960123590129738     
           2          10  0.996831619042870     
           8          10  0.987967827616211     
           8          11  0.979322096071295     
           6          12  0.980437963325676     
          12          13   1.00959941925638     
          12          14   1.00872338965386     
           1          15  0.986019822479458     
           1          16  0.986522953726254     
           1          17  0.986178404466558     
           4          18  0.975861553473712     
           4          19  0.975764804055347     
           5          20  0.972959334212743     
           5          21  0.976295997312632     
          10          22  0.974841694240047     
          10          23  0.973866339292723     
          11          24  0.862284212271969     
          12          25  0.969380098808878     
          13          26  0.980553580371235     
          13          27  0.986502150463515     
          13          28  0.986689037784743     
          14          29  0.984691030801050     
          14          30  0.985458841018630     
          14          31  0.985985437988339     
