           1           2   1.00067684841740     
           2           3  0.962951345222423     
           2           4  0.987159114298933     
           4           5  0.952595437693363     
           4           6  0.967813910048568     
           6           7  0.952595221433911     
           1           8   1.00067782628621     
           6           8  0.987160824693929     
           8           9  0.962950601020298     
           8          10  0.929086250739170     
           6          11  0.946213231100941     
          11          12  0.956289810428708     
          12          13   1.71598541425194     
           4          14  0.946218744433126     
          13          14  0.956283695032081     
          11          15  0.945566395987503     
          14          15  0.945560267163994     
          15          16  0.987286092369571     
          15          17  0.933304576788593     
          14          18  0.966063401345152     
          12          19  0.103824626240430     
          13          19   1.04480147458343     
          12          20   1.04480170292747     
          13          20  0.103824969144401     
          11          21  0.966064976565858     
           2          22  0.929085516407986     
           1          23  0.952552097413029     
           1          24  0.962232113188590     
