$hessian                                                                        
        0.4489737412  -0.0467517060  -0.0314263903  -0.1501081356  -0.0268819493
       -0.0129275091  -0.0035777883  -0.0022440659  -0.0020798621  -0.0102641482
       -0.0118933651   0.0016086366   0.0002917918   0.0004421581  -0.0006332734
       -0.0001368789  -0.0013003159   0.0000520359  -0.0000021889  -0.0000233993
        0.0000431200  -0.0006016803   0.0001316709   0.0002119343  -0.0001271374
       -0.0000336945   0.0000639402  -0.0026155164   0.0024941548   0.0010067831
        0.0000397679   0.0001454849   0.0002637804  -0.0342305743   0.0017200921
       -0.0013601027  -0.0013700216   0.0003130401   0.0002026073   0.0004277619
       -0.0000451031   0.0000841518   0.0000917154   0.0003129218  -0.0000865580
       -0.0006487157   0.0014932188   0.0000122015  -0.0636229428   0.0110542608
       -0.0380105823  -0.1342575346   0.1084045897   0.0399886133  -0.0503446474
       -0.0361077713   0.0224004722  -0.0001029316   0.0000528041  -0.0001278745
        0.0000015626  -0.0000153366  -0.0000313031  -0.0001655483  -0.0001565183
        0.0000389941  -0.0001889514  -0.0003243001   0.0000721271   0.0025390010
       -0.0007868706   0.0206340577
       -0.0467517060   0.5325789434  -0.0061220565  -0.0345913305  -0.0711009172
       -0.0045249884  -0.0014249838   0.0002132253  -0.0003390474  -0.0252973511
       -0.0135658296  -0.0024363080  -0.0005314866   0.0009268762  -0.0004290854
        0.0001167400  -0.0033107925   0.0015373843   0.0000641982   0.0000212994
        0.0000576696  -0.0001058674  -0.0002571035   0.0002344673  -0.0000459575
       -0.0000164861   0.0000392248   0.0005396786  -0.0017845244  -0.0021176455
       -0.0000471479  -0.0000182812  -0.0000001378   0.0255557206   0.0044465239
        0.0030205137   0.0024017225  -0.0010687119  -0.0003117301   0.0004678960
        0.0001791203  -0.0000169279  -0.0015577787  -0.0015236744   0.0005188314
       -0.0008578020   0.0002771775   0.0000599095   0.0159642456  -0.0657697271
       -0.0014561691   0.1067179293  -0.1680921163  -0.0432221561  -0.0339216599
       -0.2081941053   0.0829632865  -0.0000807590   0.0000873859   0.0000449193
       -0.0000850453   0.0000068175   0.0000123848  -0.0001370354  -0.0000670475
       -0.0000395684   0.0000036718   0.0000812921  -0.0001635491  -0.0063958916
       -0.0040493445  -0.0273092213
       -0.0314263903  -0.0061220565   0.4417654692  -0.0151480008  -0.0011202076
       -0.0596844583  -0.0239473477  -0.0078908085  -0.0092127107   0.0105074590
        0.0014464679   0.0044181049   0.0006956614   0.0005828844  -0.0004039811
       -0.0000635278   0.0015074021  -0.0009560032  -0.0000075345  -0.0000698060
        0.0000090938  -0.0004041544  -0.0000795926   0.0003398691   0.0001679137
        0.0000597372  -0.0000461394   0.0002230701  -0.0014161724  -0.0003962578
       -0.0000182256   0.0000612530   0.0000308945   0.0106797514   0.0023183588
        0.0021669573   0.0013239684  -0.0002751958   0.0001406136   0.0000537110
        0.0000549518  -0.0000935542   0.0010417396   0.0012850538  -0.0001531826
       -0.0006130987  -0.0005229573   0.0000421173  -0.0191597896  -0.0186102812
       -0.2217454867   0.0437023004  -0.0484510170  -0.0571974096   0.0204347406
        0.0841123436  -0.0782206935  -0.0000443666  -0.0001003266  -0.0001543533
       -0.0000173499  -0.0000724992  -0.0000199271   0.0000523404  -0.0000838775
       -0.0001556933   0.0001669938   0.0003936949  -0.0002213020   0.0018001360
       -0.0070073495  -0.0202519669
       -0.1501081356  -0.0345913305  -0.0151480008   0.4477666091   0.0117771214
        0.0157401375  -0.0446430541  -0.0026269214  -0.0291021776  -0.0647093007
       -0.0259054895   0.0068342585   0.0022195557   0.0046911981  -0.0024190969
       -0.0059081252  -0.0207465225   0.0102449998   0.0005920445  -0.0002468747
        0.0003390475   0.0014213983  -0.0002459543   0.0001659826  -0.0002702443
       -0.0000163207   0.0002993548  -0.0321108371   0.0218032725   0.0106794659
        0.0009794381   0.0005353587   0.0009011990  -0.0982052045   0.0404208249
        0.0224330834  -0.0083234956   0.0020247435   0.0002265242   0.0008628591
        0.0003863459  -0.0002007711  -0.0079658368  -0.0066723842   0.0013885901
        0.0019878394   0.0187974206  -0.0032508671  -0.0093793864  -0.0046639843
       -0.0192126260  -0.0214758067  -0.0021235393  -0.0009541533  -0.0117298016
       -0.0058278228  -0.0003532431  -0.0005968148  -0.0000877994  -0.0000373221
       -0.0002309406   0.0001128025   0.0001614326  -0.0000208808  -0.0000800746
       -0.0001766216  -0.0013604296   0.0018240325   0.0009893429   0.0012085499
        0.0014618979   0.0004514607
       -0.0268819493  -0.0711009172  -0.0011202076   0.0117771214   0.4365473325
        0.0075448440  -0.0023992184  -0.0404585349  -0.0029234605  -0.0237833390
       -0.1360797227   0.0438875667  -0.0005497911  -0.0034469506   0.0049641989
       -0.0113897751  -0.0127596356   0.0047301474   0.0004516314   0.0004353050
        0.0001958191  -0.0003296910   0.0011812072  -0.0007579750   0.0000486970
        0.0000963229   0.0003280117   0.0131019761   0.0033099115   0.0049929447
       -0.0017504990   0.0009796580   0.0001035349   0.0577529929  -0.1416688771
       -0.0551476899  -0.0036595436   0.0022226695   0.0011244853  -0.0003440078
       -0.0004969848   0.0002832373   0.0000667113   0.0017800400  -0.0008492502
        0.0020960610  -0.0288825598   0.0023637547  -0.0059462710   0.0005987853
       -0.0095158811   0.0190152863   0.0036102522   0.0022499675  -0.0283083368
       -0.0118497129  -0.0014997294   0.0004143007   0.0001985778  -0.0002212778
        0.0002694062  -0.0001452324  -0.0002554684  -0.0003430018  -0.0002611783
        0.0001587683   0.0014495950  -0.0034384870   0.0000364407  -0.0007583555
       -0.0003712685  -0.0006727814
       -0.0129275091  -0.0045249884  -0.0596844583   0.0157401375   0.0075448440
        0.5080098545  -0.0262549165  -0.0048418907  -0.2447445859   0.0082354290
        0.0471647689  -0.0899858128   0.0050638303   0.0275863436  -0.0175344848
        0.0015514569   0.0006079272   0.0007443271  -0.0009621721  -0.0008395334
        0.0003606437   0.0008977541   0.0002636850   0.0005920628   0.0002959632
        0.0000108245  -0.0003164974   0.0058364381   0.0044397390  -0.0000076484
       -0.0031019886   0.0011192637   0.0021706671   0.0301295061  -0.0535936239
       -0.0818034825  -0.0043044750   0.0027688601   0.0014837341  -0.0015448584
       -0.0002112916  -0.0003747104  -0.0005049927  -0.0019201630   0.0012486387
       -0.0016876271  -0.0163299277   0.0063059186  -0.0361664887  -0.0119982169
       -0.0299673555   0.0072447120   0.0015804063   0.0019246050   0.0108246492
        0.0041538299   0.0026183259   0.0002774337  -0.0005123223  -0.0002053206
        0.0003284774  -0.0001589494   0.0000047893  -0.0000023658   0.0002363845
       -0.0001472504   0.0018319272  -0.0017087750  -0.0006926702  -0.0008003207
       -0.0008371944   0.0000007104
       -0.0035777883  -0.0014249838  -0.0239473477  -0.0446430541  -0.0023992184
       -0.0262549165   0.0544749696  -0.0004437223   0.0246023731   0.0017424649
       -0.0013557614   0.0062236374   0.0000439689  -0.0009772374   0.0004859033
        0.0005393000  -0.0001801232   0.0008585907  -0.0001214183  -0.0002893360
       -0.0000791352  -0.0004427330  -0.0001582371  -0.0002127941   0.0000459580
        0.0001421632  -0.0002210652   0.0024088187   0.0012442371   0.0041166434
        0.0001984696  -0.0000938622  -0.0010682609  -0.0042607811   0.0081061272
        0.0221168521   0.0002020738  -0.0004978826  -0.0002562961   0.0002198622
        0.0000419947  -0.0000838463  -0.0000651611   0.0002283657  -0.0001825869
       -0.0001266884   0.0002530111  -0.0001771869  -0.0070065891  -0.0023316945
       -0.0051419298   0.0000309737   0.0000023110  -0.0004803233   0.0005224483
        0.0000020249  -0.0003848446  -0.0000862132  -0.0000043188  -0.0002326780
       -0.0000648605   0.0000210028   0.0000565517  -0.0000276265  -0.0000304046
       -0.0000458036  -0.0000654403  -0.0000649015   0.0000305424   0.0000590463
        0.0002104463   0.0002779210
       -0.0022440659   0.0002132253  -0.0078908085  -0.0026269214  -0.0404585349
       -0.0048418907  -0.0004437223   0.0551236558   0.0135797044   0.0020946857
       -0.0032841034   0.0278868313  -0.0011547685  -0.0050193214   0.0025600182
        0.0010357971   0.0006464131   0.0007915795  -0.0003003508  -0.0002031655
       -0.0000796397   0.0000857125   0.0000169089   0.0002648752   0.0000603838
       -0.0002284056  -0.0000076385  -0.0008986747   0.0002435696  -0.0008037926
        0.0001982029   0.0001530495   0.0006652693   0.0073139282  -0.0095872424
       -0.0295520748  -0.0002866658   0.0001450676   0.0001284206   0.0000272790
       -0.0000451040  -0.0000796375  -0.0001126632  -0.0000191215  -0.0002686187
       -0.0008295987   0.0020221877  -0.0008201482  -0.0021717771  -0.0001534317
       -0.0015437860   0.0002642113   0.0000997091   0.0002721920  -0.0002135408
       -0.0001451421  -0.0005671631  -0.0000173772   0.0000768932   0.0001578905
       -0.0000252674   0.0000253015   0.0000317482   0.0000417037   0.0000254705
       -0.0001560738   0.0001164722   0.0002285624   0.0001929037   0.0000870174
        0.0001235586   0.0000798390
       -0.0020798621  -0.0003390474  -0.0092127107  -0.0291021776  -0.0029234605
       -0.2447445859   0.0246023731   0.0135797044   0.2934873480  -0.0017754670
        0.0046569638  -0.0200711710   0.0010291530   0.0031518072  -0.0017165141
       -0.0003727384  -0.0008360905   0.0000815109   0.0003422923   0.0002939866
        0.0002128257  -0.0000371298   0.0000485483  -0.0002801055  -0.0002414030
        0.0000001287   0.0001455084  -0.0011924680  -0.0000403214   0.0013339995
        0.0013261184  -0.0000463595   0.0000388680   0.0107121798  -0.0162287251
       -0.0211141266  -0.0001717968   0.0002421850   0.0002471344   0.0001700385
        0.0000144672   0.0001914905  -0.0000556768   0.0001136204   0.0000703710
        0.0000600731  -0.0005252372   0.0015036927  -0.0030355027  -0.0009655405
       -0.0012647221  -0.0000567026   0.0001861123  -0.0000216055   0.0003726775
       -0.0001685505   0.0002694847  -0.0002033189   0.0001958003   0.0002452355
       -0.0001156707   0.0000056338  -0.0000215119  -0.0000756816  -0.0000653733
        0.0002210449  -0.0003013883  -0.0006277990   0.0000949368   0.0002020786
        0.0002775468   0.0003036023
       -0.0102641482  -0.0252973511   0.0105074590  -0.0647093007  -0.0237833390
        0.0082354290   0.0017424649   0.0020946857  -0.0017754670   0.4357605427
        0.0039965013   0.0072248860  -0.0547703912  -0.0021214904  -0.0552198650
       -0.1445103602  -0.0273601283  -0.0214939940  -0.0114922501  -0.0025869165
       -0.0048153582  -0.0221530050   0.0034204101   0.0005855151   0.0006485568
       -0.0007512678  -0.0007233019   0.0016358159   0.0024644354  -0.0008769696
       -0.0002217386   0.0000161532  -0.0001754354  -0.0015569658   0.0227032558
       -0.0030404419   0.0003047059  -0.0015303231  -0.0002235668   0.0007609919
        0.0021475021   0.0008088896  -0.0140301226  -0.0152102450   0.0044669976
       -0.1170927793   0.0661039648   0.0621595508   0.0006601645  -0.0004891307
        0.0002510113   0.0000552126  -0.0007723198   0.0005205921  -0.0060787749
       -0.0029786927  -0.0008384187   0.0000102158   0.0001663281   0.0001026465
       -0.0006878427  -0.0000321503   0.0000836751   0.0008149308  -0.0001614031
        0.0007712699   0.0055209010  -0.0004334341  -0.0067950422  -0.0003468236
        0.0003949553   0.0002599387
       -0.0118933651  -0.0135658296   0.0014464679  -0.0259054895  -0.1360797227
        0.0471647689  -0.0013557614  -0.0032841034   0.0046569638   0.0039965013
        0.4654242007  -0.0018825025  -0.0029083415  -0.0414795281   0.0061148006
       -0.0150680969  -0.0513016200  -0.0072537540  -0.0064237174  -0.0002665426
       -0.0027030347   0.0160995241   0.0019753186   0.0011035451   0.0005104034
        0.0000751352   0.0001975706   0.0004789215   0.0006147470   0.0001042710
        0.0002239098  -0.0001171516   0.0000641568   0.0069571027  -0.0335652477
        0.0011342867  -0.0004064097   0.0006513382   0.0001444428   0.0037952727
       -0.0026028019  -0.0009707718  -0.0347759991  -0.0302890100   0.0087821677
        0.0443299860  -0.1300659952  -0.0421516725   0.0010102256   0.0005882305
        0.0020632119   0.0011450444   0.0003956785   0.0000333998  -0.0010780240
       -0.0001715417  -0.0001963627  -0.0000887795   0.0000281382   0.0000323454
        0.0009743631   0.0000228549  -0.0000574549   0.0000163546   0.0003258318
       -0.0007989787   0.0203437222  -0.0268865392  -0.0169201026   0.0000226526
       -0.0004258401  -0.0001077646
        0.0016086366  -0.0024363080   0.0044181049   0.0068342585   0.0438875667
       -0.0899858128   0.0062236374   0.0278868313  -0.0200711710   0.0072248860
       -0.0018825025   0.5006958218  -0.0551594179   0.0036753340  -0.2265966286
       -0.0225292321  -0.0038510677  -0.0686233840  -0.0282766773  -0.0063882814
       -0.0081120655   0.0089815678   0.0003625756   0.0006430721   0.0011874388
       -0.0003784889  -0.0002100281  -0.0012175738   0.0000767832   0.0013127330
        0.0002251962   0.0001243063  -0.0003734408   0.0016495345  -0.0147021494
        0.0054431830   0.0006510775  -0.0005105256  -0.0003673957   0.0021269205
       -0.0016664365  -0.0001328988   0.0175500051   0.0115919819   0.0016642934
        0.0580822196  -0.0548885276  -0.1028642546   0.0000956903  -0.0005197621
       -0.0015022585   0.0005395762  -0.0002029173   0.0003391500  -0.0013357267
       -0.0006292118   0.0006524038  -0.0000743623   0.0000781712   0.0000304910
        0.0003603861   0.0001800675   0.0002080545   0.0017139343   0.0004509292
        0.0004349116  -0.0062922754  -0.0000506440   0.0029082208  -0.0001696999
       -0.0002077243   0.0000888985
        0.0002917918  -0.0005314866   0.0006956614   0.0022195557  -0.0005497911
        0.0050638303   0.0000439689  -0.0011547685   0.0010291530  -0.0547703912
       -0.0029083415  -0.0551594179   0.0677680610  -0.0016570133   0.0538745558
       -0.0124846312  -0.0003641897  -0.0288161279  -0.0056191830  -0.0013361889
       -0.0011357784   0.0000762712  -0.0007537448  -0.0014077867  -0.0004424179
        0.0001708159   0.0004435610  -0.0003260973   0.0002367633  -0.0002795078
       -0.0000260601  -0.0001814797   0.0002617528   0.0001024184  -0.0004421557
       -0.0000670942   0.0000715456  -0.0001713304   0.0000200295   0.0004647932
        0.0000600815   0.0005655742   0.0021918413   0.0012630607   0.0003341812
       -0.0000041991   0.0082823923   0.0238482727   0.0001362712   0.0001642745
        0.0000784394  -0.0000877221   0.0000361493   0.0002102047  -0.0000327013
        0.0001829919  -0.0001271071   0.0000065838   0.0000980614   0.0000128855
       -0.0000269941   0.0001113120  -0.0000207072  -0.0002856117  -0.0003299970
        0.0003936423   0.0007291541  -0.0001049645   0.0002177481   0.0000037525
       -0.0001204511  -0.0000359649
        0.0004421581   0.0009268762   0.0005828844   0.0046911981  -0.0034469506
        0.0275863436  -0.0009772374  -0.0050193214   0.0031518072  -0.0021214904
       -0.0414795281   0.0036753340  -0.0016570133   0.0544374682   0.0042834143
       -0.0044488625   0.0009752780  -0.0066513259  -0.0012901046  -0.0001450006
       -0.0002437807   0.0002729473   0.0001409058   0.0003253969   0.0002528827
        0.0000030212  -0.0001600515   0.0001894743  -0.0001439400   0.0001812171
       -0.0002426338   0.0000019914  -0.0001126884  -0.0002373491   0.0013259922
       -0.0009893477  -0.0000699203   0.0000483476  -0.0000443743  -0.0002860293
       -0.0001709902  -0.0001090410   0.0009784567   0.0005377874  -0.0006433551
        0.0044037253  -0.0076170720  -0.0289385527   0.0006539947   0.0003427453
       -0.0003796086   0.0000361813  -0.0000565167  -0.0000739673   0.0002629622
        0.0003022117  -0.0002217209   0.0000630291  -0.0000747229   0.0000052157
        0.0000086641   0.0000426044   0.0000328042  -0.0004968844   0.0000530208
        0.0002663927  -0.0002139216  -0.0002135464  -0.0015927120  -0.0002142272
       -0.0007706616   0.0000697158
       -0.0006332734  -0.0004290854  -0.0004039811  -0.0024190969   0.0049641989
       -0.0175344848   0.0004859033   0.0025600182  -0.0017165141  -0.0552198650
        0.0061148006  -0.2265966286   0.0538745558   0.0042834143   0.2778413511
       -0.0058402658   0.0004531231  -0.0086960614  -0.0013671351  -0.0002330005
       -0.0002612959   0.0003673298   0.0000472272   0.0000244233  -0.0001967569
        0.0000971574   0.0002715042  -0.0000520412   0.0003346456  -0.0003022517
        0.0001855573  -0.0001335023   0.0000287092  -0.0005171766  -0.0002935014
        0.0012441760   0.0000247084  -0.0000384108   0.0000496124   0.0000405130
        0.0001128293   0.0002070392   0.0013124888  -0.0002740569   0.0010714139
        0.0105148136  -0.0168965666  -0.0262865379  -0.0005954075  -0.0004028770
        0.0007457790   0.0000954528  -0.0000360074  -0.0003340325  -0.0001060748
       -0.0003875889  -0.0001224578   0.0000076944   0.0000327758   0.0000428856
        0.0000268998  -0.0000354095  -0.0000263702  -0.0003170350  -0.0000760846
        0.0002251427   0.0001524134   0.0002467194   0.0003454687   0.0001757977
       -0.0000108183   0.0001831107
       -0.0001368789   0.0001167400  -0.0000635278  -0.0059081252  -0.0113897751
        0.0015514569   0.0005393000   0.0010357971  -0.0003727384  -0.1445103602
       -0.0150680969  -0.0225292321  -0.0124846312  -0.0044488625  -0.0058402658
        0.4295859066  -0.0071034579   0.0144480344  -0.0520736709  -0.0061831492
       -0.0439034642  -0.0886819025   0.0399115252   0.0239795911   0.0011538987
        0.0010008474   0.0012006724   0.0044299382   0.0016470983  -0.0022854596
        0.0000719140  -0.0003230971  -0.0000463730  -0.0022121768   0.0023439187
        0.0002837304   0.0005424376  -0.0038538781   0.0002687121  -0.0356206172
        0.0255398991   0.0074251367  -0.0506216370  -0.0306605533   0.0151123704
       -0.0352252033   0.0089425440   0.0071205878   0.0006032909   0.0004308387
        0.0004627976   0.0000495947   0.0001696402  -0.0000322361   0.0002447938
        0.0002963087  -0.0000241231   0.0001427096   0.0000282210   0.0000845269
       -0.0056975385  -0.0004454928   0.0007089035  -0.0040393086  -0.0011234813
        0.0011965883  -0.0000185840  -0.0007137733   0.0013763491  -0.0001331500
       -0.0001497608  -0.0001220372
       -0.0013003159  -0.0033107925   0.0015074021  -0.0207465225  -0.0127596356
        0.0006079272  -0.0001801232   0.0006464131  -0.0008360905  -0.0273601283
       -0.0513016200  -0.0038510677  -0.0003641897   0.0009752780   0.0004531231
       -0.0071034579   0.4454142030   0.0198352619  -0.0054310818  -0.0444980440
       -0.0359764304   0.0521155981  -0.1111738083  -0.0389916561   0.0031746491
       -0.0045366415  -0.0035875146   0.0072372611  -0.0284306322  -0.0028724156
        0.0005582571   0.0007727136  -0.0011252217   0.0022382584   0.0045329591
       -0.0001936450  -0.0012834279  -0.0020443332   0.0019893030  -0.0006526617
        0.0040576623   0.0016329438  -0.0356248474  -0.1918873589   0.0615940213
        0.0312985164  -0.0060392780  -0.0064838384   0.0007822766   0.0006374898
        0.0003511313   0.0001751963  -0.0000492418  -0.0000171107  -0.0008490447
       -0.0003157879  -0.0001949531   0.0001250367  -0.0007869904  -0.0002393596
       -0.0004658373  -0.0011529076  -0.0006212445   0.0021258558   0.0014336321
        0.0073140594   0.0017565517   0.0000970692  -0.0001618207  -0.0002258189
       -0.0002803483  -0.0001328045
        0.0000520359   0.0015373843  -0.0009560032   0.0102449998   0.0047301474
        0.0007443271   0.0008585907   0.0007915795   0.0000815109  -0.0214939940
       -0.0072537540  -0.0686233840  -0.0288161279  -0.0066513259  -0.0086960614
        0.0144480344   0.0198352619   0.5350956191  -0.0455012526  -0.0394250430
       -0.2476002522   0.0237869724  -0.0350771464  -0.0857132459   0.0155687613
       -0.0242036702  -0.0165414903  -0.0049718180   0.0060075735   0.0032066390
       -0.0002607436   0.0017212020   0.0001531426   0.0002588222  -0.0005247581
        0.0002028541  -0.0010986904   0.0049977671   0.0002083562  -0.0022332148
        0.0053949268   0.0044916243   0.0116706882   0.0360965063  -0.0989958731
        0.0218395414  -0.0021919691   0.0003118648  -0.0001273538  -0.0000990285
        0.0004209704   0.0000435854  -0.0000698479  -0.0000734015   0.0006302213
        0.0002769498   0.0000418273   0.0000186918  -0.0000338893  -0.0001638831
       -0.0012782271  -0.0000984195   0.0002725218   0.0068503927   0.0335620553
       -0.0190360628  -0.0005048416   0.0007546074   0.0011817159   0.0000149263
       -0.0000771092  -0.0000133160
       -0.0000021889   0.0000641982  -0.0000075345   0.0005920445   0.0004516314
       -0.0009621721  -0.0001214183  -0.0003003508   0.0003422923  -0.0114922501
       -0.0064237174  -0.0282766773  -0.0056191830  -0.0012901046  -0.0013671351
       -0.0520736709  -0.0054310818  -0.0455012526   0.0600553447   0.0084072760
        0.0495250078   0.0026350771   0.0047757011   0.0162819408  -0.0016453187
        0.0025942305   0.0015096037   0.0005005100  -0.0004890549   0.0003290834
        0.0001795594   0.0000303257  -0.0000374850  -0.0006736603   0.0000889341
        0.0001192083  -0.0001119495  -0.0000221998  -0.0000145190   0.0015738397
       -0.0006205974  -0.0004424578   0.0020348872  -0.0003791751   0.0073048648
        0.0034154490  -0.0004743534   0.0003206364  -0.0000521901  -0.0000172143
        0.0003180519   0.0000227513   0.0000001540  -0.0000584016   0.0000545946
       -0.0000144121   0.0000008219  -0.0000013082  -0.0000023463  -0.0000538799
        0.0000742872  -0.0000313232   0.0001433966   0.0010741181  -0.0012711700
        0.0009886718  -0.0004522831   0.0003532163  -0.0004596643   0.0000329584
        0.0000014336  -0.0000024005
       -0.0000233993   0.0000212994  -0.0000698060  -0.0002468747   0.0004353050
       -0.0008395334  -0.0002893360  -0.0002031655   0.0002939866  -0.0025869165
       -0.0002665426  -0.0063882814  -0.0013361889  -0.0001450006  -0.0002330005
       -0.0061831492  -0.0444980440  -0.0394250430   0.0084072760   0.0618653135
        0.0323977766  -0.0016409736  -0.0062021926  -0.0219871362   0.0023988347
       -0.0033108011  -0.0019519423   0.0001018823   0.0002467577  -0.0018933777
        0.0001757449  -0.0007419910   0.0003859337   0.0003049693  -0.0001674941
        0.0003002551  -0.0002310090   0.0003886752   0.0004209419  -0.0014184961
        0.0007298798   0.0011551095   0.0010976419  -0.0045059254   0.0333530993
        0.0005377151  -0.0001359570   0.0004822235   0.0000513795  -0.0000675284
        0.0002586128   0.0000591661   0.0000210516  -0.0000037896   0.0000365458
       -0.0000174434   0.0000146498   0.0000220357   0.0000684382   0.0001368551
       -0.0001391331   0.0000733822  -0.0001780484   0.0004339808  -0.0036550504
        0.0034129010   0.0004776204   0.0000334513   0.0004040435  -0.0000093160
        0.0000335823  -0.0000464298
        0.0000431200   0.0000576696   0.0000090938   0.0003390475   0.0001958191
        0.0003606437  -0.0000791352  -0.0000796397   0.0002128257  -0.0048153582
       -0.0027030347  -0.0081120655  -0.0011357784  -0.0002437807  -0.0002612959
       -0.0439034642  -0.0359764304  -0.2476002522   0.0495250078   0.0323977766
        0.2960677407  -0.0008339545  -0.0063939245  -0.0156538375   0.0013599687
       -0.0018928386  -0.0011977341  -0.0002502342   0.0005866998   0.0001865740
        0.0000317057  -0.0001311962   0.0003514426  -0.0001477516  -0.0004268266
       -0.0001323891   0.0000150791   0.0001718257   0.0001033165  -0.0005646754
        0.0006352904   0.0011899466   0.0012851655   0.0092184223  -0.0249055095
        0.0009184563   0.0003800290   0.0008614188  -0.0000633989  -0.0000564354
        0.0000618025   0.0000049899   0.0000175240  -0.0000217061   0.0000379285
       -0.0000116521   0.0000138514   0.0000479613   0.0001079695   0.0001079684
       -0.0002486922   0.0004576838  -0.0000461000  -0.0013041110   0.0033665305
       -0.0014955850  -0.0002839881   0.0002641874  -0.0000988002   0.0000221114
        0.0000583315  -0.0000013496
       -0.0006016803  -0.0001058674  -0.0004041544   0.0014213983  -0.0003296910
        0.0008977541  -0.0004427330   0.0000857125  -0.0000371298  -0.0221530050
        0.0160995241   0.0089815678   0.0000762712   0.0002729473   0.0003673298
       -0.0886819025   0.0521155981   0.0237869724   0.0026350771  -0.0016409736
       -0.0008339545   0.4570459647  -0.0111729894   0.0048229513  -0.0368784057
        0.0003079779  -0.0132286417  -0.0487000807  -0.0256370655   0.0108572401
        0.0027405036   0.0022321825  -0.0023638700  -0.0269802905  -0.0291736211
        0.0095290978  -0.0042482397   0.0256708209  -0.0008397683  -0.2069138736
       -0.0251868714  -0.0367379562   0.0028795178  -0.0046661987  -0.0009891032
       -0.0068077051   0.0003620270   0.0005314577   0.0003276439   0.0002730856
        0.0003199273   0.0000151261   0.0000681492  -0.0000060599   0.0001646040
        0.0001778712  -0.0000367743   0.0002457177  -0.0004916378  -0.0014225540
       -0.0263426363   0.0005187307  -0.0033870517   0.0012918090   0.0003104611
        0.0002176982  -0.0000219624   0.0000465526  -0.0001006544  -0.0000711188
       -0.0001367249   0.0000756760
        0.0001316709  -0.0002571035  -0.0000795926  -0.0002459543   0.0011812072
        0.0002636850  -0.0001582371   0.0000169089   0.0000485483   0.0034204101
        0.0019753186   0.0003625756  -0.0007537448   0.0001409058   0.0000472272
        0.0399115252  -0.1111738083  -0.0350771464   0.0047757011  -0.0062021926
       -0.0063939245  -0.0111729894   0.4463979363   0.0157063256   0.0007790179
       -0.0459159911  -0.0154876904  -0.0138919377  -0.1116221941   0.0381472267
       -0.0012415655  -0.0022090394   0.0043854136  -0.0114626212  -0.0073441252
        0.0022921013   0.0062546040  -0.0480683813   0.0067814433  -0.0533333621
       -0.0826583197  -0.0184048467   0.0150677152  -0.0476914792  -0.0004912734
       -0.0028501434   0.0018650418   0.0009598943  -0.0000679132   0.0000270313
        0.0000310849   0.0000397149   0.0000395678   0.0000153826  -0.0000236410
        0.0000177985  -0.0000278210   0.0000143262   0.0000376372  -0.0000409526
        0.0258101726   0.0097297381   0.0069483875  -0.0008362356   0.0020143687
       -0.0002272150  -0.0002153973  -0.0002892141   0.0001590711   0.0000488846
       -0.0000116119   0.0000820956
        0.0002119343   0.0002344673   0.0003398691   0.0001659826  -0.0007579750
        0.0005920628  -0.0002127941   0.0002648752  -0.0002801055   0.0005855151
        0.0011035451   0.0006430721  -0.0014077867   0.0003253969   0.0000244233
        0.0239795911  -0.0389916561  -0.0857132459   0.0162819408  -0.0219871362
       -0.0156538375   0.0048229513   0.0157063256   0.4898527676  -0.0171553860
       -0.0173584142  -0.2352152097   0.0119981723   0.0417890674  -0.0928630623
        0.0075413007   0.0246809186  -0.0226586091  -0.0044532473  -0.0048051349
        0.0054325084  -0.0007681911  -0.0108868562   0.0077128723  -0.0341998647
       -0.0118041113  -0.0586325284  -0.0055931923   0.0180051816   0.0037289661
       -0.0017264023   0.0010511381   0.0011114827  -0.0001220606   0.0000344423
       -0.0003591958  -0.0000826718  -0.0000739006   0.0000092012  -0.0001562443
       -0.0000648298   0.0000249766  -0.0002231187  -0.0011556549   0.0012628891
        0.0018195204   0.0031004279  -0.0016902831  -0.0016742846   0.0018678073
        0.0021612928   0.0002723715  -0.0001775489   0.0000528652   0.0000959641
       -0.0001003755   0.0001168279
       -0.0001271374  -0.0000459575   0.0001679137  -0.0002702443   0.0000486970
        0.0002959632   0.0000459580   0.0000603838  -0.0002414030   0.0006485568
        0.0005104034   0.0011874388  -0.0004424179   0.0002528827  -0.0001967569
        0.0011538987   0.0031746491   0.0155687613  -0.0016453187   0.0023988347
        0.0013599687  -0.0368784057   0.0007790179  -0.0171553860   0.0609999730
        0.0034149334   0.0308190022   0.0017010984   0.0000127451   0.0067491943
       -0.0003285180  -0.0012888505   0.0007763803   0.0010821606   0.0006901862
       -0.0002908521  -0.0002607272   0.0000365541  -0.0003461662  -0.0264232590
       -0.0083705950  -0.0361428330  -0.0001318511  -0.0012059130  -0.0000580779
        0.0001038712  -0.0004081797  -0.0005194362   0.0001303193   0.0000898227
       -0.0001579746   0.0000355701   0.0000030122  -0.0000209256   0.0000427303
        0.0000361697  -0.0000358471   0.0003720509   0.0001370223  -0.0000235492
       -0.0001775798   0.0000131130  -0.0015443128   0.0005377348  -0.0001482230
       -0.0003209143   0.0000652360   0.0000180344   0.0000447119  -0.0002336989
       -0.0002087430   0.0000851006
       -0.0000336945  -0.0000164861   0.0000597372  -0.0000163207   0.0000963229
        0.0000108245   0.0001421632  -0.0002284056   0.0000001287  -0.0007512678
        0.0000751352  -0.0003784889   0.0001708159   0.0000030212   0.0000971574
        0.0010008474  -0.0045366415  -0.0242036702   0.0025942305  -0.0033108011
       -0.0018928386   0.0003079779  -0.0459159911  -0.0173584142   0.0034149334
        0.0522350247   0.0231087194   0.0006722974   0.0002281416   0.0265299143
       -0.0014020671  -0.0043025802   0.0031884354   0.0011311865   0.0008977144
       -0.0010833515   0.0001379274   0.0018773016  -0.0007496740  -0.0073529229
        0.0011588333  -0.0079962487  -0.0002620536   0.0021076904  -0.0008709827
        0.0000497425  -0.0000941693   0.0002976829   0.0000379982  -0.0000540371
       -0.0000573495   0.0000220155  -0.0000110103  -0.0000302650   0.0000027797
       -0.0000145093  -0.0000025109  -0.0001332398  -0.0003329037   0.0000353824
        0.0005359740   0.0004576368   0.0004616956  -0.0001292532  -0.0003891987
        0.0008390855   0.0000364248   0.0000691961  -0.0000678004  -0.0001764946
        0.0000007155   0.0000628315
        0.0000639402   0.0000392248  -0.0000461394   0.0002993548   0.0003280117
       -0.0003164974  -0.0002210652  -0.0000076385   0.0001455084  -0.0007233019
        0.0001975706  -0.0002100281   0.0004435610  -0.0001600515   0.0002715042
        0.0012006724  -0.0035875146  -0.0165414903   0.0015096037  -0.0019519423
       -0.0011977341  -0.0132286417  -0.0154876904  -0.2352152097   0.0308190022
        0.0231087194   0.2799904943  -0.0001235403   0.0011991357  -0.0214630278
        0.0008985641   0.0029825749  -0.0021719604   0.0004208832  -0.0010192742
        0.0013965929  -0.0007200316  -0.0010508237   0.0016718687  -0.0201732608
       -0.0047592780  -0.0092187413  -0.0004789965   0.0005682357   0.0014630101
        0.0000466415   0.0001381075   0.0004478078  -0.0001592844  -0.0001304255
        0.0000935511  -0.0000687465   0.0000094588  -0.0000352883  -0.0000490527
       -0.0000502542  -0.0000188908   0.0001795517   0.0004871214   0.0001874427
        0.0002259558  -0.0003530960   0.0003647173  -0.0000750162  -0.0006912755
        0.0004137500  -0.0000692762   0.0000673491  -0.0000796898  -0.0000175164
        0.0001237551   0.0000684500
       -0.0026155164   0.0005396786   0.0002230701  -0.0321108371   0.0131019761
        0.0058364381   0.0024088187  -0.0008986747  -0.0011924680   0.0016358159
        0.0004789215  -0.0012175738  -0.0003260973   0.0001894743  -0.0000520412
        0.0044299382   0.0072372611  -0.0049718180   0.0005005100   0.0001018823
       -0.0002502342  -0.0487000807  -0.0138919377   0.0119981723   0.0017010984
        0.0006722974  -0.0001235403   0.4138353920  -0.0099105406   0.0188918419
       -0.0427150335  -0.0032063967  -0.0248602814  -0.1677797714  -0.0424746928
       -0.0364457433  -0.1033275068   0.0825274847   0.0172798816  -0.0280319522
       -0.0283624424   0.0085354565  -0.0020709448   0.0056789613   0.0000716245
        0.0000960967  -0.0013721003  -0.0002029604   0.0016127684   0.0002321377
        0.0010369715  -0.0005787235  -0.0001128589  -0.0000840115  -0.0000774882
        0.0003091449  -0.0000933306   0.0042996171  -0.0086746988   0.0049510736
       -0.0015879459  -0.0016547062   0.0005942549   0.0002802061  -0.0001259437
        0.0002914372  -0.0000389841  -0.0001489209   0.0002291412  -0.0008393797
       -0.0002353061  -0.0004453607
        0.0024941548  -0.0017845244  -0.0014161724   0.0218032725   0.0033099115
        0.0044397390   0.0012442371   0.0002435696  -0.0000403214   0.0024644354
        0.0006147470   0.0000767832   0.0002367633  -0.0001439400   0.0003346456
        0.0016470983  -0.0284306322   0.0060075735  -0.0004890549   0.0002467577
        0.0005866998  -0.0256370655  -0.1116221941   0.0417890674   0.0000127451
        0.0002281416   0.0011991357  -0.0099105406   0.4463915845   0.0396633992
       -0.0040508158  -0.0413249138  -0.0093695194  -0.0642651988  -0.0798028484
       -0.0235044471   0.0739656437  -0.1691326178  -0.0514518072  -0.0062454676
       -0.0066457476   0.0031467331   0.0015962451   0.0011736914  -0.0016763427
       -0.0017169893   0.0010383436   0.0005412014  -0.0006673588  -0.0001679921
        0.0001549577   0.0009380919   0.0001767813   0.0001542647  -0.0002569854
       -0.0001161405  -0.0000193196   0.0059154519  -0.0136835002  -0.0101346855
        0.0003671449   0.0005492943  -0.0008306058   0.0002076695  -0.0009488227
        0.0001346698   0.0002889959  -0.0004705240   0.0000606614   0.0000575275
        0.0003015753   0.0001536897
        0.0010067831  -0.0021176455  -0.0003962578   0.0106794659   0.0049929447
       -0.0000076484   0.0041166434  -0.0008037926   0.0013339995  -0.0008769696
        0.0001042710   0.0013127330  -0.0002795078   0.0001812171  -0.0003022517
       -0.0022854596  -0.0028724156   0.0032066390   0.0003290834  -0.0018933777
        0.0001865740   0.0108572401   0.0381472267  -0.0928630623   0.0067491943
        0.0265299143  -0.0214630278   0.0188918419   0.0396633992   0.5102866208
       -0.0293166199  -0.0061582394  -0.2354132157  -0.0435693516  -0.0222160170
       -0.0705251536   0.0037598852  -0.0357272620  -0.0881146914  -0.0032527773
       -0.0061348678   0.0039826040   0.0005778850  -0.0051470832   0.0009759914
        0.0006461569  -0.0008776276  -0.0009186094   0.0002921866   0.0004574571
       -0.0001986365   0.0007980208   0.0001459510   0.0001892205   0.0001798769
        0.0002716562  -0.0000990472   0.0196946073  -0.0275040392  -0.0131198961
        0.0013083843   0.0006450566   0.0018709566   0.0000635114   0.0003464150
       -0.0002423891  -0.0000132871   0.0002969642   0.0000658987  -0.0003567936
       -0.0003301054   0.0002526494
        0.0000397679  -0.0000471479  -0.0000182256   0.0009794381  -0.0017504990
       -0.0031019886   0.0001984696   0.0001982029   0.0013261184  -0.0002217386
        0.0002239098   0.0002251962  -0.0000260601  -0.0002426338   0.0001855573
        0.0000719140   0.0005582571  -0.0002607436   0.0001795594   0.0001757449
        0.0000317057   0.0027405036  -0.0012415655   0.0075413007  -0.0003285180
       -0.0014020671   0.0008985641  -0.0427150335  -0.0040508158  -0.0293166199
        0.0623025082   0.0022794007   0.0366974418  -0.0249661239  -0.0052976159
       -0.0346177917   0.0018576955   0.0078605665   0.0180289365   0.0010077048
        0.0009769011  -0.0004581561  -0.0001049363  -0.0001871436   0.0000641824
        0.0000734997  -0.0000875955   0.0001014067   0.0000243967   0.0000302775
        0.0002779202   0.0000628952   0.0000556396   0.0000100236   0.0000943066
        0.0000383842  -0.0000678253  -0.0010022184   0.0019101262   0.0017667030
       -0.0003057510  -0.0001438095   0.0006079447  -0.0000041862   0.0000075945
        0.0000016520   0.0000064987   0.0000446332  -0.0000514777   0.0000354078
        0.0000912554   0.0001281750
        0.0001454849  -0.0000182812   0.0000612530   0.0005353587   0.0009796580
        0.0011192637  -0.0000938622   0.0001530495  -0.0000463595   0.0000161532
       -0.0001171516   0.0001243063  -0.0001814797   0.0000019914  -0.0001335023
       -0.0003230971   0.0007727136   0.0017212020   0.0000303257  -0.0007419910
       -0.0001311962   0.0022321825  -0.0022090394   0.0246809186  -0.0012888505
       -0.0043025802   0.0029825749  -0.0032063967  -0.0413249138  -0.0061582394
        0.0022794007   0.0586167446   0.0220055292  -0.0057408190   0.0003472588
       -0.0102265349   0.0012319841  -0.0119740911  -0.0307773020   0.0010336920
        0.0010727248  -0.0012703452   0.0000736314   0.0000586938  -0.0003813753
       -0.0000950542   0.0000316673  -0.0001220047  -0.0000647722  -0.0000929370
       -0.0001188597   0.0000440089  -0.0000073712   0.0000021190  -0.0000550718
       -0.0000328783  -0.0000300218   0.0033922726  -0.0014974032  -0.0031945893
       -0.0000334447   0.0001605974   0.0000021462  -0.0000345346   0.0000902223
       -0.0002043751   0.0000498115  -0.0000119216   0.0000497621   0.0000530765
        0.0000452382   0.0000456305
        0.0002637804  -0.0000001378   0.0000308945   0.0009011990   0.0001035349
        0.0021706671  -0.0010682609   0.0006652693   0.0000388680  -0.0001754354
        0.0000641568  -0.0003734408   0.0002617528  -0.0001126884   0.0000287092
       -0.0000463730  -0.0011252217   0.0001531426  -0.0000374850   0.0003859337
        0.0003514426  -0.0023638700   0.0043854136  -0.0226586091   0.0007763803
        0.0031884354  -0.0021719604  -0.0248602814  -0.0093695194  -0.2354132157
        0.0366974418   0.0220055292   0.2851599100  -0.0167657687  -0.0052528590
       -0.0112909429   0.0034028472  -0.0134360504  -0.0166883132   0.0000000108
       -0.0011835714   0.0017072576   0.0001589010   0.0000163746   0.0001062719
        0.0000471141   0.0000716214   0.0002034233  -0.0001295063  -0.0000933619
        0.0000754796   0.0000419738   0.0000366834  -0.0000068820   0.0000603001
       -0.0000012967  -0.0000263968   0.0022934172  -0.0002379367  -0.0012106470
        0.0003617330  -0.0000770434  -0.0003826986   0.0000114724  -0.0000978356
        0.0001495252  -0.0000152151  -0.0000702514  -0.0000444224   0.0001838720
        0.0001348215   0.0000919373
       -0.0342305743   0.0255557206   0.0106797514  -0.0982052045   0.0577529929
        0.0301295061  -0.0042607811   0.0073139282   0.0107121798  -0.0015569658
        0.0069571027   0.0016495345   0.0001024184  -0.0002373491  -0.0005171766
       -0.0022121768   0.0022382584   0.0002588222  -0.0006736603   0.0003049693
       -0.0001477516  -0.0269802905  -0.0114626212  -0.0044532473   0.0010821606
        0.0011311865   0.0004208832  -0.1677797714  -0.0642651988  -0.0435693516
       -0.0249661239  -0.0057408190  -0.0167657687   0.4124520835  -0.0308291389
        0.0039069188  -0.0463278998   0.0187711645   0.0056075851  -0.0101010890
       -0.0088004881   0.0029920766   0.0013366766  -0.0003460015  -0.0000180508
        0.0002539366   0.0022356918  -0.0001072885   0.0007344331   0.0010084004
        0.0017612773  -0.0073743663  -0.0023054995  -0.0012670399   0.0018311760
        0.0005186689   0.0002671010   0.0044482141   0.0003729855  -0.0007900764
        0.0013228527   0.0001349495  -0.0006187811  -0.0002873131   0.0001222243
       -0.0000702290  -0.0001359327   0.0002643403  -0.0000849511   0.0015281979
       -0.0006954675   0.0000240768
        0.0017200921   0.0044465239   0.0023183588   0.0404208249  -0.1416688771
       -0.0535936239   0.0081061272  -0.0095872424  -0.0162287251   0.0227032558
       -0.0335652477  -0.0147021494  -0.0004421557   0.0013259922  -0.0002935014
        0.0023439187   0.0045329591  -0.0005247581   0.0000889341  -0.0001674941
       -0.0004268266  -0.0291736211  -0.0073441252  -0.0048051349   0.0006901862
        0.0008977144  -0.0010192742  -0.0424746928  -0.0798028484  -0.0222160170
       -0.0052976159   0.0003472588  -0.0052528590  -0.0308291389   0.2856085208
        0.1110387261   0.0410390750  -0.0035826129   0.0005884344  -0.0089953882
       -0.0087403189   0.0027036256  -0.0001844452  -0.0006197100   0.0001924636
       -0.0003518200  -0.0133930179   0.0024965892  -0.0001412890   0.0007272998
        0.0001589881  -0.0015386423   0.0005337099  -0.0005320498   0.0002850632
        0.0006231533  -0.0002305021  -0.0006902127   0.0006328354   0.0003325229
        0.0007221756   0.0000498649   0.0001212923   0.0001016975   0.0003678185
       -0.0000308240   0.0016036255  -0.0013092523  -0.0006164772   0.0002940460
       -0.0003129041   0.0005217217
       -0.0013601027   0.0030205137   0.0021669573   0.0224330834  -0.0551476899
       -0.0818034825   0.0221168521  -0.0295520748  -0.0211141266  -0.0030404419
        0.0011342867   0.0054431830  -0.0000670942  -0.0009893477   0.0012441760
        0.0002837304  -0.0001936450   0.0002028541   0.0001192083   0.0003002551
       -0.0001323891   0.0095290978   0.0022921013   0.0054325084  -0.0002908521
       -0.0010833515   0.0013965929  -0.0364457433  -0.0235044471  -0.0705251536
       -0.0346177917  -0.0102265349  -0.0112909429   0.0039069188   0.1110387261
        0.1599720751   0.0171571909  -0.0039930682   0.0055036223   0.0031116487
        0.0029482697   0.0007728345  -0.0001709429  -0.0002011678   0.0000213844
        0.0002023021   0.0016725256   0.0010183909  -0.0019798529   0.0001614502
        0.0020202301  -0.0016270601   0.0002069583   0.0001787306  -0.0004954647
       -0.0002758893  -0.0001477893   0.0000578996   0.0016817371   0.0000315250
       -0.0002110396   0.0000413586  -0.0004472014  -0.0000771892  -0.0001416020
        0.0001156349  -0.0001167403  -0.0000146011   0.0000819971   0.0015823833
        0.0008252369  -0.0001416113
       -0.0013700216   0.0024017225   0.0013239684  -0.0083234956  -0.0036595436
       -0.0043044750   0.0002020738  -0.0002866658  -0.0001717968   0.0003047059
       -0.0004064097   0.0006510775   0.0000715456  -0.0000699203   0.0000247084
        0.0005424376  -0.0012834279  -0.0010986904  -0.0001119495  -0.0002310090
        0.0000150791  -0.0042482397   0.0062546040  -0.0007681911  -0.0002607272
        0.0001379274  -0.0007200316  -0.1033275068   0.0739656437   0.0037598852
        0.0018576955   0.0012319841   0.0034028472  -0.0463278998   0.0410390750
        0.0171571909   0.2368639177  -0.0977813352   0.1110411280   0.0036449078
       -0.0023716211   0.0007481886   0.0002174077   0.0015982861  -0.0002260578
       -0.0001175022   0.0003602631   0.0000286295  -0.0002646413  -0.0000697751
       -0.0002260304  -0.0008219577  -0.0001897923  -0.0002100985   0.0001628163
        0.0000766079  -0.0000526124  -0.0800659239  -0.0227180780  -0.1311522110
        0.0009514288   0.0020853312   0.0005058854  -0.0001558258  -0.0001014935
        0.0000603409   0.0000925047   0.0000311184  -0.0000924711   0.0004842499
       -0.0000134921   0.0003037368
        0.0003130401  -0.0010687119  -0.0002751958   0.0020247435   0.0022226695
        0.0027688601  -0.0004978826   0.0001450676   0.0002421850  -0.0015303231
        0.0006513382  -0.0005105256  -0.0001713304   0.0000483476  -0.0000384108
       -0.0038538781  -0.0020443332   0.0049977671  -0.0000221998   0.0003886752
        0.0001718257   0.0256708209  -0.0480683813  -0.0108868562   0.0000365541
        0.0018773016  -0.0010508237   0.0825274847  -0.1691326178  -0.0357272620
        0.0078605665  -0.0119740911  -0.0134360504   0.0187711645  -0.0035826129
       -0.0039930682  -0.0977813352   0.2942011908   0.1742836049   0.0019637291
       -0.0005132001   0.0000390030   0.0016296811  -0.0067269184   0.0005093324
        0.0006824395  -0.0003906330  -0.0001441122   0.0003633866   0.0001521266
       -0.0001005771   0.0001388736   0.0001120748   0.0000195002   0.0000651365
        0.0000498411  -0.0000034796  -0.0381535976  -0.0607669212  -0.1165509498
        0.0005455312   0.0037135477  -0.0000545325  -0.0001183627   0.0005553503
       -0.0003347534  -0.0002622658   0.0002349760   0.0000285740  -0.0002019764
       -0.0000840861   0.0000459448
        0.0002026073  -0.0003117301   0.0001406136   0.0002265242   0.0011244853
        0.0014837341  -0.0002562961   0.0001284206   0.0002471344  -0.0002235668
        0.0001444428  -0.0003673957   0.0000200295  -0.0000443743   0.0000496124
        0.0002687121   0.0019893030   0.0002083562  -0.0000145190   0.0004209419
        0.0001033165  -0.0008397683   0.0067814433   0.0077128723  -0.0003461662
       -0.0007496740   0.0016718687   0.0172798816  -0.0514518072  -0.0881146914
        0.0180289365  -0.0307773020  -0.0166883132   0.0056075851   0.0005884344
        0.0055036223   0.1110411280   0.1742836049   0.4020951640  -0.0015301798
        0.0000703026   0.0007301171  -0.0002378245   0.0000973655   0.0001040208
        0.0000316924  -0.0000622195   0.0001366535   0.0000885551  -0.0001931168
        0.0000497799   0.0000505923   0.0000261029  -0.0000399011  -0.0000586537
       -0.0000606930  -0.0000101050  -0.1483201381  -0.1020501274  -0.3139337553
       -0.0010088179  -0.0001404553  -0.0011677058   0.0000970084   0.0000299775
        0.0001675943  -0.0000344816  -0.0000300549   0.0000050886  -0.0000728403
        0.0001867298  -0.0000876811
        0.0004277619   0.0004678960   0.0000537110   0.0008628591  -0.0003440078
       -0.0015448584   0.0002198622   0.0000272790   0.0001700385   0.0007609919
        0.0037952727   0.0021269205   0.0004647932  -0.0002860293   0.0000405130
       -0.0356206172  -0.0006526617  -0.0022332148   0.0015738397  -0.0014184961
       -0.0005646754  -0.2069138736  -0.0533333621  -0.0341998647  -0.0264232590
       -0.0073529229  -0.0201732608  -0.0280319522  -0.0062454676  -0.0032527773
        0.0010077048   0.0010336920   0.0000000108  -0.0101010890  -0.0089953882
        0.0031116487   0.0036449078   0.0019637291  -0.0015301798   0.4243764807
       -0.1030792120   0.0431428546   0.0022919061   0.0004831002  -0.0009156608
       -0.0035618034   0.0013969814   0.0011609056  -0.0004430315  -0.0003043365
       -0.0000474532   0.0000446063   0.0000642596  -0.0000429930   0.0000774386
       -0.0000877835  -0.0000178813   0.0000230908   0.0006011092   0.0004824203
       -0.1248557721   0.1724735803   0.0143997737  -0.0002909161  -0.0002722944
       -0.0002569666   0.0002098859  -0.0001903828  -0.0000396677   0.0002561852
        0.0002554453   0.0001306573
       -0.0000451031   0.0001791203   0.0000549518   0.0003863459  -0.0004969848
       -0.0002112916   0.0000419947  -0.0000451040   0.0000144672   0.0021475021
       -0.0026028019  -0.0016664365   0.0000600815  -0.0001709902   0.0001128293
        0.0255398991   0.0040576623   0.0053949268  -0.0006205974   0.0007298798
        0.0006352904  -0.0251868714  -0.0826583197  -0.0118041113  -0.0083705950
        0.0011588333  -0.0047592780  -0.0283624424  -0.0066457476  -0.0061348678
        0.0009769011   0.0010727248  -0.0011835714  -0.0088004881  -0.0087403189
        0.0029482697  -0.0023716211  -0.0005132001   0.0000703026  -0.1030792120
        0.4144753075   0.0574977737  -0.0000941426   0.0021351909  -0.0001871141
        0.0022770793  -0.0007927466  -0.0004684878  -0.0000958011  -0.0001440926
       -0.0000561638  -0.0000749184   0.0000259867  -0.0000654302   0.0000491352
       -0.0000002391  -0.0000136591  -0.0002190903   0.0003273764   0.0003582974
        0.1457545043  -0.3214821465  -0.0403981857  -0.0000736312  -0.0002738789
       -0.0001508073   0.0000625603   0.0002152630  -0.0001043311   0.0000985107
        0.0001892258   0.0001166268
        0.0000841518  -0.0000169279  -0.0000935542  -0.0002007711   0.0002832373
       -0.0003747104  -0.0000838463  -0.0000796375   0.0001914905   0.0008088896
       -0.0009707718  -0.0001328988   0.0005655742  -0.0001090410   0.0002070392
        0.0074251367   0.0016329438   0.0044916243  -0.0004424578   0.0011551095
        0.0011899466  -0.0367379562  -0.0184048467  -0.0586325284  -0.0361428330
       -0.0079962487  -0.0092187413   0.0085354565   0.0031467331   0.0039826040
       -0.0004581561  -0.0012703452   0.0017072576   0.0029920766   0.0027036256
        0.0007728345   0.0007481886   0.0000390030   0.0007301171   0.0431428546
        0.0574977737   0.0623179454  -0.0004158732   0.0005244391   0.0003978498
        0.0005242607  -0.0000984739   0.0003311673  -0.0000411095  -0.0001128904
        0.0001878111  -0.0000007626   0.0000160163  -0.0000025033  -0.0000193955
       -0.0000454043   0.0000151009   0.0002954157   0.0003322823  -0.0000647726
        0.0091211758  -0.0378824296  -0.0079553244   0.0003329467  -0.0004900510
        0.0002011164  -0.0000394529   0.0000066192  -0.0001616075   0.0000064868
        0.0001392852  -0.0000872637
        0.0000917154  -0.0015577787   0.0010417396  -0.0079658368   0.0000667113
       -0.0005049927  -0.0000651611  -0.0001126632  -0.0000556768  -0.0140301226
       -0.0347759991   0.0175500051   0.0021918413   0.0009784567   0.0013124888
       -0.0506216370  -0.0356248474   0.0116706882   0.0020348872   0.0010976419
        0.0012851655   0.0028795178   0.0150677152  -0.0055931923  -0.0001318511
       -0.0002620536  -0.0004789965  -0.0020709448   0.0015962451   0.0005778850
       -0.0001049363   0.0000736314   0.0001589010   0.0013366766  -0.0001844452
       -0.0001709429   0.0002174077   0.0016296811  -0.0002378245   0.0022919061
       -0.0000941426  -0.0004158732   0.0648604880   0.0556118734  -0.0562021175
        0.0012887312  -0.0038244518  -0.0005830881  -0.0001578841  -0.0001082347
       -0.0001252667   0.0002808864  -0.0000142556  -0.0000102443  -0.0006540820
       -0.0004749780  -0.0001054038  -0.0001421404  -0.0000660427   0.0000405326
        0.0005135876   0.0001303850   0.0002894046  -0.0054949611  -0.0003022161
        0.0325905486   0.0033499315   0.0010875523  -0.0020878802   0.0001019803
        0.0000622155   0.0000541403
        0.0003129218  -0.0015236744   0.0012850538  -0.0066723842   0.0017800400
       -0.0019201630   0.0002283657  -0.0000191215   0.0001136204  -0.0152102450
       -0.0302890100   0.0115919819   0.0012630607   0.0005377874  -0.0002740569
       -0.0306605533  -0.1918873589   0.0360965063  -0.0003791751  -0.0045059254
        0.0092184223  -0.0046661987  -0.0476914792   0.0180051816  -0.0012059130
        0.0021076904   0.0005682357   0.0056789613   0.0011736914  -0.0051470832
       -0.0001871436   0.0000586938   0.0000163746  -0.0003460015  -0.0006197100
       -0.0002011678   0.0015982861  -0.0067269184   0.0000973655   0.0004831002
        0.0021351909   0.0005244391   0.0556118734   0.3210591573  -0.0223457484
       -0.0001385814   0.0025167022   0.0005085043  -0.0002871311  -0.0002134600
       -0.0004175169   0.0001339872  -0.0000233253  -0.0000046103  -0.0006367093
       -0.0004028265  -0.0000711147  -0.0001119053   0.0003572139   0.0003788829
       -0.0006562620   0.0007427322  -0.0001405115  -0.0044249517  -0.0493878564
       -0.0483768924   0.0001238209   0.0005985149   0.0003406841   0.0001487780
        0.0002232517   0.0001536124
       -0.0000865580   0.0005188314  -0.0001531826   0.0013885901  -0.0008492502
        0.0012486387  -0.0001825869  -0.0002686187   0.0000703710   0.0044669976
        0.0087821677   0.0016642934   0.0003341812  -0.0006433551   0.0010714139
        0.0151123704   0.0615940213  -0.0989958731   0.0073048648   0.0333530993
       -0.0249055095  -0.0009891032  -0.0004912734   0.0037289661  -0.0000580779
       -0.0008709827   0.0014630101   0.0000716245  -0.0016763427   0.0009759914
        0.0000641824  -0.0003813753   0.0001062719  -0.0000180508   0.0001924636
        0.0000213844  -0.0002260578   0.0005093324   0.0001040208  -0.0009156608
       -0.0001871141   0.0003978498  -0.0562021175  -0.0223457484   0.5235366067
        0.0009740894   0.0000340311   0.0003657962   0.0000731571   0.0000017026
        0.0000844850  -0.0000569345   0.0000299021  -0.0000422488   0.0001771640
        0.0000720150  -0.0000304097   0.0001039289  -0.0000536102   0.0000390886
        0.0000278705  -0.0002285797  -0.0000779412   0.0297997625  -0.0758769462
       -0.4102298873  -0.0011006013  -0.0012318881  -0.0004231561  -0.0000630347
        0.0000175184  -0.0000199798
       -0.0006487157  -0.0008578020  -0.0006130987   0.0019878394   0.0020960610
       -0.0016876271  -0.0001266884  -0.0008295987   0.0000600731  -0.1170927793
        0.0443299860   0.0580822196  -0.0000041991   0.0044037253   0.0105148136
       -0.0352252033   0.0312985164   0.0218395414   0.0034154490   0.0005377151
        0.0009184563  -0.0068077051  -0.0028501434  -0.0017264023   0.0001038712
        0.0000497425   0.0000466415   0.0000960967  -0.0017169893   0.0006461569
        0.0000734997  -0.0000950542   0.0000471141   0.0002539366  -0.0003518200
        0.0002023021  -0.0001175022   0.0006824395   0.0000316924  -0.0035618034
        0.0022770793   0.0005242607   0.0012887312  -0.0001385814   0.0009740894
        0.2309950033   0.0345589666  -0.1431033168   0.0004025388   0.0002876810
        0.0005510231   0.0001896473  -0.0003237968  -0.0002160092   0.0001916953
        0.0000214396   0.0000769640   0.0000269460  -0.0002284251  -0.0000445019
       -0.0006074480   0.0000826742   0.0000939823  -0.0001068071   0.0004084097
       -0.0005153278  -0.0748782412  -0.1132762417   0.0533275711   0.0001518383
       -0.0003659834  -0.0000306177
        0.0014932188   0.0002771775  -0.0005229573   0.0187974206  -0.0288825598
       -0.0163299277   0.0002530111   0.0020221877  -0.0005252372   0.0661039648
       -0.1300659952  -0.0548885276   0.0082823923  -0.0076170720  -0.0168965666
        0.0089425440  -0.0060392780  -0.0021919691  -0.0004743534  -0.0001359570
        0.0003800290   0.0003620270   0.0018650418   0.0010511381  -0.0004081797
       -0.0000941693   0.0001381075  -0.0013721003   0.0010383436  -0.0008776276
       -0.0000875955   0.0000316673   0.0000716214   0.0022356918  -0.0133930179
        0.0016725256   0.0003602631  -0.0003906330  -0.0000622195   0.0013969814
       -0.0007927466  -0.0000984739  -0.0038244518   0.0025167022   0.0000340311
        0.0345589666   0.5183492908  -0.0066784708  -0.0003723601  -0.0007727430
       -0.0001473818  -0.0005535824  -0.0002705195   0.0001054895   0.0003354520
        0.0001765731   0.0003335731  -0.0000860318   0.0002224005   0.0001963970
        0.0000230874   0.0001384944  -0.0000171815  -0.0001994445  -0.0000379597
        0.0003427316  -0.1357437395  -0.3385529323   0.0948390767  -0.0000231819
        0.0004077045   0.0000718200
        0.0000122015   0.0000599095   0.0000421173  -0.0032508671   0.0023637547
        0.0063059186  -0.0001771869  -0.0008201482   0.0015036927   0.0621595508
       -0.0421516725  -0.1028642546   0.0238482727  -0.0289385527  -0.0262865379
        0.0071205878  -0.0064838384   0.0003118648   0.0003206364   0.0004822235
        0.0008614188   0.0005314577   0.0009598943   0.0011114827  -0.0005194362
        0.0002976829   0.0004478078  -0.0002029604   0.0005412014  -0.0009186094
        0.0001014067  -0.0001220047   0.0002034233  -0.0001072885   0.0024965892
        0.0010183909   0.0000286295  -0.0001441122   0.0001366535   0.0011609056
       -0.0004684878   0.0003311673  -0.0005830881   0.0005085043   0.0003657962
       -0.1431033168  -0.0066784708   0.1595142074  -0.0007889924  -0.0008056170
        0.0005299346  -0.0000579417   0.0003737997  -0.0004284061   0.0000062365
       -0.0003589430  -0.0000592922  -0.0000257507   0.0001355992   0.0000729823
        0.0000831733   0.0000024121  -0.0001276732  -0.0004850713  -0.0001610284
        0.0004225541   0.0538014510   0.0784887694  -0.0425044352   0.0001273908
        0.0004225357   0.0000097965
       -0.0636229428   0.0159642456  -0.0191597896  -0.0093793864  -0.0059462710
       -0.0361664887  -0.0070065891  -0.0021717771  -0.0030355027   0.0006601645
        0.0010102256   0.0000956903   0.0001362712   0.0006539947  -0.0005954075
        0.0006032909   0.0007822766  -0.0001273538  -0.0000521901   0.0000513795
       -0.0000633989   0.0003276439  -0.0000679132  -0.0001220606   0.0001303193
        0.0000379982  -0.0001592844   0.0016127684  -0.0006673588   0.0002921866
        0.0000243967  -0.0000647722  -0.0001295063   0.0007344331  -0.0001412890
       -0.0019798529  -0.0002646413   0.0003633866   0.0000885551  -0.0004430315
       -0.0000958011  -0.0000411095  -0.0001578841  -0.0002871311   0.0000731571
        0.0004025388  -0.0003723601  -0.0007889924   0.2268733314  -0.2012526446
       -0.0089308385   0.0029466580   0.0022826938   0.0198221051   0.0032628452
        0.0011646214   0.0013189510   0.0002146396  -0.0002047749   0.0000052697
        0.0000776895   0.0000372711   0.0000100237   0.0001565035   0.0001612351
        0.0000015148  -0.0000594042   0.0002299805   0.0001767556  -0.1571774246
        0.1885327845   0.0494153767
        0.0110542608  -0.0657697271  -0.0186102812  -0.0046639843   0.0005987853
       -0.0119982169  -0.0023316945  -0.0001534317  -0.0009655405  -0.0004891307
        0.0005882305  -0.0005197621   0.0001642745   0.0003427453  -0.0004028770
        0.0004308387   0.0006374898  -0.0000990285  -0.0000172143  -0.0000675284
       -0.0000564354   0.0002730856   0.0000270313   0.0000344423   0.0000898227
       -0.0000540371  -0.0001304255   0.0002321377  -0.0001679921   0.0004574571
        0.0000302775  -0.0000929370  -0.0000933619   0.0010084004   0.0007272998
        0.0001614502  -0.0000697751   0.0001521266  -0.0001931168  -0.0003043365
       -0.0001440926  -0.0001128904  -0.0001082347  -0.0002134600   0.0000017026
        0.0002876810  -0.0007727430  -0.0008056170  -0.2012526446   0.3086348095
        0.1073054670  -0.0014408452  -0.0037878365  -0.0278304441   0.0032007447
        0.0051506735   0.0260548947   0.0000752226  -0.0001197604   0.0002004379
        0.0000345886   0.0000805047   0.0000469486   0.0001308533   0.0001311378
        0.0000085046  -0.0001408909   0.0001227474   0.0001853364   0.1938065627
       -0.2458500356  -0.0726386441
       -0.0380105823  -0.0014561691  -0.2217454867  -0.0192126260  -0.0095158811
       -0.0299673555  -0.0051419298  -0.0015437860  -0.0012647221   0.0002510113
        0.0020632119  -0.0015022585   0.0000784394  -0.0003796086   0.0007457790
        0.0004627976   0.0003511313   0.0004209704   0.0003180519   0.0002586128
        0.0000618025   0.0003199273   0.0000310849  -0.0003591958  -0.0001579746
       -0.0000573495   0.0000935511   0.0010369715   0.0001549577  -0.0001986365
        0.0002779202  -0.0001188597   0.0000754796   0.0017612773   0.0001589881
        0.0020202301  -0.0002260304  -0.0001005771   0.0000497799  -0.0000474532
       -0.0000561638   0.0001878111  -0.0001252667  -0.0004175169   0.0000844850
        0.0005510231  -0.0001473818   0.0005299346  -0.0089308385   0.1073054670
        0.3829950712   0.0017989323  -0.0077998312  -0.0223026590  -0.0032881802
        0.0067615783  -0.0442614724   0.0000642465   0.0001315716   0.0001686388
        0.0000171599   0.0000713768  -0.0000447738  -0.0000910535   0.0000670284
        0.0002089674  -0.0003399621  -0.0002339634   0.0000338691   0.0686341392
       -0.0955279208  -0.0660298093
       -0.1342575346   0.1067179293   0.0437023004  -0.0214758067   0.0190152863
        0.0072447120   0.0000309737   0.0002642113  -0.0000567026   0.0000552126
        0.0011450444   0.0005395762  -0.0000877221   0.0000361813   0.0000954528
        0.0000495947   0.0001751963   0.0000435854   0.0000227513   0.0000591661
        0.0000049899   0.0000151261   0.0000397149  -0.0000826718   0.0000355701
        0.0000220155  -0.0000687465  -0.0005787235   0.0009380919   0.0007980208
        0.0000628952   0.0000440089   0.0000419738  -0.0073743663  -0.0015386423
       -0.0016270601  -0.0008219577   0.0001388736   0.0000505923   0.0000446063
       -0.0000749184  -0.0000007626   0.0002808864   0.0001339872  -0.0000569345
        0.0001896473  -0.0005535824  -0.0000579417   0.0029466580  -0.0014408452
        0.0017989323   0.1556885923  -0.1228031187  -0.0500892930   0.0037255188
       -0.0025288365  -0.0013269435   0.0000694972  -0.0000203990  -0.0000649551
        0.0000418112   0.0000063708  -0.0000034631  -0.0000575611   0.0000103565
       -0.0000006479   0.0002561512   0.0002937123  -0.0002924320   0.0011381795
       -0.0000798041  -0.0005915815
        0.1084045897  -0.1680921163  -0.0484510170  -0.0021235393   0.0036102522
        0.0015804063   0.0000023110   0.0000997091   0.0001861123  -0.0007723198
        0.0003956785  -0.0002029173   0.0000361493  -0.0000565167  -0.0000360074
        0.0001696402  -0.0000492418  -0.0000698479   0.0000001540   0.0000210516
        0.0000175240   0.0000681492   0.0000395678  -0.0000739006   0.0000030122
       -0.0000110103   0.0000094588  -0.0001128589   0.0001767813   0.0001459510
        0.0000556396  -0.0000073712   0.0000366834  -0.0023054995   0.0005337099
        0.0002069583  -0.0001897923   0.0001120748   0.0000261029   0.0000642596
        0.0000259867   0.0000160163  -0.0000142556  -0.0000233253   0.0000299021
       -0.0003237968  -0.0002705195   0.0003737997   0.0022826938  -0.0037878365
       -0.0077998312  -0.1228031187   0.1901187093   0.0603761802   0.0177636302
       -0.0240152435  -0.0051163142  -0.0000592182   0.0000084883   0.0000223354
       -0.0000136921  -0.0000150710  -0.0000048615  -0.0000192774  -0.0000107904
        0.0000003446  -0.0001087987  -0.0001699309  -0.0000650324  -0.0000040613
        0.0013669639  -0.0012080455
        0.0399886133  -0.0432221561  -0.0571974096  -0.0009541533   0.0022499675
        0.0019246050  -0.0004803233   0.0002721920  -0.0000216055   0.0005205921
        0.0000333998   0.0003391500   0.0002102047  -0.0000739673  -0.0003340325
       -0.0000322361  -0.0000171107  -0.0000734015  -0.0000584016  -0.0000037896
       -0.0000217061  -0.0000060599   0.0000153826   0.0000092012  -0.0000209256
       -0.0000302650  -0.0000352883  -0.0000840115   0.0001542647   0.0001892205
        0.0000100236   0.0000021190  -0.0000068820  -0.0012670399  -0.0005320498
        0.0001787306  -0.0002100985   0.0000195002  -0.0000399011  -0.0000429930
       -0.0000654302  -0.0000025033  -0.0000102443  -0.0000046103  -0.0000422488
       -0.0002160092   0.0001054895  -0.0004284061   0.0198221051  -0.0278304441
       -0.0223026590  -0.0500892930   0.0603761802   0.0796315942  -0.0071907161
        0.0096713601   0.0042439343   0.0000257102   0.0000051545   0.0000115735
        0.0000049014   0.0000200081   0.0000054757   0.0000178993   0.0000138079
        0.0000150828   0.0000352464  -0.0000239249   0.0001610111   0.0000272092
       -0.0011350781  -0.0062035350
       -0.0503446474  -0.0339216599   0.0204347406  -0.0117298016  -0.0283083368
        0.0108246492   0.0005224483  -0.0002135408   0.0003726775  -0.0060787749
       -0.0010780240  -0.0013357267  -0.0000327013   0.0002629622  -0.0001060748
        0.0002447938  -0.0008490447   0.0006302213   0.0000545946   0.0000365458
        0.0000379285   0.0001646040  -0.0000236410  -0.0001562443   0.0000427303
        0.0000027797  -0.0000490527  -0.0000774882  -0.0002569854   0.0001798769
        0.0000943066  -0.0000550718   0.0000603001   0.0018311760   0.0002850632
       -0.0004954647   0.0001628163   0.0000651365  -0.0000586537   0.0000774386
        0.0000491352  -0.0000193955  -0.0006540820  -0.0006367093   0.0001771640
        0.0001916953   0.0003354520   0.0000062365   0.0032628452   0.0032007447
       -0.0032881802   0.0037255188   0.0177636302  -0.0071907161   0.0578890191
        0.0441663590  -0.0206011839  -0.0000630549  -0.0000456564   0.0000475899
       -0.0000207938   0.0000296377   0.0000174187   0.0000205429   0.0000313746
       -0.0000296126   0.0000996990   0.0000971300  -0.0000264478   0.0006171151
       -0.0009372808   0.0005679497
       -0.0361077713  -0.2081941053   0.0841123436  -0.0058278228  -0.0118497129
        0.0041538299   0.0000020249  -0.0001451421  -0.0001685505  -0.0029786927
       -0.0001715417  -0.0006292118   0.0001829919   0.0003022117  -0.0003875889
        0.0002963087  -0.0003157879   0.0002769498  -0.0000144121  -0.0000174434
       -0.0000116521   0.0001778712   0.0000177985  -0.0000648298   0.0000361697
       -0.0000145093  -0.0000502542   0.0003091449  -0.0001161405   0.0002716562
        0.0000383842  -0.0000328783  -0.0000012967   0.0005186689   0.0006231533
       -0.0002758893   0.0000766079   0.0000498411  -0.0000606930  -0.0000877835
       -0.0000002391  -0.0000454043  -0.0004749780  -0.0004028265   0.0000720150
        0.0000214396   0.0001765731  -0.0003589430   0.0011646214   0.0051506735
        0.0067615783  -0.0025288365  -0.0240152435   0.0096713601   0.0441663590
        0.2364347309  -0.1019234949   0.0000262570  -0.0000276371   0.0000291910
       -0.0000004249   0.0000321489   0.0000267358   0.0000889769   0.0000681289
       -0.0000451466  -0.0000485232   0.0001316487   0.0001976160   0.0009634189
        0.0023162991  -0.0015503205
        0.0224004722   0.0829632865  -0.0782206935  -0.0003532431  -0.0014997294
        0.0026183259  -0.0003848446  -0.0005671631   0.0002694847  -0.0008384187
       -0.0001963627   0.0006524038  -0.0001271071  -0.0002217209  -0.0001224578
       -0.0000241231  -0.0001949531   0.0000418273   0.0000008219   0.0000146498
        0.0000138514  -0.0000367743  -0.0000278210   0.0000249766  -0.0000358471
       -0.0000025109  -0.0000188908  -0.0000933306  -0.0000193196  -0.0000990472
       -0.0000678253  -0.0000300218  -0.0000263968   0.0002671010  -0.0002305021
       -0.0001477893  -0.0000526124  -0.0000034796  -0.0000101050  -0.0000178813
       -0.0000136591   0.0000151009  -0.0001054038  -0.0000711147  -0.0000304097
        0.0000769640   0.0003335731  -0.0000592922   0.0013189510   0.0260548947
       -0.0442614724  -0.0013269435  -0.0051163142   0.0042439343  -0.0206011839
       -0.1019234949   0.1147876406   0.0000215349   0.0000144767   0.0000060912
       -0.0000077896  -0.0000038759   0.0000047612   0.0000015649   0.0000147923
        0.0000364340  -0.0000822686  -0.0001192587   0.0000624976   0.0000681872
        0.0008456285   0.0002192252
       -0.0001029316  -0.0000807590  -0.0000443666  -0.0005968148   0.0004143007
        0.0002774337  -0.0000862132  -0.0000173772  -0.0002033189   0.0000102158
       -0.0000887795  -0.0000743623   0.0000065838   0.0000630291   0.0000076944
        0.0001427096   0.0001250367   0.0000186918  -0.0000013082   0.0000220357
        0.0000479613   0.0002457177   0.0000143262  -0.0002231187   0.0003720509
       -0.0001332398   0.0001795517   0.0042996171   0.0059154519   0.0196946073
       -0.0010022184   0.0033922726   0.0022934172   0.0044482141  -0.0006902127
        0.0000578996  -0.0800659239  -0.0381535976  -0.1483201381   0.0000230908
       -0.0002190903   0.0002954157  -0.0001421404  -0.0001119053   0.0001039289
        0.0000269460  -0.0000860318  -0.0000257507   0.0002146396   0.0000752226
        0.0000642465   0.0000694972  -0.0000592182   0.0000257102  -0.0000630549
        0.0000262570   0.0000215349   0.0731557951   0.0296854308   0.1266152646
       -0.0002427538  -0.0001780355  -0.0008876048   0.0000690207  -0.0000449003
       -0.0000213686  -0.0000134525  -0.0000542001   0.0000112359  -0.0007672867
        0.0001839839   0.0000854352
        0.0000528041   0.0000873859  -0.0001003266  -0.0000877994   0.0001985778
       -0.0005123223  -0.0000043188   0.0000768932   0.0001958003   0.0001663281
        0.0000281382   0.0000781712   0.0000980614  -0.0000747229   0.0000327758
        0.0000282210  -0.0007869904  -0.0000338893  -0.0000023463   0.0000684382
        0.0001079695  -0.0004916378   0.0000376372  -0.0011556549   0.0001370223
       -0.0003329037   0.0004871214  -0.0086746988  -0.0136835002  -0.0275040392
        0.0019101262  -0.0014974032  -0.0002379367   0.0003729855   0.0006328354
        0.0016817371  -0.0227180780  -0.0607669212  -0.1020501274   0.0006011092
        0.0003273764   0.0003322823  -0.0000660427   0.0003572139  -0.0000536102
       -0.0002284251   0.0002224005   0.0001355992  -0.0002047749  -0.0001197604
        0.0001315716  -0.0000203990   0.0000084883   0.0000051545  -0.0000456564
       -0.0000276371   0.0000144767   0.0296854308   0.0753207701   0.1287852131
       -0.0006541774  -0.0001835101  -0.0003160604   0.0000699329  -0.0001643483
        0.0000546113   0.0000297146  -0.0000139168  -0.0000336456   0.0000466185
        0.0002854597  -0.0000448715
       -0.0001278745   0.0000449193  -0.0001543533  -0.0000373221  -0.0002212778
       -0.0002053206  -0.0002326780   0.0001578905   0.0002452355   0.0001026465
        0.0000323454   0.0000304910   0.0000128855   0.0000052157   0.0000428856
        0.0000845269  -0.0002393596  -0.0001638831  -0.0000538799   0.0001368551
        0.0001079684  -0.0014225540  -0.0000409526   0.0012628891  -0.0000235492
        0.0000353824   0.0001874427   0.0049510736  -0.0101346855  -0.0131198961
        0.0017667030  -0.0031945893  -0.0012106470  -0.0007900764   0.0003325229
        0.0000315250  -0.1311522110  -0.1165509498  -0.3139337553   0.0004824203
        0.0003582974  -0.0000647726   0.0000405326   0.0003788829   0.0000390886
       -0.0000445019   0.0001963970   0.0000729823   0.0000052697   0.0002004379
        0.0001686388  -0.0000649551   0.0000223354   0.0000115735   0.0000475899
        0.0000291910   0.0000060912   0.1266152646   0.1287852131   0.3265038425
        0.0000484226  -0.0002839335  -0.0000379778  -0.0000203233  -0.0000382093
       -0.0000764772  -0.0000238845   0.0000220684  -0.0000350895  -0.0001635253
       -0.0000339967   0.0002915182
        0.0000015626  -0.0000850453  -0.0000173499  -0.0002309406   0.0002694062
        0.0003284774  -0.0000648605  -0.0000252674  -0.0001156707  -0.0006878427
        0.0009743631   0.0003603861  -0.0000269941   0.0000086641   0.0000268998
       -0.0056975385  -0.0004658373  -0.0012782271   0.0000742872  -0.0001391331
       -0.0002486922  -0.0263426363   0.0258101726   0.0018195204  -0.0001775798
        0.0005359740   0.0002259558  -0.0015879459   0.0003671449   0.0013083843
       -0.0003057510  -0.0000334447   0.0003617330   0.0013228527   0.0007221756
       -0.0002110396   0.0009514288   0.0005455312  -0.0010088179  -0.1248557721
        0.1457545043   0.0091211758   0.0005135876  -0.0006562620   0.0000278705
       -0.0006074480   0.0000230874   0.0000831733   0.0000776895   0.0000345886
        0.0000171599   0.0000418112  -0.0000136921   0.0000049014  -0.0000207938
       -0.0000004249  -0.0000077896  -0.0002427538  -0.0006541774   0.0000484226
        0.1579187926  -0.1730118430  -0.0109257652  -0.0000240109   0.0001586254
        0.0000986686   0.0000210685  -0.0000875173   0.0000064991  -0.0000502127
       -0.0000315928  -0.0000258759
       -0.0000153366   0.0000068175  -0.0000724992   0.0001128025  -0.0001452324
       -0.0001589494   0.0000210028   0.0000253015   0.0000056338  -0.0000321503
        0.0000228549   0.0001800675   0.0001113120   0.0000426044  -0.0000354095
       -0.0004454928  -0.0011529076  -0.0000984195  -0.0000313232   0.0000733822
        0.0004576838   0.0005187307   0.0097297381   0.0031004279   0.0000131130
        0.0004576368  -0.0003530960  -0.0016547062   0.0005492943   0.0006450566
       -0.0001438095   0.0001605974  -0.0000770434   0.0001349495   0.0000498649
        0.0000413586   0.0020853312   0.0037135477  -0.0001404553   0.1724735803
       -0.3214821465  -0.0378824296   0.0001303850   0.0007427322  -0.0002285797
        0.0000826742   0.0001384944   0.0000024121   0.0000372711   0.0000805047
        0.0000713768   0.0000063708  -0.0000150710   0.0000200081   0.0000296377
        0.0000321489  -0.0000038759  -0.0001780355  -0.0001835101  -0.0002839335
       -0.1730118430   0.3071377810   0.0350555110  -0.0001020529   0.0001081951
       -0.0002624733  -0.0001422129  -0.0000230002   0.0000508557  -0.0000001978
       -0.0000696281  -0.0000332276
       -0.0000313031   0.0000123848  -0.0000199271   0.0001614326  -0.0002554684
        0.0000047893   0.0000565517   0.0000317482  -0.0000215119   0.0000836751
       -0.0000574549   0.0002080545  -0.0000207072   0.0000328042  -0.0000263702
        0.0007089035  -0.0006212445   0.0002725218   0.0001433966  -0.0001780484
       -0.0000461000  -0.0033870517   0.0069483875  -0.0016902831  -0.0015443128
        0.0004616956   0.0003647173   0.0005942549  -0.0008306058   0.0018709566
        0.0006079447   0.0000021462  -0.0003826986  -0.0006187811   0.0001212923
       -0.0004472014   0.0005058854  -0.0000545325  -0.0011677058   0.0143997737
       -0.0403981857  -0.0079553244   0.0002894046  -0.0001405115  -0.0000779412
        0.0000939823  -0.0000171815  -0.0001276732   0.0000100237   0.0000469486
       -0.0000447738  -0.0000034631  -0.0000048615   0.0000054757   0.0000174187
        0.0000267358   0.0000047612  -0.0008876048  -0.0003160604  -0.0000379778
       -0.0109257652   0.0350555110   0.0094937468  -0.0002304095   0.0001595621
       -0.0002369419  -0.0000269096   0.0000130306   0.0000324196   0.0000036608
       -0.0000380919   0.0000249875
       -0.0001655483  -0.0001370354   0.0000523404  -0.0000208808  -0.0003430018
       -0.0000023658  -0.0000276265   0.0000417037  -0.0000756816   0.0008149308
        0.0000163546   0.0017139343  -0.0002856117  -0.0004968844  -0.0003170350
       -0.0040393086   0.0021258558   0.0068503927   0.0010741181   0.0004339808
       -0.0013041110   0.0012918090  -0.0008362356  -0.0016742846   0.0005377348
       -0.0001292532  -0.0000750162   0.0002802061   0.0002076695   0.0000635114
       -0.0000041862  -0.0000345346   0.0000114724  -0.0002873131   0.0001016975
       -0.0000771892  -0.0001558258  -0.0001183627   0.0000970084  -0.0002909161
       -0.0000736312   0.0003329467  -0.0054949611  -0.0044249517   0.0297997625
       -0.0001068071  -0.0001994445  -0.0004850713   0.0001565035   0.0001308533
       -0.0000910535  -0.0000575611  -0.0000192774   0.0000178993   0.0000205429
        0.0000889769   0.0000015649   0.0000690207   0.0000699329  -0.0000203233
       -0.0000240109  -0.0001020529  -0.0002304095   0.0069124472   0.0033184340
       -0.0353672106  -0.0001350106   0.0004164561   0.0007686386  -0.0000617451
       -0.0000372497   0.0000102802
       -0.0001565183  -0.0000670475  -0.0000838775  -0.0000800746  -0.0002611783
        0.0002363845  -0.0000304046   0.0000254705  -0.0000653733  -0.0001614031
        0.0003258318   0.0004509292  -0.0003299970   0.0000530208  -0.0000760846
       -0.0011234813   0.0014336321   0.0335620553  -0.0012711700  -0.0036550504
        0.0033665305   0.0003104611   0.0020143687   0.0018678073  -0.0001482230
       -0.0003891987  -0.0006912755  -0.0001259437  -0.0009488227   0.0003464150
        0.0000075945   0.0000902223  -0.0000978356   0.0001222243   0.0003678185
       -0.0001416020  -0.0001014935   0.0005553503   0.0000299775  -0.0002722944
       -0.0002738789  -0.0004900510  -0.0003022161  -0.0493878564  -0.0758769462
        0.0004084097  -0.0000379597  -0.0001610284   0.0001612351   0.0001311378
        0.0000670284   0.0000103565  -0.0000107904   0.0000138079   0.0000313746
        0.0000681289   0.0000147923  -0.0000449003  -0.0001643483  -0.0000382093
        0.0001586254   0.0001081951   0.0001595621   0.0033184340   0.0500048913
        0.0380574518  -0.0003396031   0.0001254443  -0.0004399911  -0.0000409924
       -0.0001073813  -0.0000104673
        0.0000389941  -0.0000395684  -0.0001556933  -0.0001766216   0.0001587683
       -0.0001472504  -0.0000458036  -0.0001560738   0.0002210449   0.0007712699
       -0.0007989787   0.0004349116   0.0003936423   0.0002663927   0.0002251427
        0.0011965883   0.0073140594  -0.0190360628   0.0009886718   0.0034129010
       -0.0014955850   0.0002176982  -0.0002272150   0.0021612928  -0.0003209143
        0.0008390855   0.0004137500   0.0002914372   0.0001346698  -0.0002423891
        0.0000016520  -0.0002043751   0.0001495252  -0.0000702290  -0.0000308240
        0.0001156349   0.0000603409  -0.0003347534   0.0001675943  -0.0002569666
       -0.0001508073   0.0002011164   0.0325905486  -0.0483768924  -0.4102298873
       -0.0005153278   0.0003427316   0.0004225541   0.0000015148   0.0000085046
        0.0002089674  -0.0000006479   0.0000003446   0.0000150828  -0.0000296126
       -0.0000451466   0.0000364340  -0.0000213686   0.0000546113  -0.0000764772
        0.0000986686  -0.0002624733  -0.0002369419  -0.0353672106   0.0380574518
        0.4274105733   0.0001130693   0.0000226442  -0.0005257789   0.0000406065
        0.0000149429  -0.0000375587
       -0.0001889514   0.0000036718   0.0001669938  -0.0013604296   0.0014495950
        0.0018319272  -0.0000654403   0.0001164722  -0.0003013883   0.0055209010
        0.0203437222  -0.0062922754   0.0007291541  -0.0002139216   0.0001524134
       -0.0000185840   0.0017565517  -0.0005048416  -0.0004522831   0.0004776204
       -0.0002839881  -0.0000219624  -0.0002153973   0.0002723715   0.0000652360
        0.0000364248  -0.0000692762  -0.0000389841   0.0002889959  -0.0000132871
        0.0000064987   0.0000498115  -0.0000152151  -0.0001359327   0.0016036255
       -0.0001167403   0.0000925047  -0.0002622658  -0.0000344816   0.0002098859
        0.0000625603  -0.0000394529   0.0033499315   0.0001238209  -0.0011006013
       -0.0748782412  -0.1357437395   0.0538014510  -0.0000594042  -0.0001408909
       -0.0003399621   0.0002561512  -0.0001087987   0.0000352464   0.0000996990
       -0.0000485232  -0.0000822686  -0.0000134525   0.0000297146  -0.0000238845
        0.0000210685  -0.0001422129  -0.0000269096  -0.0001350106  -0.0003396031
        0.0001130693   0.0670425916   0.1107605830  -0.0471447509  -0.0000249462
        0.0001121832   0.0000158510
       -0.0003243001   0.0000812921   0.0003936949   0.0018240325  -0.0034384870
       -0.0017087750  -0.0000649015   0.0002285624  -0.0006277990  -0.0004334341
       -0.0268865392  -0.0000506440  -0.0001049645  -0.0002135464   0.0002467194
       -0.0007137733   0.0000970692   0.0007546074   0.0003532163   0.0000334513
        0.0002641874   0.0000465526  -0.0002892141  -0.0001775489   0.0000180344
        0.0000691961   0.0000673491  -0.0001489209  -0.0004705240   0.0002969642
        0.0000446332  -0.0000119216  -0.0000702514   0.0002643403  -0.0013092523
       -0.0000146011   0.0000311184   0.0002349760  -0.0000300549  -0.0001903828
        0.0002152630   0.0000066192   0.0010875523   0.0005985149  -0.0012318881
       -0.1132762417  -0.3385529323   0.0784887694   0.0002299805   0.0001227474
       -0.0002339634   0.0002937123  -0.0001699309  -0.0000239249   0.0000971300
        0.0001316487  -0.0001192587  -0.0000542001  -0.0000139168   0.0000220684
       -0.0000875173  -0.0000230002   0.0000130306   0.0004164561   0.0001254443
        0.0000226442   0.1107605830   0.3694231312  -0.0763319876  -0.0000687057
        0.0000179683   0.0000440430
        0.0000721271  -0.0001635491  -0.0002213020   0.0009893429   0.0000364407
       -0.0006926702   0.0000305424   0.0001929037   0.0000949368  -0.0067950422
       -0.0169201026   0.0029082208   0.0002177481  -0.0015927120   0.0003454687
        0.0013763491  -0.0001618207   0.0011817159  -0.0004596643   0.0004040435
       -0.0000988002  -0.0001006544   0.0001590711   0.0000528652   0.0000447119
       -0.0000678004  -0.0000796898   0.0002291412   0.0000606614   0.0000658987
       -0.0000514777   0.0000497621  -0.0000444224  -0.0000849511  -0.0006164772
        0.0000819971  -0.0000924711   0.0000285740   0.0000050886  -0.0000396677
       -0.0001043311  -0.0001616075  -0.0020878802   0.0003406841  -0.0004231561
        0.0533275711   0.0948390767  -0.0425044352   0.0001767556   0.0001853364
        0.0000338691  -0.0002924320  -0.0000650324   0.0001610111  -0.0000264478
        0.0001976160   0.0000624976   0.0000112359  -0.0000336456  -0.0000350895
        0.0000064991   0.0000508557   0.0000324196   0.0007686386  -0.0004399911
       -0.0005257789  -0.0471447509  -0.0763319876   0.0397858157  -0.0000752236
       -0.0000475757  -0.0000248531
        0.0025390010  -0.0063958916   0.0018001360   0.0012085499  -0.0007583555
       -0.0008003207   0.0000590463   0.0000870174   0.0002020786  -0.0003468236
        0.0000226526  -0.0001696999   0.0000037525  -0.0002142272   0.0001757977
       -0.0001331500  -0.0002258189   0.0000149263   0.0000329584  -0.0000093160
        0.0000221114  -0.0000711188   0.0000488846   0.0000959641  -0.0002336989
       -0.0001764946  -0.0000175164  -0.0008393797   0.0000575275  -0.0003567936
        0.0000354078   0.0000530765   0.0001838720   0.0015281979   0.0002940460
        0.0015823833   0.0004842499  -0.0002019764  -0.0000728403   0.0002561852
        0.0000985107   0.0000064868   0.0001019803   0.0001487780  -0.0000630347
        0.0001518383  -0.0000231819   0.0001273908  -0.1571774246   0.1938065627
        0.0686341392   0.0011381795  -0.0000040613   0.0000272092   0.0006171151
        0.0009634189   0.0000681872  -0.0007672867   0.0000466185  -0.0001635253
       -0.0000502127  -0.0000001978   0.0000036608  -0.0000617451  -0.0000409924
        0.0000406065  -0.0000249462  -0.0000687057  -0.0000752236   0.1515493240
       -0.1875078740  -0.0712659954
       -0.0007868706  -0.0040493445  -0.0070073495   0.0014618979  -0.0003712685
       -0.0008371944   0.0002104463   0.0001235586   0.0002775468   0.0003949553
       -0.0004258401  -0.0002077243  -0.0001204511  -0.0007706616  -0.0000108183
       -0.0001497608  -0.0002803483  -0.0000771092   0.0000014336   0.0000335823
        0.0000583315  -0.0001367249  -0.0000116119  -0.0001003755  -0.0002087430
        0.0000007155   0.0001237551  -0.0002353061   0.0003015753  -0.0003301054
        0.0000912554   0.0000452382   0.0001348215  -0.0006954675  -0.0003129041
        0.0008252369  -0.0000134921  -0.0000840861   0.0001867298   0.0002554453
        0.0001892258   0.0001392852   0.0000622155   0.0002232517   0.0000175184
       -0.0003659834   0.0004077045   0.0004225357   0.1885327845  -0.2458500356
       -0.0955279208  -0.0000798041   0.0013669639  -0.0011350781  -0.0009372808
        0.0023162991   0.0008456285   0.0001839839   0.0002854597  -0.0000339967
       -0.0000315928  -0.0000696281  -0.0000380919  -0.0000372497  -0.0001073813
        0.0000149429   0.0001121832   0.0000179683  -0.0000475757  -0.1875078740
        0.2470215672   0.1023070074
        0.0206340577  -0.0273092213  -0.0202519669   0.0004514607  -0.0006727814
        0.0000007104   0.0002779210   0.0000798390   0.0003036023   0.0002599387
       -0.0001077646   0.0000888985  -0.0000359649   0.0000697158   0.0001831107
       -0.0001220372  -0.0001328045  -0.0000133160  -0.0000024005  -0.0000464298
       -0.0000013496   0.0000756760   0.0000820956   0.0001168279   0.0000851006
        0.0000628315   0.0000684500  -0.0004453607   0.0001536897   0.0002526494
        0.0001281750   0.0000456305   0.0000919373   0.0000240768   0.0005217217
       -0.0001416113   0.0003037368   0.0000459448  -0.0000876811   0.0001306573
        0.0001166268  -0.0000872637   0.0000541403   0.0001536124  -0.0000199798
       -0.0000306177   0.0000718200   0.0000097965   0.0494153767  -0.0726386441
       -0.0660298093  -0.0005915815  -0.0012080455  -0.0062035350   0.0005679497
       -0.0015503205   0.0002192252   0.0000854352  -0.0000448715   0.0002915182
       -0.0000258759  -0.0000332276   0.0000249875   0.0000102802  -0.0000104673
       -0.0000375587   0.0000158510   0.0000440430  -0.0000248531  -0.0712659954
        0.1023070074   0.0912472107
