           1           2  0.978131526870224     
           2           3  0.957489762372443     
           2           4  0.967088155109363     
           4           5  0.959050286229134     
           4           6  0.966115097924841     
           6           7  0.954097216302232     
           6           8  0.970939739128779     
           8           9  0.955561676441373     
           8          10  0.949187041298220     
          10          11  0.951183762968408     
           2          12  0.951278682214052     
          10          12  0.965815339611128     
          10          13   1.00301933247749     
           8          14   1.00651052067277     
           6          15   1.00313846666816     
           4          16  0.997060746915244     
           1          17   1.00606040483104     
           1          18  0.965181422287493     
           1          19  0.968741159840538     
          13          20  0.835863759578055     
          14          21  0.852822619613746     
          15          22  0.841511599407302     
          16          23  0.850736616088270     
          17          24  0.855827034999788     
