           1           2  0.935507951621865     
           2           3   1.16319243477598     
           2           4  0.171314667082602     
           3           4   1.69316200876221     
           3           5  0.965592532326162     
           5           6  0.990174000961295     
           6           7   1.00353842114630     
           7           8   1.00498363264454     
           8           9   1.01038643719561     
           5          10  0.960886531262424     
           9          10   1.00145169212785     
           1          11  0.974832262078517     
           1          12  0.973161836760836     
           1          13  0.976676145376834     
           5          14  0.962203458350320     
           6          15  0.976997262035600     
           6          16  0.978201939266879     
           7          17  0.979727982148518     
           7          18  0.980667837582464     
           8          19  0.978169597481731     
           8          20  0.978731209751935     
           9          21  0.978512548864848     
           9          22  0.975948859433935     
          10          23  0.978516531452748     
          10          24  0.980060670648718     
