           1           2  0.975896738613186     
           2           3  0.957164418546761     
           2           4  0.958097095265335     
           4           5  0.956500399580862     
           4           6  0.970266041885390     
           6           7  0.953962186062340     
           6           8  0.968918510534264     
           8           9  0.956118468412900     
           8          10  0.946070399864473     
          10          11  0.948203107872657     
           2          12  0.959298931459059     
          10          12  0.959176688667628     
          10          13   1.02006181672299     
           8          14  0.999064737488139     
           6          15   1.00144192362714     
           4          16   1.00674650249334     
           1          17   1.01309982775296     
           1          18  0.966907779744022     
           1          19  0.967165901470983     
          13          20  0.830664477615794     
          14          21  0.844731166796867     
          15          22  0.846073756655115     
          16          23  0.854381736747073     
          17          24  0.855290056485180     
