           1           2   1.02313725214174     
           2           3   1.88542069730829     
           3           4   1.02229101518479     
           4           5   1.00690038521333     
           5           6   1.00905314550142     
           2           7   1.00922277279753     
           6           7   1.00694457163311     
           1           8  0.973634289161353     
           1           9  0.985112979416058     
           1          10  0.972077145004403     
           3          11  0.965972167915623     
           4          12  0.968568867750970     
           4          13  0.960222390089832     
           5          14  0.978482238854695     
           5          15  0.978445624773256     
           6          16  0.978108359948853     
           6          17  0.978399634131202     
           7          18  0.960885234167631     
           7          19  0.968429001497114     
