           1           2  0.977654487031680     
           2           3  0.957093820506538     
           2           4  0.964425001067088     
           4           5  0.957876985253924     
           4           6  0.966740654577520     
           6           7  0.956611397913012     
           6           8  0.963113249287586     
           8           9  0.958876204455182     
           8          10  0.958279176797025     
          10          11  0.950078092857191     
           2          12  0.950765402947470     
          10          12  0.970254130232988     
          10          13  0.995513672335072     
           8          14   1.00187441773674     
           6          15   1.00624565026885     
           4          16  0.997741094262227     
           1          17   1.00841898041934     
           1          18  0.967784661301313     
           1          19  0.967165411130800     
          13          20  0.831910064126881     
          14          21  0.841849458911590     
          15          22  0.851946540572960     
          16          23  0.852592393025836     
          17          24  0.858870867600646     
