           1           2   1.02343058131677     
           2           3   1.43362422968879     
           3           4   1.42688287450547     
           4           5   1.42688286087233     
           5           6   1.43362423811831     
           2           7   1.32474313402452     
           6           7   1.32474311964983     
           7           8   1.16311230740028     
           6           9   1.02343057789563     
           1          10  0.984573727154258     
           1          11  0.970137571171581     
           1          12  0.973417073895990     
           3          13  0.969196827466319     
           4          14  0.972018502409278     
           5          15  0.969196822754708     
           8          16  0.940802439807548     
           8          17  0.940802432383565     
           9          18  0.984573723137281     
           9          19  0.973417090018130     
           9          20  0.970137554655064     
