           1           2   1.49558953052562     
           2           3   1.33700066744645     
           3           4   1.32720562944469     
           4           5   1.50563602305712     
           1           6   1.33923534989760     
           5           6   1.33444910438802     
           6           7   1.11318163897055     
           7           8   1.77908309550847     
           3           9   1.12769667757649     
           1          10  0.965778365735005     
           2          11  0.962667757505133     
           4          12  0.964814859137913     
           5          13  0.965206085348757     
           7          14  0.933840063386989     
           9          15  0.826221930709797     
