           1           2  0.978914140170636     
           2           3  0.952753885475345     
           2           4  0.969187355508499     
           4           5  0.957251678319183     
           4           6  0.972359298585198     
           6           7  0.961381649712930     
           6           8  0.962411788035394     
           8           9  0.958686134200975     
           8          10  0.949262550639419     
          10          11  0.950576345107864     
           2          12  0.961958083633392     
          10          12  0.963477775276275     
          10          13   1.00500676577010     
           8          14   1.00829822680099     
           6          15  0.992135604183618     
           4          16  0.992200366628896     
           1          17  0.998369175346998     
           1          18  0.969281589115112     
           1          19  0.964180496111482     
          13          20  0.832885602004752     
          14          21  0.841764869690346     
          15          22  0.838628592649205     
          16          23  0.844057832149769     
          17          24  0.844651260302861     
