           1           2   1.02086256581483     
           2           3  0.987436155284923     
           3           4   1.01042181312464     
           3           5   1.01102289040282     
           1           6  0.986473738642783     
           1           7  0.986507476237118     
           1           8  0.986514803212843     
           2           9  0.982539906506988     
           2          10  0.978413157629296     
           3          11  0.973817718747520     
           4          12  0.986192907192027     
           4          13  0.986702177657605     
           4          14  0.987016901306630     
           5          15  0.985822787942878     
           5          16  0.985043543443494     
           5          17  0.985409855365224     
