$hessian                                                                        
        0.4366900164  -0.0000001704  -0.0191656691  -0.2210357192   0.0000017982
        0.0080509656  -0.0624400435  -0.0610183811   0.0360181443  -0.0624378276
        0.0610197101   0.0360097047  -0.0540277198  -0.0000027512  -0.0514713061
       -0.0183746477  -0.0028629673  -0.0047207843  -0.0183740586   0.0028627616
       -0.0047210551
       -0.0000001704   0.5286142150  -0.0000025361  -0.0000001850  -0.0772964485
        0.0000011966  -0.0570649416  -0.2013620143   0.0906386854   0.0570661487
       -0.2013841722  -0.0906280053  -0.0000030711  -0.0462016952  -0.0000093795
       -0.0287455837  -0.0011847328  -0.0026185263   0.0287478032  -0.0011851522
        0.0026185652
       -0.0191656691  -0.0000025361   0.4783607491  -0.0280348496   0.0000015284
       -0.0542019850   0.0348164742   0.0907767622  -0.0977715789   0.0348084705
       -0.0907660417  -0.0977515694  -0.0572703409  -0.0000093508  -0.2257279743
        0.0174245588   0.0017950771  -0.0014537997   0.0174213561  -0.0017954390
       -0.0014538416
       -0.2210357192  -0.0000001850  -0.0280348496   0.4651932847  -0.0000047248
       -0.1114493726  -0.0216022055  -0.0065826595   0.0028557371  -0.0216015730
        0.0065832635   0.0028550792  -0.0380670071  -0.0000005591  -0.0181630945
       -0.0814449761  -0.0939492073   0.0759747354  -0.0814418038   0.0939540722
        0.0759617650
        0.0000017982  -0.0772964485   0.0000015284  -0.0000047248   0.6146013827
       -0.0000178027  -0.0293764556  -0.0017741230   0.0001002401   0.0293784388
       -0.0017748747  -0.0000999519  -0.0000014913   0.0031892582  -0.0000001092
       -0.0833966062  -0.2684558844   0.1572660830   0.0833990409  -0.2684893102
       -0.1572499876
        0.0080509656   0.0000011966  -0.0542019850  -0.1114493726  -0.0000178027
        0.2681904878   0.0147787464   0.0006002582   0.0012956626   0.0147755058
       -0.0006001518   0.0012956900  -0.0341039724   0.0000000966  -0.0018378189
        0.0539795788   0.1198213379  -0.1073860876   0.0539685484  -0.1198049348
       -0.1073559489
       -0.0624400435  -0.0570649416   0.0348164742  -0.0216022055  -0.0293764556
        0.0147787464   0.0848445717   0.0749799019  -0.0428591820   0.0034746646
        0.0072260162  -0.0042020672   0.0036459015   0.0059856989  -0.0036700125
       -0.0085387989  -0.0005030467   0.0006010355   0.0006159102  -0.0012471732
        0.0005350055
       -0.0610183811  -0.2013620143   0.0907767622  -0.0065826595  -0.0017741230
        0.0006002582   0.0749799019   0.2309287747  -0.1064934511  -0.0072270710
       -0.0277050808   0.0125084270   0.0001337042  -0.0026646237   0.0031875896
       -0.0008367501   0.0018939708   0.0000601958   0.0005512557   0.0006830963
       -0.0006397817
        0.0360181443   0.0906386854  -0.0977715789   0.0028557371   0.0001002401
        0.0012956626  -0.0428591820  -0.1064934511   0.1096702742  -0.0042015072
       -0.0125045356   0.0068435368   0.0076259151   0.0282794366  -0.0211358989
        0.0002202866  -0.0003036823   0.0010704619   0.0003406061   0.0002833069
        0.0000275423
       -0.0624378276   0.0570661487   0.0348084705  -0.0216015730   0.0293784388
        0.0147755058   0.0034746646  -0.0072270710  -0.0042015072   0.0848417452
       -0.0749818441  -0.0428488776   0.0036458232  -0.0059862635  -0.0036694304
        0.0006159833   0.0012472726   0.0005348629  -0.0085388156   0.0005033186
        0.0006009760
        0.0610197101  -0.2013841722  -0.0907660417   0.0065832635  -0.0017748747
       -0.0006001518   0.0072260162  -0.0277050808  -0.0125045356  -0.0749818441
        0.2309549628   0.1064809135  -0.0001330128  -0.0026679582  -0.0031895459
       -0.0005511305   0.0006831568   0.0006396466   0.0008369976   0.0018939662
       -0.0000602851
        0.0360097047  -0.0906280053  -0.0977515694   0.0028550792  -0.0000999519
        0.0012956900  -0.0042020672   0.0125084270   0.0068435368  -0.0428488776
        0.1064809135   0.1096468180   0.0076254286  -0.0282816268  -0.0211324694
        0.0003406199  -0.0002833721   0.0000275453   0.0002201123   0.0003036157
        0.0010704487
       -0.0540277198  -0.0000030711  -0.0572703409  -0.0380670071  -0.0000014913
       -0.0341039724   0.0036459015   0.0001337042   0.0076259151   0.0036458232
       -0.0001330128   0.0076254286   0.0822447384   0.0000038389   0.0759705267
        0.0012791740   0.0010348315   0.0000761291   0.0012790898  -0.0010347993
        0.0000763139
       -0.0000027512  -0.0462016952  -0.0000093508  -0.0000005591   0.0031892582
        0.0000000966   0.0059856989  -0.0026646237   0.0282794366  -0.0059862635
       -0.0026679582  -0.0282816268   0.0000038389   0.0479226048   0.0000112896
       -0.0004903877   0.0002111570  -0.0011409474   0.0004904237   0.0002112570
        0.0011411023
       -0.0514713061  -0.0000093795  -0.2257279743  -0.0181630945  -0.0000001092
       -0.0018378189  -0.0036700125   0.0031875896  -0.0211358989  -0.0036694304
       -0.0031895459  -0.0211324694   0.0759705267   0.0000112896   0.2658249060
        0.0005016485  -0.0001017148   0.0020047133   0.0005016684   0.0001018701
        0.0020045422
       -0.0183746477  -0.0287455837   0.0174245588  -0.0814449761  -0.0833966062
        0.0539795788  -0.0085387989  -0.0008367501   0.0002202866   0.0006159833
       -0.0005511305   0.0003406199   0.0012791740  -0.0004903877   0.0005016485
        0.1016212348   0.1045273955  -0.0680534855   0.0048420306   0.0094930628
       -0.0044132071
       -0.0028629673  -0.0011847328   0.0017950771  -0.0939492073  -0.2684558844
        0.1198213379  -0.0005030467   0.0018939708  -0.0003036823   0.0012472726
        0.0006831568  -0.0002833721   0.0010348315   0.0002111570  -0.0001017148
        0.1045273955   0.2969240299  -0.1375691422  -0.0094942783  -0.0300716973
        0.0166414964
       -0.0047207843  -0.0026185263  -0.0014537997   0.0759747354   0.1572660830
       -0.1073860876   0.0006010355   0.0000601958   0.0010704619   0.0005348629
        0.0006396466   0.0000275453   0.0000761291  -0.0011409474   0.0020047133
       -0.0680534855  -0.1375691422   0.0994174242  -0.0044124930  -0.0166373095
        0.0063197427
       -0.0183740586   0.0287478032   0.0174213561  -0.0814418038   0.0833990409
        0.0539685484   0.0006159102   0.0005512557   0.0003406061  -0.0085388156
        0.0008369976   0.0002201123   0.0012790898   0.0004904237   0.0005016684
        0.0048420306  -0.0094942783  -0.0044124930   0.1016176475  -0.1045312427
       -0.0680397983
        0.0028627616  -0.0011851522  -0.0017954390   0.0939540722  -0.2684893102
       -0.1198049348  -0.0012471732   0.0006830963   0.0002833069   0.0005033186
        0.0018939662   0.0003036157  -0.0010347993   0.0002112570   0.0001018701
        0.0094930628  -0.0300716973  -0.0166373095  -0.1045312427   0.2969578401
        0.1375488906
       -0.0047210551   0.0026185652  -0.0014538416   0.0759617650  -0.1572499876
       -0.1073559489   0.0005350055  -0.0006397817   0.0000275423   0.0006009760
       -0.0000602851   0.0010704487   0.0000763139   0.0011411023   0.0020045422
       -0.0044132071   0.0166414964   0.0063197427  -0.0680397983   0.1375488906
        0.0993875146
