$hessian                                                                        
        0.4878390362   0.0024349978  -0.0361208696  -0.1258138566   0.0049335374
       -0.0648226039  -0.0159017443   0.0071393448  -0.0122850122  -0.0010591317
        0.0005324000   0.0003297467   0.0000956203   0.0000982094   0.0006862160
       -0.0165695921  -0.0045981931  -0.0146609295  -0.1203773321   0.1090490396
        0.0220771709  -0.0892226715  -0.0066991761   0.0951106303  -0.1215139068
       -0.1117508371   0.0058835949   0.0065135507  -0.0004665266   0.0064184859
       -0.0019304233   0.0016887101  -0.0002503746   0.0006784603  -0.0012453550
       -0.0011375392  -0.0002432208  -0.0000467094   0.0000671110  -0.0001832714
       -0.0000266973  -0.0000712733  -0.0000947221   0.0000682783  -0.0001364741
       -0.0007099540  -0.0001492323  -0.0004949751  -0.0023492309  -0.0023319952
       -0.0003416398   0.0008423902   0.0013702048  -0.0002512643
        0.0024349978   0.5227444193   0.0032421506   0.0045766291  -0.0623777501
        0.0058343324   0.0175042739  -0.0067557514   0.0140867646   0.0005769767
       -0.0013182377   0.0004213688  -0.0001948963  -0.0001065531  -0.0001803567
       -0.0168676975  -0.0030977889  -0.0163025674   0.1088108532  -0.1983537342
       -0.0292752788  -0.0067215422  -0.0456328659   0.0138816291  -0.1114130208
       -0.2028885654   0.0062424892   0.0016346184   0.0012039031   0.0023588972
        0.0032012850  -0.0028763612   0.0004140616   0.0014034062   0.0010773689
        0.0014187874   0.0004071105   0.0002475062  -0.0001190136   0.0001037660
        0.0001631715   0.0000031413  -0.0001871903   0.0001115004   0.0000389354
       -0.0000147676  -0.0000322194  -0.0002445128  -0.0042273174  -0.0033612588
       -0.0008537147  -0.0010274848   0.0012532167  -0.0009671135
       -0.0361208696   0.0032421506   0.4901083188  -0.0623372543   0.0061316873
       -0.1372029496  -0.0015578684   0.0024274443   0.0015325201   0.0002081290
       -0.0000810072  -0.0005786121  -0.0003028080   0.0000658865  -0.0004187218
       -0.0050032337  -0.0036238187  -0.0014808419   0.0220073480  -0.0290666522
       -0.0492096908   0.0955149035   0.0137084512  -0.2358477692   0.0058548156
        0.0059487223  -0.0433196614  -0.0198871993   0.0021016135  -0.0272669875
       -0.0000251487  -0.0004782441   0.0007414902   0.0007883642  -0.0008473509
        0.0010176764   0.0000938891  -0.0000756874   0.0000600131   0.0001164279
       -0.0000290314   0.0000257719   0.0000966957   0.0000220504   0.0001179010
        0.0006581053   0.0002110373   0.0002157832  -0.0003913210  -0.0001372683
        0.0009862263   0.0002870247   0.0004800167   0.0005195333
       -0.1258138566   0.0045766291  -0.0623372543   0.5022801940   0.0078372146
       -0.0362070897  -0.1013818155   0.0529128954   0.0096119041  -0.0233964433
        0.0111193477   0.0088625665  -0.0234469540  -0.0113989581   0.0080061992
       -0.1057642820  -0.0574175894  -0.0001200768  -0.0156081560   0.0038983088
       -0.0138214305   0.0083072581  -0.0004042700   0.0063319612  -0.0159158755
       -0.0016790289  -0.0146835521  -0.0879026032  -0.0072475961   0.0931907425
       -0.0046762405   0.0068949287   0.0005283440   0.0050129502  -0.0049696449
       -0.0009109442  -0.0018364107  -0.0003445871   0.0006780311  -0.0033646540
       -0.0010667863   0.0006240450  -0.0032816464   0.0011813554   0.0032112897
        0.0003895688  -0.0001394080  -0.0002521126  -0.0110467166  -0.0129931164
       -0.0017445637   0.0074456832   0.0092403055  -0.0009680595
        0.0049335374  -0.0623777501   0.0061316873   0.0078372146   0.4301388958
       -0.0076797610   0.0493942912  -0.1302769623  -0.0122770798   0.0056875885
        0.0054000780  -0.0040148571  -0.0079702907  -0.0012720524   0.0058775626
       -0.0576018735  -0.1366905095   0.0015705759   0.0177980937  -0.0035514217
        0.0167694519   0.0015604098  -0.0000360581   0.0019649349  -0.0177779416
       -0.0007081178  -0.0173100454  -0.0069302947  -0.0417438807   0.0136597955
        0.0114282423  -0.0129661162  -0.0017352622   0.0120088960  -0.0177296758
       -0.0057023730  -0.0007701362  -0.0006084035  -0.0000580253   0.0001931894
       -0.0005978969   0.0005366648   0.0004320731  -0.0006165555   0.0005108095
       -0.0000995986   0.0003881602  -0.0000058552  -0.0055218454  -0.0048297857
       -0.0005109222  -0.0146015552  -0.0219219479   0.0022726988
       -0.0648226039   0.0058343324  -0.1372029496  -0.0362070897  -0.0076797610
        0.5257090143   0.0091692022  -0.0132253608  -0.0685641877   0.0103654501
       -0.0036508292  -0.0019740354   0.0185289308   0.0116715408  -0.0020701476
        0.0013451773   0.0034067413  -0.0657988059   0.0007231360   0.0006468703
        0.0017689046  -0.0182998757   0.0019666739  -0.0264442060  -0.0021446472
       -0.0011016501  -0.0011798741   0.0917868231   0.0138417656  -0.2181585119
       -0.0138114470   0.0194090440   0.0021049539   0.0106311741  -0.0165713655
       -0.0036094229   0.0004339148  -0.0003497935  -0.0003574973   0.0020076097
        0.0007218729  -0.0006781866   0.0034346478  -0.0007729009  -0.0023203909
        0.0000191570   0.0003176969  -0.0000481759  -0.0170625380  -0.0202422307
       -0.0012061197   0.0039029788   0.0057773536   0.0000296389
       -0.0159017443   0.0175042739  -0.0015578684  -0.1013818155   0.0493942912
        0.0091692022   0.4287018508   0.0296230818   0.0398950031  -0.1534261751
       -0.0364898591   0.0276280820  -0.0011436635  -0.0115919329   0.0031539170
        0.0063807057  -0.0032189139  -0.0002643513  -0.0027957677   0.0009840780
       -0.0032970607   0.0007086751  -0.0000955350   0.0007148540   0.0005741137
        0.0008436198   0.0005822331  -0.0087627856   0.0136072754   0.0034470221
       -0.0427253558   0.0145955143  -0.0279693431  -0.0749579463  -0.0573421646
       -0.0645109130  -0.0225270817  -0.0104178346   0.0057005472  -0.0113903581
       -0.0055434695   0.0051730923   0.0000430682  -0.0003084658   0.0012505799
        0.0000420588  -0.0000642085   0.0000403585  -0.0000458414  -0.0001850358
       -0.0000708915  -0.0013919372  -0.0012947148   0.0009155364
        0.0071393448  -0.0067557514   0.0024274443   0.0529128954  -0.1302769623
       -0.0132253608   0.0296230818   0.5035853033  -0.0072363056  -0.0409548096
       -0.0784987444   0.0135451436  -0.0183886304  -0.0197765793   0.0073455518
        0.0053806257  -0.0317011467  -0.0005380876   0.0007816572   0.0001550253
        0.0004397958  -0.0000995541   0.0003850051  -0.0005110236  -0.0011344486
        0.0005912211  -0.0002395897   0.0022405362  -0.0019249874   0.0000482465
        0.0147776562  -0.0999816060   0.1003188926  -0.0570353910  -0.1303155329
       -0.0995420300  -0.0028906981  -0.0002739045   0.0001253754   0.0096566435
        0.0046808064  -0.0038872491   0.0009367454  -0.0050796748   0.0011675139
       -0.0001627162  -0.0001835830   0.0000664975   0.0000547988  -0.0002138705
        0.0000079333  -0.0028377371  -0.0044150181  -0.0003127482
       -0.0122850122   0.0140867646   0.0015325201   0.0096119041  -0.0122770798
       -0.0685641877   0.0398950031  -0.0072363056   0.5254436221   0.0314592662
        0.0131080523  -0.0775758881   0.0082982503   0.0095044389  -0.0019956191
        0.0014726720  -0.0046109244   0.0016961751  -0.0038004864   0.0010906154
       -0.0022783386  -0.0002768407   0.0006896422   0.0008088124  -0.0000767850
        0.0003927206   0.0003271937   0.0147359885  -0.0187656167  -0.0048723663
       -0.0284434606   0.0990697236  -0.2169927313  -0.0640431400  -0.0983979350
       -0.1550808258  -0.0168277209  -0.0059038603   0.0052764400   0.0204220366
        0.0080342773  -0.0077541043   0.0001595732   0.0013887625  -0.0003347560
       -0.0001641714   0.0001208957   0.0001662177  -0.0001091891   0.0000980721
        0.0002012170  -0.0000278879  -0.0003922435  -0.0000033810
       -0.0010591317   0.0005769767   0.0002081290  -0.0233964433   0.0056875885
        0.0103654501  -0.1534261751  -0.0409548096   0.0314592662   0.4915476413
       -0.0412917201   0.0132788829  -0.0674070084   0.0236686217  -0.0090648585
       -0.0104804756   0.0169745085   0.0014747182  -0.0000968630   0.0000729102
       -0.0004191187   0.0000058462   0.0001196686  -0.0001194831   0.0001389021
        0.0001203543   0.0001083238  -0.0022567922   0.0019796048   0.0001503847
       -0.0019544738  -0.0012682204   0.0010545152  -0.0154457639  -0.0066297362
        0.0037643040  -0.1473982695   0.0104836151  -0.1156805357  -0.0675142688
        0.0394033387   0.0620048178   0.0040791996  -0.0224625403   0.0034712634
       -0.0029172587   0.0127616084  -0.0043620577   0.0004633731  -0.0000015264
       -0.0002775643  -0.0028820382   0.0007597574   0.0025835626
        0.0005324000  -0.0013182377  -0.0000810072   0.0111193477   0.0054000780
       -0.0036508292  -0.0364898591  -0.0784987444   0.0131080523  -0.0412917201
        0.4531084544   0.0410792219   0.0229452065  -0.1790673962   0.0272975398
        0.0149909527  -0.0205051170  -0.0052184354   0.0002170796  -0.0001132734
        0.0003036428  -0.0000059266   0.0001189922   0.0000410018   0.0001546148
        0.0000320323   0.0000490407   0.0009964868  -0.0019705352  -0.0006400316
       -0.0146398870  -0.0051319278   0.0063912256  -0.0162657434  -0.0059525794
        0.0048864789   0.0106480981  -0.0416162610   0.0069555829   0.0385230734
       -0.0970184131  -0.0951346716   0.0029419872  -0.0191794796   0.0034988855
        0.0036054444  -0.0071411076   0.0032427960  -0.0000056715   0.0003054316
        0.0002572383   0.0020241164  -0.0014519162  -0.0023857314
        0.0003297467   0.0004213688  -0.0005786121   0.0088625665  -0.0040148571
       -0.0019740354   0.0276280820   0.0135451436  -0.0775758881   0.0132788829
        0.0410792219   0.5276151791  -0.0087514690   0.0268059432  -0.0725902957
        0.0084259252  -0.0157777722   0.0028154241   0.0000902583   0.0001162540
        0.0000443042  -0.0002346267   0.0001026194   0.0000135748   0.0000559066
        0.0000107767   0.0000707452   0.0013743510  -0.0013575050  -0.0000312038
        0.0221975515   0.0106735547  -0.0092132713  -0.0153026869  -0.0081046376
        0.0057138469  -0.1151223147   0.0068839602  -0.1701515787   0.0604834910
       -0.0943254556  -0.1964227536   0.0000734147  -0.0012795906   0.0007471956
       -0.0068982028   0.0269394423  -0.0072992439   0.0003078200  -0.0004575936
        0.0004866589   0.0032013037  -0.0012608731  -0.0016700460
        0.0000956203  -0.0001948963  -0.0003028080  -0.0234469540  -0.0079702907
        0.0185289308  -0.0011436635  -0.0183886304   0.0082982503  -0.0674070084
        0.0229452065  -0.0087514690   0.5117941093   0.0582029214   0.0233590694
       -0.1277753573   0.0233877898   0.0590144600  -0.0000879159  -0.0002009591
        0.0002295466  -0.0006565883  -0.0002753381   0.0002149701  -0.0000987625
        0.0000205731   0.0000085782  -0.0031854214  -0.0031301386   0.0006291607
       -0.0028929728  -0.0017689336   0.0015869826  -0.0012405171  -0.0004483062
        0.0005163901  -0.0037793996   0.0193305124  -0.0059957279  -0.0009446262
        0.0107248065  -0.0017574673  -0.2008260161  -0.1085996239  -0.0231308925
       -0.0734559980   0.0042531525  -0.0777703095   0.0066310137  -0.0023332176
       -0.0048662904  -0.0115795422   0.0044453722   0.0101886260
        0.0000982094  -0.0001065531   0.0000658865  -0.0113989581  -0.0012720524
        0.0116715408  -0.0115919329  -0.0197765793   0.0095044389   0.0236686217
       -0.1790673962   0.0268059432   0.0582029214   0.4628767853  -0.0200674445
        0.0241509419  -0.0687999913  -0.0227076519  -0.0002185826   0.0000669815
       -0.0000199859  -0.0000184061   0.0001566011   0.0000280305  -0.0001145539
        0.0000370602   0.0000494838  -0.0022761426  -0.0034209971   0.0007097376
       -0.0016454510  -0.0017020486   0.0001626178  -0.0012771020  -0.0006898946
        0.0008608879   0.0019181480  -0.0070848290   0.0043959697   0.0036614715
       -0.0178281826   0.0030051644  -0.1091574196  -0.1136380011  -0.0144436670
        0.0042733035  -0.0436832955   0.0189112095   0.0028512508  -0.0000924900
       -0.0031966089   0.0188736805  -0.0059751173  -0.0157355523
        0.0006862160  -0.0001803567  -0.0004187218   0.0080061992   0.0058775626
       -0.0020701476   0.0031539170   0.0073455518  -0.0019956191  -0.0090648585
        0.0272975398  -0.0725902957   0.0233590694  -0.0200674445   0.5160514111
        0.0586304744  -0.0227041333  -0.1265452915   0.0000183621   0.0001135866
       -0.0000300412  -0.0008866511  -0.0003770849   0.0001399431  -0.0001204864
       -0.0000974590   0.0000541446   0.0008406806   0.0005140277   0.0008080265
        0.0015879694   0.0005199355  -0.0004667640  -0.0001593576   0.0001216745
       -0.0002106193  -0.0063182795   0.0239561223  -0.0073707915   0.0035869574
       -0.0220214237   0.0043143565  -0.0216860291  -0.0133460331  -0.0462404438
       -0.0780536655   0.0187048308  -0.2425680830   0.0206918842  -0.0068535647
       -0.0249090563  -0.0042724022   0.0011966682   0.0040479929
       -0.0165695921  -0.0168676975  -0.0050032337  -0.1057642820  -0.0576018735
        0.0013451773   0.0063807057   0.0053806257   0.0014726720  -0.0104804756
        0.0149909527   0.0084259252  -0.1277753573   0.0241509419   0.0586304744
        0.4596807439  -0.0500517010   0.0435484266   0.0005788755  -0.0009031564
        0.0004110395   0.0006102333  -0.0000611937   0.0006788751  -0.0028942506
       -0.0003544767  -0.0033263547  -0.0096703126  -0.0143595861   0.0017524808
       -0.0004402399   0.0003555015  -0.0000189159  -0.0012885781   0.0017733605
        0.0007877120   0.0003029913   0.0003733008   0.0001470057  -0.0011994847
        0.0020189964  -0.0001877931  -0.0195294929   0.0067181150   0.0165949954
        0.0061900525  -0.0016511156  -0.0041849096  -0.0813965473  -0.0089445960
       -0.0879718332  -0.0967349891   0.0950336019  -0.0331017441
       -0.0045981931  -0.0030977889  -0.0036238187  -0.0574175894  -0.1366905095
        0.0034067413  -0.0032189139  -0.0317011467  -0.0046109244   0.0169745085
       -0.0205051170  -0.0157777722   0.0233877898  -0.0687999913  -0.0227041333
       -0.0500517010   0.5206813162   0.0045698681   0.0011515901   0.0007513172
        0.0003408691   0.0000853163   0.0003560194   0.0002468440   0.0002137490
        0.0004793811   0.0000137320  -0.0043912256  -0.0040067573   0.0001899558
        0.0008977618  -0.0015039872  -0.0006137070   0.0017018831  -0.0038835878
       -0.0001669264  -0.0000477251  -0.0000205873  -0.0003243639   0.0012574057
       -0.0057817993   0.0006445150  -0.0118005405   0.0048376915   0.0096505595
       -0.0003646212   0.0005080427  -0.0007688623  -0.0093080582  -0.0477517165
       -0.0245455878   0.0955285640  -0.2038707794   0.0540730114
       -0.0146609295  -0.0163025674  -0.0014808419  -0.0001200768   0.0015705759
       -0.0657988059  -0.0002643513  -0.0005380876   0.0016961751   0.0014747182
       -0.0052184354   0.0028154241   0.0590144600  -0.0227076519  -0.1265452915
        0.0435484266   0.0045698681   0.5055029144   0.0001743325  -0.0004992874
        0.0003126917   0.0000948539  -0.0005885399   0.0007369642  -0.0040548796
       -0.0008531216  -0.0028739924   0.0150113164   0.0205249118  -0.0021053559
       -0.0003334349   0.0001670949   0.0000421330   0.0004257438  -0.0003168770
       -0.0003930447  -0.0001925539   0.0002947831   0.0003237578   0.0002744538
        0.0007220397   0.0007231083  -0.0002925887   0.0003131022   0.0006349487
        0.0201584874  -0.0093982426  -0.0242387709  -0.0880583708  -0.0242497331
       -0.2289157400  -0.0321996071   0.0525101686  -0.0604362742
       -0.1203773321   0.1088108532   0.0220073480  -0.0156081560   0.0177980937
        0.0007231360  -0.0027957677   0.0007816572  -0.0038004864  -0.0000968630
        0.0002170796   0.0000902583  -0.0000879159  -0.0002185826   0.0000183621
        0.0005788755   0.0011515901   0.0001743325   0.1400867510  -0.1280791478
       -0.0225932456  -0.0102812535   0.0141619719   0.0059774262   0.0096314124
       -0.0143643676  -0.0024887608   0.0005854980  -0.0000318161   0.0003071537
       -0.0009005904   0.0009306132  -0.0001776736  -0.0000723970  -0.0003113114
       -0.0002831647  -0.0000631410  -0.0000333169   0.0000021472  -0.0000185504
       -0.0000357639   0.0000049287  -0.0000326681   0.0000212514  -0.0000279123
       -0.0000954690   0.0001206716   0.0000606053   0.0001893245  -0.0000076074
        0.0001091056  -0.0006417572  -0.0009118680  -0.0001035599
        0.1090490396  -0.1983537342  -0.0290666522   0.0038983088  -0.0035514217
        0.0006468703   0.0009840780   0.0001550253   0.0010906154   0.0000729102
       -0.0001132734   0.0001162540  -0.0002009591   0.0000669815   0.0001135866
       -0.0009031564   0.0007513172  -0.0004992874  -0.1280791478   0.2298599556
        0.0339262480   0.0007869477  -0.0001812774  -0.0014483132   0.0144251963
       -0.0286773416  -0.0052545305  -0.0001014187  -0.0000928753   0.0002001118
        0.0002834972  -0.0002024551   0.0001002465   0.0000263809   0.0002887584
        0.0003099530   0.0001162344   0.0000473578   0.0000076073  -0.0000334826
       -0.0000182570   0.0000158478  -0.0000028711   0.0000237434  -0.0000231741
        0.0000754929  -0.0000890754  -0.0000302230  -0.0001142192  -0.0000496257
       -0.0000093096  -0.0002828313   0.0001361977  -0.0001958508
        0.0220771709  -0.0292752788  -0.0492096908  -0.0138214305   0.0167694519
        0.0017689046  -0.0032970607   0.0004397958  -0.0022783386  -0.0004191187
        0.0003036428   0.0000443042   0.0002295466  -0.0000199859  -0.0000300412
        0.0004110395   0.0003408691   0.0003126917  -0.0225932456   0.0339262480
        0.0556197911   0.0184059398  -0.0245421025  -0.0075441649  -0.0003164555
        0.0008135283   0.0007658526  -0.0001624262   0.0004941335   0.0003462330
       -0.0004993716   0.0007210053   0.0000236915   0.0000695546   0.0000005183
       -0.0001359375  -0.0000521696   0.0000175326   0.0000408033  -0.0001198135
        0.0000180502   0.0000245393   0.0000556176   0.0000290164   0.0000405429
        0.0000404153  -0.0001479577  -0.0000192130   0.0000732156   0.0001913031
       -0.0000502847  -0.0000814081  -0.0000797705   0.0002803166
       -0.0892226715  -0.0067215422   0.0955149035   0.0083072581   0.0015604098
       -0.0182998757   0.0007086751  -0.0000995541  -0.0002768407   0.0000058462
       -0.0000059266  -0.0002346267  -0.0006565883  -0.0000184061  -0.0008866511
        0.0006102333   0.0000853163   0.0000948539  -0.0102812535   0.0007869477
        0.0184059398   0.1040099251   0.0081801330  -0.1094030232  -0.0105443020
       -0.0035190100   0.0184751585  -0.0020777606   0.0003330503  -0.0043941229
       -0.0000168095  -0.0000717775   0.0000423277   0.0001761555   0.0000446118
        0.0000519182   0.0000176516  -0.0000396159   0.0000848812  -0.0000609446
        0.0000873957   0.0000037270   0.0001745850  -0.0000152144   0.0001964507
       -0.0011687629  -0.0006978462   0.0003039806  -0.0000187632   0.0000998965
        0.0001616799   0.0000375263   0.0000111319   0.0001593194
       -0.0066991761  -0.0456328659   0.0137084512  -0.0004042700  -0.0000360581
        0.0019666739  -0.0000955350   0.0003850051   0.0006896422   0.0001196686
        0.0001189922   0.0001026194  -0.0002753381   0.0001566011  -0.0003770849
       -0.0000611937   0.0003560194  -0.0005885399   0.0141619719  -0.0001812774
       -0.0245421025   0.0081801330   0.0494637155  -0.0166754163  -0.0149170106
       -0.0040706425   0.0250332673   0.0003071307   0.0007209663   0.0004370117
       -0.0001121617  -0.0001039606  -0.0001628083   0.0001515968  -0.0006839672
        0.0003444692  -0.0000604982  -0.0001098603  -0.0000090982   0.0001136463
       -0.0001196809  -0.0000053686   0.0000412058  -0.0000860981   0.0000636076
       -0.0006178359   0.0002032842   0.0001892660   0.0000613218  -0.0000987489
        0.0000872256   0.0001063445  -0.0002814239  -0.0002618154
        0.0951106303   0.0138816291  -0.2358477692   0.0063319612   0.0019649349
       -0.0264442060   0.0007148540  -0.0005110236   0.0008088124  -0.0001194831
        0.0000410018   0.0000135748   0.0002149701   0.0000280305   0.0001399431
        0.0006788751   0.0002468440   0.0007369642   0.0059774262  -0.0014483132
       -0.0075441649  -0.1094030232  -0.0166754163   0.2753605064   0.0039548948
        0.0019913196  -0.0037495253  -0.0039271037   0.0003879657  -0.0047816692
        0.0002603889  -0.0000758639   0.0002941661  -0.0000598751   0.0006143523
        0.0001447249   0.0001103285   0.0000100795   0.0000307895  -0.0000473769
        0.0000607082   0.0000642805   0.0001250393   0.0000330421   0.0000849414
       -0.0002871579  -0.0001341800   0.0007410489   0.0003247043  -0.0000105039
        0.0001608827   0.0000399472  -0.0004046068  -0.0002133004
       -0.1215139068  -0.1114130208   0.0058548156  -0.0159158755  -0.0177779416
       -0.0021446472   0.0005741137  -0.0011344486  -0.0000767850   0.0001389021
        0.0001546148   0.0000559066  -0.0000987625  -0.0001145539  -0.0001204864
       -0.0028942506   0.0002137490  -0.0040548796   0.0096314124   0.0144251963
       -0.0003164555  -0.0105443020  -0.0149170106   0.0039548948   0.1415715884
        0.1304948394  -0.0036123822   0.0006704653   0.0000135111   0.0003776644
        0.0000649932  -0.0000468444   0.0000105680  -0.0008565835   0.0008086919
        0.0003815613   0.0000723185  -0.0000078094  -0.0000194457  -0.0000161753
        0.0000208247   0.0000430178   0.0000219287   0.0000260591   0.0000387604
        0.0001469529  -0.0000090921  -0.0000495263  -0.0010669263  -0.0010386157
       -0.0002321997   0.0000141074   0.0003018510  -0.0000903814
       -0.1117508371  -0.2028885654   0.0059487223  -0.0016790289  -0.0007081178
       -0.0011016501   0.0008436198   0.0005912211   0.0003927206   0.0001203543
        0.0000320323   0.0000107767   0.0000205731   0.0000370602  -0.0000974590
       -0.0003544767   0.0004793811  -0.0008531216  -0.0143643676  -0.0286773416
        0.0008135283  -0.0035190100  -0.0040706425   0.0019913196   0.1304948394
        0.2347663210  -0.0068500813   0.0001453921   0.0000643338  -0.0002312659
        0.0000393613   0.0000041994   0.0000353868   0.0002362662   0.0001480887
        0.0001206234  -0.0000124584   0.0000208623  -0.0000244908  -0.0000067291
        0.0000188415   0.0000505550   0.0000072048  -0.0000001153  -0.0000019333
        0.0000635574  -0.0000786654  -0.0000882653  -0.0003064555  -0.0000424183
       -0.0000878638   0.0000221949   0.0003035249  -0.0000275017
        0.0058835949   0.0062424892  -0.0433196614  -0.0146835521  -0.0173100454
       -0.0011798741   0.0005822331  -0.0002395897   0.0003271937   0.0001083238
        0.0000490407   0.0000707452   0.0000085782   0.0000494838   0.0000541446
       -0.0033263547   0.0000137320  -0.0028739924  -0.0024887608  -0.0052545305
        0.0007658526   0.0184751585   0.0250332673  -0.0037495253  -0.0036123822
       -0.0068500813   0.0496778111  -0.0001630992  -0.0005947457   0.0003259234
        0.0000047105  -0.0001705249  -0.0001665113   0.0002045437  -0.0000898204
        0.0003181516  -0.0000122182  -0.0000475420  -0.0000028883   0.0000370782
        0.0000187851  -0.0000107310  -0.0000567966  -0.0000044191   0.0001559968
       -0.0001825097  -0.0000317686   0.0000310205  -0.0008893949  -0.0009125724
       -0.0002165635   0.0001108473   0.0000988419  -0.0002070924
        0.0065135507   0.0016346184  -0.0198871993  -0.0879026032  -0.0069302947
        0.0917868231  -0.0087627856   0.0022405362   0.0147359885  -0.0022567922
        0.0009964868   0.0013743510  -0.0031854214  -0.0022761426   0.0008406806
       -0.0096703126  -0.0043912256   0.0150113164   0.0005854980  -0.0001014187
       -0.0001624262  -0.0020777606   0.0003071307  -0.0039271037   0.0006704653
        0.0001453921  -0.0001630992   0.1098531484   0.0079064310  -0.1020411761
        0.0000617669  -0.0000021763   0.0004791467  -0.0011869104   0.0009687533
        0.0004720691  -0.0003003258   0.0000246935   0.0000583341  -0.0006556126
       -0.0002230968   0.0001641860  -0.0008297837   0.0001644503   0.0006141450
       -0.0000973363   0.0000509692  -0.0001053985  -0.0001841105  -0.0000648933
        0.0005154733  -0.0005746743  -0.0004502136   0.0002338892
       -0.0004665266   0.0012039031   0.0021016135  -0.0072475961  -0.0417438807
        0.0138417656   0.0136072754  -0.0019249874  -0.0187656167   0.0019796048
       -0.0019705352  -0.0013575050  -0.0031301386  -0.0034209971   0.0005140277
       -0.0143595861  -0.0040067573   0.0205249118  -0.0000318161  -0.0000928753
        0.0004941335   0.0003330503   0.0007209663   0.0003879657   0.0000135111
        0.0000643338  -0.0005947457   0.0079064310   0.0524896409  -0.0164223978
        0.0005446710   0.0006449821  -0.0008260640   0.0011871950  -0.0019818370
       -0.0008363006   0.0000749819  -0.0001053278  -0.0000527153   0.0006941669
        0.0001314473  -0.0002665660  -0.0009469812   0.0001755326   0.0007061196
        0.0000500527  -0.0000860410  -0.0000471193   0.0001459291   0.0008654132
        0.0004170265  -0.0003542245  -0.0009629804   0.0001814666
        0.0064184859   0.0023588972  -0.0272669875   0.0931907425   0.0136597955
       -0.2181585119   0.0034470221   0.0000482465  -0.0048723663   0.0001503847
       -0.0006400316  -0.0000312038   0.0006291607   0.0007097376   0.0008080265
        0.0017524808   0.0001899558  -0.0021053559   0.0003071537   0.0002001118
        0.0003462330  -0.0043941229   0.0004370117  -0.0047816692   0.0003776644
       -0.0002312659   0.0003259234  -0.1020411761  -0.0164223978   0.2538731130
       -0.0006329658   0.0006550109   0.0015056224   0.0006184450  -0.0007772587
       -0.0003376172   0.0001094213  -0.0000096572   0.0000112690   0.0002305126
        0.0001199782  -0.0000985824   0.0003093767  -0.0000641712  -0.0002483663
       -0.0001527225  -0.0000326209   0.0000681832  -0.0005150459  -0.0005680569
        0.0012369368   0.0001951827   0.0003667152  -0.0002746469
       -0.0019304233   0.0032012850  -0.0000251487  -0.0046762405   0.0114282423
       -0.0138114470  -0.0427253558   0.0147776562  -0.0284434606  -0.0019544738
       -0.0146398870   0.0221975515  -0.0028929728  -0.0016454510   0.0015879694
       -0.0004402399   0.0008977618  -0.0003334349  -0.0009005904   0.0002834972
       -0.0004993716  -0.0000168095  -0.0001121617   0.0002603889   0.0000649932
        0.0000393613   0.0000047105   0.0000617669   0.0005446710  -0.0006329658
        0.0581193204  -0.0173089781   0.0299009053  -0.0011231124   0.0050311589
       -0.0134056215   0.0006627004  -0.0009254755   0.0015486283  -0.0021289287
       -0.0008655732   0.0013935981  -0.0000065596  -0.0007341001   0.0001529830
       -0.0000036077  -0.0001529970   0.0000787819  -0.0001186091  -0.0001146885
       -0.0000133478   0.0000091428   0.0002956783   0.0000392808
        0.0016887101  -0.0028763612  -0.0004782441   0.0068949287  -0.0129661162
        0.0194090440   0.0145955143  -0.0999816060   0.0990697236  -0.0012682204
       -0.0051319278   0.0106735547  -0.0017689336  -0.0017020486   0.0005199355
        0.0003555015  -0.0015039872   0.0001670949   0.0009306132  -0.0002024551
        0.0007210053  -0.0000717775  -0.0001039606  -0.0000758639  -0.0000468444
        0.0000041994  -0.0001705249  -0.0000021763   0.0006449821   0.0006550109
       -0.0173089781   0.1166473626  -0.1145839425  -0.0031259259   0.0087904396
       -0.0166137557   0.0001013185   0.0005546528   0.0003260767  -0.0007041284
       -0.0007520573   0.0005500013   0.0000172469  -0.0005678172   0.0001253154
        0.0000425637  -0.0001023285  -0.0000323616  -0.0000752404  -0.0003134960
       -0.0001316291  -0.0002541721  -0.0004374749  -0.0001304402
       -0.0002503746   0.0004140616   0.0007414902   0.0005283440  -0.0017352622
        0.0021049539  -0.0279693431   0.1003188926  -0.2169927313   0.0010545152
        0.0063912256  -0.0092132713   0.0015869826   0.0001626178  -0.0004667640
       -0.0000189159  -0.0006137070   0.0000421330  -0.0001776736   0.0001002465
        0.0000236915   0.0000423277  -0.0001628083   0.0002941661   0.0000105680
        0.0000353868  -0.0001665113   0.0004791467  -0.0008260640   0.0015056224
        0.0299009053  -0.1145839425   0.2478449944  -0.0060731257   0.0099546739
       -0.0269684483  -0.0005725307  -0.0004563156   0.0017848231   0.0013280093
        0.0007166594  -0.0006365828   0.0000342252   0.0004186481  -0.0000322045
        0.0000124701  -0.0001386403   0.0000849625   0.0000340342   0.0000586469
        0.0000674059   0.0000504354  -0.0000543193  -0.0000177294
        0.0006784603   0.0014034062   0.0007883642   0.0050129502   0.0120088960
        0.0106311741  -0.0749579463  -0.0570353910  -0.0640431400  -0.0154457639
       -0.0162657434  -0.0153026869  -0.0012405171  -0.0012771020  -0.0001593576
       -0.0012885781   0.0017018831   0.0004257438  -0.0000723970   0.0000263809
        0.0000695546   0.0001761555   0.0001515968  -0.0000598751  -0.0008565835
        0.0002362662   0.0002045437  -0.0011869104   0.0011871950   0.0006184450
       -0.0011231124  -0.0031259259  -0.0060731257   0.0943261841   0.0636427165
        0.0723757673  -0.0046002002  -0.0024475114   0.0008941742   0.0004217383
       -0.0003456492  -0.0006715855   0.0000308672  -0.0004806093   0.0002376734
       -0.0000664931   0.0001003628   0.0000129806  -0.0000773825   0.0000531959
        0.0000624056   0.0002695291   0.0004660327  -0.0000110558
       -0.0012453550   0.0010773689  -0.0008473509  -0.0049696449  -0.0177296758
       -0.0165713655  -0.0573421646  -0.1303155329  -0.0983979350  -0.0066297362
       -0.0059525794  -0.0081046376  -0.0004483062  -0.0006898946   0.0001216745
        0.0017733605  -0.0038835878  -0.0003168770  -0.0003113114   0.0002887584
        0.0000005183   0.0000446118  -0.0006839672   0.0006143523   0.0008086919
        0.0001480887  -0.0000898204   0.0009687533  -0.0019818370  -0.0007772587
        0.0050311589   0.0087904396   0.0099546739   0.0636427165   0.1523842161
        0.1136120571  -0.0015164437  -0.0007665630   0.0005051973   0.0007108978
        0.0008630372  -0.0001285699   0.0001401876  -0.0003086370   0.0001825994
       -0.0000408427  -0.0002297618   0.0001693297  -0.0000738134  -0.0000650039
        0.0000471923  -0.0005427603  -0.0009448686   0.0000262202
       -0.0011375392   0.0014187874   0.0010176764  -0.0009109442  -0.0057023730
       -0.0036094229  -0.0645109130  -0.0995420300  -0.1550808258   0.0037643040
        0.0048864789   0.0057138469   0.0005163901   0.0008608879  -0.0002106193
        0.0007877120  -0.0001669264  -0.0003930447  -0.0002831647   0.0003099530
       -0.0001359375   0.0000519182   0.0003444692   0.0001447249   0.0003815613
        0.0001206234   0.0003181516   0.0004720691  -0.0008363006  -0.0003376172
       -0.0134056215  -0.0166137557  -0.0269684483   0.0723757673   0.1136120571
        0.1774382809   0.0010126921   0.0004228197   0.0005293734   0.0008480212
        0.0007212854   0.0015718877   0.0000276442   0.0001757899  -0.0001063737
        0.0000143967   0.0000195483   0.0000278525   0.0000688971   0.0001325150
        0.0000347575  -0.0000731906  -0.0001638297   0.0000457373
       -0.0002432208   0.0004071105   0.0000938891  -0.0018364107  -0.0007701362
        0.0004339148  -0.0225270817  -0.0028906981  -0.0168277209  -0.1473982695
        0.0106480981  -0.1151223147  -0.0037793996   0.0019181480  -0.0063182795
        0.0003029913  -0.0000477251  -0.0001925539  -0.0000631410   0.0001162344
       -0.0000521696   0.0000176516  -0.0000604982   0.0001103285   0.0000723185
       -0.0000124584  -0.0000122182  -0.0003003258   0.0000749819   0.0001094213
        0.0006627004   0.0001013185  -0.0005725307  -0.0046002002  -0.0015164437
        0.0010126921   0.1727238772  -0.0086599694   0.1313120812   0.0059337464
       -0.0003784526   0.0049991657   0.0009202108  -0.0006218811   0.0007038886
        0.0002505541   0.0014547758  -0.0001770155  -0.0001610287   0.0003223253
        0.0002952355   0.0000250278  -0.0000847299   0.0002041862
       -0.0000467094   0.0002475062  -0.0000756874  -0.0003445871  -0.0006084035
       -0.0003497935  -0.0104178346  -0.0002739045  -0.0059038603   0.0104836151
       -0.0416162610   0.0068839602   0.0193305124  -0.0070848290   0.0239561223
        0.0003733008  -0.0000205873   0.0002947831  -0.0000333169   0.0000473578
        0.0000175326  -0.0000396159  -0.0001098603   0.0000100795  -0.0000078094
        0.0000208623  -0.0000475420   0.0000246935  -0.0001053278  -0.0000096572
       -0.0009254755   0.0005546528  -0.0004563156  -0.0024475114  -0.0007665630
        0.0004228197  -0.0086599694   0.0538165523  -0.0131439713  -0.0099744779
        0.0011030333  -0.0141658159   0.0004790796   0.0009072641   0.0008956492
        0.0023229484  -0.0058985500   0.0020897277   0.0000172754  -0.0001428926
       -0.0002128272  -0.0001341177  -0.0000700500  -0.0002052041
        0.0000671110  -0.0001190136   0.0000600131   0.0006780311  -0.0000580253
       -0.0003574973   0.0057005472   0.0001253754   0.0052764400  -0.1156805357
        0.0069555829  -0.1701515787  -0.0059957279   0.0043959697  -0.0073707915
        0.0001470057  -0.0003243639   0.0003237578   0.0000021472   0.0000076073
        0.0000408033   0.0000848812  -0.0000090982   0.0000307895  -0.0000194457
       -0.0000244908  -0.0000028883   0.0000583341  -0.0000527153   0.0000112690
        0.0015486283   0.0003260767   0.0017848231   0.0008941742   0.0005051973
        0.0005293734   0.1313120812  -0.0131439713   0.1959773169  -0.0184568551
       -0.0013236569  -0.0265840233   0.0003398934  -0.0000097114   0.0004559855
       -0.0007194932   0.0027715853  -0.0001197181  -0.0000169486  -0.0000449856
        0.0000629261   0.0000561715   0.0000226377   0.0000329995
       -0.0001832714   0.0001037660   0.0001164279  -0.0033646540   0.0001931894
        0.0020076097  -0.0113903581   0.0096566435   0.0204220366  -0.0675142688
        0.0385230734   0.0604834910  -0.0009446262   0.0036614715   0.0035869574
       -0.0011994847   0.0012574057   0.0002744538  -0.0000185504  -0.0000334826
       -0.0001198135  -0.0000609446   0.0001136463  -0.0000473769  -0.0000161753
       -0.0000067291   0.0000370782  -0.0006556126   0.0006941669   0.0002305126
       -0.0021289287  -0.0007041284   0.0013280093   0.0004217383   0.0007108978
        0.0008480212   0.0059337464  -0.0099744779  -0.0184568551   0.0816298326
       -0.0449672319  -0.0715624085  -0.0002786275   0.0001831223   0.0001293558
        0.0001196310   0.0004134316   0.0003422130  -0.0001094887   0.0000069557
        0.0000758110  -0.0002399572   0.0001682798   0.0003044764
       -0.0000266973   0.0001631715  -0.0000290314  -0.0010667863  -0.0005978969
        0.0007218729  -0.0055434695   0.0046808064   0.0080342773   0.0394033387
       -0.0970184131  -0.0943254556   0.0107248065  -0.0178281826  -0.0220214237
        0.0020189964  -0.0057817993   0.0007220397  -0.0000357639  -0.0000182570
        0.0000180502   0.0000873957  -0.0001196809   0.0000607082   0.0000208247
        0.0000188415   0.0000187851  -0.0002230968   0.0001314473   0.0001199782
       -0.0008655732  -0.0007520573   0.0007166594  -0.0003456492   0.0008630372
        0.0007212854  -0.0003784526   0.0011030333  -0.0013236569  -0.0449672319
        0.1161626366   0.1078815457  -0.0000113863  -0.0014555092   0.0000035135
        0.0000676267   0.0010403405  -0.0005593840  -0.0000915265   0.0000013576
        0.0001167219   0.0012326447  -0.0005928755  -0.0008764859
       -0.0000712733   0.0000031413   0.0000257719   0.0006240450   0.0005366648
       -0.0006781866   0.0051730923  -0.0038872491  -0.0077541043   0.0620048178
       -0.0951346716  -0.1964227536  -0.0017574673   0.0030051644   0.0043143565
       -0.0001877931   0.0006445150   0.0007231083   0.0000049287   0.0000158478
        0.0000245393   0.0000037270  -0.0000053686   0.0000642805   0.0000430178
        0.0000505550  -0.0000107310   0.0001641860  -0.0002665660  -0.0000985824
        0.0013935981   0.0005500013  -0.0006365828  -0.0006715855  -0.0001285699
        0.0015718877   0.0049991657  -0.0141658159  -0.0265840233  -0.0715624085
        0.1078815457   0.2240901555   0.0000400065  -0.0000508123  -0.0001944074
       -0.0001257928   0.0007592222   0.0012726863  -0.0000730528   0.0001687328
        0.0001925071  -0.0000012117   0.0000236630   0.0001000783
       -0.0000947221  -0.0001871903   0.0000966957  -0.0032816464   0.0004320731
        0.0034346478   0.0000430682   0.0009367454   0.0001595732   0.0040791996
        0.0029419872   0.0000734147  -0.2008260161  -0.1091574196  -0.0216860291
       -0.0195294929  -0.0118005405  -0.0002925887  -0.0000326681  -0.0000028711
        0.0000556176   0.0001745850   0.0000412058   0.0001250393   0.0000219287
        0.0000072048  -0.0000567966  -0.0008297837  -0.0009469812   0.0003093767
       -0.0000065596   0.0000172469   0.0000342252   0.0000308672   0.0001401876
        0.0000276442   0.0009202108   0.0004790796   0.0003398934  -0.0002786275
       -0.0000113863   0.0000400065   0.2327185716   0.1256594820   0.0230940119
       -0.0134436560  -0.0086008037  -0.0056232113   0.0010952019  -0.0002590124
       -0.0003516523  -0.0007604606   0.0003109927   0.0002201317
        0.0000682783   0.0001115004   0.0000220504   0.0011813554  -0.0006165555
       -0.0007729009  -0.0003084658  -0.0050796748   0.0013887625  -0.0224625403
       -0.0191794796  -0.0012795906  -0.1085996239  -0.1136380011  -0.0133460331
        0.0067181150   0.0048376915   0.0003131022   0.0000212514   0.0000237434
        0.0000290164  -0.0000152144  -0.0000860981   0.0000330421   0.0000260591
       -0.0000001153  -0.0000044191   0.0001644503   0.0001755326  -0.0000641712
       -0.0007341001  -0.0005678172   0.0004186481  -0.0004806093  -0.0003086370
        0.0001757899  -0.0006218811   0.0009072641  -0.0000097114   0.0001831223
       -0.0014555092  -0.0000508123   0.1256594820   0.1336908941   0.0136969739
       -0.0007067239   0.0011549984  -0.0009491998  -0.0001119769   0.0002833561
        0.0004538152   0.0000190218  -0.0002530927  -0.0000543622
       -0.0001364741   0.0000389354   0.0001179010   0.0032112897   0.0005108095
       -0.0023203909   0.0012505799   0.0011675139  -0.0003347560   0.0034712634
        0.0034988855   0.0007471956  -0.0231308925  -0.0144436670  -0.0462404438
        0.0165949954   0.0096505595   0.0006349487  -0.0000279123  -0.0000231741
        0.0000405429   0.0001964507   0.0000636076   0.0000849414   0.0000387604
       -0.0000019333   0.0001559968   0.0006141450   0.0007061196  -0.0002483663
        0.0001529830   0.0001253154  -0.0000322045   0.0002376734   0.0001825994
       -0.0001063737   0.0007038886   0.0008956492   0.0004559855   0.0001293558
        0.0000035135  -0.0001944074   0.0230940119   0.0136969739   0.0540919058
       -0.0272860520  -0.0166006238  -0.0071778220   0.0006712667   0.0005912704
        0.0005678223   0.0002146672  -0.0000623546  -0.0002424755
       -0.0007099540  -0.0000147676   0.0006581053   0.0003895688  -0.0000995986
        0.0000191570   0.0000420588  -0.0001627162  -0.0001641714  -0.0029172587
        0.0036054444  -0.0068982028  -0.0734559980   0.0042733035  -0.0780536655
        0.0061900525  -0.0003646212   0.0201584874  -0.0000954690   0.0000754929
        0.0000404153  -0.0011687629  -0.0006178359  -0.0002871579   0.0001469529
        0.0000635574  -0.0001825097  -0.0000973363   0.0000500527  -0.0001527225
       -0.0000036077   0.0000425637   0.0000124701  -0.0000664931  -0.0000408427
        0.0000143967   0.0002505541   0.0023229484  -0.0007194932   0.0001196310
        0.0000676267  -0.0001257928  -0.0134436560  -0.0007067239  -0.0272860520
        0.0860906735  -0.0091061505   0.0887648684  -0.0022899632   0.0007895382
        0.0039414510   0.0010190074  -0.0001772713   0.0002604168
       -0.0001492323  -0.0000322194   0.0002110373  -0.0001394080   0.0003881602
        0.0003176969  -0.0000642085  -0.0001835830   0.0001208957   0.0127616084
       -0.0071411076   0.0269394423   0.0042531525  -0.0436832955   0.0187048308
       -0.0016511156   0.0005080427  -0.0093982426   0.0001206716  -0.0000890754
       -0.0001479577  -0.0006978462   0.0002032842  -0.0001341800  -0.0000090921
       -0.0000786654  -0.0000317686   0.0000509692  -0.0000860410  -0.0000326209
       -0.0001529970  -0.0001023285  -0.0001386403   0.0001003628  -0.0002297618
        0.0000195483   0.0014547758  -0.0058985500   0.0027715853   0.0004134316
        0.0010403405   0.0007592222  -0.0086008037   0.0011549984  -0.0166006238
       -0.0091061505   0.0539113003  -0.0207691025   0.0016847704   0.0002062279
       -0.0019294601  -0.0002688887   0.0001122734  -0.0006616625
       -0.0004949751  -0.0002445128   0.0002157832  -0.0002521126  -0.0000058552
       -0.0000481759   0.0000403585   0.0000664975   0.0001662177  -0.0043620577
        0.0032427960  -0.0072992439  -0.0777703095   0.0189112095  -0.2425680830
       -0.0041849096  -0.0007688623  -0.0242387709   0.0000606053  -0.0000302230
       -0.0000192130   0.0003039806   0.0001892660   0.0007410489  -0.0000495263
       -0.0000882653   0.0000310205  -0.0001053985  -0.0000471193   0.0000681832
        0.0000787819  -0.0000323616   0.0000849625   0.0000129806   0.0001693297
        0.0000278525  -0.0001770155   0.0020897277  -0.0001197181   0.0003422130
       -0.0005593840   0.0012726863  -0.0056232113  -0.0009491998  -0.0071778220
        0.0887648684  -0.0207691025   0.2821254970   0.0039250518  -0.0011132801
       -0.0039975240  -0.0005093240  -0.0000606602   0.0007352991
       -0.0023492309  -0.0042273174  -0.0003913210  -0.0110467166  -0.0055218454
       -0.0170625380  -0.0000458414   0.0000547988  -0.0001091891   0.0004633731
       -0.0000056715   0.0003078200   0.0066310137   0.0028512508   0.0206918842
       -0.0813965473  -0.0093080582  -0.0880583708   0.0001893245  -0.0001142192
        0.0000732156  -0.0000187632   0.0000613218   0.0003247043  -0.0010669263
       -0.0003064555  -0.0008893949  -0.0001841105   0.0001459291  -0.0005150459
       -0.0001186091  -0.0000752404   0.0000340342  -0.0000773825  -0.0000738134
        0.0000688971  -0.0001610287   0.0000172754  -0.0000169486  -0.0001094887
       -0.0000915265  -0.0000730528   0.0010952019  -0.0001119769   0.0006712667
       -0.0022899632   0.0016847704   0.0039250518   0.0983478384   0.0142098069
        0.0981348866  -0.0078621432   0.0008109710  -0.0171158994
       -0.0023319952  -0.0033612588  -0.0001372683  -0.0129931164  -0.0048297857
       -0.0202422307  -0.0001850358  -0.0002138705   0.0000980721  -0.0000015264
        0.0003054316  -0.0004575936  -0.0023332176  -0.0000924900  -0.0068535647
       -0.0089445960  -0.0477517165  -0.0242497331  -0.0000076074  -0.0000496257
        0.0001913031   0.0000998965  -0.0000987489  -0.0000105039  -0.0010386157
       -0.0000424183  -0.0009125724  -0.0000648933   0.0008654132  -0.0005680569
       -0.0001146885  -0.0003134960   0.0000586469   0.0000531959  -0.0000650039
        0.0001325150   0.0003223253  -0.0001428926  -0.0000449856   0.0000069557
        0.0000013576   0.0001687328  -0.0002590124   0.0002833561   0.0005912704
        0.0007895382   0.0002062279  -0.0011132801   0.0142098069   0.0542936561
        0.0286991402   0.0127925864   0.0010058644   0.0246501087
       -0.0003416398  -0.0008537147   0.0009862263  -0.0017445637  -0.0005109222
       -0.0012061197  -0.0000708915   0.0000079333   0.0002012170  -0.0002775643
        0.0002572383   0.0004866589  -0.0048662904  -0.0031966089  -0.0249090563
       -0.0879718332  -0.0245455878  -0.2289157400   0.0001091056  -0.0000093096
       -0.0000502847   0.0001616799   0.0000872256   0.0001608827  -0.0002321997
       -0.0000878638  -0.0002165635   0.0005154733   0.0004170265   0.0012369368
       -0.0000133478  -0.0001316291   0.0000674059   0.0000624056   0.0000471923
        0.0000347575   0.0002952355  -0.0002128272   0.0000629261   0.0000758110
        0.0001167219   0.0001925071  -0.0003516523   0.0004538152   0.0005678223
        0.0039414510  -0.0019294601  -0.0039975240   0.0981348866   0.0286991402
        0.2673593675  -0.0074260658   0.0013916303  -0.0120614200
        0.0008423902  -0.0010274848   0.0002870247   0.0074456832  -0.0146015552
        0.0039029788  -0.0013919372  -0.0028377371  -0.0000278879  -0.0028820382
        0.0020241164   0.0032013037  -0.0115795422   0.0188736805  -0.0042724022
       -0.0967349891   0.0955285640  -0.0321996071  -0.0006417572  -0.0002828313
       -0.0000814081   0.0000375263   0.0001063445   0.0000399472   0.0000141074
        0.0000221949   0.0001108473  -0.0005746743  -0.0003542245   0.0001951827
        0.0000091428  -0.0002541721   0.0000504354   0.0002695291  -0.0005427603
       -0.0000731906   0.0000250278  -0.0001341177   0.0000561715  -0.0002399572
        0.0012326447  -0.0000012117  -0.0007604606   0.0000190218   0.0002146672
        0.0010190074  -0.0002688887  -0.0005093240  -0.0078621432   0.0127925864
       -0.0074260658   0.1130050849  -0.1102953815   0.0365325388
        0.0013702048   0.0012532167   0.0004800167   0.0092403055  -0.0219219479
        0.0057773536  -0.0012947148  -0.0044150181  -0.0003922435   0.0007597574
       -0.0014519162  -0.0012608731   0.0044453722  -0.0059751173   0.0011966682
        0.0950336019  -0.2038707794   0.0525101686  -0.0009118680   0.0001361977
       -0.0000797705   0.0000111319  -0.0002814239  -0.0004046068   0.0003018510
        0.0003035249   0.0000988419  -0.0004502136  -0.0009629804   0.0003667152
        0.0002956783  -0.0004374749  -0.0000543193   0.0004660327  -0.0009448686
       -0.0001638297  -0.0000847299  -0.0000700500   0.0000226377   0.0001682798
       -0.0005928755   0.0000236630   0.0003109927  -0.0002530927  -0.0000623546
       -0.0001772713   0.0001122734  -0.0000606602   0.0008109710   0.0010058644
        0.0013916303  -0.1102953815   0.2383664680  -0.0593890374
       -0.0002512643  -0.0009671135   0.0005195333  -0.0009680595   0.0022726988
        0.0000296389   0.0009155364  -0.0003127482  -0.0000033810   0.0025835626
       -0.0023857314  -0.0016700460   0.0101886260  -0.0157355523   0.0040479929
       -0.0331017441   0.0540730114  -0.0604362742  -0.0001035599  -0.0001958508
        0.0002803166   0.0001593194  -0.0002618154  -0.0002133004  -0.0000903814
       -0.0000275017  -0.0002070924   0.0002338892   0.0001814666  -0.0002746469
        0.0000392808  -0.0001304402  -0.0000177294  -0.0000110558   0.0000262202
        0.0000457373   0.0002041862  -0.0002052041   0.0000329995   0.0003044764
       -0.0008764859   0.0001000783   0.0002201317  -0.0000543622  -0.0002424755
        0.0002604168  -0.0006616625   0.0007352991  -0.0171158994   0.0246501087
       -0.0120614200   0.0365325388  -0.0593890374   0.0693347700
