           1           2  0.972288619837118     
           2           3  0.956369416341174     
           2           4  0.958796606897895     
           4           5  0.957506949869682     
           4           6  0.966250479156552     
           6           7  0.958428330748022     
           6           8  0.965829549206328     
           8           9  0.954864970997386     
           8          10  0.952646647005979     
          10          11  0.950242429732990     
           2          12  0.955353470336632     
          10          12  0.975491215791499     
          10          13  0.988720267402923     
           8          14   1.00310772723591     
           6          15   1.00868791616159     
           4          16  0.999025478453151     
           1          17   1.00922863097280     
           1          18  0.969995884729998     
           1          19  0.967921353483045     
          13          20  0.833876342575000     
          14          21  0.843906628646897     
          15          22  0.853388928317207     
          16          23  0.847988565590912     
          17          24  0.838521149403518     
