           1           2  0.975444226048716     
           2           3  0.956711155212642     
           2           4  0.961946189887735     
           4           5  0.959323067549167     
           4           6  0.966494255665977     
           6           7  0.957034913684055     
           6           8  0.976960848696320     
           8           9  0.957569490170547     
           8          10  0.951491454066210     
          10          11  0.943653790702043     
           2          12  0.957986897542598     
          10          12  0.957091314325863     
          10          13   1.02136102326373     
           8          14   1.00340382746397     
           6          15   1.00151812957530     
           4          16  0.998607128858506     
           1          17   1.01228619786432     
           1          18  0.967066274776035     
           1          19  0.966055551304970     
          13          20  0.823899228607151     
          14          21  0.845557823288092     
          15          22  0.845227792970140     
          16          23  0.849723005392466     
          17          24  0.856518239948653     
