           1           2   1.01000515874290     
           2           3   1.00639447170148     
           2           4  0.996340794326941     
           4           5  0.983247563653937     
           5           6  0.999895805965784     
           5           7  0.999780630508246     
           5           8  0.995596217351740     
           1           9  0.986556387443829     
           1          10  0.980069768996642     
           1          11  0.985512090494833     
           2          12  0.966614509507895     
           3          13  0.986275186245380     
           3          14  0.986551972853718     
           3          15  0.987297771364255     
           4          16  0.974608886890143     
           4          17  0.973075335387311     
           6          18  0.985143997419530     
           6          19  0.983530051512600     
           6          20  0.985992717683313     
           7          21  0.985877099033846     
           7          22  0.978748546029074     
           7          23  0.985180665816374     
           8          24  0.985275450132549     
           8          25  0.985784614916845     
           8          26  0.986476961551999     
