$hessian                                                                        
        0.5132972123  -0.0149503213  -0.0236052436  -0.0723139970  -0.0183389384
       -0.0343737803   0.0018658381   0.0052118826   0.0063368576   0.0024002102
        0.0027262178   0.0055264008  -0.0188949155  -0.0145478314  -0.0225499235
       -0.0005320587  -0.0002532516  -0.0008301905   0.0003664798  -0.0003984142
        0.0006994968   0.0010472457  -0.0005854937   0.0001318557  -0.0013027190
       -0.0001506229   0.0014355678  -0.0021005599   0.0013108538  -0.0009544541
       -0.0011788391  -0.0000037583  -0.0002027067  -0.0708995394   0.0770746104
        0.0012734593  -0.2814425019  -0.0020709204  -0.0019767595  -0.0709880061
       -0.0378830376   0.0657795795   0.0001912068  -0.0000660881   0.0000595284
        0.0008703626   0.0009976262   0.0009171571  -0.0003178531   0.0024490087
        0.0007139504   0.0008227321   0.0003510425   0.0008194605   0.0001626396
       -0.0000310785  -0.0001082205   0.0001059209  -0.0005047841   0.0020975356
       -0.0008555823  -0.0003369815  -0.0008453434  -0.0000218790   0.0000081426
       -0.0000052268  -0.0003362323  -0.0000918413   0.0000893089  -0.0000624269
        0.0000254794  -0.0004052129   0.0001172622   0.0000584995  -0.0000230963
       -0.0149503213   0.5104678202  -0.0290741350  -0.0149363543  -0.0890787472
       -0.0470645825  -0.0053032301  -0.0225001934  -0.0238972238   0.0027351916
        0.0042874816   0.0093029810  -0.0067963306  -0.0006819934  -0.0029911017
        0.0007696909  -0.0010783376  -0.0004564638  -0.0003932107   0.0000104668
        0.0002276035  -0.0003585332   0.0000335762   0.0000576160  -0.0001103926
       -0.0002010678   0.0001534305  -0.0000925396   0.0003330207  -0.0000410830
        0.0004678139   0.0000967920  -0.0000225362   0.0773029899  -0.2569143161
       -0.0011702788  -0.0018973809  -0.0431750432   0.0008774067  -0.0377590726
       -0.0977249659   0.0927745601  -0.0003028523   0.0007400006  -0.0011944315
       -0.0010931981   0.0005701152  -0.0004298985   0.0019486617  -0.0061007762
       -0.0014457234   0.0003200352   0.0002568038   0.0002156727   0.0001406573
        0.0009583596   0.0008872578  -0.0006674349  -0.0005276294   0.0030552725
        0.0008803700   0.0000871202   0.0004053959   0.0000185857   0.0000174740
       -0.0000251827   0.0000116521   0.0000560539  -0.0000040804   0.0000847365
        0.0001429310  -0.0001198759  -0.0000195334  -0.0000749457  -0.0000205995
       -0.0236052436  -0.0290741350   0.4653681336  -0.0278063675  -0.0467123790
       -0.1407204491  -0.0003575863  -0.0064891161  -0.0049521565  -0.0054976155
       -0.0092074141  -0.0300842662  -0.0084845404  -0.0024000922  -0.0026249234
        0.0007481698  -0.0003008019   0.0001734218  -0.0001148679  -0.0001176545
        0.0001316700  -0.0003971689  -0.0000417644   0.0000418317  -0.0003162452
       -0.0000757093   0.0000762753   0.0007574082   0.0006149885  -0.0005791101
        0.0003657921  -0.0000162653   0.0000320202   0.0012367213  -0.0009608020
       -0.0424443317  -0.0016582441   0.0010106303  -0.0425885046   0.0657241796
        0.0925647421  -0.1994948044  -0.0002618006   0.0008965569   0.0008352602
       -0.0003501921   0.0005621884   0.0001764169   0.0001110257  -0.0003822759
        0.0004863707  -0.0008866169  -0.0006016516   0.0007290269  -0.0003102705
       -0.0011201768   0.0009101412   0.0013865312   0.0019848338  -0.0052522458
       -0.0002027966  -0.0001889427  -0.0001928197   0.0000115073  -0.0000278075
       -0.0000255774   0.0000380880   0.0000528958   0.0000463394  -0.0001006467
        0.0000496985  -0.0000080624  -0.0000292204  -0.0000195460  -0.0000396567
       -0.0723139970  -0.0149363543  -0.0278063675   0.4795458395  -0.0147683404
       -0.0000487999  -0.0831356801   0.0435177508   0.0000554288  -0.0723652871
       -0.0150449545   0.0278224897  -0.1803835414  -0.0033014638  -0.0000371477
       -0.0230018540   0.0096616671   0.0000013569   0.0012941529   0.0024161799
       -0.0000000663  -0.0020754919  -0.0003609902  -0.0000002836   0.0004736940
       -0.0018334818  -0.0000020378  -0.0197619347  -0.0080843249  -0.0000082665
        0.0013575388  -0.0000051973   0.0000007441   0.0026727681   0.0043785792
        0.0075578538  -0.0145268291  -0.0145229327  -0.0251614555   0.0027549201
        0.0040935289   0.0067193007   0.0032394501  -0.0066489882  -0.0003927721
       -0.0180781642   0.0279778609   0.0000361428   0.0032391427  -0.0066498358
        0.0003784570  -0.0145502109  -0.0145889544   0.0251148582   0.0026777237
        0.0043923937  -0.0075372842   0.0027569648   0.0041075211  -0.0066929230
        0.0003405544  -0.0013249348  -0.0000004594  -0.0003743856  -0.0001599589
       -0.0000000310  -0.0002728839   0.0002120254  -0.0000000125   0.0005358001
        0.0014937719   0.0000015335  -0.0000482893  -0.0000205669  -0.0000002584
       -0.0183389384  -0.0890787472  -0.0467123790  -0.0147683404   0.4814125490
        0.0000077087   0.0456040037  -0.1669298620  -0.0001261236  -0.0184610306
       -0.0893355680   0.0468393235   0.0013284278  -0.0644161874  -0.0000028005
        0.0229402906   0.0003938169   0.0000074418   0.0028349129  -0.0038945953
       -0.0000035294   0.0004452657  -0.0010492392  -0.0000006732  -0.0020436603
       -0.0034507590  -0.0000053182  -0.0222926872  -0.0004997629  -0.0000082118
       -0.0007743573   0.0000463066   0.0000005099  -0.0074372388  -0.0176023475
       -0.0229264062  -0.0021504869  -0.0012758260  -0.0018823195   0.0038830316
        0.0056222696   0.0102186773   0.0057377266  -0.0177510183   0.0034452784
        0.0030181427  -0.0008720385  -0.0000000072   0.0057172215  -0.0176877213
       -0.0034829258  -0.0021581531  -0.0012834334   0.0018782004  -0.0074558700
       -0.0176721355   0.0228792313   0.0038691765   0.0056215297  -0.0101281135
        0.0003865463   0.0001676816   0.0000017830   0.0013521527  -0.0002825757
       -0.0000003680  -0.0013255306  -0.0002476270   0.0000000702   0.0000045206
        0.0000234226   0.0000008404   0.0000848745   0.0000418682   0.0000001111
       -0.0343737803  -0.0470645825  -0.1407204491  -0.0000487999   0.0000077087
        0.4573382555   0.0000580551  -0.0001270341  -0.0629201433   0.0343695143
        0.0471924361  -0.1404296011  -0.0000210149  -0.0000040683  -0.0549564046
        0.0000069827   0.0000036596  -0.0012306773   0.0000021316  -0.0000046710
        0.0058234803   0.0000053209  -0.0000022426   0.0005990655  -0.0000022713
       -0.0000031432   0.0067737234  -0.0000088785  -0.0000025114   0.0009473548
       -0.0000069748   0.0000008137  -0.0012344750   0.0002043208  -0.0030807854
       -0.0019717886  -0.0037997194  -0.0023051080  -0.0031091571  -0.0073416181
       -0.0100413809  -0.0254059061  -0.0091529036   0.0228735897  -0.0022806679
        0.0000040443  -0.0000015246  -0.0000421956   0.0091663852  -0.0229126892
       -0.0023446502   0.0037874799   0.0023005687  -0.0030793092  -0.0002226854
        0.0030397988  -0.0019032360   0.0073731045   0.0101287936  -0.0254060804
        0.0000006654   0.0000013968  -0.0023080133   0.0000005891  -0.0000002946
        0.0002474842  -0.0000005977  -0.0000000506   0.0001107272   0.0000002123
        0.0000010127  -0.0022927961   0.0000004378   0.0000003080  -0.0002045400
        0.0018658381  -0.0053032301  -0.0003575863  -0.0831356801   0.0456040037
        0.0000580551   0.5069642042   0.0320276204   0.0000428593   0.0018649721
       -0.0053169051   0.0003480328  -0.0177872103   0.0259756200   0.0000290193
       -0.0047051170  -0.0007653225   0.0000001677  -0.0011702895   0.0010264097
       -0.0000010096   0.0004776444   0.0002928712   0.0000000900   0.0004331544
        0.0010267495  -0.0000000109  -0.0010320700  -0.0003516213   0.0000006993
       -0.0007838963   0.0001838993   0.0000001062   0.0000509884  -0.0014937375
       -0.0015061440   0.0009157002  -0.0011311025  -0.0004711360   0.0001177884
        0.0000283242  -0.0000400174  -0.0614512860  -0.0339912642   0.0546374622
       -0.2791454991  -0.0224851390  -0.0000081474  -0.0614741805  -0.0338785247
       -0.0547467716   0.0009163458  -0.0011353275   0.0004695517   0.0000483713
       -0.0014997266   0.0015041493   0.0001180411   0.0000274739   0.0000393771
        0.0000172812   0.0000364085   0.0000004007  -0.0004916501   0.0001396121
       -0.0000001781   0.0000027127   0.0000116129   0.0000000584  -0.0027186437
        0.0010210253   0.0000009531   0.0001024803  -0.0000497297   0.0000000189
        0.0052118826  -0.0225001934  -0.0064891161   0.0435177508  -0.1669298620
       -0.0001270341   0.0320276204   0.4636236679  -0.0000915978   0.0052237360
       -0.0225839050   0.0064474093   0.0054575700  -0.0016052849  -0.0000026659
       -0.0002971927   0.0001294011  -0.0000022398  -0.0000437628  -0.0002496872
       -0.0000001171   0.0005648249  -0.0001418245  -0.0000001094  -0.0000390263
        0.0002525893   0.0000001518  -0.0008654739  -0.0006527994   0.0000023395
       -0.0006655285   0.0001679315   0.0000000058  -0.0007707238  -0.0020034971
       -0.0030467104   0.0008626047   0.0002719350   0.0007394606   0.0002293316
        0.0007114084   0.0009364068  -0.0338307954  -0.1024256751   0.0977321359
       -0.0223953397  -0.0439407262   0.0000001742  -0.0337189780  -0.1019543270
       -0.0974739654   0.0008665647   0.0002721787  -0.0007398321  -0.0007748519
       -0.0020215442   0.0030517479   0.0002308703   0.0007101070  -0.0009357657
        0.0000700200   0.0002334125   0.0000002903  -0.0000437150   0.0001139626
        0.0000002659  -0.0000252298   0.0000242533  -0.0000000669  -0.0008679978
        0.0005311560  -0.0000011446   0.0000758396  -0.0000326772  -0.0000000226
        0.0063368576  -0.0238972238  -0.0049521565   0.0000554288  -0.0001261236
       -0.0629201433   0.0000428593  -0.0000915978   0.5299987545  -0.0063160889
        0.0238502686  -0.0048733319   0.0000006402   0.0000041950   0.0005780733
       -0.0000021384  -0.0000008970   0.0008322356  -0.0000007423   0.0000001260
        0.0000724751   0.0000003930   0.0000001320   0.0000993030  -0.0000000337
        0.0000001674   0.0001476418  -0.0000021637   0.0000004412  -0.0008738319
       -0.0000004943   0.0000001208  -0.0000132479  -0.0010426299  -0.0038479414
       -0.0038675372   0.0008381432  -0.0003313709   0.0004666898   0.0002091851
       -0.0011270286   0.0008980550   0.0546655516   0.0977048866  -0.2044395896
       -0.0000089676   0.0000005910  -0.0441867214  -0.0547759618  -0.0974485321
       -0.2048894184  -0.0008364647   0.0003320736   0.0004648285   0.0010434248
        0.0038524714  -0.0038477871  -0.0002083681   0.0011251927   0.0008982603
        0.0000003438   0.0000001478  -0.0000947378  -0.0000002161   0.0000001650
       -0.0000674069   0.0000000410   0.0000000010  -0.0000031071   0.0000013455
       -0.0000002641   0.0005960367   0.0000000558  -0.0000000004  -0.0000233365
        0.0024002102   0.0027351916  -0.0054976155  -0.0723652871  -0.0184610306
        0.0343695143   0.0018649721   0.0052237360  -0.0063160889   0.5132511867
       -0.0150338745   0.0236079381  -0.0189055604  -0.0146093770   0.0224996621
       -0.0005315878  -0.0002502219   0.0008307428   0.0003673613  -0.0003995312
       -0.0006977832   0.0010446611  -0.0005850413  -0.0001322021  -0.0013031268
       -0.0001520552  -0.0014345644  -0.0021080264   0.0013097672   0.0009555611
       -0.0011766216  -0.0000042688   0.0002022126   0.0001618410  -0.0000321568
        0.0001075000   0.0008230525   0.0003526855  -0.0008183118   0.0001084058
       -0.0004977607  -0.0020958839  -0.0003174270   0.0024507240  -0.0007079381
        0.0008715203   0.0010033896  -0.0009158284   0.0001904965  -0.0000650995
       -0.0000601051  -0.2814439270  -0.0019963807   0.0018288964  -0.0708349023
        0.0770064142  -0.0010779836  -0.0709316957  -0.0376546841  -0.0658379995
       -0.0008618412  -0.0003401381   0.0008468234  -0.0000215907   0.0000079841
        0.0000054597  -0.0003367664  -0.0000918105  -0.0000895300  -0.0000623534
        0.0000251020   0.0004043444   0.0001170065   0.0000584365   0.0000231798
        0.0027262178   0.0042874816  -0.0092074141  -0.0150449545  -0.0893355680
        0.0471924361  -0.0053169051  -0.0225839050   0.0238502686  -0.0150338745
        0.5103453887   0.0291718610  -0.0068163573  -0.0006960640   0.0029878812
        0.0007681237  -0.0010804309   0.0004549514  -0.0003928078   0.0000107824
       -0.0002279055  -0.0003604332   0.0000330493  -0.0000576953  -0.0001114665
       -0.0002013451  -0.0001534362  -0.0000913693   0.0003348287   0.0000442364
        0.0004695736   0.0000967890   0.0000227460   0.0001404314   0.0009573314
       -0.0008869535   0.0003179637   0.0002561598  -0.0002163303  -0.0006612538
       -0.0005141635  -0.0030424639   0.0019468733  -0.0061064807   0.0014285764
       -0.0010962670   0.0005699848   0.0004326704  -0.0003033753   0.0007382704
        0.0011921205  -0.0018239934  -0.0431668942  -0.0008805278   0.0772332660
       -0.2569889482   0.0006243352  -0.0375300557  -0.0971861037  -0.0924933434
        0.0008851743   0.0000881412  -0.0004058001   0.0000186110   0.0000174190
        0.0000254092   0.0000116925   0.0000562114   0.0000039915   0.0000847476
        0.0001431374   0.0001198625  -0.0000195616  -0.0000750721   0.0000205236
        0.0055264008   0.0093029810  -0.0300842662   0.0278224897   0.0468393235
       -0.1404296011   0.0003480328   0.0064474093  -0.0048733319   0.0236079381
        0.0291718610   0.4655680200   0.0084441285   0.0023915385  -0.0025893129
       -0.0007451582   0.0002964932   0.0001758636   0.0001139872   0.0001180290
        0.0001307860   0.0003959068   0.0000414128   0.0000415987   0.0003143511
        0.0000752505   0.0000747645  -0.0007572535  -0.0006109006  -0.0005790038
       -0.0003639478   0.0000163668   0.0000319678   0.0003097071   0.0011197988
        0.0009104713   0.0008878868   0.0006012201   0.0007304234  -0.0013841139
       -0.0019728775  -0.0052682470  -0.0001055048   0.0003667568   0.0004911160
        0.0003484581  -0.0005609672   0.0001753801   0.0002603789  -0.0008951397
        0.0008350701   0.0015129771  -0.0010141440  -0.0425941163  -0.0010406248
        0.0004135875  -0.0424382707  -0.0657826804  -0.0922822306  -0.2000889195
        0.0002059955   0.0001891248  -0.0001938752  -0.0000113488   0.0000278102
       -0.0000256307  -0.0000382701  -0.0000528856   0.0000462359   0.0001010974
       -0.0000493414  -0.0000075506   0.0000291665   0.0000195229  -0.0000395715
       -0.0188949155  -0.0067963306  -0.0084845404  -0.1803835414   0.0013284278
       -0.0000210149  -0.0177872103   0.0054575700   0.0000006402  -0.0189055604
       -0.0068163573   0.0084441285   0.5995841949   0.0145441975   0.0000942571
       -0.1457013827   0.1305144205   0.0000480251  -0.0346826760   0.0248337106
        0.0000060528   0.0044018689  -0.0000025662   0.0000012282  -0.0355373415
       -0.0246118828  -0.0000139422  -0.1557608751  -0.1384519609  -0.0000729579
        0.0006050261   0.0000695554  -0.0000000234   0.0006115819   0.0003644231
        0.0005969331  -0.0011944899  -0.0006087426  -0.0016518279   0.0005205801
        0.0003359476   0.0005087245   0.0006257093  -0.0004837381   0.0002579583
       -0.0013154334   0.0018841450   0.0000017810   0.0006264393  -0.0004843426
       -0.0002596450  -0.0011967672  -0.0006141893   0.0016515301   0.0006124262
        0.0003665768  -0.0005952789   0.0005207208   0.0003369717  -0.0005087860
        0.0070608942  -0.0125548312  -0.0000053100  -0.0055805945   0.0001469610
       -0.0000015394  -0.0058101220  -0.0000897755  -0.0000017955   0.0074665045
        0.0112540465   0.0000053526   0.0001149638   0.0000777639   0.0000000500
       -0.0145478314  -0.0006819934  -0.0024000922  -0.0033014638  -0.0644161874
       -0.0000040683   0.0259756200  -0.0016052849   0.0000041950  -0.0146093770
       -0.0006960640   0.0023915385   0.0145441975   0.6442022721   0.0002251135
        0.0567188330  -0.2514404800  -0.0000869582   0.0826015473   0.0259030933
        0.0000221844  -0.0014803107  -0.0679251586  -0.0000276255  -0.0817095474
        0.0271161865   0.0000013175  -0.0635123096  -0.2574511065  -0.0000952065
        0.0013754221   0.0017358164   0.0000011986  -0.0003738707  -0.0003756903
        0.0003287282  -0.0017511971  -0.0012320866  -0.0026017306   0.0002311971
        0.0004355735   0.0003989471  -0.0001037446   0.0004290534  -0.0000071191
        0.0031368841  -0.0049368592  -0.0000057244  -0.0001027298   0.0004305818
        0.0000081836  -0.0017595884  -0.0012466705   0.0026065823  -0.0003686222
       -0.0003742766  -0.0003328800   0.0002289340   0.0004373502  -0.0003976031
        0.0096438684  -0.0259814116  -0.0000108333  -0.0006241219   0.0015263964
       -0.0000026492   0.0006676507   0.0015092782  -0.0000029871  -0.0107949916
       -0.0260800884  -0.0000127368  -0.0000844480   0.0007177562   0.0000002256
       -0.0225499235  -0.0029911017  -0.0026249234  -0.0000371477  -0.0000028005
       -0.0549564046   0.0000290193  -0.0000026659   0.0005780733   0.0224996621
        0.0029878812  -0.0025893129   0.0000942571   0.0002251135   0.1508106956
        0.0000135686  -0.0000764756  -0.0501122363   0.0000324817   0.0000163526
        0.0004605053  -0.0000015030  -0.0000264418  -0.0059195117  -0.0000370192
        0.0000066882  -0.0000675929  -0.0000438787  -0.0001072562  -0.0476483468
        0.0000029051   0.0000008250  -0.0001616100   0.0000364440   0.0001917731
        0.0005365305  -0.0029001717  -0.0023926525  -0.0037132549  -0.0008658450
        0.0000646718   0.0001468488  -0.0002943204   0.0001072493   0.0000884743
        0.0000044975  -0.0000063189   0.0002579056   0.0002963113  -0.0001064825
        0.0000890113   0.0028967394   0.0023987959  -0.0036966355  -0.0000398908
       -0.0001935965   0.0005348371   0.0008662615  -0.0000641507   0.0001469962
        0.0000057058  -0.0000141607   0.0010449262  -0.0000026891  -0.0000027564
        0.0081447740  -0.0000015328  -0.0000025477   0.0077122560  -0.0000035810
       -0.0000099855   0.0007741389  -0.0000003505   0.0000000428   0.0001638558
       -0.0005320587   0.0007696909   0.0007481698  -0.0230018540   0.0229402906
        0.0000069827  -0.0047051170  -0.0002971927  -0.0000021384  -0.0005315878
        0.0007681237  -0.0007451582  -0.1457013827   0.0567188330   0.0000135686
        0.6736315056   0.0097530968   0.0000875670  -0.3488658668   0.0425649358
       -0.0000257959  -0.0363147131  -0.0827989204  -0.0000415171  -0.0472704485
        0.0286332861   0.0000067270   0.0578278808   0.0264294277   0.0000191693
        0.0011325916  -0.0006737047  -0.0000008008  -0.0011367503   0.0006389136
       -0.0003916850  -0.0001750306   0.0001954179  -0.0002765304  -0.0000978229
        0.0000970009  -0.0002046502  -0.0001384171  -0.0000394638  -0.0002110166
       -0.0008568801   0.0015511997   0.0000016161  -0.0001381365  -0.0000406179
        0.0002107359  -0.0001754620   0.0001962722   0.0002758696  -0.0011442355
        0.0006410409   0.0003942111  -0.0000984089   0.0000973612   0.0002042057
       -0.1024385607  -0.1087733306  -0.0000660040  -0.0169440324   0.0026093535
       -0.0000007066  -0.0001660949   0.0007766761   0.0000000050  -0.0010405168
       -0.0032251359  -0.0000030891  -0.0011186008   0.0004674453   0.0000002643
       -0.0002532516  -0.0010783376  -0.0003008019   0.0096616671   0.0003938169
        0.0000036596  -0.0007653225   0.0001294011  -0.0000008970  -0.0002502219
       -0.0010804309   0.0002964932   0.1305144205  -0.2514404800  -0.0000764756
        0.0097530968   0.6505540057   0.0002558737  -0.0342222645  -0.0934249735
       -0.0000292983  -0.0246781722   0.0320799094   0.0000120185   0.0304837632
       -0.0147996364  -0.0000004137  -0.0304483476  -0.0674926995  -0.0000354596
       -0.0017609126  -0.0061480188  -0.0000049465  -0.0009814938   0.0001508197
       -0.0007897526  -0.0004037503  -0.0000060875  -0.0001723632   0.0001348747
       -0.0001588695   0.0001909766   0.0000770464  -0.0001355128   0.0000378751
       -0.0003653402   0.0000259570   0.0000002634   0.0000773183  -0.0001358048
       -0.0000380140  -0.0004038919  -0.0000064866   0.0001730458  -0.0009874354
        0.0001487717   0.0007894416   0.0001345210  -0.0001574159  -0.0001908932
       -0.1078477257  -0.2405380922  -0.0001170166   0.0262929700  -0.0022845950
        0.0000027163   0.0006146832   0.0006036180   0.0000002140  -0.0027605779
       -0.0045302518  -0.0000051834  -0.0016156532  -0.0006686066  -0.0000010623
       -0.0008301905  -0.0004564638   0.0001734218   0.0000013569   0.0000074418
       -0.0012306773   0.0000001677  -0.0000022398   0.0008322356   0.0008307428
        0.0004549514   0.0001758636   0.0000480251  -0.0000869582  -0.0501122363
        0.0000875670   0.0002558737   0.1159913588  -0.0000633614  -0.0000198036
       -0.0414972479  -0.0000161715   0.0000056292  -0.0024290946   0.0000093502
       -0.0000008100  -0.0037716361  -0.0000082537  -0.0000279756   0.0015706091
       -0.0000001806  -0.0000052147   0.0054309387  -0.0005829512   0.0005481205
       -0.0001913475  -0.0002363651   0.0002078848  -0.0000125292  -0.0000563772
        0.0000629275   0.0001716942   0.0000284669  -0.0001080142  -0.0000125064
       -0.0000002165   0.0000001456   0.0000837912  -0.0000282672   0.0001079719
       -0.0000122403   0.0002355960  -0.0002083383  -0.0000122646   0.0005834314
       -0.0005478080  -0.0001930597   0.0000563106  -0.0000625564   0.0001723600
       -0.0000654463  -0.0001183310  -0.0335979697   0.0000097575  -0.0000006399
       -0.0000645955   0.0000002669   0.0000003738  -0.0002003252  -0.0000021441
       -0.0000054639   0.0075571782  -0.0000011137  -0.0000007030   0.0011782792
        0.0003664798  -0.0003932107  -0.0001148679   0.0012941529   0.0028349129
        0.0000021316  -0.0011702895  -0.0000437628  -0.0000007423   0.0003673613
       -0.0003928078   0.0001139872  -0.0346826760   0.0826015473   0.0000324817
       -0.3488658668  -0.0342222645  -0.0000633614   0.6879427754  -0.0114954703
        0.0000741159  -0.1385377866  -0.0524915959  -0.0000319759   0.0544622715
       -0.0279049851  -0.0000057591  -0.0486297269  -0.0291234428  -0.0000178576
       -0.0401235635  -0.0386944333  -0.0000218454  -0.0001151878  -0.0002790308
        0.0000324860   0.0001689661  -0.0000517382   0.0000602066  -0.0001083876
        0.0002008496   0.0000503380   0.0001305401  -0.0001204358   0.0002561228
       -0.0001447404   0.0001339156   0.0000000920   0.0001306606  -0.0001200445
       -0.0002565352   0.0001692220  -0.0000506321  -0.0000601781  -0.0001147132
       -0.0002788706  -0.0000336160  -0.0001085555   0.0002009937  -0.0000491604
       -0.0193955002  -0.0028293948  -0.0000030434  -0.1070032393   0.1104603447
        0.0000374405  -0.0006511548   0.0034558601   0.0000006567  -0.0001953444
       -0.0007076495   0.0000001699  -0.0051856973  -0.0006886544  -0.0000012862
       -0.0003984142   0.0000104668  -0.0001176545   0.0024161799  -0.0038945953
       -0.0000046710   0.0010264097  -0.0002496872   0.0000001260  -0.0003995312
        0.0000107824   0.0001180290   0.0248337106   0.0259030933   0.0000163526
        0.0425649358  -0.0934249735  -0.0000198036  -0.0114954703   0.6545818106
        0.0002357124  -0.1316234674  -0.2621758507  -0.0001067205   0.0253786814
       -0.0620396322  -0.0000237834  -0.0283849622  -0.0133075096  -0.0000072549
       -0.0111119034   0.0000089091  -0.0000036051   0.0001682147  -0.0000197303
        0.0001751684  -0.0001482213  -0.0000310571  -0.0000236674   0.0000365355
        0.0001110189  -0.0000302732   0.0000479658   0.0000482735  -0.0000164088
        0.0000811510  -0.0002785857  -0.0000004306   0.0000480549   0.0000482616
        0.0000165547  -0.0001483084  -0.0000302458   0.0000233227   0.0001689887
       -0.0000188142  -0.0001750831   0.0000364596   0.0001108538   0.0000306606
       -0.0272872210  -0.0025602284  -0.0000059446   0.1113893689  -0.2392585086
       -0.0000761526   0.0026943990  -0.0043576362  -0.0000043977  -0.0004198310
        0.0006880681   0.0000002014   0.0005262750   0.0001255167  -0.0000002767
        0.0006994968   0.0002276035   0.0001316700  -0.0000000663  -0.0000035294
        0.0058234803  -0.0000010096  -0.0000001171   0.0000724751  -0.0006977832
       -0.0002279055   0.0001307860   0.0000060528   0.0000221844   0.0004605053
       -0.0000257959  -0.0000292983  -0.0414972479   0.0000741159   0.0002357124
        0.1084739020  -0.0000674815  -0.0000976788  -0.0511262195   0.0000182977
       -0.0000311321   0.0005499292  -0.0000182078  -0.0000081955  -0.0035625979
       -0.0000102985  -0.0000058255   0.0037386287   0.0000523665  -0.0000030817
       -0.0000586426   0.0000741803   0.0001944840   0.0001678478   0.0000647148
       -0.0000530463  -0.0000239910   0.0000320658  -0.0000367619   0.0000075666
       -0.0000002197   0.0000002669  -0.0000186294  -0.0000320853   0.0000367178
        0.0000075372  -0.0000739302  -0.0001945772   0.0001667400  -0.0000520171
        0.0000029832  -0.0000587540  -0.0000648146   0.0000531927  -0.0000239421
       -0.0000158149  -0.0000017284   0.0007042127   0.0000384746  -0.0000757255
       -0.0326023441   0.0000002853  -0.0000041296   0.0071034614  -0.0000002153
        0.0000002374  -0.0000978393  -0.0000003105  -0.0000006494   0.0015314656
        0.0010472457  -0.0003585332  -0.0003971689  -0.0020754919   0.0004452657
        0.0000053209   0.0004776444   0.0005648249   0.0000003930   0.0010446611
       -0.0003604332   0.0003959068   0.0044018689  -0.0014803107  -0.0000015030
       -0.0363147131  -0.0246781722  -0.0000161715  -0.1385377866  -0.1316234674
       -0.0000674815   0.6267008209  -0.0014812369   0.0000620777  -0.1369699502
        0.1350530552   0.0000453564  -0.0337338514   0.0253405472   0.0000067310
       -0.2652699611   0.0079781631  -0.0000232028  -0.0002594902   0.0001204358
       -0.0000385705   0.0007489621   0.0002843315   0.0003293900  -0.0002576601
       -0.0000492736   0.0000704729  -0.0002400630  -0.0001124530   0.0001816052
        0.0006263060  -0.0001825561  -0.0000004955  -0.0002401337  -0.0001120764
       -0.0001822376   0.0007486888   0.0002848106  -0.0003280349  -0.0002596680
        0.0001207095   0.0000383819  -0.0002577710  -0.0000492723  -0.0000715207
       -0.0047535597   0.0005702958  -0.0000022204   0.0070984935   0.0147153305
        0.0000075200   0.0049682486  -0.0146421956  -0.0000061832  -0.0045900464
       -0.0003931202  -0.0000013800  -0.0241027937  -0.0099546689  -0.0000069853
       -0.0005854937   0.0000335762  -0.0000417644  -0.0003609902  -0.0010492392
       -0.0000022426   0.0002928712  -0.0001418245   0.0000001320  -0.0005850413
        0.0000330493   0.0000414128  -0.0000025662  -0.0679251586  -0.0000264418
       -0.0827989204   0.0320799094   0.0000056292  -0.0524915959  -0.2621758507
       -0.0000976788  -0.0014812369   0.6697124442   0.0002285571   0.0506590996
       -0.2714513312  -0.0000863625   0.0851819115   0.0289563767   0.0000236620
        0.0373833397  -0.0805731004  -0.0000119955   0.0000211541   0.0003073547
        0.0001471061  -0.0001627440   0.0000498387  -0.0001428551  -0.0000111496
       -0.0000477598  -0.0000126261  -0.0000644363   0.0001763251  -0.0002229989
        0.0000171292   0.0000550049   0.0000001891  -0.0000644401   0.0001757323
        0.0002234222  -0.0001627219   0.0000491891   0.0001425381   0.0000213576
        0.0003079466  -0.0001460908  -0.0000110331  -0.0000478422   0.0000117177
        0.0008461976   0.0015109534  -0.0000029978  -0.0117311647  -0.0279134673
       -0.0000138222   0.0104581824  -0.0271368213  -0.0000103063  -0.0008966485
        0.0016564061  -0.0000032576  -0.0334710600   0.0033582885  -0.0000029258
        0.0001318557   0.0000576160   0.0000418317  -0.0000002836  -0.0000006732
        0.0005990655   0.0000000900  -0.0000001094   0.0000993030  -0.0001322021
       -0.0000576953   0.0000415987   0.0000012282  -0.0000276255  -0.0059195117
       -0.0000415171   0.0000120185  -0.0024290946  -0.0000319759  -0.0001067205
       -0.0511262195   0.0000620777   0.0002285571   0.1269903893   0.0000087272
       -0.0000754610  -0.0494390363   0.0000332707   0.0000168018  -0.0022618404
       -0.0000118807  -0.0000164487  -0.0350037751   0.0000071332  -0.0000479925
        0.0000113874   0.0000212482  -0.0000062047   0.0000089194   0.0000031726
        0.0000136814  -0.0000526174   0.0000228836   0.0000370465  -0.0000448709
        0.0000000574   0.0000000454  -0.0000309021  -0.0000229616  -0.0000367767
       -0.0000449381  -0.0000211962   0.0000064258   0.0000089071  -0.0000072470
        0.0000482146   0.0000115773  -0.0000031635  -0.0000136640  -0.0000526993
       -0.0000017290  -0.0000036915   0.0088505132  -0.0000045627  -0.0000113499
        0.0018545625   0.0000046989  -0.0000133327   0.0009196901  -0.0000018454
       -0.0000027725   0.0083746353  -0.0000158786   0.0000001111  -0.0014068752
       -0.0013027190  -0.0001103926  -0.0003162452   0.0004736940  -0.0020436603
       -0.0000022713   0.0004331544  -0.0000390263  -0.0000000337  -0.0013031268
       -0.0001114665   0.0003143511  -0.0355373415  -0.0817095474  -0.0000370192
       -0.0472704485   0.0304837632   0.0000093502   0.0544622715   0.0253786814
        0.0000182977  -0.1369699502   0.0506590996   0.0000087272   0.6681306427
        0.0015443050   0.0000645574  -0.3337161606   0.0414905621  -0.0000170778
       -0.0441388802   0.0388525993   0.0000113128   0.0000527104   0.0003188397
        0.0001366246  -0.0001804015  -0.0000597959  -0.0002410764  -0.0000468603
       -0.0000945255   0.0000942111  -0.0002131995   0.0000542015   0.0000095174
        0.0001400768  -0.0000396944   0.0000003836  -0.0002135837   0.0000542429
       -0.0000090288  -0.0001805595  -0.0000608510   0.0002404762   0.0000530976
        0.0003193520  -0.0001352612  -0.0000465051  -0.0000945686  -0.0000952408
       -0.0002352368   0.0007432276   0.0000000044  -0.0010489773  -0.0034352988
       -0.0000024564  -0.1046835967  -0.1075835502  -0.0000517503  -0.0183995656
        0.0031213342  -0.0000017493   0.0017414655   0.0023621693   0.0000013964
       -0.0001506229  -0.0002010678  -0.0000757093  -0.0018334818  -0.0034507590
       -0.0000031432   0.0010267495   0.0002525893   0.0000001674  -0.0001520552
       -0.0002013451   0.0000752505  -0.0246118828   0.0271161865   0.0000066882
        0.0286332861  -0.0147996364  -0.0000008100  -0.0279049851  -0.0620396322
       -0.0000311321   0.1350530552  -0.2714513312  -0.0000754610   0.0015443050
        0.6619021199   0.0002291695  -0.0361298046  -0.0932399293  -0.0000251646
        0.0075765703  -0.0032100222  -0.0000031193  -0.0000554864  -0.0000031561
       -0.0000116756   0.0001099573  -0.0000172439  -0.0000304822  -0.0000214392
        0.0000239123   0.0000368888  -0.0000691614  -0.0000593382  -0.0002613307
        0.0002457159   0.0001016812  -0.0000000654  -0.0000689525  -0.0000600716
        0.0002611010   0.0001095321  -0.0000172957   0.0000308618  -0.0000554198
       -0.0000032289   0.0000115355  -0.0000214881   0.0000240534  -0.0000368526
        0.0005604724   0.0007470502   0.0000003359  -0.0027335348  -0.0041662915
       -0.0000052741  -0.1068142222  -0.2357537078  -0.0000951672   0.0273658794
       -0.0033604325   0.0000022252  -0.0016029866   0.0018668966   0.0000011636
        0.0014355678   0.0001534305   0.0000762753  -0.0000020378  -0.0000053182
        0.0067737234  -0.0000000109   0.0000001518   0.0001476418  -0.0014345644
       -0.0001534362   0.0000747645  -0.0000139422   0.0000013175  -0.0000675929
        0.0000067270  -0.0000004137  -0.0037716361  -0.0000057591  -0.0000237834
        0.0005499292   0.0000453564  -0.0000863625  -0.0494390363   0.0000645574
        0.0002291695   0.1074387851  -0.0000488220  -0.0000152283  -0.0430839615
       -0.0000022562   0.0000011485   0.0052512170   0.0000078242  -0.0000060597
       -0.0000275581   0.0002045880   0.0002123251   0.0003301631   0.0000740355
       -0.0000018203  -0.0000179930   0.0000899095  -0.0000034768  -0.0000342092
        0.0000000585   0.0000001650   0.0000308704  -0.0000900970   0.0000034795
       -0.0000339474  -0.0002046223  -0.0002131422   0.0003291558  -0.0000077393
        0.0000062601  -0.0000275207  -0.0000739592   0.0000018402  -0.0000179042
        0.0000002863   0.0000003304  -0.0000808034  -0.0000021040  -0.0000052314
        0.0071053700  -0.0000514471  -0.0000953668  -0.0312642424   0.0000089593
       -0.0000013898   0.0008537431  -0.0000005084   0.0000014116  -0.0010952335
       -0.0021005599  -0.0000925396   0.0007574082  -0.0197619347  -0.0222926872
       -0.0000088785  -0.0010320700  -0.0008654739  -0.0000021637  -0.0021080264
       -0.0000913693  -0.0007572535  -0.1557608751  -0.0635123096  -0.0000438787
        0.0578278808  -0.0304483476  -0.0000082537  -0.0486297269  -0.0283849622
       -0.0000182078  -0.0337338514   0.0851819115   0.0000332707  -0.3337161606
       -0.0361298046  -0.0000488220   0.6581875882  -0.0075412669   0.0000647300
       -0.0009888127   0.0005315360  -0.0000014452  -0.0001451061  -0.0002429191
       -0.0001238099  -0.0002941910  -0.0005156363  -0.0008072266   0.0000287427
        0.0002020697   0.0000223981  -0.0008539868  -0.0002180269   0.0002403915
       -0.0000789252  -0.0006291131  -0.0000004888  -0.0008508381  -0.0002162883
       -0.0002406073  -0.0002960303  -0.0005184805   0.0008073176  -0.0001455697
       -0.0002430827   0.0001227886   0.0000281966   0.0002023233  -0.0000219383
       -0.0007142959   0.0032881129   0.0000012611  -0.0001798316  -0.0006926814
       -0.0000005305  -0.0180042824  -0.0024659567  -0.0000025939  -0.0964365789
        0.1065233299   0.0000371570  -0.0002407547  -0.0008283373  -0.0000006242
        0.0013108538   0.0003330207   0.0006149885  -0.0080843249  -0.0004997629
       -0.0000025114  -0.0003516213  -0.0006527994   0.0000004412   0.0013097672
        0.0003348287  -0.0006109006  -0.1384519609  -0.2574511065  -0.0001072562
        0.0264294277  -0.0674926995  -0.0000279756  -0.0291234428  -0.0133075096
       -0.0000081955   0.0253405472   0.0289563767   0.0000168018   0.0414905621
       -0.0932399293  -0.0000152283  -0.0075412669   0.6664091194   0.0002327090
        0.0033285231  -0.0055945499  -0.0000052535  -0.0000153989  -0.0002596009
       -0.0000206861   0.0004697617   0.0000367307   0.0000862302  -0.0001144401
        0.0001544365  -0.0001169419   0.0005603279   0.0002599550   0.0006129960
        0.0002811969  -0.0005164119  -0.0000010577   0.0005581589   0.0002611919
       -0.0006126560   0.0004694797   0.0000371678  -0.0000856250  -0.0000153629
       -0.0002588195   0.0000201115  -0.0001150027   0.0001533478   0.0001174946
        0.0027442353  -0.0048239260  -0.0000049061  -0.0005373577   0.0005972526
       -0.0000003879  -0.0265862972  -0.0018968058  -0.0000035983   0.1065537856
       -0.2510086072  -0.0000783600   0.0000898495  -0.0005308995  -0.0000002327
       -0.0009544541  -0.0000410830  -0.0005791101  -0.0000082665  -0.0000082118
        0.0009473548   0.0000006993   0.0000023395  -0.0008738319   0.0009555611
        0.0000442364  -0.0005790038  -0.0000729579  -0.0000952065  -0.0476483468
        0.0000191693  -0.0000354596   0.0015706091  -0.0000178576  -0.0000072549
       -0.0035625979   0.0000067310   0.0000236620  -0.0022618404  -0.0000170778
       -0.0000251646  -0.0430839615   0.0000647300   0.0002327090   0.1146600745
        0.0000001551  -0.0000051569   0.0068421657  -0.0000080257  -0.0000279088
        0.0000438593  -0.0002025221  -0.0000370094  -0.0001028990  -0.0000060132
       -0.0000026502   0.0000736654  -0.0003262069  -0.0002503634   0.0002774543
        0.0000003637  -0.0000003900   0.0003362219   0.0003262805   0.0002494870
        0.0002781875   0.0002029640   0.0000373348  -0.0001026091   0.0000076029
        0.0000274562   0.0000441389   0.0000057174   0.0000021683   0.0000734071
        0.0000000777  -0.0000051625   0.0072631316  -0.0000003562   0.0000001774
       -0.0001650631  -0.0000129033  -0.0000009275  -0.0001364431   0.0000366164
       -0.0000772138  -0.0336078704  -0.0000000272  -0.0000004078   0.0002933069
       -0.0011788391   0.0004678139   0.0003657921   0.0013575388  -0.0007743573
       -0.0000069748  -0.0007838963  -0.0006655285  -0.0000004943  -0.0011766216
        0.0004695736  -0.0003639478   0.0006050261   0.0013754221   0.0000029051
        0.0011325916  -0.0017609126  -0.0000001806  -0.0401235635  -0.0111119034
       -0.0000102985  -0.2652699611   0.0373833397  -0.0000118807  -0.0441388802
        0.0075765703  -0.0000022562  -0.0009888127   0.0033285231   0.0000001551
        0.4292762099   0.1000762475   0.0000832454   0.0003321453  -0.0000263855
        0.0001768365  -0.0006450056  -0.0002296125  -0.0003129525   0.0002386314
        0.0000823508   0.0000233553   0.0003300100   0.0000466343   0.0000247599
       -0.0005517745   0.0000349174   0.0000006348   0.0003300176   0.0000467513
       -0.0000239741  -0.0006447873  -0.0002299433   0.0003116698   0.0003325776
       -0.0000261501  -0.0001761683   0.0002387664   0.0000821164  -0.0000222342
       -0.0014596134  -0.0008298993  -0.0000006614   0.0015002231   0.0001332810
        0.0000007121   0.0030356696  -0.0012764392   0.0000004971  -0.0020539973
        0.0008087169   0.0000002005  -0.0796936547  -0.1349811265  -0.0000587401
       -0.0000037583   0.0000967920  -0.0000162653  -0.0000051973   0.0000463066
        0.0000008137   0.0001838993   0.0001679315   0.0000001208  -0.0000042688
        0.0000967890   0.0000163668   0.0000695554   0.0017358164   0.0000008250
       -0.0006737047  -0.0061480188  -0.0000052147  -0.0386944333   0.0000089091
       -0.0000058255   0.0079781631  -0.0805731004  -0.0000164487   0.0388525993
       -0.0032100222   0.0000011485   0.0005315360  -0.0055945499  -0.0000051569
        0.1000762475   0.4632141099   0.0001733693   0.0000425545  -0.0000264258
        0.0000048894   0.0000357973  -0.0000025574   0.0000296378  -0.0000023870
       -0.0000292747  -0.0000186352  -0.0000552743  -0.0000334509  -0.0000563953
        0.0000756143   0.0000129008  -0.0000000089  -0.0000552941  -0.0000335946
        0.0000562439   0.0000356518  -0.0000023671  -0.0000295887   0.0000425935
       -0.0000262674  -0.0000048153  -0.0000023237  -0.0000292415   0.0000185565
       -0.0014966129  -0.0003359906  -0.0000005881   0.0007347843   0.0016458535
        0.0000020947   0.0010697901   0.0016733423   0.0000013238   0.0015423075
       -0.0003667359   0.0000000576  -0.1102778394  -0.3722871539  -0.0001465052
       -0.0002027067  -0.0000225362   0.0000320202   0.0000007441   0.0000005099
       -0.0012344750   0.0000001062   0.0000000058  -0.0000132479   0.0002022126
        0.0000227460   0.0000319678  -0.0000000234   0.0000011986  -0.0001616100
       -0.0000008008  -0.0000049465   0.0054309387  -0.0000218454  -0.0000036051
        0.0037386287  -0.0000232028  -0.0000119955  -0.0350037751   0.0000113128
       -0.0000031193   0.0052512170  -0.0000014452  -0.0000052535   0.0068421657
        0.0000832454   0.0001733693   0.0251464911   0.0000095685   0.0000022494
       -0.0000204033  -0.0000396565  -0.0000415939  -0.0000478352   0.0000153420
       -0.0000131396   0.0000080471  -0.0000103803  -0.0000099178   0.0000072570
       -0.0000000767   0.0000000532  -0.0000109567   0.0000104275   0.0000098939
        0.0000073287   0.0000394349   0.0000415981  -0.0000475243  -0.0000094311
       -0.0000021945  -0.0000203919  -0.0000152304   0.0000131313   0.0000081336
       -0.0000006700  -0.0000002801   0.0000441058   0.0000010966   0.0000021819
       -0.0029544175   0.0000009183   0.0000011996  -0.0016400308   0.0000005518
        0.0000000240  -0.0001717667  -0.0000494914  -0.0001495789  -0.0052218668
       -0.0708995394   0.0773029899   0.0012367213   0.0026727681  -0.0074372388
        0.0002043208   0.0000509884  -0.0007707238  -0.0010426299   0.0001618410
        0.0001404314   0.0003097071   0.0006115819  -0.0003738707   0.0000364440
       -0.0011367503  -0.0009814938  -0.0005829512  -0.0001151878   0.0001682147
        0.0000523665  -0.0002594902   0.0000211541   0.0000071332   0.0000527104
       -0.0000554864   0.0000078242  -0.0001451061  -0.0000153989  -0.0000080257
        0.0003321453   0.0000425545   0.0000095685   0.0815496940  -0.0907893386
        0.0009047222  -0.0160990378   0.0325219041  -0.0005906905   0.0038921497
       -0.0101252360   0.0008697105  -0.0001140752  -0.0000436847   0.0000376834
        0.0001211121  -0.0000492428  -0.0001128249   0.0003803814  -0.0003666831
       -0.0001247481  -0.0002439093   0.0001986554  -0.0000112248   0.0003349375
       -0.0000900723   0.0001156586  -0.0001014186  -0.0001230916  -0.0000136829
       -0.0010945285   0.0006451971  -0.0012755990   0.0000065311   0.0000217508
       -0.0000123762   0.0000371558   0.0000516145   0.0000024954   0.0000232368
        0.0001083202  -0.0000135851  -0.0000181903  -0.0000012253  -0.0000060174
        0.0770746104  -0.2569143161  -0.0009608020   0.0043785792  -0.0176023475
       -0.0030807854  -0.0014937375  -0.0020034971  -0.0038479414  -0.0000321568
        0.0009573314   0.0011197988   0.0003644231  -0.0003756903   0.0001917731
        0.0006389136   0.0001508197   0.0005481205  -0.0002790308  -0.0000197303
       -0.0000030817   0.0001204358   0.0003073547  -0.0000479925   0.0003188397
       -0.0000031561  -0.0000060597  -0.0002429191  -0.0002596009  -0.0000279088
       -0.0000263855  -0.0000264258   0.0000022494  -0.0907893386   0.2981919073
        0.0020287236   0.0034507977  -0.0027851170   0.0004927929   0.0058743888
       -0.0200394278   0.0038618178   0.0000396228   0.0003192233  -0.0001098725
       -0.0002742268   0.0001335514   0.0000624250   0.0004417380  -0.0012465535
       -0.0003651912   0.0000838135  -0.0001530604  -0.0000742956  -0.0000893712
        0.0004227010  -0.0002415759   0.0000144569   0.0000266427   0.0002517912
        0.0001645172   0.0007725182   0.0001613126   0.0000804412   0.0000073112
        0.0000171169   0.0000316591  -0.0000069944   0.0000064389   0.0001345372
        0.0000977307   0.0000208874   0.0000153922   0.0000488254   0.0000002588
        0.0012734593  -0.0011702788  -0.0424443317   0.0075578538  -0.0229264062
       -0.0019717886  -0.0015061440  -0.0030467104  -0.0038675372   0.0001075000
       -0.0008869535   0.0009104713   0.0005969331   0.0003287282   0.0005365305
       -0.0003916850  -0.0007897526  -0.0001913475   0.0000324860   0.0001751684
       -0.0000586426  -0.0000385705   0.0001471061   0.0000113874   0.0001366246
       -0.0000116756  -0.0000275581  -0.0001238099  -0.0000206861   0.0000438593
        0.0001768365   0.0000048894  -0.0000204033   0.0009047222   0.0020287236
        0.0495775117   0.0005388952  -0.0001378701   0.0008601371  -0.0083719702
        0.0267735275  -0.0019502950  -0.0000894407  -0.0000001639  -0.0000803763
       -0.0000766124   0.0001156252  -0.0001032657   0.0004509178  -0.0016082943
       -0.0001662476   0.0000835840   0.0000231796  -0.0000856068  -0.0001142937
        0.0002451848  -0.0007210557  -0.0000090475   0.0001173713   0.0001819292
       -0.0012683000   0.0005669877  -0.0004286820   0.0000335625   0.0000003003
        0.0000050052   0.0000354905   0.0000111117  -0.0000060188   0.0000641765
        0.0000462212  -0.0000190846  -0.0000031681   0.0000146665   0.0000154097
       -0.2814425019  -0.0018973809  -0.0016582441  -0.0145268291  -0.0021504869
       -0.0037997194   0.0009157002   0.0008626047   0.0008381432   0.0008230525
        0.0003179637   0.0008878868  -0.0011944899  -0.0017511971  -0.0029001717
       -0.0001750306  -0.0004037503  -0.0002363651   0.0001689661  -0.0001482213
        0.0000741803   0.0007489621  -0.0001627440   0.0000212482  -0.0001804015
        0.0001099573   0.0002045880  -0.0002941910   0.0004697617  -0.0002025221
       -0.0006450056   0.0000357973  -0.0000396565  -0.0160990378   0.0034507977
        0.0005388952   0.3271487891   0.0027225849   0.0031271141  -0.0157904579
       -0.0013209035   0.0031778915  -0.0002635994  -0.0001827700   0.0000466755
        0.0005481924  -0.0001862399  -0.0001460641   0.0000848783   0.0001880779
        0.0002346592   0.0004286774  -0.0000003468  -0.0003346696  -0.0002439763
        0.0000843201  -0.0000837807   0.0000811711   0.0000936070   0.0002244446
       -0.0000263140  -0.0000734932   0.0000528588  -0.0000231843   0.0000329670
       -0.0000062574  -0.0000998136  -0.0000577956   0.0000277384  -0.0000040907
       -0.0000386286  -0.0000554253   0.0000605347   0.0000055190   0.0000065520
       -0.0020709204  -0.0431750432   0.0010106303  -0.0145229327  -0.0012758260
       -0.0023051080  -0.0011311025   0.0002719350  -0.0003313709   0.0003526855
        0.0002561598   0.0006012201  -0.0006087426  -0.0012320866  -0.0023926525
        0.0001954179  -0.0000060875   0.0002078848  -0.0000517382  -0.0000310571
        0.0001944840   0.0002843315   0.0000498387  -0.0000062047  -0.0000597959
       -0.0000172439   0.0002123251  -0.0005156363   0.0000367307  -0.0000370094
       -0.0002296125  -0.0000025574  -0.0000415939   0.0325219041  -0.0027851170
       -0.0001378701   0.0027225849   0.0487952365   0.0016126811  -0.0171528592
       -0.0003493664   0.0020178525  -0.0001247563  -0.0001642331   0.0001196580
        0.0003305346  -0.0006362691  -0.0007143514   0.0001068055   0.0000561240
        0.0001676308  -0.0000010251   0.0002831299   0.0000343881   0.0001988544
       -0.0001531587  -0.0000231139  -0.0000382086  -0.0000999867   0.0000775042
       -0.0001349048   0.0001227395  -0.0002210904  -0.0000145621   0.0000173951
        0.0000165988  -0.0000466748  -0.0000116284   0.0000046222  -0.0000326929
        0.0000298032  -0.0000552727   0.0000230466   0.0000205688  -0.0000118418
       -0.0019767595   0.0008774067  -0.0425885046  -0.0251614555  -0.0018823195
       -0.0031091571  -0.0004711360   0.0007394606   0.0004666898  -0.0008183118
       -0.0002163303   0.0007304234  -0.0016518279  -0.0026017306  -0.0037132549
       -0.0002765304  -0.0001723632  -0.0000125292   0.0000602066  -0.0000236674
        0.0001678478   0.0003293900  -0.0001428551   0.0000089194  -0.0002410764
       -0.0000304822   0.0003301631  -0.0008072266   0.0000862302  -0.0001028990
       -0.0003129525   0.0000296378  -0.0000478352  -0.0005906905   0.0004927929
        0.0008601371   0.0031271141   0.0016126811   0.0495524897   0.0278649103
        0.0013902839  -0.0017283740   0.0001997698   0.0000098762  -0.0001002998
        0.0002044327  -0.0005625422  -0.0000650479  -0.0000071963   0.0001960992
        0.0000350812   0.0003357381  -0.0000320537  -0.0006753769   0.0000114224
        0.0000744000  -0.0000854945   0.0001644425   0.0000571122   0.0001862050
        0.0000472580   0.0000585820  -0.0000461183   0.0000042718   0.0000112570
       -0.0000012872  -0.0000741415  -0.0000174288   0.0000230677   0.0000111356
        0.0000349154  -0.0000779439   0.0000292130   0.0000110379  -0.0000069016
       -0.0709880061  -0.0377590726   0.0657241796   0.0027549201   0.0038830316
       -0.0073416181   0.0001177884   0.0002293316   0.0002091851   0.0001084058
       -0.0006612538  -0.0013841139   0.0005205801   0.0002311971  -0.0008658450
       -0.0000978229   0.0001348747  -0.0000563772  -0.0001083876   0.0000365355
        0.0000647148  -0.0002576601  -0.0000111496   0.0000031726  -0.0000468603
       -0.0000214392   0.0000740355   0.0000287427  -0.0001144401  -0.0000060132
        0.0002386314  -0.0000023870   0.0000153420   0.0038921497   0.0058743888
       -0.0083719702  -0.0157904579  -0.0171528592   0.0278649103   0.0791936978
        0.0450810399  -0.0754327798   0.0002856930   0.0002815493   0.0000498607
       -0.0002374864  -0.0001500050   0.0001481022  -0.0000971520   0.0000489279
       -0.0001241129   0.0000814185  -0.0000378937  -0.0001646849  -0.0001015747
        0.0000146821   0.0000087962   0.0003222810   0.0001168504  -0.0004327062
        0.0000888175  -0.0000456655   0.0000246578   0.0000319068  -0.0000223689
        0.0000012527   0.0000401765   0.0000188518  -0.0000025905   0.0000527344
        0.0000382309   0.0000102822  -0.0000325357  -0.0000109571  -0.0000156797
       -0.0378830376  -0.0977249659   0.0925647421   0.0040935289   0.0056222696
       -0.0100413809   0.0000283242   0.0007114084  -0.0011270286  -0.0004977607
       -0.0005141635  -0.0019728775   0.0003359476   0.0004355735   0.0000646718
        0.0000970009  -0.0001588695   0.0000629275   0.0002008496   0.0001110189
       -0.0000530463  -0.0000492736  -0.0000477598   0.0000136814  -0.0000945255
        0.0000239123  -0.0000018203   0.0002020697   0.0001544365  -0.0000026502
        0.0000823508  -0.0000292747  -0.0000131396  -0.0101252360  -0.0200394278
        0.0267735275  -0.0013209035  -0.0003493664   0.0013902839   0.0450810399
        0.1121943797  -0.1068150526  -0.0000252649  -0.0004664141  -0.0002389576
        0.0000109888  -0.0000865708   0.0000840641  -0.0000233964  -0.0000208124
        0.0000919332   0.0000941822  -0.0000995725  -0.0000578084  -0.0001229716
        0.0000277834  -0.0001179630   0.0001162353   0.0004018241  -0.0006036382
       -0.0001626830  -0.0000416993   0.0000081335  -0.0000110224  -0.0000273368
        0.0000041469   0.0000137909  -0.0000060738   0.0000122000  -0.0000283889
       -0.0000807271  -0.0000273989  -0.0000118445   0.0000104281   0.0000024502
        0.0657795795   0.0927745601  -0.1994948044   0.0067193007   0.0102186773
       -0.0254059061  -0.0000400174   0.0009364068   0.0008980550  -0.0020958839
       -0.0030424639  -0.0052682470   0.0005087245   0.0003989471   0.0001468488
       -0.0002046502   0.0001909766   0.0001716942   0.0000503380  -0.0000302732
       -0.0000239910   0.0000704729  -0.0000126261  -0.0000526174   0.0000942111
        0.0000368888  -0.0000179930   0.0000223981  -0.0001169419   0.0000736654
        0.0000233553  -0.0000186352   0.0000080471   0.0008697105   0.0038618178
       -0.0019502950   0.0031778915   0.0020178525  -0.0017283740  -0.0754327798
       -0.1068150526   0.2340267647  -0.0000610352  -0.0007660944   0.0001102147
        0.0001181889  -0.0000246839  -0.0001669928   0.0000027662   0.0001816364
        0.0002303024  -0.0002241400  -0.0000780935   0.0001854474   0.0000130540
       -0.0002523918   0.0001811177   0.0004347531   0.0006098267  -0.0018621264
        0.0000695805   0.0000103693  -0.0000270046   0.0000572655   0.0000033197
       -0.0000114117   0.0000481698  -0.0000081302  -0.0000084361   0.0000020755
       -0.0000913335  -0.0000228145  -0.0000033292   0.0000154413   0.0000088567
        0.0001912068  -0.0003028523  -0.0002618006   0.0032394501   0.0057377266
       -0.0091529036  -0.0614512860  -0.0338307954   0.0546655516  -0.0003174270
        0.0019468733  -0.0001055048   0.0006257093  -0.0001037446  -0.0002943204
       -0.0001384171   0.0000770464   0.0000284669   0.0001305401   0.0000479658
        0.0000320658  -0.0002400630  -0.0000644363   0.0000228836  -0.0002131995
       -0.0000691614   0.0000899095  -0.0008539868   0.0005603279  -0.0003262069
        0.0003300100  -0.0000552743  -0.0000103803  -0.0001140752   0.0000396228
       -0.0000894407  -0.0002635994  -0.0001247563   0.0001997698   0.0002856930
       -0.0000252649  -0.0000610352   0.0718672656   0.0394185016  -0.0636546669
       -0.0140233766  -0.0172728577   0.0283530905   0.0026406113   0.0039243206
       -0.0078281745   0.0000852170   0.0001065874   0.0000078325   0.0003809839
        0.0004424347  -0.0004491908  -0.0000972820  -0.0000234326  -0.0000030321
        0.0000225891  -0.0001121344  -0.0000114254   0.0000284612  -0.0000395964
        0.0000007866   0.0000293849  -0.0000084471  -0.0000132001  -0.0020947590
       -0.0002648501  -0.0011326957  -0.0000496508  -0.0000038031  -0.0000063786
       -0.0000660881   0.0007400006   0.0008965569  -0.0066489882  -0.0177510183
        0.0228735897  -0.0339912642  -0.1024256751   0.0977048866   0.0024507240
       -0.0061064807   0.0003667568  -0.0004837381   0.0004290534   0.0001072493
       -0.0000394638  -0.0001355128  -0.0001080142  -0.0001204358   0.0000482735
       -0.0000367619  -0.0001124530   0.0001763251   0.0000370465   0.0000542015
       -0.0000593382  -0.0000034768  -0.0002180269   0.0002599550  -0.0002503634
        0.0000466343  -0.0000334509  -0.0000099178  -0.0000436847   0.0003192233
       -0.0000001639  -0.0001827700  -0.0001642331   0.0000098762   0.0002815493
       -0.0004664141  -0.0007660944   0.0394185016   0.1201815762  -0.1146732516
       -0.0037232699  -0.0020022372   0.0049254124   0.0039032465   0.0076129052
       -0.0122865043   0.0001890736   0.0000568716  -0.0001959776  -0.0003682076
       -0.0012519635   0.0016051657   0.0000485722  -0.0000202035  -0.0001820179
       -0.0000792447   0.0000106187   0.0000371669  -0.0000413701  -0.0000133608
        0.0000070833  -0.0000621761   0.0000015038  -0.0000002582  -0.0002073070
        0.0005734597  -0.0000601751  -0.0000040148   0.0000201223   0.0000021869
        0.0000595284  -0.0011944315   0.0008352602  -0.0003927721   0.0034452784
       -0.0022806679   0.0546374622   0.0977321359  -0.2044395896  -0.0007079381
        0.0014285764   0.0004911160   0.0002579583  -0.0000071191   0.0000884743
       -0.0002110166   0.0000378751  -0.0000125064   0.0002561228  -0.0000164088
        0.0000075666   0.0001816052  -0.0002229989  -0.0000448709   0.0000095174
       -0.0002613307  -0.0000342092   0.0002403915   0.0006129960   0.0002774543
        0.0000247599  -0.0000563953   0.0000072570   0.0000376834  -0.0001098725
       -0.0000803763   0.0000466755   0.0001196580  -0.0001002998   0.0000498607
       -0.0002389576   0.0001102147  -0.0636546669  -0.1146732516   0.2354275285
        0.0027214463   0.0015597246  -0.0021273806   0.0078324241   0.0123723162
       -0.0279919788  -0.0002342666  -0.0001674320   0.0000340062   0.0001241452
        0.0003623284  -0.0001612457   0.0001240281  -0.0000928246   0.0002297500
        0.0000452701  -0.0000759997  -0.0000171755   0.0000106454  -0.0000050747
        0.0000015266   0.0000142886  -0.0000239655   0.0000082013  -0.0014547357
       -0.0005313755  -0.0002262861  -0.0000184170   0.0000065491  -0.0000017689
        0.0008703626  -0.0010931981  -0.0003501921  -0.0180781642   0.0030181427
        0.0000040443  -0.2791454991  -0.0223953397  -0.0000089676   0.0008715203
       -0.0010962670   0.0003484581  -0.0013154334   0.0031368841   0.0000044975
       -0.0008568801  -0.0003653402  -0.0000002165  -0.0001447404   0.0000811510
       -0.0000002197   0.0006263060   0.0000171292   0.0000000574   0.0001400768
        0.0002457159   0.0000000585  -0.0000789252   0.0002811969   0.0000003637
       -0.0005517745   0.0000756143  -0.0000000767   0.0001211121  -0.0002742268
       -0.0000766124   0.0005481924   0.0003305346   0.0002044327  -0.0002374864
        0.0000109888   0.0001181889  -0.0140233766  -0.0037232699   0.0027214463
        0.3250290175   0.0250100418   0.0000086691  -0.0140274975  -0.0037167623
       -0.0027278748   0.0005479482   0.0003314677  -0.0002037281   0.0001211854
       -0.0002748768   0.0000761497  -0.0002375942   0.0000114343  -0.0001185731
        0.0000279499   0.0000891262   0.0000001317  -0.0001091669   0.0000696968
       -0.0000000595  -0.0000272183  -0.0000253719  -0.0000000151  -0.0001350013
        0.0002767658   0.0000000647   0.0000650867  -0.0000212373  -0.0000000272
        0.0009976262   0.0005701152   0.0005621884   0.0279778609  -0.0008720385
       -0.0000015246  -0.0224851390  -0.0439407262   0.0000005910   0.0010033896
        0.0005699848  -0.0005609672   0.0018841450  -0.0049368592  -0.0000063189
        0.0015511997   0.0000259570   0.0000001456   0.0001339156  -0.0002785857
        0.0000002669  -0.0001825561   0.0000550049   0.0000000454  -0.0000396944
        0.0001016812   0.0000001650  -0.0006291131  -0.0005164119  -0.0000003900
        0.0000349174   0.0000129008   0.0000000532  -0.0000492428   0.0001335514
        0.0001156252  -0.0001862399  -0.0006362691  -0.0005625422  -0.0001500050
       -0.0000865708  -0.0000246839  -0.0172728577  -0.0020022372   0.0015597246
        0.0250100418   0.0539814111   0.0000008144  -0.0172045045  -0.0019869333
       -0.0015558821  -0.0001863507  -0.0006425791   0.0005624915  -0.0000490526
        0.0001342327  -0.0001151451  -0.0001497598  -0.0000862480   0.0000249244
       -0.0000057129   0.0000777070  -0.0000001098   0.0001074330  -0.0000096268
        0.0000000783  -0.0000052274   0.0000088634   0.0000000365  -0.0001187454
        0.0003124947   0.0000004306   0.0000136721   0.0000111817  -0.0000000172
        0.0009171571  -0.0004298985   0.0001764169   0.0000361428  -0.0000000072
       -0.0000421956  -0.0000081474   0.0000001742  -0.0441867214  -0.0009158284
        0.0004326704   0.0001753801   0.0000017810  -0.0000057244   0.0002579056
        0.0000016161   0.0000002634   0.0000837912   0.0000000920  -0.0000004306
       -0.0000186294  -0.0000004955   0.0000001891  -0.0000309021   0.0000003836
       -0.0000000654   0.0000308704  -0.0000004888  -0.0000010577   0.0003362219
        0.0000006348  -0.0000000089  -0.0000109567  -0.0001128249   0.0000624250
       -0.0001032657  -0.0001460641  -0.0007143514  -0.0000650479   0.0001481022
        0.0000840641  -0.0001669928   0.0283530905   0.0049254124  -0.0021273806
        0.0000086691   0.0000008144   0.0483303359  -0.0283921626  -0.0049238510
       -0.0021372784   0.0001450005   0.0007144581  -0.0000619701   0.0001125430
       -0.0000617817  -0.0001039442  -0.0001487087  -0.0000838351  -0.0001672946
       -0.0000000374   0.0000000112   0.0000229612   0.0000001832   0.0000000338
       -0.0000175159   0.0000000637   0.0000000065   0.0000269135  -0.0000006347
        0.0000004419  -0.0002005977  -0.0000000671   0.0000000470  -0.0000001035
       -0.0003178531   0.0019486617   0.0001110257   0.0032391427   0.0057172215
        0.0091663852  -0.0614741805  -0.0337189780  -0.0547759618   0.0001904965
       -0.0003033753   0.0002603789   0.0006264393  -0.0001027298   0.0002963113
       -0.0001381365   0.0000773183  -0.0000282672   0.0001306606   0.0000480549
       -0.0000320853  -0.0002401337  -0.0000644401  -0.0000229616  -0.0002135837
       -0.0000689525  -0.0000900970  -0.0008508381   0.0005581589   0.0003262805
        0.0003300176  -0.0000552941   0.0000104275   0.0003803814   0.0004417380
        0.0004509178   0.0000848783   0.0001068055  -0.0000071963  -0.0000971520
       -0.0000233964   0.0000027662   0.0026406113   0.0039032465   0.0078324241
       -0.0140274975  -0.0172045045  -0.0283921626   0.0718846269   0.0392809657
        0.0637784298  -0.0002634323  -0.0001237611  -0.0002003110  -0.0001139776
        0.0000396182   0.0000893645   0.0002858663  -0.0000258150   0.0000618488
        0.0000225788  -0.0001121222   0.0000113505   0.0000284914  -0.0000395947
       -0.0000008553   0.0000294750  -0.0000084363   0.0000132632  -0.0020872311
       -0.0002665862   0.0011323595  -0.0000496500  -0.0000038030   0.0000063646
        0.0024490087  -0.0061007762  -0.0003822759  -0.0066498358  -0.0176877213
       -0.0229126892  -0.0338785247  -0.1019543270  -0.0974485321  -0.0000650995
        0.0007382704  -0.0008951397  -0.0004843426   0.0004305818  -0.0001064825
       -0.0000406179  -0.0001358048   0.0001079719  -0.0001200445   0.0000482616
        0.0000367178  -0.0001120764   0.0001757323  -0.0000367767   0.0000542429
       -0.0000600716   0.0000034795  -0.0002162883   0.0002611919   0.0002494870
        0.0000467513  -0.0000335946   0.0000098939  -0.0003666831  -0.0012465535
       -0.0016082943   0.0001880779   0.0000561240   0.0001960992   0.0000489279
       -0.0000208124   0.0001816364   0.0039243206   0.0076129052   0.0123723162
       -0.0037167623  -0.0019869333  -0.0049238510   0.0392809657   0.1196289095
        0.1143850433  -0.0001822952  -0.0001637067  -0.0000101572  -0.0000434305
        0.0003186643   0.0000016653   0.0002808820  -0.0004690291   0.0007636442
       -0.0000789593   0.0000103866  -0.0000370899  -0.0000413993  -0.0000133900
       -0.0000071410  -0.0000621556   0.0000014082   0.0000002577  -0.0002106521
        0.0005702314   0.0000623932  -0.0000040098   0.0000200533  -0.0000021761
        0.0007139504  -0.0014457234   0.0004863707   0.0003784570  -0.0034829258
       -0.0023446502  -0.0547467716  -0.0974739654  -0.2048894184  -0.0000601051
        0.0011921205   0.0008350701  -0.0002596450   0.0000081836   0.0000890113
        0.0002107359  -0.0000380140  -0.0000122403  -0.0002565352   0.0000165547
        0.0000075372  -0.0001822376   0.0002234222  -0.0000449381  -0.0000090288
        0.0002611010  -0.0000339474  -0.0002406073  -0.0006126560   0.0002781875
       -0.0000239741   0.0000562439   0.0000073287  -0.0001247481  -0.0003651912
       -0.0001662476   0.0002346592   0.0001676308   0.0000350812  -0.0001241129
        0.0000919332   0.0002303024  -0.0078281745  -0.0122865043  -0.0279919788
       -0.0027278748  -0.0015558821  -0.0021372784   0.0637784298   0.1143850433
        0.2359580666  -0.0000471756  -0.0001198266  -0.0001007736  -0.0000377986
        0.0001106007  -0.0000800982  -0.0000486813   0.0002367858   0.0001126280
       -0.0000453617   0.0000759299  -0.0000171285  -0.0000107008   0.0000050611
        0.0000015477  -0.0000142912   0.0000239707   0.0000082159   0.0014533431
        0.0005325962  -0.0002288779   0.0000182489  -0.0000064888  -0.0000017699
        0.0008227321   0.0003200352  -0.0008866169  -0.0145502109  -0.0021581531
        0.0037874799   0.0009163458   0.0008665647  -0.0008364647  -0.2814439270
       -0.0018239934   0.0015129771  -0.0011967672  -0.0017595884   0.0028967394
       -0.0001754620  -0.0004038919   0.0002355960   0.0001692220  -0.0001483084
       -0.0000739302   0.0007486888  -0.0001627219  -0.0000211962  -0.0001805595
        0.0001095321  -0.0002046223  -0.0002960303   0.0004694797   0.0002029640
       -0.0006447873   0.0000356518   0.0000394349  -0.0002439093   0.0000838135
        0.0000835840   0.0004286774  -0.0000010251   0.0003357381   0.0000814185
        0.0000941822  -0.0002241400   0.0000852170   0.0001890736  -0.0002342666
        0.0005479482  -0.0001863507   0.0001450005  -0.0002634323  -0.0001822952
       -0.0000471756   0.3271549662   0.0026375834  -0.0029555561  -0.0160889176
        0.0034585296  -0.0005391484  -0.0157785130  -0.0013060289  -0.0031906394
       -0.0000261608  -0.0000738158  -0.0000530911  -0.0000231556   0.0000329115
        0.0000062231  -0.0000998938  -0.0000578494  -0.0000277704  -0.0000039919
       -0.0000388107   0.0000553281   0.0000605024   0.0000054756  -0.0000064470
        0.0003510425   0.0002568038  -0.0006016516  -0.0145889544  -0.0012834334
        0.0023005687  -0.0011353275   0.0002721787   0.0003320736  -0.0019963807
       -0.0431668942  -0.0010141440  -0.0006141893  -0.0012466705   0.0023987959
        0.0001962722  -0.0000064866  -0.0002083383  -0.0000506321  -0.0000302458
       -0.0001945772   0.0002848106   0.0000491891   0.0000064258  -0.0000608510
       -0.0000172957  -0.0002131422  -0.0005184805   0.0000371678   0.0000373348
       -0.0002299433  -0.0000023671   0.0000415981   0.0001986554  -0.0001530604
        0.0000231796  -0.0000003468   0.0002831299  -0.0000320537  -0.0000378937
       -0.0000995725  -0.0000780935   0.0001065874   0.0000568716  -0.0001674320
        0.0003314677  -0.0006425791   0.0007144581  -0.0001237611  -0.0001637067
       -0.0001198266   0.0026375834   0.0488095783  -0.0016163762   0.0325262607
       -0.0027982471   0.0001471459  -0.0170691817  -0.0003335874  -0.0020230161
       -0.0001356585   0.0001228949   0.0002212233  -0.0000144739   0.0000174328
       -0.0000165868  -0.0000470444  -0.0000116233  -0.0000047380  -0.0000327173
        0.0000299058   0.0000553839   0.0000231563   0.0000206172   0.0000117884
        0.0008194605   0.0002156727   0.0007290269   0.0251148582   0.0018782004
       -0.0030793092   0.0004695517  -0.0007398321   0.0004648285   0.0018288964
       -0.0008805278  -0.0425941163   0.0016515301   0.0026065823  -0.0036966355
        0.0002758696   0.0001730458  -0.0000122646  -0.0000601781   0.0000233227
        0.0001667400  -0.0003280349   0.0001425381   0.0000089071   0.0002404762
        0.0000308618   0.0003291558   0.0008073176  -0.0000856250  -0.0001026091
        0.0003116698  -0.0000295887  -0.0000475243  -0.0000112248  -0.0000742956
       -0.0000856068  -0.0003346696   0.0000343881  -0.0006753769  -0.0001646849
       -0.0000578084   0.0001854474   0.0000078325  -0.0001959776   0.0000340062
       -0.0002037281   0.0005624915  -0.0000619701  -0.0002003110  -0.0000101572
       -0.0001007736  -0.0029555561  -0.0016163762   0.0495425817   0.0006710429
       -0.0005010479   0.0008599120  -0.0279217725  -0.0013775193  -0.0017563523
       -0.0000479747  -0.0000585208  -0.0000454049  -0.0000043356  -0.0000112061
       -0.0000012758   0.0000741176   0.0000172918   0.0000230472  -0.0000111391
       -0.0000349008  -0.0000775698  -0.0000290137  -0.0000110118  -0.0000068636
        0.0001626396   0.0001406573  -0.0003102705   0.0026777237  -0.0074558700
       -0.0002226854   0.0000483713  -0.0007748519   0.0010434248  -0.0708349023
        0.0772332660  -0.0010406248   0.0006124262  -0.0003686222  -0.0000398908
       -0.0011442355  -0.0009874354   0.0005834314  -0.0001147132   0.0001689887
       -0.0000520171  -0.0002596680   0.0000213576  -0.0000072470   0.0000530976
       -0.0000554198  -0.0000077393  -0.0001455697  -0.0000153629   0.0000076029
        0.0003325776   0.0000425935  -0.0000094311   0.0003349375  -0.0000893712
       -0.0001142937  -0.0002439763   0.0001988544   0.0000114224  -0.0001015747
       -0.0001229716   0.0000130540   0.0003809839  -0.0003682076   0.0001241452
        0.0001211854  -0.0000490526   0.0001125430  -0.0001139776  -0.0000434305
       -0.0000377986  -0.0160889176   0.0325262607   0.0006710429   0.0814943915
       -0.0907116502  -0.0011395706   0.0038863113  -0.0101155522  -0.0008958286
       -0.0011059985   0.0006452317   0.0012809683   0.0000064688   0.0000217227
        0.0000123682   0.0000372587   0.0000516319  -0.0000023800   0.0000233492
        0.0001084704   0.0000137231  -0.0000181888  -0.0000012370   0.0000060513
       -0.0000310785   0.0009583596  -0.0011201768   0.0043923937  -0.0176721355
        0.0030397988  -0.0014997266  -0.0020215442   0.0038524714   0.0770064142
       -0.2569889482   0.0004135875   0.0003665768  -0.0003742766  -0.0001935965
        0.0006410409   0.0001487717  -0.0005478080  -0.0002788706  -0.0000188142
        0.0000029832   0.0001207095   0.0003079466   0.0000482146   0.0003193520
       -0.0000032289   0.0000062601  -0.0002430827  -0.0002588195   0.0000274562
       -0.0000261501  -0.0000262674  -0.0000021945  -0.0000900723   0.0004227010
        0.0002451848   0.0000843201  -0.0001531587   0.0000744000   0.0000146821
        0.0000277834  -0.0002523918   0.0004424347  -0.0012519635   0.0003623284
       -0.0002748768   0.0001342327  -0.0000617817   0.0000396182   0.0003186643
        0.0001106007   0.0034585296  -0.0027982471  -0.0005010479  -0.0907116502
        0.2982773492  -0.0013933641   0.0058452404  -0.0199525642  -0.0039077927
        0.0001618331   0.0007771258  -0.0001585861   0.0000805281   0.0000073462
       -0.0000172716   0.0000316219  -0.0000069476  -0.0000063713   0.0001347056
        0.0000977547  -0.0000206213   0.0000155070   0.0000488806  -0.0000002813
       -0.0001082205   0.0008872578   0.0009101412  -0.0075372842   0.0228792313
       -0.0019032360   0.0015041493   0.0030517479  -0.0038477871  -0.0010779836
        0.0006243352  -0.0424382707  -0.0005952789  -0.0003328800   0.0005348371
        0.0003942111   0.0007894416  -0.0001930597  -0.0000336160  -0.0001750831
       -0.0000587540   0.0000383819  -0.0001460908   0.0000115773  -0.0001352612
        0.0000115355  -0.0000275207   0.0001227886   0.0000201115   0.0000441389
       -0.0001761683  -0.0000048153  -0.0000203919   0.0001156586  -0.0002415759
       -0.0007210557  -0.0000837807  -0.0000231139  -0.0000854945   0.0000087962
       -0.0001179630   0.0001811177  -0.0004491908   0.0016051657  -0.0001612457
        0.0000761497  -0.0001151451  -0.0001039442   0.0000893645   0.0000016653
       -0.0000800982  -0.0005391484   0.0001471459   0.0008599120  -0.0011395706
       -0.0013933641   0.0495607774   0.0083824538  -0.0268322023  -0.0020308580
        0.0012728173  -0.0005636381  -0.0004258403  -0.0000333703  -0.0000002522
        0.0000050629  -0.0000353795  -0.0000110749  -0.0000061761  -0.0000638577
       -0.0000457958  -0.0000191858   0.0000033396  -0.0000146430   0.0000153540
        0.0001059209  -0.0006674349   0.0013865312   0.0027569648   0.0038691765
        0.0073731045   0.0001180411   0.0002308703  -0.0002083681  -0.0709316957
       -0.0375300557  -0.0657826804   0.0005207208   0.0002289340   0.0008662615
       -0.0000984089   0.0001345210   0.0000563106  -0.0001085555   0.0000364596
       -0.0000648146  -0.0002577710  -0.0000110331  -0.0000031635  -0.0000465051
       -0.0000214881  -0.0000739592   0.0000281966  -0.0001150027   0.0000057174
        0.0002387664  -0.0000023237  -0.0000152304  -0.0001014186   0.0000144569
       -0.0000090475   0.0000811711  -0.0000382086   0.0001644425   0.0003222810
        0.0001162353   0.0004347531  -0.0000972820   0.0000485722   0.0001240281
       -0.0002375942  -0.0001497598  -0.0001487087   0.0002858663   0.0002808820
       -0.0000486813  -0.0157785130  -0.0170691817  -0.0279217725   0.0038863113
        0.0058452404   0.0083824538   0.0791319083   0.0448202259   0.0755007261
        0.0000893358  -0.0000452675  -0.0000247903   0.0000319507  -0.0000222991
       -0.0000012772   0.0000402717   0.0000189343   0.0000026347   0.0000525381
        0.0000385156  -0.0000101589  -0.0000325008  -0.0000109689   0.0000156892
       -0.0005047841  -0.0005276294   0.0019848338   0.0041075211   0.0056215297
        0.0101287936   0.0000274739   0.0007101070   0.0011251927  -0.0376546841
       -0.0971861037  -0.0922822306   0.0003369717   0.0004373502  -0.0000641507
        0.0000973612  -0.0001574159  -0.0000625564   0.0002009937   0.0001108538
        0.0000531927  -0.0000492723  -0.0000478422  -0.0000136640  -0.0000945686
        0.0000240534   0.0000018402   0.0002023233   0.0001533478   0.0000021683
        0.0000821164  -0.0000292415   0.0000131313  -0.0001230916   0.0000266427
        0.0001173713   0.0000936070  -0.0000999867   0.0000571122   0.0001168504
        0.0004018241   0.0006098267  -0.0000234326  -0.0000202035  -0.0000928246
        0.0000114343  -0.0000862480  -0.0000838351  -0.0000258150  -0.0004690291
        0.0002367858  -0.0013060289  -0.0003335874  -0.0013775193  -0.0101155522
       -0.0199525642  -0.0268322023   0.0448202259   0.1115701104   0.1064788516
       -0.0001626744  -0.0000422045  -0.0000087685  -0.0000107894  -0.0000273439
       -0.0000040912   0.0000138614  -0.0000060526  -0.0000120800  -0.0000283375
       -0.0000808289   0.0000272311  -0.0000117096   0.0000104626  -0.0000024084
        0.0020975356   0.0030552725  -0.0052522458  -0.0066929230  -0.0101281135
       -0.0254060804   0.0000393771  -0.0009357657   0.0008982603  -0.0658379995
       -0.0924933434  -0.2000889195  -0.0005087860  -0.0003976031   0.0001469962
        0.0002042057  -0.0001908932   0.0001723600  -0.0000491604   0.0000306606
       -0.0000239421  -0.0000715207   0.0000117177  -0.0000526993  -0.0000952408
       -0.0000368526  -0.0000179042  -0.0000219383   0.0001174946   0.0000734071
       -0.0000222342   0.0000185565   0.0000081336  -0.0000136829   0.0002517912
        0.0001819292   0.0002244446   0.0000775042   0.0001862050  -0.0004327062
       -0.0006036382  -0.0018621264  -0.0000030321  -0.0001820179   0.0002297500
       -0.0001185731   0.0000249244  -0.0001672946   0.0000618488   0.0007636442
        0.0001126280  -0.0031906394  -0.0020230161  -0.0017563523  -0.0008958286
       -0.0039077927  -0.0020308580   0.0755007261   0.1064788516   0.2347098062
       -0.0000695044  -0.0000111877  -0.0000274740  -0.0000572278  -0.0000034179
       -0.0000114729  -0.0000480232   0.0000081359  -0.0000084147  -0.0000023598
        0.0000906017  -0.0000225551   0.0000032426  -0.0000155132   0.0000088637
       -0.0008555823   0.0008803700  -0.0002027966   0.0003405544   0.0003865463
        0.0000006654   0.0000172812   0.0000700200   0.0000003438  -0.0008618412
        0.0008851743   0.0002059955   0.0070608942   0.0096438684   0.0000057058
       -0.1024385607  -0.1078477257  -0.0000654463  -0.0193955002  -0.0272872210
       -0.0000158149  -0.0047535597   0.0008461976  -0.0000017290  -0.0002352368
        0.0005604724   0.0000002863  -0.0007142959   0.0027442353   0.0000000777
       -0.0014596134  -0.0014966129  -0.0000006700  -0.0010945285   0.0001645172
       -0.0012683000  -0.0000263140  -0.0001349048   0.0000472580   0.0000888175
       -0.0001626830   0.0000695805   0.0000225891  -0.0000792447   0.0000452701
        0.0000279499  -0.0000057129  -0.0000000374   0.0000225788  -0.0000789593
       -0.0000453617  -0.0000261608  -0.0001356585  -0.0000479747  -0.0011059985
        0.0001618331   0.0012728173   0.0000893358  -0.0001626744  -0.0000695044
        0.1248436797   0.1213430304   0.0000690520   0.0007052970  -0.0007885891
        0.0000001404  -0.0000898029   0.0000043113   0.0000002203   0.0002388442
        0.0006781104   0.0000002943  -0.0004008268  -0.0001887003  -0.0000000725
       -0.0003369815   0.0000871202  -0.0001889427  -0.0013249348   0.0001676816
        0.0000013968   0.0000364085   0.0002334125   0.0000001478  -0.0003401381
        0.0000881412   0.0001891248  -0.0125548312  -0.0259814116  -0.0000141607
       -0.1087733306  -0.2405380922  -0.0001183310  -0.0028293948  -0.0025602284
       -0.0000017284   0.0005702958   0.0015109534  -0.0000036915   0.0007432276
        0.0007470502   0.0000003304   0.0032881129  -0.0048239260  -0.0000051625
       -0.0008298993  -0.0003359906  -0.0000002801   0.0006451971   0.0007725182
        0.0005669877  -0.0000734932   0.0001227395   0.0000585820  -0.0000456655
       -0.0000416993   0.0000103693  -0.0001121344   0.0000106187  -0.0000759997
        0.0000891262   0.0000777070   0.0000000112  -0.0001121222   0.0000103866
        0.0000759299  -0.0000738158   0.0001228949  -0.0000585208   0.0006452317
        0.0007771258  -0.0005636381  -0.0000452675  -0.0000422045  -0.0000111877
        0.1213430304   0.2699620802   0.0001363054   0.0008315150   0.0011246086
        0.0000020580  -0.0000571252   0.0000141372   0.0000008711  -0.0008141513
       -0.0016355722  -0.0000006314   0.0001311403   0.0001299491   0.0000001601
       -0.0008453434   0.0004053959  -0.0001928197  -0.0000004594   0.0000017830
       -0.0023080133   0.0000004007   0.0000002903  -0.0000947378   0.0008468234
       -0.0004058001  -0.0001938752  -0.0000053100  -0.0000108333   0.0010449262
       -0.0000660040  -0.0001170166  -0.0335979697  -0.0000030434  -0.0000059446
        0.0007042127  -0.0000022204  -0.0000029978   0.0088505132   0.0000000044
        0.0000003359  -0.0000808034   0.0000012611  -0.0000049061   0.0072631316
       -0.0000006614  -0.0000005881   0.0000441058  -0.0012755990   0.0001613126
       -0.0004286820   0.0000528588  -0.0002210904  -0.0000461183   0.0000246578
        0.0000081335  -0.0000270046  -0.0000114254   0.0000371669  -0.0000171755
        0.0000001317  -0.0000001098   0.0000229612   0.0000113505  -0.0000370899
       -0.0000171285  -0.0000530911   0.0002212233  -0.0000454049   0.0012809683
       -0.0001585861  -0.0004258403  -0.0000247903  -0.0000087685  -0.0000274740
        0.0000690520   0.0001363054   0.0246755020   0.0000008158   0.0000016631
       -0.0030368186   0.0000000719   0.0000007346  -0.0016585685  -0.0000005629
       -0.0000007190  -0.0001776575   0.0000001142   0.0000001058  -0.0002292610
       -0.0000218790   0.0000185857   0.0000115073  -0.0003743856   0.0013521527
        0.0000005891  -0.0004916501  -0.0000437150  -0.0000002161  -0.0000215907
        0.0000186110  -0.0000113488  -0.0055805945  -0.0006241219  -0.0000026891
       -0.0169440324   0.0262929700   0.0000097575  -0.1070032393   0.1113893689
        0.0000384746   0.0070984935  -0.0117311647  -0.0000045627  -0.0010489773
       -0.0027335348  -0.0000021040  -0.0001798316  -0.0005373577  -0.0000003562
        0.0015002231   0.0007347843   0.0000010966   0.0000065311   0.0000804412
        0.0000335625  -0.0000231843  -0.0000145621   0.0000042718   0.0000319068
       -0.0000110224   0.0000572655   0.0000284612  -0.0000413701   0.0000106454
       -0.0001091669   0.0001074330   0.0000001832   0.0000284914  -0.0000413993
       -0.0000107008  -0.0000231556  -0.0000144739  -0.0000043356   0.0000064688
        0.0000805281  -0.0000333703   0.0000319507  -0.0000107894  -0.0000572278
        0.0007052970   0.0008315150   0.0000008158   0.1222000426  -0.1242708294
       -0.0000411537   0.0002755695  -0.0007750899  -0.0000002933  -0.0000352074
        0.0000089025   0.0000002221  -0.0000565409  -0.0000658616  -0.0000000330
        0.0000081426   0.0000174740  -0.0000278075  -0.0001599589  -0.0002825757
       -0.0000002946   0.0001396121   0.0001139626   0.0000001650   0.0000079841
        0.0000174190   0.0000278102   0.0001469610   0.0015263964  -0.0000027564
        0.0026093535  -0.0022845950  -0.0000006399   0.1104603447  -0.2392585086
       -0.0000757255   0.0147153305  -0.0279134673  -0.0000113499  -0.0034352988
       -0.0041662915  -0.0000052314  -0.0006926814   0.0005972526   0.0000001774
        0.0001332810   0.0016458535   0.0000021819   0.0000217508   0.0000073112
        0.0000003003   0.0000329670   0.0000173951   0.0000112570  -0.0000223689
       -0.0000273368   0.0000033197  -0.0000395964  -0.0000133608  -0.0000050747
        0.0000696968  -0.0000096268   0.0000000338  -0.0000395947  -0.0000133900
        0.0000050611   0.0000329115   0.0000174328  -0.0000112061   0.0000217227
        0.0000073462  -0.0000002522  -0.0000222991  -0.0000273439  -0.0000034179
       -0.0007885891   0.0011246086   0.0000016631  -0.1242708294   0.2695034483
        0.0000910515   0.0005715051  -0.0016554771  -0.0000004747  -0.0000393343
        0.0000379592   0.0000008214   0.0005389876   0.0010181140   0.0000003884
       -0.0000052268  -0.0000251827  -0.0000255774  -0.0000000310  -0.0000003680
        0.0002474842  -0.0000001781   0.0000002659  -0.0000674069   0.0000054597
        0.0000254092  -0.0000256307  -0.0000015394  -0.0000026492   0.0081447740
       -0.0000007066   0.0000027163  -0.0000645955   0.0000374405  -0.0000761526
       -0.0326023441   0.0000075200  -0.0000138222   0.0018545625  -0.0000024564
       -0.0000052741   0.0071053700  -0.0000005305  -0.0000003879  -0.0001650631
        0.0000007121   0.0000020947  -0.0029544175  -0.0000123762   0.0000171169
        0.0000050052  -0.0000062574   0.0000165988  -0.0000012872   0.0000012527
        0.0000041469  -0.0000114117   0.0000007866   0.0000070833   0.0000015266
       -0.0000000595   0.0000000783  -0.0000175159  -0.0000008553  -0.0000071410
        0.0000015477   0.0000062231  -0.0000165868  -0.0000012758   0.0000123682
       -0.0000172716   0.0000050629  -0.0000012772  -0.0000040912  -0.0000114729
        0.0000001404   0.0000020580  -0.0030368186  -0.0000411537   0.0000910515
        0.0234821791   0.0000002876  -0.0000008051  -0.0002918409   0.0000001852
        0.0000007534  -0.0016737987   0.0000002722   0.0000003592   0.0001029447
       -0.0003362323   0.0000116521   0.0000380880  -0.0002728839  -0.0013255306
       -0.0000005977   0.0000027127  -0.0000252298   0.0000000410  -0.0003367664
        0.0000116925  -0.0000382701  -0.0058101220   0.0006676507  -0.0000015328
       -0.0001660949   0.0006146832   0.0000002669  -0.0006511548   0.0026943990
        0.0000002853   0.0049682486   0.0104581824   0.0000046989  -0.1046835967
       -0.1068142222  -0.0000514471  -0.0180042824  -0.0265862972  -0.0000129033
        0.0030356696   0.0010697901   0.0000009183   0.0000371558   0.0000316591
        0.0000354905  -0.0000998136  -0.0000466748  -0.0000741415   0.0000401765
        0.0000137909   0.0000481698   0.0000293849  -0.0000621761   0.0000142886
       -0.0000272183  -0.0000052274   0.0000000637   0.0000294750  -0.0000621556
       -0.0000142912  -0.0000998938  -0.0000470444   0.0000741176   0.0000372587
        0.0000316219  -0.0000353795   0.0000402717   0.0000138614  -0.0000480232
       -0.0000898029  -0.0000571252   0.0000000719   0.0002755695   0.0005715051
        0.0000002876   0.1220524286   0.1203971679   0.0000592155   0.0005554521
       -0.0008721543   0.0000001198  -0.0005259415  -0.0006838185   0.0000004630
       -0.0000918413   0.0000560539   0.0000528958   0.0002120254  -0.0002476270
       -0.0000000506   0.0000116129   0.0000242533   0.0000000010  -0.0000918105
        0.0000562114  -0.0000528856  -0.0000897755   0.0015092782  -0.0000025477
        0.0007766761   0.0006036180   0.0000003738   0.0034558601  -0.0043576362
       -0.0000041296  -0.0146421956  -0.0271368213  -0.0000133327  -0.1075835502
       -0.2357537078  -0.0000953668  -0.0024659567  -0.0018968058  -0.0000009275
       -0.0012764392   0.0016733423   0.0000011996   0.0000516145  -0.0000069944
        0.0000111117  -0.0000577956  -0.0000116284  -0.0000174288   0.0000188518
       -0.0000060738  -0.0000081302  -0.0000084471   0.0000015038  -0.0000239655
       -0.0000253719   0.0000088634   0.0000000065  -0.0000084363   0.0000014082
        0.0000239707  -0.0000578494  -0.0000116233   0.0000172918   0.0000516319
       -0.0000069476  -0.0000110749   0.0000189343  -0.0000060526   0.0000081359
        0.0000043113   0.0000141372   0.0000007346  -0.0007750899  -0.0016554771
       -0.0000008051   0.1203971679   0.2658543220   0.0001128058   0.0008600952
        0.0011655351   0.0000016920   0.0013157779   0.0001288684   0.0000004261
        0.0000893089  -0.0000040804   0.0000463394  -0.0000000125   0.0000000702
        0.0001107272   0.0000000584  -0.0000000669  -0.0000031071  -0.0000895300
        0.0000039915   0.0000462359  -0.0000017955  -0.0000029871   0.0077122560
        0.0000000050   0.0000002140  -0.0002003252   0.0000006567  -0.0000043977
        0.0071034614  -0.0000061832  -0.0000103063   0.0009196901  -0.0000517503
       -0.0000951672  -0.0312642424  -0.0000025939  -0.0000035983  -0.0001364431
        0.0000004971   0.0000013238  -0.0016400308   0.0000024954   0.0000064389
       -0.0000060188   0.0000277384   0.0000046222   0.0000230677  -0.0000025905
        0.0000122000  -0.0000084361  -0.0000132001  -0.0000002582   0.0000082013
       -0.0000000151   0.0000000365   0.0000269135   0.0000132632   0.0000002577
        0.0000082159  -0.0000277704  -0.0000047380   0.0000230472  -0.0000023800
       -0.0000063713  -0.0000061761   0.0000026347  -0.0000120800  -0.0000084147
        0.0000002203   0.0000008711  -0.0016585685  -0.0000002933  -0.0000004747
       -0.0002918409   0.0000592155   0.0001128058   0.0223949447   0.0000006832
        0.0000014770  -0.0028491706   0.0000013382   0.0000002174  -0.0003503259
       -0.0000624269   0.0000847365  -0.0001006467   0.0005358001   0.0000045206
        0.0000002123  -0.0027186437  -0.0008679978   0.0000013455  -0.0000623534
        0.0000847476   0.0001010974   0.0074665045  -0.0107949916  -0.0000035810
       -0.0010405168  -0.0027605779  -0.0000021441  -0.0001953444  -0.0004198310
       -0.0000002153  -0.0045900464  -0.0008966485  -0.0000018454  -0.0183995656
        0.0273658794   0.0000089593  -0.0964365789   0.1065537856   0.0000366164
       -0.0020539973   0.0015423075   0.0000005518   0.0000232368   0.0001345372
        0.0000641765  -0.0000040907  -0.0000326929   0.0000111356   0.0000527344
       -0.0000283889   0.0000020755  -0.0020947590  -0.0002073070  -0.0014547357
       -0.0001350013  -0.0001187454  -0.0000006347  -0.0020872311  -0.0002106521
        0.0014533431  -0.0000039919  -0.0000327173  -0.0000111391   0.0000233492
        0.0001347056  -0.0000638577   0.0000525381  -0.0000283375  -0.0000023598
        0.0002388442  -0.0008141513  -0.0000005629  -0.0000352074  -0.0000393343
        0.0000001852   0.0005554521   0.0008600952   0.0000006832   0.1208471614
       -0.1196117842  -0.0000386701   0.0001241339   0.0000988425   0.0000000108
        0.0000254794   0.0001429310   0.0000496985   0.0014937719   0.0000234226
        0.0000010127   0.0010210253   0.0005311560  -0.0000002641   0.0000251020
        0.0001431374  -0.0000493414   0.0112540465  -0.0260800884  -0.0000099855
       -0.0032251359  -0.0045302518  -0.0000054639  -0.0007076495   0.0006880681
        0.0000002374  -0.0003931202   0.0016564061  -0.0000027725   0.0031213342
       -0.0033604325  -0.0000013898   0.1065233299  -0.2510086072  -0.0000772138
        0.0008087169  -0.0003667359   0.0000000240   0.0001083202   0.0000977307
        0.0000462212  -0.0000386286   0.0000298032   0.0000349154   0.0000382309
       -0.0000807271  -0.0000913335  -0.0002648501   0.0005734597  -0.0005313755
        0.0002767658   0.0003124947   0.0000004419  -0.0002665862   0.0005702314
        0.0005325962  -0.0000388107   0.0000299058  -0.0000349008   0.0001084704
        0.0000977547  -0.0000457958   0.0000385156  -0.0000808289   0.0000906017
        0.0006781104  -0.0016355722  -0.0000007190   0.0000089025   0.0000379592
        0.0000007534  -0.0008721543   0.0011655351   0.0000014770  -0.1196117842
        0.2809964729   0.0000926040  -0.0001114020   0.0000467752  -0.0000000278
       -0.0004052129  -0.0001198759  -0.0000080624   0.0000015335   0.0000008404
       -0.0022927961   0.0000009531  -0.0000011446   0.0005960367   0.0004043444
        0.0001198625  -0.0000075506   0.0000053526  -0.0000127368   0.0007741389
       -0.0000030891  -0.0000051834   0.0075571782   0.0000001699   0.0000002014
       -0.0000978393  -0.0000013800  -0.0000032576   0.0083746353  -0.0000017493
        0.0000022252   0.0008537431   0.0000371570  -0.0000783600  -0.0336078704
        0.0000002005   0.0000000576  -0.0001717667  -0.0000135851   0.0000208874
       -0.0000190846  -0.0000554253  -0.0000552727  -0.0000779439   0.0000102822
       -0.0000273989  -0.0000228145  -0.0011326957  -0.0000601751  -0.0002262861
        0.0000000647   0.0000004306  -0.0002005977   0.0011323595   0.0000623932
       -0.0002288779   0.0000553281   0.0000553839  -0.0000775698   0.0000137231
       -0.0000206213  -0.0000191858  -0.0000101589   0.0000272311  -0.0000225551
        0.0000002943  -0.0000006314  -0.0001776575   0.0000002221   0.0000008214
       -0.0016737987   0.0000001198   0.0000016920  -0.0028491706  -0.0000386701
        0.0000926040   0.0236206928  -0.0000001383   0.0000000269   0.0000050027
        0.0001172622  -0.0000195334  -0.0000292204  -0.0000482893   0.0000848745
        0.0000004378   0.0001024803   0.0000758396   0.0000000558   0.0001170065
       -0.0000195616   0.0000291665   0.0001149638  -0.0000844480  -0.0000003505
       -0.0011186008  -0.0016156532  -0.0000011137  -0.0051856973   0.0005262750
       -0.0000003105  -0.0241027937  -0.0334710600  -0.0000158786   0.0017414655
       -0.0016029866  -0.0000005084  -0.0002407547   0.0000898495  -0.0000000272
       -0.0796936547  -0.1102778394  -0.0000494914  -0.0000181903   0.0000153922
       -0.0000031681   0.0000605347   0.0000230466   0.0000292130  -0.0000325357
       -0.0000118445  -0.0000033292  -0.0000496508  -0.0000040148  -0.0000184170
        0.0000650867   0.0000136721  -0.0000000671  -0.0000496500  -0.0000040098
        0.0000182489   0.0000605024   0.0000231563  -0.0000290137  -0.0000181888
        0.0000155070   0.0000033396  -0.0000325008  -0.0000117096   0.0000032426
       -0.0004008268   0.0001311403   0.0000001142  -0.0000565409   0.0005389876
        0.0000002722  -0.0005259415   0.0013157779   0.0000013382   0.0001241339
       -0.0001114020  -0.0000001383   0.1090703802   0.1443805443   0.0000656055
        0.0000584995  -0.0000749457  -0.0000195460  -0.0000205669   0.0000418682
        0.0000003080  -0.0000497297  -0.0000326772  -0.0000000004   0.0000584365
       -0.0000750721   0.0000195229   0.0000777639   0.0007177562   0.0000000428
        0.0004674453  -0.0006686066  -0.0000007030  -0.0006886544   0.0001255167
       -0.0000006494  -0.0099546689   0.0033582885   0.0000001111   0.0023621693
        0.0018668966   0.0000014116  -0.0008283373  -0.0005308995  -0.0000004078
       -0.1349811265  -0.3722871539  -0.0001495789  -0.0000012253   0.0000488254
        0.0000146665   0.0000055190   0.0000205688   0.0000110379  -0.0000109571
        0.0000104281   0.0000154413  -0.0000038031   0.0000201223   0.0000065491
       -0.0000212373   0.0000111817   0.0000000470  -0.0000038030   0.0000200533
       -0.0000064888   0.0000054756   0.0000206172  -0.0000110118  -0.0000012370
        0.0000488806  -0.0000146430  -0.0000109689   0.0000104626  -0.0000155132
       -0.0001887003   0.0001299491   0.0000001058  -0.0000658616   0.0010181140
        0.0000003592  -0.0006838185   0.0001288684   0.0000002174   0.0000988425
        0.0000467752   0.0000000269   0.1443805443   0.3660241822   0.0001486948
       -0.0000230963  -0.0000205995  -0.0000396567  -0.0000002584   0.0000001111
       -0.0002045400   0.0000000189  -0.0000000226  -0.0000233365   0.0000231798
        0.0000205236  -0.0000395715   0.0000000500   0.0000002256   0.0001638558
        0.0000002643  -0.0000010623   0.0011782792  -0.0000012862  -0.0000002767
        0.0015314656  -0.0000069853  -0.0000029258  -0.0014068752   0.0000013964
        0.0000011636  -0.0010952335  -0.0000006242  -0.0000002327   0.0002933069
       -0.0000587401  -0.0001465052  -0.0052218668  -0.0000060174   0.0000002588
        0.0000154097   0.0000065520  -0.0000118418  -0.0000069016  -0.0000156797
        0.0000024502   0.0000088567  -0.0000063786   0.0000021869  -0.0000017689
       -0.0000000272  -0.0000000172  -0.0000001035   0.0000063646  -0.0000021761
       -0.0000017699  -0.0000064470   0.0000117884  -0.0000068636   0.0000060513
       -0.0000002813   0.0000153540   0.0000156892  -0.0000024084   0.0000088637
       -0.0000000725   0.0000001601  -0.0002292610  -0.0000000330   0.0000003884
        0.0001029447   0.0000004630   0.0000004261  -0.0003503259   0.0000000108
       -0.0000000278   0.0000050027   0.0000656055   0.0001486948   0.0053047357
