           1           2   1.00880675246333     
           2           3  0.968404878805792     
           2           4  0.996973221709702     
           4           5   1.00957857480440     
           5           6  0.987707432602123     
           6           7  0.919773495052113     
           6           8  0.992297965716864     
           8           9   1.78417763945345     
           2          10  0.996689909330567     
           8          10   1.00570562852048     
           6          11  0.970040778714382     
          11          12   1.00992760782265     
          11          13   1.01011381065327     
           1          14  0.984628125287663     
           1          15  0.986413718823716     
           1          16  0.985148765901565     
           4          17  0.975545747330802     
           4          18  0.976301936656027     
           5          19  0.977614743116592     
           5          20  0.966971688781242     
          10          21  0.941525755582363     
          10          22  0.942084334614214     
          11          23  0.965539024737988     
          12          24  0.986178163927946     
          12          25  0.985337473621112     
          12          26  0.982884427217177     
          13          27  0.986706664756059     
          13          28  0.981799209834814     
          13          29  0.985617765884449     
