           1           2  0.969162456906820     
           2           3  0.958084597624525     
           2           4  0.969993921537093     
           4           5  0.955825259886078     
           4           6  0.961046062683459     
           6           7  0.957407016501282     
           6           8  0.955408616244143     
           8           9  0.955528787697160     
           8          10  0.963463827711770     
          10          11  0.948697133297241     
           2          12  0.955244123513647     
          10          12  0.967869515525867     
          10          13  0.996582166927486     
           8          14  0.996177730375272     
           6          15   1.00247499400971     
           4          16  0.999617953742215     
           1          17   1.00307676149377     
           1          18  0.971599537125857     
           1          19  0.963673888433247     
          13          20  0.834579106144139     
          14          21  0.845789434679798     
          15          22  0.842843215543472     
          16          23  0.857808058957910     
          17          24  0.849440230650561     
