           1           2  0.974677422960201     
           2           3  0.957315986403544     
           2           4  0.967940928780952     
           4           5  0.953507075044886     
           4           6  0.964955442682628     
           6           7  0.957968539943084     
           6           8  0.965066161756932     
           8           9  0.953156052373023     
           8          10  0.949809206729099     
          10          11  0.949599621468914     
           2          12  0.962554610298941     
          10          12  0.948253639887644     
          10          13   1.03233440912703     
           8          14   1.00262324127550     
           6          15  0.996622627069653     
           4          16   1.00065373550158     
           1          17   1.01324267840419     
           1          18  0.967315512295657     
           1          19  0.967849641689443     
          13          20  0.832459400248520     
          14          21  0.840506039434725     
          15          22  0.853382855721982     
          16          23  0.842880356562740     
          17          24  0.854928382641421     
