           1           2  0.994252127814400     
           2           3  0.950407757568513     
           2           4  0.930802283856340     
           4           5  0.942602818457544     
           4           6  0.936155256732585     
           4           7  0.949553318394342     
           2           8   1.00492700335503     
           1           9  0.977584896451600     
           1          10  0.980205479067737     
           1          11  0.981794201182392     
           8          12  0.826631335144902     
