           1           2   1.01596278178377     
           2           3   1.01596123813297     
           2           4   1.01596165517324     
           1           5  0.973697214009318     
           1           6  0.982683173381123     
           1           7  0.982683121578853     
           3           8  0.982683416259293     
           3           9  0.982682972070727     
           3          10  0.973697651786481     
           4          11  0.982682648868310     
           4          12  0.973698665181466     
           4          13  0.982683126836373     
