$hessian                                                                        
        0.4761080177   0.0012762091  -0.0353122748  -0.1401938426  -0.0016557924
       -0.0680211057  -0.0283591374   0.0093943414  -0.0086870117   0.0004690990
        0.0024355247  -0.0009514178  -0.0000639374  -0.0000400419  -0.0002465181
       -0.0853509315  -0.0908237657  -0.0049535037  -0.0650757433  -0.0213370554
        0.0671525420  -0.1481665768   0.1041076002   0.0587952742  -0.0142070613
       -0.0022918858  -0.0108399324   0.0040470335  -0.0000804073   0.0010631302
        0.0008226972  -0.0008974309   0.0002092933  -0.0001085819  -0.0002486066
        0.0018996873   0.0000415872   0.0000414319  -0.0000545472   0.0000282006
        0.0000516182   0.0001002331   0.0000091771   0.0000682606  -0.0001538487
        0.0012762091   0.5204591750   0.0026275398   0.0023016288  -0.0657239769
        0.0053707657   0.0176875097  -0.0027053708   0.0098721945   0.0004969260
       -0.0023828333   0.0001598618   0.0001698394  -0.0000879423   0.0003948768
       -0.0909128655  -0.2388476028  -0.0140160029  -0.0215907054  -0.0655987334
        0.0628134972   0.1042363511  -0.1468897891  -0.0559076931  -0.0218336458
       -0.0007788893  -0.0166534360   0.0067798675   0.0005800924   0.0070448457
        0.0009932451   0.0009675390   0.0001685040   0.0001620487   0.0002909135
       -0.0018545946   0.0000774215   0.0001937495  -0.0001014159  -0.0000036170
        0.0003052950   0.0001444657   0.0001597868   0.0002183736  -0.0000634087
       -0.0353122748   0.0026275398   0.4929308863  -0.0623279283   0.0017516108
       -0.1147805658   0.0026959390   0.0017235589   0.0068246787   0.0013531564
       -0.0010063677  -0.0006253863   0.0001454653  -0.0000449200  -0.0001023300
       -0.0052719818  -0.0139765755  -0.0449942187   0.0675213761   0.0628823541
       -0.2395552233   0.0587293252  -0.0556436324  -0.0735583411  -0.0050099009
       -0.0012164788  -0.0024273773  -0.0233292589   0.0027114256  -0.0234776324
        0.0005923573  -0.0000851626   0.0004205222   0.0001349704   0.0000662733
       -0.0008284345   0.0000093023   0.0000972401   0.0000061354   0.0001124054
        0.0000750494   0.0000684809  -0.0000429526   0.0000380851   0.0000988056
       -0.1401938426   0.0023016288  -0.0623279283   0.4606227268   0.0307448216
       -0.0238352054  -0.1235017128   0.0638349663   0.0348574165  -0.0268501332
        0.0185853183   0.0124115302   0.0010342882   0.0000387527  -0.0013125575
       -0.0142308354  -0.0030815604  -0.0105682215   0.0049609414   0.0005198502
        0.0011457320  -0.0205923161   0.0030086590  -0.0135955096  -0.0803913569
       -0.0876677875  -0.0044682576  -0.0607703171  -0.0227293555   0.0653294953
        0.0045860963  -0.0049093009  -0.0021961265  -0.0025659261  -0.0010215957
        0.0039460737  -0.0001547898   0.0002398535   0.0000039063  -0.0002662486
       -0.0000517374   0.0001274242  -0.0016865741   0.0001874868   0.0004822281
       -0.0016557924  -0.0657239769   0.0017516108   0.0307448216   0.5271004696
       -0.0018412529   0.0635241251  -0.1407319703  -0.0358888200   0.0053868879
        0.0043732814  -0.0011691249   0.0007600397  -0.0007028153   0.0004175795
       -0.0221227711  -0.0008529213  -0.0171442488   0.0072684971  -0.0001689015
        0.0067881835   0.0170580976  -0.0015412884   0.0117651454  -0.0872179450
       -0.2361224726  -0.0135161407  -0.0248112032  -0.0635652753   0.0593102277
        0.0161540385  -0.0242348548  -0.0104584399  -0.0025965199   0.0019435717
       -0.0009705019  -0.0003013945  -0.0000672396   0.0000720822  -0.0001319639
        0.0001223382   0.0000724278  -0.0020589175   0.0001720550   0.0008112723
       -0.0680211057   0.0053707657  -0.1147805658  -0.0238352054  -0.0018412529
        0.4758545447   0.0368119904  -0.0373540541  -0.0774564366   0.0096691473
       -0.0050420995  -0.0038871142  -0.0010390898   0.0004948176  -0.0028969831
       -0.0045209835  -0.0021028269  -0.0025997860  -0.0224585014   0.0025062391
       -0.0217151255   0.0050206145  -0.0001878744   0.0049829038  -0.0048927237
       -0.0136091860  -0.0456513231   0.0674927680   0.0569692610  -0.2226377956
        0.0016075225  -0.0032496618  -0.0001544078   0.0042662269  -0.0016723056
        0.0112636121   0.0002124390   0.0000914479   0.0000666612  -0.0002645456
       -0.0004553950  -0.0001362157  -0.0000485535   0.0000821249  -0.0002519685
       -0.0283591374   0.0176875097   0.0026959390  -0.1235017128   0.0635241251
        0.0368119904   0.7774758872   0.0798259200  -0.1842358398  -0.5020767173
       -0.0720153151   0.1330618827  -0.0196918148  -0.0128202964   0.0039154552
        0.0003515471   0.0006218411   0.0005702005   0.0010740244  -0.0000298024
        0.0008246471  -0.0046844307   0.0012919508  -0.0029944038   0.0081659879
       -0.0054266570  -0.0036792813  -0.0134413420   0.0090259095   0.0100749708
       -0.0726608589  -0.0831898305  -0.0042294056  -0.0244819327   0.0006102901
        0.0076244380   0.0005915090  -0.0000072490  -0.0012874761   0.0007467456
       -0.0005602305   0.0007100881   0.0004922455   0.0014618347   0.0001367949
        0.0093943414  -0.0027053708   0.0017235589   0.0638349663  -0.1407319703
       -0.0373540541   0.0798259200   0.5209049540   0.0502763789  -0.0784287520
       -0.0901995275   0.0134433838  -0.0271965772  -0.0073971389   0.0066656615
       -0.0016040929   0.0009590077  -0.0001636820  -0.0000523941   0.0000962301
       -0.0002052119  -0.0003406649   0.0006213325   0.0000324139   0.0169362772
       -0.0253071223  -0.0101715494  -0.0014579500   0.0047051471   0.0006678595
       -0.0803656634  -0.2557012686  -0.0182587724   0.0239819328   0.0000619360
       -0.0072023368  -0.0023751509  -0.0035948356   0.0003767347  -0.0022030590
       -0.0029493746  -0.0000414454   0.0000508668   0.0012380011   0.0002110607
       -0.0086870117   0.0098721945   0.0068246787   0.0348574165  -0.0358888200
       -0.0774564366  -0.1842358398   0.0502763789   0.1928351832   0.1317507887
        0.0110214438  -0.0684558790   0.0009789612   0.0026331417   0.0004467141
        0.0002191548   0.0005941927   0.0004244082  -0.0007335591   0.0005434742
        0.0006165897  -0.0040227241   0.0009213607  -0.0016707821   0.0010014612
       -0.0032172216  -0.0002390035   0.0219078482  -0.0184761641  -0.0120692703
       -0.0031776295  -0.0171707155  -0.0357759828   0.0116859294   0.0000868741
       -0.0047514285   0.0002674260   0.0006214937   0.0000222775  -0.0017365721
       -0.0015741480  -0.0005822957  -0.0000756498  -0.0002434850  -0.0001687732
        0.0004690990   0.0004969260   0.0013531564  -0.0268501332   0.0053868879
        0.0096691473  -0.5020767173  -0.0784287520   0.1317507887   0.7799502622
        0.0631357040  -0.1913634278  -0.1019673323  -0.0648928235   0.0010429340
        0.0001044415   0.0001349573   0.0001431378  -0.0000313273   0.0001701436
       -0.0000947898  -0.0000596516   0.0000020716  -0.0005426791   0.0007382418
       -0.0014263890  -0.0006618183   0.0000983177   0.0008199943  -0.0006461434
       -0.0174474768  -0.0062727661   0.0041320561  -0.1130570810   0.1046012105
        0.0437710867  -0.0106084675  -0.0138770920   0.0039880431  -0.0192607449
       -0.0241317951  -0.0021877899   0.0099985696   0.0142817224  -0.0003537017
        0.0024355247  -0.0023828333  -0.0010063677   0.0185853183   0.0043732814
       -0.0050420995  -0.0720153151  -0.0901995275   0.0110214438   0.0631357040
        0.5177570906   0.0548323718  -0.0649683888  -0.1895514935  -0.0041191694
        0.0000160538  -0.0001535187  -0.0000227466  -0.0001217260   0.0001674328
       -0.0000769658   0.0011362734  -0.0001394820   0.0005662715   0.0000631483
        0.0005353524   0.0000056750   0.0027818955  -0.0019907519  -0.0019366995
       -0.0297214598  -0.0102815656   0.0075676534   0.1019487480  -0.1916272040
       -0.0611753011  -0.0089254621  -0.0089036545   0.0033497827  -0.0061638058
       -0.0014322228  -0.0014626051  -0.0081865084  -0.0261709035  -0.0025012435
       -0.0009514178   0.0001598618  -0.0006253863   0.0124115302  -0.0011691249
       -0.0038871142   0.1330618827   0.0134433838  -0.0684558790  -0.1913634278
        0.0548323718   0.1941506106   0.0007025701  -0.0047513984  -0.0605362887
       -0.0000738952  -0.0000948588  -0.0000898632   0.0000245212  -0.0000310380
        0.0000139325  -0.0000346518   0.0001119890   0.0002459182  -0.0003171809
        0.0005635298   0.0000828526   0.0016005509  -0.0014390938  -0.0011772766
       -0.0006369461   0.0002110161  -0.0010172596   0.0434624487  -0.0618978042
       -0.0593744509   0.0156360477   0.0245277458  -0.0002500800  -0.0096065394
       -0.0159796514   0.0009495048  -0.0039154924  -0.0084869285  -0.0000292202
       -0.0000639374   0.0001698394   0.0001454653   0.0010342882   0.0007600397
       -0.0010390898  -0.0196918148  -0.0271965772   0.0009789612  -0.1019673323
       -0.0649683888   0.0007025701   0.4975748345  -0.0294674886  -0.0097943288
       -0.0000414922   0.0000350608  -0.0000937147  -0.0000161093  -0.0000961756
        0.0000994202  -0.0001530483   0.0000047975  -0.0000254203  -0.0021306680
       -0.0010749170   0.0002784193  -0.0002386495  -0.0003360741  -0.0000731089
       -0.0027135906  -0.0019473793   0.0044509941   0.0059545974   0.0117313325
        0.0010765663  -0.0694938202  -0.0125380114   0.0773289603  -0.1812467812
        0.0157778642  -0.1145827414  -0.1268064765   0.1091460780   0.0405470471
       -0.0000400419  -0.0000879423  -0.0000449200   0.0000387527  -0.0007028153
        0.0004948176  -0.0128202964  -0.0073971389   0.0026331417  -0.0648928235
       -0.1895514935  -0.0047513984  -0.0294674886   0.4940298857   0.0097553877
        0.0001301201   0.0000686237   0.0000337156  -0.0000559285   0.0000280151
        0.0000079856  -0.0000702114   0.0000684570  -0.0000365636   0.0012739806
        0.0007574771  -0.0001892292  -0.0000047480   0.0002393582   0.0000183804
       -0.0007092571   0.0020930140  -0.0017907606  -0.0099174000  -0.0255246205
       -0.0021385654  -0.0112398910  -0.0489839876   0.0370826301   0.0190474029
       -0.0421179505   0.0112574568   0.1087278303  -0.1829188820  -0.0523320782
       -0.0002465181   0.0003948768  -0.0001023300  -0.0013125575   0.0004175795
       -0.0028969831   0.0039154552   0.0066656615   0.0004467141   0.0010429340
       -0.0041191694  -0.0605362887  -0.0097943288   0.0097553877   0.4896700487
        0.0000687909  -0.0000335836   0.0001197347   0.0000596951   0.0000235753
        0.0001798475  -0.0000705864  -0.0000544061  -0.0000137894   0.0007896706
        0.0005612270  -0.0004023195   0.0002530298  -0.0000861285  -0.0000191784
        0.0046399446  -0.0014617977   0.0109361974  -0.0031701284  -0.0085027031
        0.0007732437   0.0789564180   0.0396895287  -0.2402120524  -0.1156656945
        0.0093687739  -0.1339161389   0.0405338754  -0.0526188218  -0.0640267058
       -0.0853509315  -0.0909128655  -0.0052719818  -0.0142308354  -0.0221227711
       -0.0045209835   0.0003515471  -0.0016040929   0.0002191548   0.0001044415
        0.0000160538  -0.0000738952  -0.0000414922   0.0001301201   0.0000687909
        0.0997937518   0.1066622449   0.0095425710  -0.0050129719  -0.0122370042
        0.0017461426   0.0081779897   0.0194517697   0.0018189641  -0.0043524876
       -0.0003152978  -0.0039815097   0.0007675182   0.0000045000   0.0005793722
       -0.0003494264   0.0006783628  -0.0000644166   0.0000278588   0.0000359879
       -0.0000523342   0.0000276504   0.0000389696   0.0000014183   0.0000158826
        0.0000654988   0.0000072498   0.0000715048   0.0001085240  -0.0000185426
       -0.0908237657  -0.2388476028  -0.0139765755  -0.0030815604  -0.0008529213
       -0.0021028269   0.0006218411   0.0009590077   0.0005941927   0.0001349573
       -0.0001535187  -0.0000948588   0.0000350608   0.0000686237  -0.0000335836
        0.1066622449   0.2756328149   0.0167944008  -0.0060328261  -0.0126474940
        0.0020392700  -0.0075413347  -0.0256159319  -0.0025569664  -0.0002390787
        0.0008550642  -0.0007243280   0.0003352810   0.0003512236  -0.0001116310
       -0.0000962286   0.0001802662   0.0001407752  -0.0000136336   0.0000692513
        0.0000169120   0.0000158947  -0.0000212457   0.0000306312  -0.0000331536
        0.0000076619  -0.0000349637   0.0000563016   0.0000148010   0.0000195520
       -0.0049535037  -0.0140160029  -0.0449942187  -0.0105682215  -0.0171442488
       -0.0025997860   0.0005702005  -0.0001636820   0.0004244082   0.0001431378
       -0.0000227466  -0.0000898632  -0.0000937147   0.0000337156   0.0001197347
        0.0095425710   0.0167944008   0.0505043792   0.0133061886   0.0283783726
       -0.0006915503  -0.0038843979  -0.0128536902  -0.0006827824  -0.0039699831
       -0.0004271325  -0.0022111848  -0.0000680985  -0.0007790294   0.0002831057
       -0.0000909240   0.0001384265   0.0000911396   0.0000404562  -0.0000046590
       -0.0000879932  -0.0000037021   0.0000228317  -0.0000017367   0.0000024625
        0.0000095632   0.0000097953   0.0000275286   0.0000338810  -0.0000734475
       -0.0650757433  -0.0215907054   0.0675213761   0.0049609414   0.0072684971
       -0.0224585014   0.0010740244  -0.0000523941  -0.0007335591  -0.0000313273
       -0.0001217260   0.0000245212  -0.0000161093  -0.0000559285   0.0000596951
       -0.0050129719  -0.0060328261   0.0133061886   0.0752784079   0.0247574206
       -0.0750405005  -0.0086773379  -0.0050344739   0.0218114044   0.0007772626
        0.0003589674  -0.0000470154  -0.0033520157   0.0006990406  -0.0044417321
       -0.0000242057  -0.0000821699   0.0000153180   0.0001039988  -0.0000381494
        0.0000069585  -0.0000781121  -0.0000135836   0.0000489657   0.0000772513
       -0.0000111339   0.0000328130  -0.0000040632  -0.0000508351  -0.0001059321
       -0.0213370554  -0.0655987334   0.0628823541   0.0005198502  -0.0001689015
        0.0025062391  -0.0000298024   0.0000962301   0.0005434742   0.0001701436
        0.0001674328  -0.0000310380  -0.0000961756   0.0000280151   0.0000235753
       -0.0122370042  -0.0126474940   0.0283783726   0.0247574206   0.0719527682
       -0.0740728523   0.0080048226   0.0053945408  -0.0197111234  -0.0000217740
        0.0002697871  -0.0007672969   0.0004894232   0.0008508236   0.0003173448
       -0.0001671336  -0.0001997706   0.0000366920  -0.0000249187  -0.0000617078
       -0.0000555422   0.0000098760   0.0000041689  -0.0000053155  -0.0000193870
       -0.0000649209  -0.0000126713  -0.0000182852  -0.0000222385  -0.0000322124
        0.0671525420   0.0628134972  -0.2395552233   0.0011457320   0.0067881835
       -0.0217151255   0.0008246471  -0.0002052119   0.0006165897  -0.0000947898
       -0.0000769658   0.0000139325   0.0000994202   0.0000079856   0.0001798475
        0.0017461426   0.0020392700  -0.0006915503  -0.0750405005  -0.0740728523
        0.2793897551   0.0078168765   0.0025983596  -0.0148322864   0.0006113511
       -0.0000855495   0.0003157078  -0.0043066147   0.0002865866  -0.0033705405
        0.0000732119   0.0000178331  -0.0000735302   0.0000405181   0.0000425077
       -0.0001415433  -0.0000557114  -0.0000212483   0.0000598338   0.0000830255
       -0.0000384921  -0.0000317436  -0.0000958506  -0.0000939035  -0.0001641233
       -0.1481665768   0.1042363511   0.0587293252  -0.0205923161   0.0170580976
        0.0050206145  -0.0046844307  -0.0003406649  -0.0040227241  -0.0000596516
        0.0011362734  -0.0000346518  -0.0001530483  -0.0000702114  -0.0000705864
        0.0081779897  -0.0075413347  -0.0038843979  -0.0086773379   0.0080048226
        0.0078168765   0.1734638692  -0.1222596787  -0.0651817320   0.0000889657
        0.0001229867   0.0004659401   0.0007869875  -0.0000265445   0.0004156024
        0.0000106550  -0.0001315065   0.0000278243  -0.0001259066  -0.0000883883
        0.0007570973   0.0000153393  -0.0000758875   0.0000315913  -0.0000236865
       -0.0000669726  -0.0000570388  -0.0000608518   0.0000426579  -0.0000137405
        0.1041076002  -0.1468897891  -0.0556436324   0.0030086590  -0.0015412884
       -0.0001878744   0.0012919508   0.0006213325   0.0009213607   0.0000020716
       -0.0001394820   0.0001119890   0.0000047975   0.0000684570  -0.0000544061
        0.0194517697  -0.0256159319  -0.0128536902  -0.0050344739   0.0053945408
        0.0025983596  -0.1222596787   0.1675318453   0.0651822456  -0.0004524688
        0.0004878571  -0.0000471324  -0.0000001382  -0.0001901137   0.0000731819
       -0.0001932150   0.0002214806   0.0000279414   0.0000113229  -0.0000161781
       -0.0001317617   0.0000153947   0.0000393419  -0.0000245953   0.0000158283
        0.0000118730   0.0000272797   0.0000305799   0.0000160551   0.0000007346
        0.0587952742  -0.0559076931  -0.0735583411  -0.0135955096   0.0117651454
        0.0049829038  -0.0029944038   0.0000324139  -0.0016707821  -0.0005426791
        0.0005662715   0.0002459182  -0.0000254203  -0.0000365636  -0.0000137894
        0.0018189641  -0.0025569664  -0.0006827824   0.0218114044  -0.0197111234
       -0.0148322864  -0.0651817320   0.0651822456   0.0842558344   0.0002686984
        0.0002665007   0.0003139175  -0.0002692315   0.0003317043   0.0005852773
        0.0000143836   0.0000774243  -0.0000123346  -0.0001129877  -0.0000281636
        0.0004089795  -0.0000240538  -0.0000140356  -0.0000067247   0.0000174901
        0.0000094369   0.0000113093   0.0000198029   0.0000234031  -0.0000270994
       -0.0142070613  -0.0218336458  -0.0050099009  -0.0803913569  -0.0872179450
       -0.0048927237   0.0081659879   0.0169362772   0.0010014612   0.0007382418
        0.0000631483  -0.0003171809  -0.0021306680   0.0012739806   0.0007896706
       -0.0043524876  -0.0002390787  -0.0039699831   0.0007772626  -0.0000217740
        0.0006113511   0.0000889657  -0.0004524688   0.0002686984   0.1001381828
        0.1020302510   0.0075487427  -0.0047901201  -0.0120047519   0.0016312542
       -0.0020592513   0.0033407275   0.0016844730   0.0001227841  -0.0002949030
       -0.0000809773   0.0002413307  -0.0001917117  -0.0000158005   0.0000494514
       -0.0001351275  -0.0001966012  -0.0023912618  -0.0012529781   0.0009475165
       -0.0022918858  -0.0007788893  -0.0012164788  -0.0876677875  -0.2361224726
       -0.0136091860  -0.0054266570  -0.0253071223  -0.0032172216  -0.0014263890
        0.0005353524   0.0005635298  -0.0010749170   0.0007574771   0.0005612270
       -0.0003152978   0.0008550642  -0.0004271325   0.0003589674   0.0002697871
       -0.0000855495   0.0001229867   0.0004878571   0.0002665007   0.1020302510
        0.2742104733   0.0165914972  -0.0070373841  -0.0127013638   0.0024622693
        0.0030181342  -0.0035742978  -0.0020617546  -0.0003479688   0.0000783185
        0.0000856313  -0.0000262361   0.0000504592   0.0001133769   0.0001006732
        0.0000320588  -0.0000378568  -0.0000164894   0.0012072981   0.0000111475
       -0.0108399324  -0.0166534360  -0.0024273773  -0.0044682576  -0.0135161407
       -0.0456513231  -0.0036792813  -0.0101715494  -0.0002390035  -0.0006618183
        0.0000056750   0.0000828526   0.0002784193  -0.0001892292  -0.0004023195
       -0.0039815097  -0.0007243280  -0.0022111848  -0.0000470154  -0.0007672969
        0.0003157078   0.0004659401  -0.0000471324   0.0003139175   0.0075487427
        0.0165914972   0.0504157103   0.0131679401   0.0270289955  -0.0010907202
        0.0013356479  -0.0022606424   0.0004234174  -0.0000843865   0.0000923110
        0.0000472853   0.0001055664   0.0000444799  -0.0001453765  -0.0003005075
        0.0000986767   0.0000041416   0.0011604521   0.0004681196   0.0005642722
        0.0040470335   0.0067798675  -0.0233292589  -0.0607703171  -0.0248112032
        0.0674927680  -0.0134413420  -0.0014579500   0.0219078482   0.0000983177
        0.0027818955   0.0016005509  -0.0002386495  -0.0000047480   0.0002530298
        0.0007675182   0.0003352810  -0.0000680985  -0.0033520157   0.0004894232
       -0.0043066147   0.0007869875  -0.0000001382  -0.0002692315  -0.0047901201
       -0.0070373841   0.0131679401   0.0775239564   0.0229581514  -0.0746918702
        0.0003947723  -0.0004109773  -0.0003537881  -0.0012767961   0.0004078546
       -0.0014295152  -0.0000256582   0.0000613814  -0.0000282358   0.0000072840
       -0.0001057611  -0.0000608559   0.0002690291   0.0000143073   0.0001153318
       -0.0000804073   0.0005800924   0.0027114256  -0.0227293555  -0.0635652753
        0.0569692610   0.0090259095   0.0047051471  -0.0184761641   0.0008199943
       -0.0019907519  -0.0014390938  -0.0003360741   0.0002393582  -0.0000861285
        0.0000045000   0.0003512236  -0.0007790294   0.0006990406   0.0008508236
        0.0002865866  -0.0000265445  -0.0001901137   0.0003317043  -0.0120047519
       -0.0127013638   0.0270289955   0.0229581514   0.0713780318  -0.0677721443
        0.0002856829   0.0004018839  -0.0001784712   0.0011218830  -0.0003988159
        0.0013482163  -0.0001026904   0.0001568359   0.0000058280   0.0000979773
        0.0000875866   0.0000307253   0.0002666848   0.0000953376   0.0000182885
        0.0010631302   0.0070448457  -0.0234776324   0.0653294953   0.0593102277
       -0.2226377956   0.0100749708   0.0006678595  -0.0120692703  -0.0006461434
       -0.0019366995  -0.0011772766  -0.0000731089   0.0000183804  -0.0000191784
        0.0005793722  -0.0001116310   0.0002831057  -0.0044417321   0.0003173448
       -0.0033705405   0.0004156024   0.0000731819   0.0005852773   0.0016312542
        0.0024622693  -0.0010907202  -0.0746918702  -0.0677721443   0.2618749533
       -0.0000583001   0.0000215972   0.0003460772   0.0008198042  -0.0003029589
        0.0008621153  -0.0000576830   0.0000754197  -0.0000236897   0.0000452543
        0.0000874705   0.0000863303   0.0000099541   0.0000448369  -0.0001717554
        0.0008226972   0.0009932451   0.0005923573   0.0045860963   0.0161540385
        0.0016075225  -0.0726608589  -0.0803656634  -0.0031776295  -0.0174474768
       -0.0297214598  -0.0006369461  -0.0027135906  -0.0007092571   0.0046399446
       -0.0003494264  -0.0000962286  -0.0000909240  -0.0000242057  -0.0001671336
        0.0000732119   0.0000106550  -0.0001932150   0.0000143836  -0.0020592513
        0.0030181342   0.0013356479   0.0003947723   0.0002856829  -0.0000583001
        0.0907339034   0.0928854037  -0.0026749650  -0.0002319943  -0.0009203803
       -0.0018819186  -0.0009609899  -0.0014498977   0.0000710060  -0.0000707349
       -0.0000606008   0.0000996275  -0.0000295953   0.0003473319   0.0000869821
       -0.0008974309   0.0009675390  -0.0000851626  -0.0049093009  -0.0242348548
       -0.0032496618  -0.0831898305  -0.2557012686  -0.0171707155  -0.0062727661
       -0.0102815656   0.0002110161  -0.0019473793   0.0020930140  -0.0014617977
        0.0006783628   0.0001802662   0.0001384265  -0.0000821699  -0.0001997706
        0.0000178331  -0.0001315065   0.0002214806   0.0000774243   0.0033407275
       -0.0035742978  -0.0022606424  -0.0004109773   0.0004018839   0.0000215972
        0.0928854037   0.2893219511   0.0229122854   0.0012299865   0.0013065485
        0.0009597367  -0.0000208037   0.0000001366  -0.0000002390  -0.0005439882
       -0.0008055308  -0.0000643671   0.0002716729   0.0003044682  -0.0000457332
        0.0002092933   0.0001685040   0.0004205222  -0.0021961265  -0.0104584399
       -0.0001544078  -0.0042294056  -0.0182587724  -0.0357759828   0.0041320561
        0.0075676534  -0.0010172596   0.0044509941  -0.0017907606   0.0109361974
       -0.0000644166   0.0001407752   0.0000911396   0.0000153180   0.0000366920
       -0.0000735302   0.0000278243   0.0000279414  -0.0000123346   0.0016844730
       -0.0020617546   0.0004234174  -0.0003537881  -0.0001784712   0.0003460772
       -0.0026749650   0.0229122854   0.0293216895  -0.0014637772   0.0016043751
       -0.0049140410  -0.0011313675  -0.0019622007   0.0002001208   0.0015898221
        0.0023618909   0.0001818682   0.0000040657  -0.0001097181   0.0000265237
       -0.0001085819   0.0001620487   0.0001349704  -0.0025659261  -0.0025965199
        0.0042662269  -0.0244819327   0.0239819328   0.0116859294  -0.1130570810
        0.1019487480   0.0434624487   0.0059545974  -0.0099174000  -0.0031701284
        0.0000278588  -0.0000136336   0.0000404562   0.0001039988  -0.0000249187
        0.0000405181  -0.0001259066   0.0000113229  -0.0001129877   0.0001227841
       -0.0003479688  -0.0000843865  -0.0012767961   0.0011218830   0.0008198042
       -0.0002319943   0.0012299865  -0.0014637772   0.1354277616  -0.1122746466
       -0.0556044538   0.0003302744  -0.0002782292  -0.0001865105   0.0004103950
       -0.0001780538   0.0000638453  -0.0005294515  -0.0028245514   0.0001080449
       -0.0002486066   0.0002909135   0.0000662733  -0.0010215957   0.0019435717
       -0.0016723056   0.0006102901   0.0000619360   0.0000868741   0.1046012105
       -0.1916272040  -0.0618978042   0.0117313325  -0.0255246205  -0.0085027031
        0.0000359879   0.0000692513  -0.0000046590  -0.0000381494  -0.0000617078
        0.0000425077  -0.0000883883  -0.0000161781  -0.0000281636  -0.0002949030
        0.0000783185   0.0000923110   0.0004078546  -0.0003988159  -0.0003029589
       -0.0009203803   0.0013065485   0.0016043751  -0.1122746466   0.2189323728
        0.0712002311   0.0005122833   0.0003800390  -0.0000307463   0.0003037633
        0.0002780733  -0.0002015402  -0.0033160524  -0.0057124983  -0.0004516915
        0.0018996873  -0.0018545946  -0.0008284345   0.0039460737  -0.0009705019
        0.0112636121   0.0076244380  -0.0072023368  -0.0047514285   0.0437710867
       -0.0611753011  -0.0593744509   0.0010765663  -0.0021385654   0.0007732437
       -0.0000523342   0.0000169120  -0.0000879932   0.0000069585  -0.0000555422
       -0.0001415433   0.0007570973  -0.0001317617   0.0004089795  -0.0000809773
        0.0000856313   0.0000472853  -0.0014295152   0.0013482163   0.0008621153
       -0.0018819186   0.0009597367  -0.0049140410  -0.0556044538   0.0712002311
        0.0545689923  -0.0001640177   0.0001274363   0.0004538228   0.0001855686
        0.0001996463   0.0002019406  -0.0000542594  -0.0004092064   0.0015178997
        0.0000415872   0.0000774215   0.0000093023  -0.0001547898  -0.0003013945
        0.0002124390   0.0005915090  -0.0023751509   0.0002674260  -0.0106084675
       -0.0089254621   0.0156360477  -0.0694938202  -0.0112398910   0.0789564180
        0.0000276504   0.0000158947  -0.0000037021  -0.0000781121   0.0000098760
       -0.0000557114   0.0000153393   0.0000153947  -0.0000240538   0.0002413307
       -0.0000262361   0.0001055664  -0.0000256582  -0.0001026904  -0.0000576830
       -0.0009609899  -0.0000208037  -0.0011313675   0.0003302744   0.0005122833
       -0.0001640177   0.0814339241   0.0187700466  -0.0903483647   0.0071143480
        0.0044849910  -0.0239740665  -0.0084741254  -0.0008942790   0.0205717672
        0.0000414319   0.0001937495   0.0000972401   0.0002398535  -0.0000672396
        0.0000914479  -0.0000072490  -0.0035948356   0.0006214937  -0.0138770920
       -0.0089036545   0.0245277458  -0.0125380114  -0.0489839876   0.0396895287
        0.0000389696  -0.0000212457   0.0000228317  -0.0000135836   0.0000041689
       -0.0000212483  -0.0000758875   0.0000393419  -0.0000140356  -0.0001917117
        0.0000504592   0.0000444799   0.0000613814   0.0001568359   0.0000754197
       -0.0014498977   0.0000001366  -0.0019622007  -0.0002782292   0.0003800390
        0.0001274363   0.0187700466   0.0572844644  -0.0451749943  -0.0003085633
        0.0006042284   0.0044443661   0.0095885424   0.0028575392  -0.0225695111
       -0.0000545472  -0.0001014159   0.0000061354   0.0000039063   0.0000720822
        0.0000666612  -0.0012874761   0.0003767347   0.0000222775   0.0039880431
        0.0033497827  -0.0002500800   0.0773289603   0.0370826301  -0.2402120524
        0.0000014183   0.0000306312  -0.0000017367   0.0000489657  -0.0000053155
        0.0000598338   0.0000315913  -0.0000245953  -0.0000067247  -0.0000158005
        0.0001133769  -0.0001453765  -0.0000282358   0.0000058280  -0.0000236897
        0.0000710060  -0.0000002390   0.0002001208  -0.0001865105  -0.0000307463
        0.0004538228  -0.0903483647  -0.0451749943   0.2782227373   0.0047145956
        0.0045176074  -0.0264453077   0.0057324484  -0.0002113669  -0.0119466213
        0.0000282006  -0.0000036170   0.0001124054  -0.0002662486  -0.0001319639
       -0.0002645456   0.0007467456  -0.0022030590  -0.0017365721  -0.0192607449
       -0.0061638058  -0.0096065394  -0.1812467812   0.0190474029  -0.1156656945
        0.0000158826  -0.0000331536   0.0000024625   0.0000772513  -0.0000193870
        0.0000830255  -0.0000236865   0.0000158283   0.0000174901   0.0000494514
        0.0001006732  -0.0003005075   0.0000072840   0.0000979773   0.0000452543
       -0.0000707349  -0.0005439882   0.0015898221   0.0004103950   0.0003037633
        0.0001855686   0.0071143480  -0.0003085633   0.0047145956   0.2114449264
       -0.0156666819   0.1342013574  -0.0190262888   0.0055085747  -0.0133781225
        0.0000516182   0.0003052950   0.0000750494  -0.0000517374   0.0001223382
       -0.0004553950  -0.0005602305  -0.0029493746  -0.0015741480  -0.0241317951
       -0.0014322228  -0.0159796514   0.0157778642  -0.0421179505   0.0093687739
        0.0000654988   0.0000076619   0.0000095632  -0.0000111339  -0.0000649209
       -0.0000384921  -0.0000669726   0.0000118730   0.0000094369  -0.0001351275
        0.0000320588   0.0000986767  -0.0001057611   0.0000875866   0.0000874705
       -0.0000606008  -0.0008055308   0.0023618909  -0.0001780538   0.0002780733
        0.0001996463   0.0044849910   0.0006042284   0.0045176074  -0.0156666819
        0.0497140673  -0.0135424217   0.0205881224  -0.0037931830   0.0148619931
        0.0001002331   0.0001444657   0.0000684809   0.0001274242   0.0000724278
       -0.0001362157   0.0007100881  -0.0000414454  -0.0005822957  -0.0021877899
       -0.0014626051   0.0009495048  -0.1145827414   0.0112574568  -0.1339161389
        0.0000072498  -0.0000349637   0.0000097953   0.0000328130  -0.0000126713
       -0.0000317436  -0.0000570388   0.0000272797   0.0000113093  -0.0001966012
       -0.0000378568   0.0000041416  -0.0000608559   0.0000307253   0.0000863303
        0.0000996275  -0.0000643671   0.0001818682   0.0000638453  -0.0002015402
        0.0002019406  -0.0239740665   0.0044443661  -0.0264453077   0.1342013574
       -0.0135424217   0.1544496057   0.0057164554  -0.0005788501   0.0051487249
        0.0000091771   0.0001597868  -0.0000429526  -0.0016865741  -0.0020589175
       -0.0000485535   0.0004922455   0.0000508668  -0.0000756498   0.0099985696
       -0.0081865084  -0.0039154924  -0.1268064765   0.1087278303   0.0405338754
        0.0000715048   0.0000563016   0.0000275286  -0.0000040632  -0.0000182852
       -0.0000958506  -0.0000608518   0.0000305799   0.0000198029  -0.0023912618
       -0.0000164894   0.0011604521   0.0002690291   0.0002666848   0.0000099541
       -0.0000295953   0.0002716729   0.0000040657  -0.0005294515  -0.0033160524
       -0.0000542594  -0.0084741254   0.0095885424   0.0057324484  -0.0190262888
        0.0205881224   0.0057164554   0.1481681623  -0.1261441348  -0.0489718244
        0.0000682606   0.0002183736   0.0000380851   0.0001874868   0.0001720550
        0.0000821249   0.0014618347   0.0012380011  -0.0002434850   0.0142817224
       -0.0261709035  -0.0084869285   0.1091460780  -0.1829188820  -0.0526188218
        0.0001085240   0.0000148010   0.0000338810  -0.0000508351  -0.0000222385
       -0.0000939035   0.0000426579   0.0000160551   0.0000234031  -0.0012529781
        0.0012072981   0.0004681196   0.0000143073   0.0000953376   0.0000448369
        0.0003473319   0.0003044682  -0.0001097181  -0.0028245514  -0.0057124983
       -0.0004092064  -0.0008942790   0.0028575392  -0.0002113669   0.0055085747
       -0.0037931830  -0.0005788501  -0.1261441348   0.2124937761   0.0620618299
       -0.0001538487  -0.0000634087   0.0000988056   0.0004822281   0.0008112723
       -0.0002519685   0.0001367949   0.0002110607  -0.0001687732  -0.0003537017
       -0.0025012435  -0.0000292202   0.0405470471  -0.0523320782  -0.0640267058
       -0.0000185426   0.0000195520  -0.0000734475  -0.0001059321  -0.0000322124
       -0.0001641233  -0.0000137405   0.0000007346  -0.0000270994   0.0009475165
        0.0000111475   0.0005642722   0.0001153318   0.0000182885  -0.0001717554
        0.0000869821  -0.0000457332   0.0000265237   0.0001080449  -0.0004516915
        0.0015178997   0.0205717672  -0.0225695111  -0.0119466213  -0.0133781225
        0.0148619931   0.0051487249  -0.0489718244   0.0620618299   0.0695034885
