           1           2   1.45664560065794     
           2           3   1.35126822378793     
           3           4   1.37410643841736     
           4           5   1.37689971533333     
           1           6   1.43778807872664     
           5           6   1.35386389017900     
           5           7   1.09605754830141     
           3           8   1.08497711610222     
           8           9   1.81353374003679     
           1          10  0.967102749590053     
           2          11  0.965995853916650     
           4          12  0.964349962640229     
           6          13  0.963606965022627     
           7          14  0.831612682520584     
           8          15  0.933037457302498     
