           1           2   1.02831524059438     
           2           3   1.87658808541824     
           3           4   1.03014439461489     
           4           5  0.969463590886485     
           5           6  0.969614292930245     
           5           7  0.981075014608799     
           2           8  0.984864416734606     
           7           8  0.983073875316731     
           8           9  0.962471629451613     
           8          10  0.969798413051423     
           5          11  0.998878352323670     
          11          12   1.92728541835297     
          11          13   1.02684181221760     
           1          14  0.971348111967910     
           1          15  0.983890208292955     
           1          16  0.969855424884382     
           3          17  0.966698667924467     
           4          18  0.956401990142203     
           4          19  0.977119014447265     
           7          20  0.976078202483202     
           7          21  0.974440524189245     
          10          22  0.867845220487152     
          12          23  0.975372050462726     
          12          24  0.975870815497882     
          13          25  0.983453623280409     
          13          26  0.964977442477827     
          13          27  0.971593546239001     
