           1           2   1.01947062542563     
           2           3  0.987553378423195     
           3           4  0.964644721575047     
           3           5   1.00282372743319     
           3           6  0.977922277842775     
           1           7  0.985755608800711     
           1           8  0.987442086635956     
           1           9  0.986285225877416     
           2          10  0.976157348449862     
           2          11  0.976990675603850     
           5          12  0.984664200690291     
           5          13  0.982915879706228     
           5          14  0.985322466197441     
           6          15  0.865136324282256     
