           1           2   1.02056015888821     
           2           3  0.984262248687412     
           3           4   1.68019447923865     
           3           5   1.17194524478708     
           4           5  0.168925961328116     
           5           6  0.940271650030149     
           1           7  0.984500122209262     
           1           8  0.985649849435036     
           1           9  0.985824791212810     
           2          10  0.947422608854030     
           2          11  0.944952850535720     
           6          12  0.976278792248573     
           6          13  0.976626002869359     
           6          14  0.976290818885847     
