           1           2  0.977147490281115     
           2           3  0.957614056345903     
           2           4  0.962457126978999     
           4           5  0.955053577056986     
           4           6  0.964330773560260     
           6           7  0.956768930311506     
           6           8  0.968406708381651     
           8           9  0.957107095111226     
           8          10  0.953770437199488     
          10          11  0.949738014910972     
           2          12  0.957024486273137     
          10          12  0.955576478690817     
          10          13   1.02373308761361     
           8          14   1.00206744171962     
           6          15  0.999278187677942     
           4          16  0.997459981100509     
           1          17   1.01107275655645     
           1          18  0.968734382463503     
           1          19  0.967438242640837     
          13          20  0.832270594409466     
          14          21  0.844181346739943     
          15          22  0.841865214047712     
          16          23  0.852830319215442     
          17          24  0.856238824725362     
