           1           2   1.01930639123159     
           2           3  0.988630971731265     
           3           4  0.962656235447546     
           3           5   1.00742960376185     
           3           6  0.976020604945227     
           1           7  0.987011237982992     
           1           8  0.986276314815553     
           1           9  0.985855439606190     
           2          10  0.976845257461089     
           2          11  0.975498208546146     
           5          12  0.984846730838975     
           5          13  0.985531277985956     
           5          14  0.983295850636213     
           6          15  0.864369987116848     
