           1           2  0.938004681413127     
           2           3   1.16387295941423     
           2           4  0.168283350174279     
           3           4   1.69235942004594     
           3           5  0.968442560291723     
           5           6  0.988588103753414     
           6           7   1.00353033439751     
           7           8   1.01041197337862     
           8           9   1.00463076478991     
           5          10  0.988829892348489     
           9          10   1.00444622236631     
           1          11  0.976520940105653     
           1          12  0.976109103380044     
           1          13  0.976386608706516     
           5          14  0.929932745472142     
           6          15  0.978115621511635     
           6          16  0.979770561110829     
           7          17  0.978533949589381     
           7          18  0.977752888619566     
           8          19  0.978332033114727     
           8          20  0.978730329164623     
           9          21  0.980121734983262     
           9          22  0.980790278286462     
          10          23  0.978313908208790     
          10          24  0.975975555720770     
