           1           2   1.01128246698613     
           2           3  0.970663858177696     
           2           4  0.994239566484215     
           4           5   1.00718414434847     
           5           6  0.999741220399402     
           6           7  0.940971778628441     
           6           8  0.986697759060046     
           8           9   1.79454618662337     
           2          10  0.968627975050346     
           8          10   1.01029379974627     
           6          11  0.949575381531022     
          11          12   1.00855768849796     
          11          13   1.01054019718610     
           1          14  0.984669264744675     
           1          15  0.986913936106298     
           1          16  0.985530463524867     
           4          17  0.975902506179800     
           4          18  0.977950578379844     
           5          19  0.974202934039764     
           5          20  0.970885989206075     
          10          21  0.972397931340733     
          10          22  0.938276107720570     
          11          23  0.968122435668347     
          12          24  0.985983949157044     
          12          25  0.984143771403526     
          12          26  0.984370610057301     
          13          27  0.982417778007634     
          13          28  0.984639358492666     
          13          29  0.985387080042623     
