           1           2   1.00367844087021     
           2           3   1.02527278940592     
           3           4   1.92535091197144     
           4           5   1.03899130907614     
           1           6  0.988918469421381     
           1           7  0.987961183582665     
           1           8  0.986607006253958     
           2           9  0.964508984305544     
           2          10  0.971520221582864     
           3          11  0.966687711613251     
           4          12  0.967293456734484     
           5          13  0.969472204313419     
           5          14  0.971139076847278     
           5          15  0.979997078964322     
