           1           2  0.974450813690684     
           2           3  0.956644225341368     
           2           4  0.973306116544191     
           4           5  0.952978363323971     
           4           6  0.962702409093591     
           6           7  0.956795308786691     
           6           8  0.972320691587340     
           8           9  0.954502158802974     
           8          10  0.945269769477287     
          10          11  0.947861080043209     
           2          12  0.955527058236930     
          10          12  0.970960981277122     
          10          13  0.999605521234493     
           8          14   1.00510714414395     
           6          15   1.00200997448828     
           4          16  0.999293808855914     
           1          17   1.00785460782153     
           1          18  0.970053208361388     
           1          19  0.965560371315635     
          13          20  0.838371227606840     
          14          21  0.842828665928514     
          15          22  0.850869568624302     
          16          23  0.835316658697656     
          17          24  0.852733061683657     
