           1           2   1.04736158781868     
           2           3   1.72397506698028     
           3           4   1.11885907659235     
           4           5   1.70450412487226     
           4           6  0.977202954872932     
           6           7  0.949520257717140     
           6           8  0.998010101123106     
           2           9   1.03030654824103     
           8           9   1.00460519649013     
           6          10  0.953937041040691     
          10          11   1.00845843806939     
          10          12   1.00960576377965     
           1          13  0.951747310449796     
           1          14  0.959620836158357     
           1          15  0.982338903820621     
           3          16  0.961976554395554     
           8          17  0.970687631067538     
           8          18  0.977795092542493     
           9          19  0.934805152414012     
           9          20  0.959922358327677     
          10          21  0.967727154742237     
          11          22  0.986313328884991     
          11          23  0.984234372148864     
          11          24  0.982289426397142     
          12          25  0.985519805244717     
          12          26  0.985585223022985     
          12          27  0.981035149140794     
