           1           2  0.980265277351668     
           2           3   1.02012127217467     
           3           4   1.02218698881235     
           4           5  0.981264033425304     
           1           6   1.01570895563081     
           5           6   1.01526879320060     
           1           7  0.978834202822386     
           1           8  0.969755651969690     
           2           9  0.978933358968698     
           2          10  0.975624719740244     
           3          11  0.946247803761047     
           4          12  0.976989786199100     
           4          13  0.976804070467011     
           5          14  0.977926546261745     
           5          15  0.969578976273446     
           6          16  0.953497701065141     
