           1           2   1.02059477386578     
           2           3   1.01398835328512     
           3           4   1.40070592818859     
           4           5   1.45816824959719     
           3           6  0.112154449576860     
           5           6   1.41616199571235     
           4           7  0.103125057070000     
           6           7   1.44230394906747     
           3           8   1.40317997125568     
           5           8  0.110277688788838     
           7           8   1.43049650219975     
           1           9  0.986525591267618     
           1          10  0.985775682138366     
           1          11  0.986418948590345     
           2          12  0.959534085637214     
           2          13  0.960615619308628     
           4          14  0.968197952992466     
           5          15  0.969199299805308     
           6          16  0.964352364792492     
           8          17  0.959902181852558     
