           1           2   1.35983451487578     
           2           3   1.51117990460132     
           3           4   1.33085420519635     
           4           5   1.28565141752667     
           1           6   1.51718591654282     
           3           6  0.111845531663366     
           5           6   1.31604773830876     
           5           7   1.20563375162726     
           7           8   1.64997858893400     
           8           9   1.20563374579736     
           4          10   1.16158205704223     
           9          10   1.28565142607780     
          10          11   1.33085419247884     
          11          12   1.51117991600775     
          12          13   1.35983450760787     
           9          14   1.31604773719549     
          11          14  0.111845531510629     
          13          14   1.51718592237344     
           1          15  0.970512676445306     
           2          16  0.970748352656452     
           3          17  0.962379488838283     
           6          18  0.968046300824810     
           7          19  0.967089742300266     
           8          20  0.967089743557296     
          11          21  0.962379491637113     
          12          22  0.970748352774130     
          13          23  0.970512675788342     
          14          24  0.968046298654889     
