$hessian                                                                        
        0.4502193919   0.0653621824   0.0000035129  -0.1515808523   0.0580790714
        0.0000035860  -0.0428155612   0.0113895662   0.0000009309  -0.0406259852
       -0.0039716048   0.0011175716  -0.0406260791  -0.0039731069  -0.0011205356
       -0.1721182108  -0.1252797228  -0.0000049841  -0.0059393651  -0.0028866600
       -0.0000001566   0.0017433201   0.0006400927   0.0007479839   0.0017433419
        0.0006401818  -0.0007479088
        0.0653621824   0.4836717279  -0.0000002371   0.0814959662  -0.1357977496
       -0.0000049862  -0.0113913156   0.0128262987   0.0000011169  -0.0038198813
       -0.1069867917   0.0968096582  -0.0038215965  -0.1069680633  -0.0968012861
       -0.1183714828  -0.1502090578  -0.0000041281  -0.0039251118  -0.0004159949
       -0.0000000761  -0.0027642134   0.0019396946   0.0006267645  -0.0027645472
        0.0019399362  -0.0006268261
        0.0000035129  -0.0000002371   0.4746268222   0.0000048439  -0.0000050457
       -0.0483999738  -0.0000003767   0.0000011640  -0.0057401846   0.0002763012
        0.0977953950  -0.1906394578  -0.0002792628  -0.0977870057  -0.1906587163
       -0.0000046690  -0.0000041044  -0.0433797949  -0.0000000785  -0.0000000674
        0.0008299526  -0.0026815059   0.0013869525   0.0016807720   0.0026812349
       -0.0013870513   0.0016805807
       -0.1515808523   0.0814959662   0.0000048439   0.4300156115   0.0000013426
       -0.0000007431  -0.1515764630  -0.0814964493  -0.0000043496  -0.0151580749
        0.0173364293  -0.0099473040  -0.0151574512   0.0173349758   0.0099492391
       -0.0331149579   0.0126851793   0.0000009120  -0.0331150256  -0.0126865330
       -0.0000005081  -0.0151567843  -0.0173351077  -0.0099490545  -0.0151560023
       -0.0173358032   0.0099469642
        0.0580790714  -0.1357977496  -0.0000050457   0.0000013426   0.3418368016
        0.0000141565  -0.0580795636  -0.1358021055  -0.0000046037   0.0262008748
       -0.0230081933   0.0084005855   0.0261984996  -0.0230054178  -0.0084036183
       -0.0156232826   0.0108964642   0.0000007047   0.0156219098   0.0108965889
        0.0000006258  -0.0261979347  -0.0230063951  -0.0084038187  -0.0262009172
       -0.0230099934   0.0084010139
        0.0000035860  -0.0000049862  -0.0483999738  -0.0000007431   0.0000141565
        0.0875891840  -0.0000030970  -0.0000046565  -0.0483999008  -0.0232012050
        0.0177356998   0.0021530203   0.0232040446  -0.0177386307   0.0021497408
       -0.0000005962   0.0000004296   0.0003026082   0.0000012985   0.0000008721
        0.0003026033  -0.0232036986  -0.0177393362   0.0021500561   0.0232004109
        0.0177364515   0.0021526618
       -0.0428155612  -0.0113913156  -0.0000003767  -0.1515764630  -0.0580795636
       -0.0000030970   0.4502234793  -0.0653632191  -0.0000037977   0.0017432541
       -0.0006401558   0.0007479706   0.0017432770  -0.0006401297  -0.0007479599
       -0.0059395801   0.0028864878   0.0000001630  -0.1721258544   0.1252790410
        0.0000103361  -0.0406263168   0.0039732658   0.0011204853  -0.0406262349
        0.0039755892  -0.0011237237
        0.0113895662   0.0128262987   0.0000011640  -0.0814964493  -0.1358021055
       -0.0000046565  -0.0653632191   0.4836675857   0.0000006058   0.0027645906
        0.0019399520  -0.0006268125   0.0027641539   0.0019398090   0.0006267308
        0.0039249383  -0.0004157779  -0.0000001014   0.1183708025  -0.1502014122
       -0.0000088782   0.0038216206  -0.1069635395  -0.0967994711   0.0038239964
       -0.1069908101   0.0968114190
        0.0000009309   0.0000011169  -0.0057401846  -0.0000043496  -0.0000046037
       -0.0483999008  -0.0000037977   0.0000006058   0.4746266301  -0.0026811944
       -0.0013870761   0.0016805547   0.0026814933   0.0013871179   0.0016808155
        0.0000003477  -0.0000001181   0.0008299262   0.0000099141  -0.0000089728
       -0.0433797728   0.0002791516  -0.0977852237  -0.1906627368  -0.0002824959
        0.0977971536  -0.1906353316
       -0.0406259852  -0.0038198813   0.0002763012  -0.0151580749   0.0262008748
       -0.0232012050   0.0017432541   0.0027645906  -0.0026811944   0.0524983671
       -0.0091915029   0.0061224200   0.0014817750  -0.0006330841  -0.0014353066
       -0.0006647152  -0.0141547219   0.0194404376   0.0002990546  -0.0002523539
        0.0001407233  -0.0002442820  -0.0001304888   0.0002326607   0.0006706065
       -0.0007834324   0.0011051631
       -0.0039716048  -0.1069867917   0.0977953950   0.0173364293  -0.0230081933
        0.0177356998  -0.0006401558   0.0019399520  -0.0013870761  -0.0091915029
        0.1333530413  -0.1197032798  -0.0006334638   0.0083790577  -0.0135961574
       -0.0033904280  -0.0141059727   0.0194661729  -0.0004231019   0.0000797014
       -0.0000433367   0.0001304400  -0.0001607653  -0.0000718834   0.0007833879
        0.0005099706  -0.0001955343
        0.0011175716   0.0968096582  -0.1906394578  -0.0099473040   0.0084005855
        0.0021530203   0.0007479706  -0.0006268125   0.0016805547   0.0061224200
       -0.1197032798   0.2195771447   0.0014346864   0.0135999576  -0.0301266045
        0.0011089106   0.0018515088  -0.0018500340   0.0002882675  -0.0002079782
        0.0000287108   0.0002326536   0.0000719393  -0.0006964869  -0.0011051764
       -0.0001955791  -0.0001268473
       -0.0406260791  -0.0038215965  -0.0002792628  -0.0151574512   0.0261984996
        0.0232040446   0.0017432770   0.0027641539   0.0026814933   0.0014817750
       -0.0006334638   0.0014346864   0.0524981923  -0.0091887327  -0.0061204406
       -0.0006650561  -0.0141528591  -0.0194418653   0.0002990445  -0.0002523284
       -0.0001407625   0.0006705948  -0.0007832470  -0.0011052543  -0.0002442972
       -0.0001304260  -0.0002326388
       -0.0039731069  -0.1069680633  -0.0977870057   0.0173349758  -0.0230054178
       -0.0177386307  -0.0006401297   0.0019398090   0.0013871179  -0.0006330841
        0.0083790577   0.0135999576  -0.0091887327   0.1333297513   0.1196949409
       -0.0033906356  -0.0141038782  -0.0194673444  -0.0004230609   0.0000796877
        0.0000433348   0.0007833042   0.0005098281   0.0001957094   0.0001304698
       -0.0001607745   0.0000719203
       -0.0011205356  -0.0968012861  -0.1906587163   0.0099492391  -0.0084036183
        0.0021497408  -0.0007479599   0.0006267308   0.0016808155  -0.0014353066
       -0.0135961574  -0.0301266045  -0.0061204406   0.1196949409   0.2196010674
       -0.0011092655  -0.0018524589  -0.0018517112  -0.0002883192   0.0002079966
        0.0000287806   0.0011052297   0.0001957362  -0.0001268744  -0.0002326414
       -0.0000718838  -0.0006964979
       -0.1721182108  -0.1183714828  -0.0000046690  -0.0331149579  -0.0156232826
       -0.0000005962  -0.0059395801   0.0039249383   0.0000003477  -0.0006647152
       -0.0033904280   0.0011089106  -0.0006650561  -0.0033906356  -0.0011092655
        0.2134873225   0.1367578683   0.0000052643  -0.0015828633  -0.0007531498
       -0.0000000439   0.0002990329   0.0004230578   0.0002883126   0.0002990280
        0.0004231143  -0.0002882604
       -0.1252797228  -0.1502090578  -0.0000041044   0.0126851793   0.0108964642
        0.0000004296   0.0028864878  -0.0004157779  -0.0000001181  -0.0141547219
       -0.0141059727   0.0018515088  -0.0141528591  -0.0141038782  -0.0018524589
        0.1367578683   0.1672303794   0.0000047243   0.0007530840   0.0005483944
        0.0000000172   0.0002523296   0.0000797072   0.0002079986   0.0002523547
        0.0000797414  -0.0002079973
       -0.0000049841  -0.0000041281  -0.0433797949   0.0000009120   0.0000007047
        0.0003026082   0.0000001630  -0.0000001014   0.0008299262   0.0194404376
        0.0194661729  -0.0018500340  -0.0194418653  -0.0194673444  -0.0018517112
        0.0000052643   0.0000047243   0.0456176890   0.0000000520   0.0000000239
        0.0002738050   0.0001407380   0.0000433189   0.0000287975  -0.0001407174
       -0.0000433709   0.0000287142
       -0.0059393651  -0.0039251118  -0.0000000785  -0.0331150256   0.0156219098
        0.0000012985  -0.1721258544   0.1183708025   0.0000099141   0.0002990546
       -0.0004231019   0.0002882675   0.0002990445  -0.0004230609  -0.0002883192
       -0.0015828633   0.0007530840   0.0000000520   0.2134958944  -0.1367564379
       -0.0000115908  -0.0006651919   0.0033906570   0.0011093745  -0.0006656933
        0.0033912591  -0.0011089181
       -0.0028866600  -0.0004159949  -0.0000000674  -0.0126865330   0.0108965889
        0.0000008721   0.1252790410  -0.1502014122  -0.0000089728  -0.0002523539
        0.0000797014  -0.0002079782  -0.0002523284   0.0000796877   0.0002079966
       -0.0007531498   0.0005483944   0.0000000239  -0.1367564379   0.1672217621
        0.0000102301   0.0141528340  -0.0141028860  -0.0018530008   0.0141555881
       -0.0141058414   0.0018508964
       -0.0000001566  -0.0000000761   0.0008299526  -0.0000005081   0.0000006258
        0.0003026033   0.0000103361  -0.0000088782  -0.0433797728   0.0001407233
       -0.0000433367   0.0000287108  -0.0001407625   0.0000433348   0.0000287806
       -0.0000000439   0.0000000172   0.0002738050  -0.0000115908   0.0000102301
        0.0456176774   0.0194427673  -0.0194671066  -0.0018526200  -0.0194407648
        0.0194651897  -0.0018491369
        0.0017433201  -0.0027642134  -0.0026815059  -0.0151567843  -0.0261979347
       -0.0232036986  -0.0406263168   0.0038216206   0.0002791516  -0.0002442820
        0.0001304400   0.0002326536   0.0006705948   0.0007833042   0.0011052297
        0.0002990329   0.0002523296   0.0001407380  -0.0006651919   0.0141528340
        0.0194427673   0.0524978860   0.0091886349   0.0061204249   0.0014817414
        0.0006329849  -0.0014357607
        0.0006400927   0.0019396946   0.0013869525  -0.0173351077  -0.0230063951
       -0.0177393362   0.0039732658  -0.1069635395  -0.0977852237  -0.0001304888
       -0.0001607653   0.0000719393  -0.0007832470   0.0005098281   0.0001957362
        0.0004230578   0.0000797072   0.0000433189   0.0033906570  -0.0141028860
       -0.0194671066   0.0091886349   0.1333252621   0.1196930358   0.0006331352
        0.0083790939   0.0136006837
        0.0007479839   0.0006267645   0.0016807720  -0.0099490545  -0.0084038187
        0.0021500561   0.0011204853  -0.0967994711  -0.1906627368   0.0002326607
       -0.0000718834  -0.0006964869  -0.0011052543   0.0001957094  -0.0001268744
        0.0002883126   0.0002079986   0.0000287975   0.0011093745  -0.0018530008
       -0.0018526200   0.0061204249   0.1196930358   0.2196057034   0.0014350670
       -0.0135953342  -0.0301266110
        0.0017433419  -0.0027645472   0.0026812349  -0.0151560023  -0.0262009172
        0.0232004109  -0.0406262349   0.0038239964  -0.0002824959   0.0006706065
        0.0007833879  -0.0011051764  -0.0002442972   0.0001304698  -0.0002326414
        0.0002990280   0.0002523547  -0.0001407174  -0.0006656933   0.0141555881
       -0.0194407648   0.0014817414   0.0006331352   0.0014350670   0.0524975101
        0.0091865324  -0.0061149168
        0.0006401818   0.0019399362  -0.0013870513  -0.0173358032  -0.0230099934
        0.0177364515   0.0039755892  -0.1069908101   0.0977971536  -0.0007834324
        0.0005099706  -0.0001955791  -0.0001304260  -0.0001607745  -0.0000718838
        0.0004231143   0.0000797414  -0.0000433709   0.0033912591  -0.0141058414
        0.0194651897   0.0006329849   0.0083790939  -0.0135953342   0.0091865324
        0.1333586775  -0.1197055756
       -0.0007479088  -0.0006268261   0.0016805807   0.0099469642   0.0084010139
        0.0021526618  -0.0011237237   0.0968114190  -0.1906353316   0.0011051631
       -0.0001955343  -0.0001268473  -0.0002326388   0.0000719203  -0.0006964979
       -0.0002882604  -0.0002079973   0.0000287142  -0.0011089181   0.0018508964
       -0.0018491369  -0.0014357607   0.0136006837  -0.0301266110  -0.0061149168
       -0.1197055756   0.2195724679
