           1           2  0.978723958279540     
           2           3  0.955410853279579     
           2           4  0.972852223375004     
           4           5  0.956333962033614     
           4           6  0.959754195598327     
           6           7  0.957721940445641     
           6           8  0.956516520253680     
           8           9  0.958018100156802     
           8          10  0.965722663337553     
          10          11  0.949625770328287     
           2          12  0.953917436024856     
          10          12  0.975843626027369     
          10          13  0.991863900627346     
           8          14   1.00220043168551     
           6          15   1.00316451185772     
           4          16  0.998736469066680     
           1          17   1.00816881730005     
           1          18  0.969636215483742     
           1          19  0.963324048119157     
          13          20  0.832561218409321     
          14          21  0.840112621981741     
          15          22  0.854077171990295     
          16          23  0.844230869331158     
          17          24  0.855731387350364     
