           1           2   1.01016944500520     
           2           3   1.00571932108471     
           3           4  0.978677222329047     
           4           5  0.978144162421347     
           5           6  0.975612505829022     
           2           7   1.01235244889991     
           6           7  0.977870501248088     
           1           8  0.977236343213044     
           1           9  0.981954823224149     
           1          10  0.982158331840441     
           3          11  0.972282077716438     
           3          12  0.976408004178316     
           4          13  0.972116854456676     
           4          14  0.973306424725031     
           6          15  0.970246563644108     
           6          16  0.974413792137200     
           7          17  0.973837805472909     
           7          18  0.973252351381869     
