           1           2  0.983797897888356     
           2           3  0.979057415507527     
           3           4  0.983811427369349     
           4           5  0.983781990070508     
           1           6  0.983805111443572     
           5           6  0.979065462629128     
           1           7  0.970298104034454     
           1           8  0.970727123408425     
           2           9  0.968937816656742     
           2          10  0.972318648071348     
           4          11  0.970302850728512     
           4          12  0.970727752483450     
           5          13  0.968941038704138     
           5          14  0.972319674761967     
