           1           2   1.02451473756758     
           2           3   1.42254064322768     
           3           4   1.42926208364827     
           4           5   1.39442177620700     
           3           6  0.103310449125714     
           5           6   1.32536207248025     
           2           7   1.39271462956103     
           4           7  0.101834629999888     
           6           7   1.44446781930020     
           6           8   1.02774156869275     
           5           9   1.06249275281728     
           1          10  0.972862283943108     
           1          11  0.973131010652606     
           1          12  0.985784135914164     
           3          13  0.969093720410536     
           4          14  0.966032612296872     
           7          15  0.967307539330673     
           8          16  0.970696184384265     
           8          17  0.970566482252243     
           8          18  0.985695172811849     
           9          19  0.848253884876010     
