           1           2   1.43759482656719     
           2           3   1.44727565133031     
           1           4  0.108422140647464     
           3           4   1.40696999095086     
           2           5  0.110554428064700     
           4           5   1.40697712792882     
           1           6   1.43760287658496     
           3           6  0.110556121439239     
           5           6   1.44726615950467     
           4           7   1.02762756907716     
           7           8  0.900558600366975     
           1           9  0.970387884744099     
           2          10  0.969961639656996     
           3          11  0.968349671791478     
           5          12  0.968348697845053     
           6          13  0.969961429552260     
           7          14  0.973479337271389     
           7          15  0.973474707119147     
