           1           2   1.00157484925573     
           2           3  0.999167906193812     
           3           4   1.00791109496840     
           4           5   1.00901131048231     
           5           6   1.00901287816681     
           2           7  0.999160515942954     
           6           7   1.00791263220816     
           1           8  0.990524526574460     
           1           9  0.986980206641457     
           1          10  0.987005197461468     
           2          11  0.971124113148775     
           3          12  0.977044597787044     
           3          13  0.976453711924989     
           4          14  0.977581417112479     
           4          15  0.977488031722479     
           5          16  0.977726334973928     
           5          17  0.977559305897449     
           6          18  0.977578536523346     
           6          19  0.977488618755393     
           7          20  0.977027266126495     
           7          21  0.976476562416608     
