$hessian                                                                        
        0.5191066562   0.0000052638   0.0212789015  -0.0919776300   0.0502666489
        0.0211279025  -0.0217280889   0.0240117085   0.0072897738   0.0017389891
        0.0000001528   0.0003819210  -0.0217230586  -0.0240148253   0.0072890735
       -0.0919623164  -0.0502580790   0.0211204149   0.0008582566   0.0000000366
        0.0001458582  -0.0454605626  -0.0000002400  -0.0037846321  -0.2485117327
       -0.0000150043  -0.0712287910   0.0054781614  -0.0095280951  -0.0034382854
       -0.0001876022   0.0010946929   0.0019063857   0.0008465133   0.0002268504
        0.0008682022  -0.0062003301   0.0007373156  -0.0012561660  -0.0002973503
       -0.0000000539   0.0001855017   0.0008464876  -0.0002267894   0.0008681523
       -0.0062002171  -0.0007384344  -0.0012561988   0.0054783005   0.0095330995
       -0.0034391876  -0.0001870149  -0.0010942569   0.0019057296   0.0000825392
        0.0000000094   0.0000354440
        0.0000052638   0.4474290815   0.0000003416   0.0482857917  -0.1518931035
       -0.0375287544   0.0082593716  -0.0031079365   0.0003264218   0.0000001544
       -0.0003886202   0.0000000194  -0.0082621966  -0.0031127704  -0.0003254831
       -0.0482772156  -0.1519109578   0.0375299170   0.0000000564   0.0002212047
        0.0000000234  -0.0000002493  -0.0413674229   0.0000034153  -0.0000150192
       -0.0402535155  -0.0000050698   0.0111368308  -0.0258906397  -0.0083786098
        0.0025795095  -0.0035267399  -0.0039986390  -0.0004962834   0.0003673708
       -0.0001366263  -0.0000856225   0.0011813744   0.0000961862  -0.0000000362
        0.0001889398   0.0000000181   0.0004964523   0.0003674401   0.0001367518
        0.0000845398   0.0011812913  -0.0000963674  -0.0111318293  -0.0258908797
        0.0083771355  -0.0025794789  -0.0035282955   0.0039993139  -0.0000000393
       -0.0000658210   0.0000000057
        0.0212789015   0.0000003416   0.5246999960   0.0209245249  -0.0377356319
       -0.0848049554  -0.0021188712   0.0050336497   0.0028599163   0.0009233603
        0.0000000695   0.0001713097  -0.0021183656  -0.0050341709   0.0028597698
        0.0209170924   0.0377367436  -0.0848025147  -0.0005769395  -0.0000000283
       -0.0000054756  -0.0040249875   0.0000033770  -0.2705375965  -0.0707775748
       -0.0000050433  -0.0695600762  -0.0039941424   0.0084425718   0.0034939263
        0.0148684508  -0.0261774487  -0.0150081457  -0.0009153498   0.0008352777
        0.0008110567  -0.0022571983   0.0004214017   0.0003195789   0.0000372845
        0.0000000181  -0.0000223187  -0.0009151670  -0.0008354424   0.0008110449
       -0.0022571500  -0.0004217141   0.0003195890  -0.0039930806  -0.0084441486
        0.0034938271   0.0148643086   0.0261801557  -0.0150071656   0.0001349037
        0.0000000220  -0.0000917663
       -0.0919776300   0.0482857917   0.0209245249   0.4627550387   0.0291605878
       -0.0082480340  -0.1826453198   0.0006196874  -0.0384040230  -0.0216057962
       -0.0073222270  -0.0024428370   0.0005772096   0.0011525008  -0.0002816170
        0.0055585579  -0.0077931297  -0.0039783095  -0.0019305301  -0.0031082631
        0.0009620535  -0.0003044752   0.0018395948   0.0016679492  -0.0171652655
        0.0249709321   0.0092455748  -0.0874032629  -0.0850456880   0.0385325718
       -0.0426441467  -0.0016681586  -0.0091224592  -0.0056665041  -0.0004298012
       -0.0046569270  -0.0183256788   0.0023148127  -0.0043764804   0.0005278210
        0.0005356730  -0.0005307561  -0.0000003946  -0.0001513652  -0.0000883653
        0.0001124030   0.0002232763   0.0000526310  -0.0002381481  -0.0033327363
        0.0006550604   0.0003607290  -0.0001524493  -0.0002315704   0.0000153929
       -0.0000990381   0.0003210133
        0.0502666489  -0.1518931035  -0.0377356319   0.0291605878   0.4996533801
       -0.0187853686  -0.0022807911  -0.0642421281  -0.0001092588  -0.0201462615
       -0.0011540712  -0.0056481930   0.0017890669   0.0019205717  -0.0004291601
        0.0077990994  -0.0315666565  -0.0057362037  -0.0066823996  -0.0040918393
        0.0010209132   0.0018612982  -0.0034568238  -0.0040908852   0.0033754499
       -0.0028984152  -0.0011514460  -0.0851506099  -0.1937460751   0.0695468507
       -0.0016807279  -0.0444960711  -0.0029255655   0.0001502740   0.0005800635
       -0.0001887081   0.0239897007  -0.0010762643   0.0060882983  -0.0003184603
        0.0004348099  -0.0005685564  -0.0002106756  -0.0001708795  -0.0001350521
        0.0000964599   0.0003920391   0.0000457901  -0.0023688782  -0.0047925809
        0.0014710171   0.0003836503   0.0008624127  -0.0007810965  -0.0000334319
       -0.0002583685   0.0001122565
        0.0211279025  -0.0375287544  -0.0848049554  -0.0082480340  -0.0187853686
        0.5253134029  -0.0377296494   0.0003553556  -0.0795519817   0.0049830167
       -0.0011133774   0.0025730393  -0.0001105976  -0.0004630742  -0.0000189020
       -0.0039789672   0.0057342977   0.0033816357   0.0037555007   0.0020734112
        0.0003719336   0.0144957651  -0.0263973988  -0.0150094424  -0.0044222534
        0.0066292279   0.0030932966   0.0383667712   0.0692728683  -0.0765924288
       -0.0090975285  -0.0028169150  -0.2704247646  -0.0303315695  -0.0007445564
       -0.0128560833   0.0093352150  -0.0005537636   0.0030537991   0.0011603275
        0.0004384261   0.0006556932   0.0000423972   0.0000003244   0.0000188317
        0.0000738438   0.0001312004  -0.0000475924   0.0008242084   0.0025165755
        0.0001425263  -0.0002264218   0.0012286215   0.0008338860  -0.0000199266
        0.0000228998  -0.0001318938
       -0.0217280889   0.0082593716  -0.0021188712  -0.1826453198  -0.0022807911
       -0.0377296494   0.4695515547  -0.0345762948  -0.0055612719  -0.0730972682
       -0.0348157464   0.0175424467   0.0047568888   0.0072647098  -0.0030982222
        0.0005776547  -0.0017892780  -0.0001107304  -0.0395341310  -0.0303615254
        0.0070055231   0.0006526655  -0.0006240975  -0.0004400282  -0.0012594368
        0.0028946975   0.0010097705  -0.0195964441  -0.0030457904  -0.0046355720
       -0.0060792002   0.0003095428  -0.0049758795  -0.0425536279   0.0009734023
       -0.0091734573  -0.0900623990   0.0861446529   0.0388665672  -0.0002936938
       -0.0025645188   0.0023527535   0.0002657552   0.0002185069  -0.0002207987
       -0.0005348259   0.0030713008   0.0008209087   0.0001324480  -0.0001964389
        0.0000267358   0.0000582458   0.0001883199  -0.0000234175   0.0013892230
        0.0009299769   0.0004631928
        0.0240117085  -0.0031079365   0.0050336497   0.0006196874  -0.0642421281
        0.0003553556  -0.0345762948   0.4897502216   0.0225486568  -0.0395989833
       -0.1444142612   0.0358143690  -0.0072589862  -0.0310847111   0.0064251244
       -0.0011527009   0.0019200884   0.0004631136  -0.0080316818  -0.0007760555
        0.0003613069   0.0000957435   0.0005066585   0.0006741801   0.0036072276
       -0.0038472305  -0.0012823811  -0.0246936674  -0.0016236254  -0.0063034901
       -0.0005744422   0.0005837464  -0.0000532730   0.0008521680  -0.0450578325
        0.0005802908   0.0867823058  -0.1925231353  -0.0675823976  -0.0022559374
       -0.0033505349   0.0035109758  -0.0005731415   0.0008516113   0.0010727695
        0.0022640338  -0.0048737827  -0.0014831754  -0.0000939818   0.0004397648
       -0.0000063695   0.0001675392  -0.0001903125   0.0001631388   0.0004094035
        0.0010394553  -0.0002918443
        0.0072897738   0.0003264218   0.0028599163  -0.0384040230  -0.0001092588
       -0.0795519817  -0.0055612719   0.0225486568   0.5201175630   0.0213096154
        0.0370508654  -0.0862058701  -0.0030974377  -0.0064268077   0.0032632031
       -0.0002817010   0.0004291794  -0.0000188678  -0.0071052368  -0.0053935460
        0.0051621923   0.0011608714  -0.0003406030   0.0008108134   0.0016939415
       -0.0019852212   0.0001042276   0.0096399308   0.0007311703   0.0031757325
       -0.0303957277   0.0000704388  -0.0129540100  -0.0081459264   0.0008626189
       -0.2676267921   0.0389364994  -0.0675084137  -0.0759635026   0.0127878152
        0.0254806130  -0.0155315418  -0.0001119274  -0.0013902649   0.0007434302
        0.0007249064  -0.0026186985   0.0001981441   0.0001129391  -0.0000961508
       -0.0000292297   0.0000253975  -0.0000462239   0.0000349472  -0.0005784386
       -0.0015847760   0.0014116261
        0.0017389891   0.0000001544   0.0009233603  -0.0216057962  -0.0201462615
        0.0049830167  -0.0730972682  -0.0395989833   0.0213096154   0.4326783060
       -0.0000002738  -0.0062721883  -0.0731088190   0.0396093305   0.0213167019
       -0.0216100520   0.0201429307   0.0049834693  -0.2036700540  -0.0000118378
       -0.0348187494  -0.0003247574  -0.0000000359   0.0000256155   0.0008215300
        0.0000000825  -0.0000675332  -0.0039456116  -0.0002298708  -0.0010013500
        0.0005737072  -0.0002767616   0.0008303157  -0.0000712977  -0.0004295101
        0.0012830217   0.0054129173   0.0108369594  -0.0038002230  -0.0384972963
        0.0000002958   0.0026550969  -0.0000717183   0.0004298587   0.0012836411
        0.0054129052  -0.0108317419  -0.0037992575  -0.0039454765   0.0002290803
       -0.0010013458   0.0005737458   0.0002767491   0.0008303456  -0.0072639533
       -0.0000001648  -0.0096635529
        0.0000001528  -0.0003886202   0.0000000695  -0.0073222270  -0.0011540712
       -0.0011133774  -0.0348157464  -0.1444142612   0.0370508654  -0.0000002738
        0.4382582944  -0.0000021257   0.0348262011  -0.1444003014  -0.0370493603
        0.0073191246  -0.0011500195   0.0011140379  -0.0000122831  -0.0444371486
       -0.0000021851  -0.0000000410   0.0002017529   0.0000000079   0.0000000820
       -0.0002364986  -0.0000000103   0.0011148455   0.0013547953   0.0000715555
        0.0005482539   0.0004442617   0.0001818122  -0.0022686635  -0.0026610948
        0.0040825245  -0.0108619910  -0.0272646083   0.0084279673   0.0000002521
       -0.0428244141   0.0000036133   0.0022685572  -0.0026597198  -0.0040818812
        0.0108672052  -0.0272646137  -0.0084295376  -0.0011155896   0.0013546476
       -0.0000716812  -0.0005481903   0.0004441969  -0.0001816873   0.0000003316
       -0.0032025773  -0.0000006075
        0.0003819210   0.0000000194   0.0001713097  -0.0024428370  -0.0056481930
        0.0025730393   0.0175424467   0.0358143690  -0.0862058701  -0.0062721883
       -0.0000021257   0.5419376648   0.0175490804  -0.0358134489  -0.0862081634
       -0.0024434604   0.0056476810   0.0025732354  -0.0056551206   0.0000000965
       -0.0800420705   0.0000573418   0.0000000096  -0.0001319689  -0.0002787286
       -0.0000000275  -0.0000258304  -0.0023218787  -0.0004257386   0.0001611873
       -0.0013332644  -0.0009092079   0.0004032512   0.0143476630   0.0263587633
       -0.0167770198  -0.0037848614  -0.0084781397   0.0036447712   0.0053593760
        0.0000038231  -0.2587101419   0.0143517718  -0.0263560743  -0.0167779703
       -0.0037858360   0.0084765905   0.0036447772  -0.0023219823   0.0004254110
        0.0001611978  -0.0013334241   0.0009090014   0.0004032728  -0.0376160190
       -0.0000028095  -0.0107946714
       -0.0217230586  -0.0082621966  -0.0021183656   0.0005772096   0.0017890669
       -0.0001105976   0.0047568888  -0.0072589862  -0.0030974377  -0.0731088190
        0.0348262011   0.0175490804   0.4695409601   0.0345733622  -0.0055563970
       -0.1826456363   0.0022635873  -0.0377294950  -0.0395400218   0.0303553113
        0.0070065707   0.0006525804   0.0006241331  -0.0004399040  -0.0012584201
       -0.0028943397   0.0010094730   0.0001324031   0.0001963844   0.0000267500
        0.0000583118  -0.0001882897  -0.0000233961   0.0002657550  -0.0002185843
       -0.0002206301  -0.0005339987  -0.0030706438   0.0008205812  -0.0002944356
        0.0025649098   0.0023533842  -0.0425533071  -0.0009727430  -0.0091736598
       -0.0900354928  -0.0861298629   0.0388534077  -0.0196007731   0.0030431236
       -0.0046364664  -0.0060792680  -0.0003104336  -0.0049759143   0.0013891222
       -0.0009299999   0.0004630165
       -0.0240148253  -0.0031127704  -0.0050341709   0.0011525008   0.0019205717
       -0.0004630742   0.0072647098  -0.0310847111  -0.0064268077   0.0396093305
       -0.1444003014  -0.0358134489   0.0345733622   0.4897621509  -0.0225504055
       -0.0006368770  -0.0642419250  -0.0003607213   0.0080259015  -0.0007702285
       -0.0003604222  -0.0000957542   0.0005067681  -0.0006742553  -0.0036068820
       -0.0038483393   0.0012824111   0.0000939266   0.0004398116   0.0000064049
       -0.0001675054  -0.0001903723  -0.0001631393   0.0005730273   0.0008516642
       -0.0010727950  -0.0022633847  -0.0048747425   0.0014831623   0.0022559945
       -0.0033488764  -0.0035102167  -0.0008515715  -0.0450580370  -0.0005748176
       -0.0867674991  -0.1925541262   0.0675849251   0.0246905522  -0.0016194830
        0.0063025917   0.0005743764   0.0005837793   0.0000529190  -0.0004093824
        0.0010391673   0.0002918605
        0.0072890735  -0.0003254831   0.0028597698  -0.0002816170  -0.0004291601
       -0.0000189020  -0.0030982222   0.0064251244   0.0032632031   0.0213167019
       -0.0370493603  -0.0862081634  -0.0055563970  -0.0225504055   0.5201164814
       -0.0384040255   0.0001037761  -0.0795519577  -0.0071058480   0.0053922599
        0.0051623286   0.0011608107   0.0003407712   0.0008107959   0.0016935229
        0.0019853511   0.0001043283   0.0001129394   0.0000961801  -0.0000292276
        0.0000253849   0.0000462149   0.0000349478  -0.0001121111   0.0013902588
        0.0007434512   0.0007244176   0.0026186386   0.0001982778   0.0127918456
       -0.0254782242  -0.0155324701  -0.0081461195  -0.0008569878  -0.2676269533
        0.0389233245   0.0675109629  -0.0759594429   0.0096408309  -0.0007298322
        0.0031758939  -0.0303957198  -0.0000747307  -0.0129540142  -0.0005787919
        0.0015846459   0.0014116533
       -0.0919623164  -0.0482772156   0.0209170924   0.0055585579   0.0077990994
       -0.0039789672   0.0005776547  -0.0011527009  -0.0002817010  -0.0216100520
        0.0073191246  -0.0024434604  -0.1826456363  -0.0006368770  -0.0384040255
        0.4627641511  -0.0291660326  -0.0082519505  -0.0019320459   0.0031085656
        0.0009623304  -0.0003038990  -0.0018391598   0.0016672417  -0.0171608353
       -0.0249734617   0.0092445818  -0.0002390424   0.0033334273   0.0006553981
        0.0003607669   0.0001523788  -0.0002316844  -0.0000003950   0.0001513920
       -0.0000883760   0.0001124409  -0.0002233221   0.0000526238   0.0005278610
       -0.0005356398  -0.0005308575  -0.0056665200   0.0004289815  -0.0046569363
       -0.0183216055  -0.0023173724  -0.0043755957  -0.0874296995   0.0850610075
        0.0385460773  -0.0426446811   0.0016687390  -0.0091228403   0.0000152960
        0.0000990663   0.0003210491
       -0.0502580790  -0.1519109578   0.0377367436  -0.0077931297  -0.0315666565
        0.0057342977  -0.0017892780   0.0019200884   0.0004291794   0.0201429307
       -0.0011500195   0.0056476810   0.0022635873  -0.0642419250   0.0001037761
       -0.0291660326   0.4996435190   0.0187834132   0.0066826186  -0.0040902260
       -0.0010208993  -0.0018612883  -0.0034583786   0.0040915254  -0.0033775201
       -0.0029026519   0.0011526959   0.0023695489  -0.0047915654  -0.0014710556
       -0.0003837229   0.0008623819   0.0007810703   0.0002107375  -0.0001708201
        0.0001350480  -0.0000965211   0.0003919915  -0.0000457573   0.0003184405
        0.0004347558   0.0005684659  -0.0001502517   0.0005800887   0.0001883985
       -0.0239927128  -0.0010801869  -0.0060891170   0.0851659389  -0.1937153436
       -0.0695445887   0.0016813096  -0.0444957523   0.0029313182   0.0000334242
       -0.0002583417  -0.0001121953
        0.0211204149   0.0375299170  -0.0848025147  -0.0039783095  -0.0057362037
        0.0033816357  -0.0001107304   0.0004631136  -0.0000188678   0.0049834693
        0.0011140379   0.0025732354  -0.0377294950  -0.0003607213  -0.0795519577
       -0.0082519505   0.0187834132   0.5253142374   0.0037560448  -0.0020729713
        0.0003718307   0.0144916054   0.0264000384  -0.0150084384  -0.0044213415
       -0.0066301066   0.0030931181   0.0008246881  -0.0025166237   0.0001423874
       -0.0002262356  -0.0012286565   0.0008338595   0.0000423937  -0.0000003230
        0.0000188341   0.0000738518  -0.0001311714  -0.0000476049   0.0011604056
       -0.0004382513   0.0006556999  -0.0303316528   0.0007402562  -0.0128560230
        0.0093343780   0.0005550835   0.0030536190   0.0383802497  -0.0692706067
       -0.0765967987  -0.0090978768   0.0028226751  -0.2704243830  -0.0000199092
       -0.0000228994  -0.0001318690
        0.0008582566   0.0000000564  -0.0005769395  -0.0019305301  -0.0066823996
        0.0037555007  -0.0395341310  -0.0080316818  -0.0071052368  -0.2036700540
       -0.0000122831  -0.0056551206  -0.0395400218   0.0080259015  -0.0071058480
       -0.0019320459   0.0066826186   0.0037560448   0.3388686375   0.0000213058
        0.0573737600   0.0000869829   0.0000000016   0.0001827999  -0.0002436927
       -0.0000000238  -0.0000665605  -0.0030477458  -0.0007163499  -0.0004052432
        0.0002918613   0.0000819169  -0.0000323099   0.0013672263   0.0014341368
        0.0002071253   0.0013392868   0.0003692258  -0.0006412004  -0.0118252992
       -0.0000007735  -0.0110797047   0.0013675482  -0.0014340271   0.0002069717
        0.0013393869  -0.0003693529  -0.0006413117  -0.0030481059   0.0007159272
       -0.0004052382   0.0002918966  -0.0000818268  -0.0000322810  -0.0410394567
       -0.0000023719  -0.0317352079
        0.0000000366   0.0002212047  -0.0000000283  -0.0031082631  -0.0040918393
        0.0020734112  -0.0303615254  -0.0007760555  -0.0053935460  -0.0000118378
       -0.0444371486   0.0000000965   0.0303553113  -0.0007702285   0.0053922599
        0.0031085656  -0.0040902260  -0.0020729713   0.0000213058   0.0515812388
       -0.0000028501   0.0000000186  -0.0000985995   0.0000000099  -0.0000000297
        0.0001098588   0.0000000003  -0.0016270133  -0.0002712210  -0.0003199390
        0.0001348893  -0.0001683803   0.0000858475   0.0005874583   0.0004534127
       -0.0008235991   0.0008899490   0.0023267984  -0.0001554305  -0.0000003774
        0.0008773627  -0.0000005923  -0.0005874438   0.0004530584   0.0008236000
       -0.0008900679   0.0023266093   0.0001554264   0.0016265998  -0.0002708766
        0.0003198529  -0.0001348255  -0.0001684118  -0.0000858468  -0.0000027505
       -0.0032065568   0.0000042989
        0.0001458582   0.0000000234  -0.0000054756   0.0009620535   0.0010209132
        0.0003719336   0.0070055231   0.0003613069   0.0051621923  -0.0348187494
       -0.0000021851  -0.0800420705   0.0070065707  -0.0003604222   0.0051623286
        0.0009623304  -0.0010208993   0.0003718307   0.0573737600  -0.0000028501
        0.5087204528  -0.0000155411   0.0000000123   0.0000027932   0.0000242463
        0.0000000177  -0.0000353848   0.0001151359  -0.0000698763   0.0001640127
        0.0001612247   0.0000668576   0.0000334662   0.0005188474  -0.0001587860
        0.0010571357  -0.0001405682  -0.0004798076  -0.0002002360  -0.0363045180
       -0.0000025733  -0.0156669913   0.0005187451   0.0001588526   0.0010571648
       -0.0001407433   0.0004798496  -0.0002001996   0.0001151994   0.0000698917
        0.0001640061   0.0001612461  -0.0000668406   0.0000334521  -0.0036506208
        0.0000065154  -0.4261504111
       -0.0454605626  -0.0000002493  -0.0040249875  -0.0003044752   0.0018612982
        0.0144957651   0.0006526655   0.0000957435   0.0011608714  -0.0003247574
       -0.0000000410   0.0000573418   0.0006525804  -0.0000957542   0.0011608107
       -0.0003038990  -0.0018612883   0.0144916054   0.0000869829   0.0000000186
       -0.0000155411   0.0506841060  -0.0000002684   0.0026791094  -0.0038859532
        0.0000001234  -0.0320669553   0.0002471933  -0.0005157393  -0.0002483658
       -0.0008263962   0.0025628161   0.0017645477  -0.0003373717   0.0003523878
       -0.0002206967   0.0000344856  -0.0001001892  -0.0001723805   0.0000671316
        0.0000000285  -0.0001724785  -0.0003372260  -0.0003524499  -0.0002206755
        0.0000344212   0.0001002018  -0.0001723540   0.0002470816   0.0005157123
       -0.0002484325  -0.0008255391  -0.0025623449   0.0017640281  -0.0001004675
       -0.0000000057  -0.0000112123
       -0.0000002400  -0.0413674229   0.0000033770   0.0018395948  -0.0034568238
       -0.0263973988  -0.0006240975   0.0005066585  -0.0003406030  -0.0000000359
        0.0002017529   0.0000000096   0.0006241331   0.0005067681   0.0003407712
       -0.0018391598  -0.0034583786   0.0264000384   0.0000000016  -0.0000985995
        0.0000000123  -0.0000002684   0.0536736176  -0.0000040353  -0.0000003257
        0.0012073982  -0.0000022127  -0.0002357119   0.0004019294  -0.0005542454
        0.0029689563  -0.0042313341  -0.0028606163   0.0003036670   0.0000656167
        0.0002900373  -0.0002488187  -0.0000020555   0.0001164531   0.0000000303
       -0.0002374766  -0.0000000162  -0.0003036903   0.0000655239  -0.0002900789
        0.0002488335  -0.0000019908  -0.0001164902   0.0002356718   0.0004020774
        0.0005542184  -0.0029684742  -0.0042323836   0.0028607899  -0.0000000659
        0.0000551226  -0.0000000104
       -0.0037846321   0.0000034153  -0.2705375965   0.0016679492  -0.0040908852
       -0.0150094424  -0.0004400282   0.0006741801   0.0008108134   0.0000256155
        0.0000000079  -0.0001319689  -0.0004399040  -0.0006742553   0.0008107959
        0.0016672417   0.0040915254  -0.0150084384   0.0001827999   0.0000000099
        0.0000027932   0.0026791094  -0.0000040353   0.3153570086  -0.0041589197
       -0.0000000430  -0.0158863774  -0.0003084081   0.0000574045   0.0003977635
        0.0015192526  -0.0029759710  -0.0010934553   0.0004222223  -0.0000709049
        0.0003314841  -0.0002107282   0.0000911144   0.0001264485  -0.0002338088
       -0.0000000256  -0.0000202809   0.0004222352   0.0000709529   0.0003314827
       -0.0002107124  -0.0000911522   0.0001264335  -0.0003083956  -0.0000574483
        0.0003977820   0.0015186928   0.0029761025  -0.0010932738  -0.0000095816
        0.0000000076   0.0000880281
       -0.2485117327  -0.0000150192  -0.0707775748  -0.0171652655   0.0033754499
       -0.0044222534  -0.0012594368   0.0036072276   0.0016939415   0.0008215300
        0.0000000820  -0.0002787286  -0.0012584201  -0.0036068820   0.0016935229
       -0.0171608353  -0.0033775201  -0.0044213415  -0.0002436927  -0.0000000297
        0.0000242463  -0.0038859532  -0.0000003257  -0.0041589197   0.2898481913
        0.0000171556   0.0808156488   0.0003254412   0.0000270201  -0.0002816999
        0.0000621763  -0.0003934945   0.0001363282   0.0001931653  -0.0000324401
        0.0001966653  -0.0012417251   0.0001259111  -0.0001685037  -0.0000328014
        0.0000000029   0.0000119015   0.0001931308   0.0000324802   0.0001966456
       -0.0012414645  -0.0001260601  -0.0001684706   0.0003254142  -0.0000269804
       -0.0002816568   0.0000621296   0.0003934127   0.0001363911   0.0001701486
        0.0000000096   0.0000538578
       -0.0000150043  -0.0402535155  -0.0000050433   0.0249709321  -0.0028984152
        0.0066292279   0.0028946975  -0.0038472305  -0.0019852212   0.0000000825
       -0.0002364986  -0.0000000275  -0.0028943397  -0.0038483393   0.0019853511
       -0.0249734617  -0.0029026519  -0.0066301066  -0.0000000238   0.0001098588
        0.0000000177   0.0000001234   0.0012073982  -0.0000000430   0.0000171556
        0.0519012729   0.0000058562   0.0002221978   0.0002214251   0.0003212580
       -0.0000815998   0.0006285535   0.0002981701  -0.0001987829  -0.0001160013
       -0.0001377897   0.0014928606  -0.0002767961   0.0002330649   0.0000000090
       -0.0001000025  -0.0000000004   0.0001989382  -0.0001159648   0.0001378235
       -0.0014930474  -0.0002770403  -0.0002331287  -0.0002221786   0.0002213911
       -0.0003212842   0.0000815028   0.0006286332  -0.0002981373  -0.0000000612
       -0.0000460768   0.0000000124
       -0.0712287910  -0.0000050698  -0.0695600762   0.0092455748  -0.0011514460
        0.0030932966   0.0010097705  -0.0012823811   0.0001042276  -0.0000675332
       -0.0000000103  -0.0000258304   0.0010094730   0.0012824111   0.0001043283
        0.0092445818   0.0011526959   0.0030931181  -0.0000665605   0.0000000003
       -0.0000353848  -0.0320669553  -0.0000022127  -0.0158863774   0.0808156488
        0.0000058562   0.0776837948  -0.0001636093   0.0004008586  -0.0000148111
        0.0006186513  -0.0000385453   0.0003602976   0.0001656240  -0.0000853002
        0.0001107709   0.0004140301  -0.0000433906   0.0002336214  -0.0000101928
       -0.0000000035  -0.0000063496   0.0001656901   0.0000853128   0.0001107726
        0.0004139641   0.0000434372   0.0002336167  -0.0001635617  -0.0004008778
       -0.0000148292   0.0006186491   0.0000386541   0.0003602855   0.0000455463
        0.0000000109   0.0000555285
        0.0054781614   0.0111368308  -0.0039941424  -0.0874032629  -0.0851506099
        0.0383667712  -0.0195964441  -0.0246936674   0.0096399308  -0.0039456116
        0.0011148455  -0.0023218787   0.0001324031   0.0000939266   0.0001129394
       -0.0002390424   0.0023695489   0.0008246881  -0.0030477458  -0.0016270133
        0.0001151359   0.0002471933  -0.0002357119  -0.0003084081   0.0003254412
        0.0002221978  -0.0001636093   0.1061496410   0.0971228780  -0.0439694154
        0.0008404773  -0.0007697977   0.0012742947   0.0007075186  -0.0002425300
        0.0001614105   0.0002732140  -0.0001227890   0.0004391161   0.0000260539
        0.0001769811  -0.0001299403  -0.0000796079   0.0000392720  -0.0000252633
       -0.0000270188   0.0000268722  -0.0000075975   0.0001952883   0.0006128369
       -0.0001329644  -0.0001340031  -0.0000214255   0.0000370137   0.0000973445
       -0.0000526450   0.0000819189
       -0.0095280951  -0.0258906397   0.0084425718  -0.0850456880  -0.1937460751
        0.0692728683  -0.0030457904  -0.0016236254   0.0007311703  -0.0002298708
        0.0013547953  -0.0004257386   0.0001963844   0.0004398116   0.0000961801
        0.0033334273  -0.0047915654  -0.0025166237  -0.0007163499  -0.0002712210
       -0.0000698763  -0.0005157393   0.0004019294   0.0000574045   0.0000270201
        0.0002214251   0.0004008586   0.0971228780   0.2268659639  -0.0792113097
       -0.0015648225  -0.0017203704   0.0033118157   0.0000168790  -0.0000170605
       -0.0002322896   0.0001398488   0.0004793922   0.0000598591   0.0001153394
       -0.0000115593  -0.0000796678   0.0000248288  -0.0000390504  -0.0000339486
        0.0000586678   0.0000428378  -0.0000147090  -0.0006125252  -0.0018546783
        0.0003931700   0.0001365790   0.0001929587  -0.0002266925   0.0000870287
       -0.0000332688   0.0000449573
       -0.0034382854  -0.0083786098   0.0034939263   0.0385325718   0.0695468507
       -0.0765924288  -0.0046355720  -0.0063034901   0.0031757325  -0.0010013500
        0.0000715555   0.0001611873   0.0000267500   0.0000064049  -0.0000292276
        0.0006553981  -0.0014710556   0.0001423874  -0.0004052432  -0.0003199390
        0.0001640127  -0.0002483658  -0.0005542454   0.0003977635  -0.0002816999
        0.0003212580  -0.0000148111  -0.0439694154  -0.0792113097   0.0859069002
        0.0150678259   0.0275461529  -0.0177253101  -0.0003518554  -0.0004911166
        0.0003833226   0.0004139078  -0.0000384705  -0.0000424440  -0.0002004415
       -0.0001373422   0.0001405977  -0.0000019373  -0.0000053590  -0.0000163424
       -0.0000180872  -0.0000174832  -0.0000192148  -0.0001329260  -0.0003932517
        0.0002734936   0.0000043753  -0.0002046945   0.0001253131  -0.0000156499
        0.0000341452   0.0000751422
       -0.0001876022   0.0025795095   0.0148684508  -0.0426441467  -0.0016807279
       -0.0090975285  -0.0060792002  -0.0005744422  -0.0303957277   0.0005737072
        0.0005482539  -0.0013332644   0.0000583118  -0.0001675054   0.0000253849
        0.0003607669  -0.0003837229  -0.0002262356   0.0002918613   0.0001348893
        0.0001612247  -0.0008263962   0.0029689563   0.0015192526   0.0000621763
       -0.0000815998   0.0006186513   0.0008404773  -0.0015648225   0.0150678259
        0.0534702375  -0.0011591330   0.0115895613  -0.0060398142  -0.0002926328
       -0.0029723212   0.0006858772   0.0000120666  -0.0003316712  -0.0004483438
       -0.0003165468   0.0003357738  -0.0001700944   0.0001092577   0.0001082297
       -0.0000877416   0.0000506045  -0.0000017255  -0.0001339763  -0.0001366309
        0.0000043334   0.0002255183  -0.0000463537  -0.0001414416   0.0000483820
        0.0000005801   0.0002012272
        0.0010946929  -0.0035267399  -0.0261774487  -0.0016681586  -0.0444960711
       -0.0028169150   0.0003095428   0.0005837464   0.0000704388  -0.0002767616
        0.0004442617  -0.0009092079  -0.0001882897  -0.0001903723   0.0000462149
        0.0001523788   0.0008623819  -0.0012286565   0.0000819169  -0.0001683803
        0.0000668576   0.0025628161  -0.0042313341  -0.0029759710  -0.0003934945
        0.0006285535  -0.0000385453  -0.0007697977  -0.0017203704   0.0275461529
       -0.0011591330   0.0514995756   0.0052188679   0.0001815835   0.0007080635
       -0.0001517969   0.0002612715  -0.0000166201   0.0004740489  -0.0003915304
        0.0000293618   0.0000713679   0.0001173058  -0.0000582448   0.0001340623
        0.0000316191  -0.0000440385  -0.0000054398   0.0000213731   0.0001929275
        0.0002046927   0.0000464786  -0.0005011925   0.0003704435  -0.0000138135
        0.0000044919   0.0001008338
        0.0019063857  -0.0039986390  -0.0150081457  -0.0091224592  -0.0029255655
       -0.2704247646  -0.0049758795  -0.0000532730  -0.0129540100   0.0008303157
        0.0001818122   0.0004032512  -0.0000233961  -0.0001631393   0.0000349478
       -0.0002316844   0.0007810703   0.0008338595  -0.0000323099   0.0000858475
        0.0000334662   0.0017645477  -0.0028606163  -0.0010934553   0.0001363282
        0.0002981701   0.0003602976   0.0012742947   0.0033118157  -0.0177253101
        0.0115895613   0.0052188679   0.3150318667  -0.0030601363   0.0001029183
       -0.0007708000   0.0001748102   0.0002631937   0.0003638561  -0.0003106269
       -0.0002816968   0.0003376282   0.0000820842   0.0001369678  -0.0000264948
       -0.0000115854  -0.0000286307  -0.0000205881   0.0000369730   0.0002267010
        0.0001253391  -0.0001413832  -0.0003704895   0.0003353657   0.0001141601
        0.0000746858   0.0001636906
        0.0008465133  -0.0004962834  -0.0009153498  -0.0056665041   0.0001502740
       -0.0303315695  -0.0425536279   0.0008521680  -0.0081459264  -0.0000712977
       -0.0022686635   0.0143476630   0.0002657550   0.0005730273  -0.0001121111
       -0.0000003950   0.0002107375   0.0000423937   0.0013672263   0.0005874583
        0.0005188474  -0.0003373717   0.0003036670   0.0004222223   0.0001931653
       -0.0001987829   0.0001656240   0.0007075186   0.0000168790  -0.0003518554
       -0.0060398142   0.0001815835  -0.0030601363   0.0520589348   0.0010358484
        0.0117924455   0.0009134984   0.0018007564   0.0151380848  -0.0010667530
       -0.0025075387   0.0010058360   0.0001984965   0.0001185809  -0.0001025209
       -0.0001290345   0.0001631501  -0.0000001132  -0.0000795018  -0.0000247767
       -0.0000019637  -0.0001699700  -0.0001172763   0.0000820858  -0.0004368382
       -0.0003808088  -0.0004936563
        0.0002268504   0.0003673708   0.0008352777  -0.0004298012   0.0005800635
       -0.0007445564   0.0009734023  -0.0450578325   0.0008626189  -0.0004295101
       -0.0026610948   0.0263587633  -0.0002185843   0.0008516642   0.0013902588
        0.0001513920  -0.0001708201  -0.0000003230   0.0014341368   0.0004534127
       -0.0001587860   0.0003523878   0.0000656167  -0.0000709049  -0.0000324401
       -0.0001160013  -0.0000853002  -0.0002425300  -0.0000170605  -0.0004911166
       -0.0002926328   0.0007080635   0.0001029183   0.0010358484   0.0510901665
       -0.0021870904   0.0005788613  -0.0021191987  -0.0274062274  -0.0025383932
       -0.0039814726   0.0026689475  -0.0001184995  -0.0005564644  -0.0003182578
       -0.0000148856   0.0002294401  -0.0002171845  -0.0000392864  -0.0000390670
        0.0000053679  -0.0001092801  -0.0000582696  -0.0001369548  -0.0002870357
        0.0004314835  -0.0004074505
        0.0008682022  -0.0001366263   0.0008110567  -0.0046569270  -0.0001887081
       -0.0128560833  -0.0091734573   0.0005802908  -0.2676267921   0.0012830217
        0.0040825245  -0.0167770198  -0.0002206301  -0.0010727950   0.0007434512
       -0.0000883760   0.0001350480   0.0000188341   0.0002071253  -0.0008235991
        0.0010571357  -0.0002206967   0.0002900373   0.0003314841   0.0001966653
       -0.0001377897   0.0001107709   0.0001614105  -0.0002322896   0.0003833226
       -0.0029723212  -0.0001517969  -0.0007708000   0.0117924455  -0.0021870904
        0.3123733179   0.0011193071  -0.0034015409  -0.0172938206   0.0012999550
        0.0029200813  -0.0013274103  -0.0001025918   0.0003182177   0.0003802909
        0.0000225586  -0.0002797117   0.0001209397  -0.0000252674   0.0000339494
       -0.0000163377   0.0001082496  -0.0001340451  -0.0000265076   0.0004013267
        0.0003858437   0.0003641675
       -0.0062003301  -0.0000856225  -0.0022571983  -0.0183256788   0.0239897007
        0.0093352150  -0.0900623990   0.0867823058   0.0389364994   0.0054129173
       -0.0108619910  -0.0037848614  -0.0005339987  -0.0022633847   0.0007244176
        0.0001124409  -0.0000965211   0.0000738518   0.0013392868   0.0008899490
       -0.0001405682   0.0000344856  -0.0002488187  -0.0002107282  -0.0012417251
        0.0014928606   0.0004140301   0.0002732140   0.0001398488   0.0004139078
        0.0006858772   0.0002612715   0.0001748102   0.0009134984   0.0005788613
        0.0011193071   0.1075022091  -0.0997235747  -0.0441758205   0.0003089147
        0.0002498902  -0.0003734338  -0.0001291132   0.0000148434   0.0000224889
        0.0001644476  -0.0006721345  -0.0001433552  -0.0000270095  -0.0000586905
       -0.0000181203  -0.0000877466  -0.0000316511  -0.0000116021  -0.0001392906
       -0.0003571425  -0.0000988398
        0.0007373156   0.0011813744   0.0004214017   0.0023148127  -0.0010762643
       -0.0005537636   0.0861446529  -0.1925231353  -0.0675084137   0.0108369594
       -0.0272646083  -0.0084781397  -0.0030706438  -0.0048747425   0.0026186386
       -0.0002233221   0.0003919915  -0.0001311714   0.0003692258   0.0023267984
       -0.0004798076  -0.0001001892  -0.0000020555   0.0000911144   0.0001259111
       -0.0002767961  -0.0000433906  -0.0001227890   0.0004793922  -0.0000384705
        0.0000120666  -0.0000166201   0.0002631937   0.0018007564  -0.0021191987
       -0.0034015409  -0.0997235747   0.2253107848   0.0774721544   0.0005207560
        0.0004134148  -0.0002558018  -0.0001632498   0.0002293952   0.0002797163
        0.0006724397  -0.0017450148  -0.0004002579  -0.0000268770   0.0000428222
        0.0000174808  -0.0000506121  -0.0000440514   0.0000286301  -0.0000536385
       -0.0004334865   0.0000984277
       -0.0012561660   0.0000961862   0.0003195789  -0.0043764804   0.0060882983
        0.0030537991   0.0388665672  -0.0675823976  -0.0759635026  -0.0038002230
        0.0084279673   0.0036447712   0.0008205812   0.0014831623   0.0001982778
        0.0000526238  -0.0000457573  -0.0000476049  -0.0006412004  -0.0001554305
       -0.0002002360  -0.0001723805   0.0001164531   0.0001264485  -0.0001685037
        0.0002330649   0.0002336214   0.0004391161   0.0000598591  -0.0000424440
       -0.0003316712   0.0004740489   0.0003638561   0.0151380848  -0.0274062274
       -0.0172938206  -0.0441758205   0.0774721544   0.0850476528  -0.0003160442
        0.0005798359   0.0004009894  -0.0000002075   0.0002172084   0.0001209585
       -0.0001433826   0.0004001836   0.0002880583  -0.0000076299   0.0000146982
       -0.0000192112  -0.0000017380   0.0000054262  -0.0000205958   0.0000744747
       -0.0004787339  -0.0002105970
       -0.0002973503  -0.0000000362   0.0000372845   0.0005278210  -0.0003184603
        0.0011603275  -0.0002936938  -0.0022559374   0.0127878152  -0.0384972963
        0.0000002521   0.0053593760  -0.0002944356   0.0022559945   0.0127918456
        0.0005278610   0.0003184405   0.0011604056  -0.0118252992  -0.0000003774
       -0.0363045180   0.0000671316   0.0000000303  -0.0002338088  -0.0000328014
        0.0000000090  -0.0000101928   0.0000260539   0.0001153394  -0.0002004415
       -0.0004483438  -0.0003915304  -0.0003106269  -0.0010667530  -0.0025383932
        0.0012999550   0.0003089147   0.0005207560  -0.0003160442   0.0578568054
        0.0000002043   0.0056527385  -0.0010675724   0.0025388027   0.0013004917
        0.0003090451  -0.0005207608  -0.0003159659   0.0000261046  -0.0001153247
       -0.0002004674  -0.0004484554   0.0003914662  -0.0003106497  -0.0053777362
       -0.0000004745  -0.0033475244
       -0.0000000539   0.0001889398   0.0000000181   0.0005356730   0.0004348099
        0.0004384261  -0.0025645188  -0.0033505349   0.0254806130   0.0000002958
       -0.0428244141   0.0000038231   0.0025649098  -0.0033488764  -0.0254782242
       -0.0005356398   0.0004347558  -0.0004382513  -0.0000007735   0.0008773627
       -0.0000025733   0.0000000285  -0.0002374766  -0.0000000256   0.0000000029
       -0.0001000025  -0.0000000035   0.0001769811  -0.0000115593  -0.0001373422
       -0.0003165468   0.0000293618  -0.0002816968  -0.0025075387  -0.0039814726
        0.0029200813   0.0002498902   0.0004134148   0.0005798359   0.0000002043
        0.0537619615  -0.0000035288   0.0025079141  -0.0039805184  -0.0029199702
       -0.0002499000   0.0004133118  -0.0005798852  -0.0001769554  -0.0000116127
        0.0001372909   0.0003164590   0.0000294701   0.0002816349  -0.0000004320
        0.0012630795  -0.0000002222
        0.0001855017   0.0000000181  -0.0000223187  -0.0005307561  -0.0005685564
        0.0006556932   0.0023527535   0.0035109758  -0.0155315418   0.0026550969
        0.0000036133  -0.2587101419   0.0023533842  -0.0035102167  -0.0155324701
       -0.0005308575   0.0005684659   0.0006556999  -0.0110797047  -0.0000005923
       -0.0156669913  -0.0001724785  -0.0000000162  -0.0000202809   0.0000119015
       -0.0000000004  -0.0000063496  -0.0001299403  -0.0000796678   0.0001405977
        0.0003357738   0.0000713679   0.0003376282   0.0010058360   0.0026689475
       -0.0013274103  -0.0003734338  -0.0002558018   0.0004009894   0.0056527385
       -0.0000035288   0.3050351037   0.0010062974  -0.0026688735  -0.0013275802
       -0.0003734730   0.0002557401   0.0004009767  -0.0001299574   0.0000796416
        0.0001406066   0.0003358007  -0.0000713285   0.0003376387  -0.0025744830
       -0.0000001877   0.0000401508
        0.0008464876   0.0004964523  -0.0009151670  -0.0000003946  -0.0002106756
        0.0000423972   0.0002657552  -0.0005731415  -0.0001119274  -0.0000717183
        0.0022685572   0.0143517718  -0.0425533071  -0.0008515715  -0.0081461195
       -0.0056665200  -0.0001502517  -0.0303316528   0.0013675482  -0.0005874438
        0.0005187451  -0.0003372260  -0.0003036903   0.0004222352   0.0001931308
        0.0001989382   0.0001656901  -0.0000796079   0.0000248288  -0.0000019373
       -0.0001700944   0.0001173058   0.0000820842   0.0001984965  -0.0001184995
       -0.0001025918  -0.0001291132  -0.0001632498  -0.0000002075  -0.0010675724
        0.0025079141   0.0010062974   0.0520572755  -0.0010362374   0.0117920523
        0.0009139581  -0.0018007987   0.0151337379   0.0007075721  -0.0000167009
       -0.0003518729  -0.0060398173  -0.0001824839  -0.0030600925  -0.0004348529
        0.0003807482  -0.0004934426
       -0.0002267894   0.0003674401  -0.0008354424  -0.0001513652  -0.0001708795
        0.0000003244   0.0002185069   0.0008516113  -0.0013902649   0.0004298587
       -0.0026597198  -0.0263560743  -0.0009727430  -0.0450580370  -0.0008569878
        0.0004289815   0.0005800887   0.0007402562  -0.0014340271   0.0004530584
        0.0001588526  -0.0003524499   0.0000655239   0.0000709529   0.0000324802
       -0.0001159648   0.0000853128   0.0000392720  -0.0000390504  -0.0000053590
        0.0001092577  -0.0000582448   0.0001369678   0.0001185809  -0.0005564644
        0.0003182177   0.0000148434   0.0002293952   0.0002172084   0.0025388027
       -0.0039805184  -0.0026688735  -0.0010362374   0.0510896871   0.0021808847
       -0.0005783712  -0.0021205365   0.0274090610   0.0002426363  -0.0000170390
        0.0004910429   0.0002916846   0.0007080789  -0.0001033546   0.0002870782
        0.0004315711   0.0004072750
        0.0008681523   0.0001367518   0.0008110449  -0.0000883653  -0.0001350521
        0.0000188317  -0.0002207987   0.0010727695   0.0007434302   0.0012836411
       -0.0040818812  -0.0167779703  -0.0091736598  -0.0005748176  -0.2676269533
       -0.0046569363   0.0001883985  -0.0128560230   0.0002069717   0.0008236000
        0.0010571648  -0.0002206755  -0.0002900789   0.0003314827   0.0001966456
        0.0001378235   0.0001107726  -0.0000252633  -0.0000339486  -0.0000163424
        0.0001082297   0.0001340623  -0.0000264948  -0.0001025209  -0.0003182578
        0.0003802909   0.0000224889   0.0002797163   0.0001209585   0.0013004917
       -0.0029199702  -0.0013275802   0.0117920523   0.0021808847   0.3123736178
        0.0011187388   0.0034021799  -0.0172928799   0.0001613940   0.0002323055
        0.0003833269  -0.0029723237   0.0001513801  -0.0007707994   0.0004017373
       -0.0003858657   0.0003641225
       -0.0062002171   0.0000845398  -0.0022571500   0.0001124030   0.0000964599
        0.0000738438  -0.0005348259   0.0022640338   0.0007249064   0.0054129052
        0.0108672052  -0.0037858360  -0.0900354928  -0.0867674991   0.0389233245
       -0.0183216055  -0.0239927128   0.0093343780   0.0013393869  -0.0008900679
       -0.0001407433   0.0000344212   0.0002488335  -0.0002107124  -0.0012414645
       -0.0014930474   0.0004139641  -0.0000270188   0.0000586678  -0.0000180872
       -0.0000877416   0.0000316191  -0.0000115854  -0.0001290345  -0.0000148856
        0.0000225586   0.0001644476   0.0006724397  -0.0001433826   0.0003090451
       -0.0002499000  -0.0003734730   0.0009139581  -0.0005783712   0.0011187388
        0.1074714260   0.0997065692  -0.0441605281   0.0002732080  -0.0001399054
        0.0004138930   0.0006859151  -0.0002611975   0.0001748275  -0.0001397158
        0.0003572188  -0.0000989367
       -0.0007384344   0.0011812913  -0.0004217141   0.0002232763   0.0003920391
        0.0001312004   0.0030713008  -0.0048737827  -0.0026186985  -0.0108317419
       -0.0272646137   0.0084765905  -0.0861298629  -0.1925541262   0.0675109629
       -0.0023173724  -0.0010801869   0.0005550835  -0.0003693529   0.0023266093
        0.0004798496   0.0001002018  -0.0000019908  -0.0000911522  -0.0001260601
       -0.0002770403   0.0000434372   0.0000268722   0.0000428378  -0.0000174832
        0.0000506045  -0.0000440385  -0.0000286307   0.0001631501   0.0002294401
       -0.0002797117  -0.0006721345  -0.0017450148   0.0004001836  -0.0005207608
        0.0004133118   0.0002557401  -0.0018007987  -0.0021205365   0.0034021799
        0.0997065692   0.2253464646  -0.0774747649   0.0001227469   0.0004794096
        0.0000385625  -0.0000119504  -0.0000166468  -0.0002631846   0.0000537470
       -0.0004334266  -0.0000984504
       -0.0012561988  -0.0000963674   0.0003195890   0.0000526310   0.0000457901
       -0.0000475924   0.0008209087  -0.0014831754   0.0001981441  -0.0037992575
       -0.0084295376   0.0036447772   0.0388534077   0.0675849251  -0.0759594429
       -0.0043755957  -0.0060891170   0.0030536190  -0.0006413117   0.0001554264
       -0.0002001996  -0.0001723540  -0.0001164902   0.0001264335  -0.0001684706
       -0.0002331287   0.0002336167  -0.0000075975  -0.0000147090  -0.0000192148
       -0.0000017255  -0.0000054398  -0.0000205881  -0.0000001132  -0.0002171845
        0.0001209397  -0.0001433552  -0.0004002579   0.0002880583  -0.0003159659
       -0.0005798852   0.0004009767   0.0151337379   0.0274090610  -0.0172928799
       -0.0441605281  -0.0774747649   0.0850430316   0.0004391419  -0.0000597639
       -0.0000424531  -0.0003316093  -0.0004741302   0.0003638375   0.0000742558
        0.0004787492  -0.0002106523
        0.0054783005  -0.0111318293  -0.0039930806  -0.0002381481  -0.0023688782
        0.0008242084   0.0001324480  -0.0000939818   0.0001129391  -0.0039454765
       -0.0011155896  -0.0023219823  -0.0196007731   0.0246905522   0.0096408309
       -0.0874296995   0.0851659389   0.0383802497  -0.0030481059   0.0016265998
        0.0001151994   0.0002470816   0.0002356718  -0.0003083956   0.0003254142
       -0.0002221786  -0.0001635617   0.0001952883  -0.0006125252  -0.0001329260
       -0.0001339763   0.0000213731   0.0000369730  -0.0000795018  -0.0000392864
       -0.0000252674  -0.0000270095  -0.0000268770  -0.0000076299   0.0000261046
       -0.0001769554  -0.0001299574   0.0007075721   0.0002426363   0.0001613940
        0.0002732080   0.0001227469   0.0004391419   0.1061799399  -0.0971402509
       -0.0439849197   0.0008401083   0.0007701568   0.0012748445   0.0000972250
        0.0000526767   0.0000819398
        0.0095330995  -0.0258908797  -0.0084441486  -0.0033327363  -0.0047925809
        0.0025165755  -0.0001964389   0.0004397648  -0.0000961508   0.0002290803
        0.0013546476   0.0004254110   0.0030431236  -0.0016194830  -0.0007298322
        0.0850610075  -0.1937153436  -0.0692706067   0.0007159272  -0.0002708766
        0.0000698917   0.0005157123   0.0004020774  -0.0000574483  -0.0000269804
        0.0002213911  -0.0004008778   0.0006128369  -0.0018546783  -0.0003932517
       -0.0001366309   0.0001929275   0.0002267010  -0.0000247767  -0.0000390670
        0.0000339494  -0.0000586905   0.0000428222   0.0000146982  -0.0001153247
       -0.0000116127   0.0000796416  -0.0000167009  -0.0000170390   0.0002323055
       -0.0001399054   0.0004794096  -0.0000597639  -0.0971402509   0.2268308068
        0.0792089536   0.0015647384  -0.0017190126  -0.0033111048  -0.0000870902
       -0.0000332738  -0.0000449430
       -0.0034391876   0.0083771355   0.0034938271   0.0006550604   0.0014710171
        0.0001425263   0.0000267358  -0.0000063695  -0.0000292297  -0.0010013458
       -0.0000716812   0.0001611978  -0.0046364664   0.0063025917   0.0031758939
        0.0385460773  -0.0695445887  -0.0765967987  -0.0004052382   0.0003198529
        0.0001640061  -0.0002484325   0.0005542184   0.0003977820  -0.0002816568
       -0.0003212842  -0.0000148292  -0.0001329644   0.0003931700   0.0002734936
        0.0000043334   0.0002046927   0.0001253391  -0.0000019637   0.0000053679
       -0.0000163377  -0.0000181203   0.0000174808  -0.0000192112  -0.0002004674
        0.0001372909   0.0001406066  -0.0003518729   0.0004910429   0.0003833269
        0.0004138930   0.0000385625  -0.0000424531  -0.0439849197   0.0792089536
        0.0859119814   0.0150721636  -0.0275433081  -0.0177263103  -0.0000156277
       -0.0000341453   0.0000751891
       -0.0001870149  -0.0025794789   0.0148643086   0.0003607290   0.0003836503
       -0.0002264218   0.0000582458   0.0001675392   0.0000253975   0.0005737458
       -0.0005481903  -0.0013334241  -0.0060792680   0.0005743764  -0.0303957198
       -0.0426446811   0.0016813096  -0.0090978768   0.0002918966  -0.0001348255
        0.0001612461  -0.0008255391  -0.0029684742   0.0015186928   0.0000621296
        0.0000815028   0.0006186491  -0.0001340031   0.0001365790   0.0000043753
        0.0002255183   0.0000464786  -0.0001413832  -0.0001699700  -0.0001092801
        0.0001082496  -0.0000877466  -0.0000506121  -0.0000017380  -0.0004484554
        0.0003164590   0.0003358007  -0.0060398173   0.0002916846  -0.0029723237
        0.0006859151  -0.0000119504  -0.0003316093   0.0008401083   0.0015647384
        0.0150721636   0.0534699029   0.0011590842   0.0115903609   0.0000483042
       -0.0000005907   0.0002012524
       -0.0010942569  -0.0035282955   0.0261801557  -0.0001524493   0.0008624127
        0.0012286215   0.0001883199  -0.0001903125  -0.0000462239   0.0002767491
        0.0004441969   0.0009090014  -0.0003104336   0.0005837793  -0.0000747307
        0.0016687390  -0.0444957523   0.0028226751  -0.0000818268  -0.0001684118
       -0.0000668406  -0.0025623449  -0.0042323836   0.0029761025   0.0003934127
        0.0006286332   0.0000386541  -0.0000214255   0.0001929587  -0.0002046945
       -0.0000463537  -0.0005011925  -0.0003704895  -0.0001172763  -0.0000582696
       -0.0001340451  -0.0000316511  -0.0000440514   0.0000054262   0.0003914662
        0.0000294701  -0.0000713285  -0.0001824839   0.0007080789   0.0001513801
       -0.0002611975  -0.0000166468  -0.0004741302   0.0007701568  -0.0017190126
       -0.0275433081   0.0011590842   0.0515003004  -0.0052254615   0.0000137716
        0.0000044984  -0.0001007639
        0.0019057296   0.0039993139  -0.0150071656  -0.0002315704  -0.0007810965
        0.0008338860  -0.0000234175   0.0001631388   0.0000349472   0.0008303456
       -0.0001816873   0.0004032728  -0.0049759143   0.0000529190  -0.0129540142
       -0.0091228403   0.0029313182  -0.2704243830  -0.0000322810  -0.0000858468
        0.0000334521   0.0017640281   0.0028607899  -0.0010932738   0.0001363911
       -0.0002981373   0.0003602855   0.0000370137  -0.0002266925   0.0001253131
       -0.0001414416   0.0003704435   0.0003353657   0.0000820858  -0.0001369548
       -0.0000265076  -0.0000116021   0.0000286301  -0.0000205958  -0.0003106497
        0.0002816349   0.0003376387  -0.0030600925  -0.0001033546  -0.0007707994
        0.0001748275  -0.0002631846   0.0003638375   0.0012748445  -0.0033111048
       -0.0177263103   0.0115903609  -0.0052254615   0.3150313333   0.0001141827
       -0.0000746676   0.0001637176
        0.0000825392  -0.0000000393   0.0001349037   0.0000153929  -0.0000334319
       -0.0000199266   0.0013892230   0.0004094035  -0.0005784386  -0.0072639533
        0.0000003316  -0.0376160190   0.0013891222  -0.0004093824  -0.0005787919
        0.0000152960   0.0000334242  -0.0000199092  -0.0410394567  -0.0000027505
       -0.0036506208  -0.0001004675  -0.0000000659  -0.0000095816   0.0001701486
       -0.0000000612   0.0000455463   0.0000973445   0.0000870287  -0.0000156499
        0.0000483820  -0.0000138135   0.0001141601  -0.0004368382  -0.0002870357
        0.0004013267  -0.0001392906  -0.0000536385   0.0000744747  -0.0053777362
       -0.0000004320  -0.0025744830  -0.0004348529   0.0002870782   0.0004017373
       -0.0001397158   0.0000537470   0.0000742558   0.0000972250  -0.0000870902
       -0.0000156277   0.0000483042   0.0000137716   0.0001141827   0.0515793336
        0.0000029562   0.0437184611
        0.0000000094  -0.0000658210   0.0000000220  -0.0000990381  -0.0002583685
        0.0000228998   0.0009299769   0.0010394553  -0.0015847760  -0.0000001648
       -0.0032025773  -0.0000028095  -0.0009299999   0.0010391673   0.0015846459
        0.0000990663  -0.0002583417  -0.0000228994  -0.0000023719  -0.0032065568
        0.0000065154  -0.0000000057   0.0000551226   0.0000000076   0.0000000096
       -0.0000460768   0.0000000109  -0.0000526450  -0.0000332688   0.0000341452
        0.0000005801   0.0000044919   0.0000746858  -0.0003808088   0.0004314835
        0.0003858437  -0.0003571425  -0.0004334865  -0.0004787339  -0.0000004745
        0.0012630795  -0.0000001877   0.0003807482   0.0004315711  -0.0003858657
        0.0003572188  -0.0004334266   0.0004787492   0.0000526767  -0.0000332738
       -0.0000341453  -0.0000005907   0.0000044984  -0.0000746676   0.0000029562
        0.0037023282  -0.0000034403
        0.0000354440   0.0000000057  -0.0000917663   0.0003210133   0.0001122565
       -0.0001318938   0.0004631928  -0.0002918443   0.0014116261  -0.0096635529
       -0.0000006075  -0.0107946714   0.0004630165   0.0002918605   0.0014116533
        0.0003210491  -0.0001121953  -0.0001318690  -0.0317352079   0.0000042989
       -0.4261504111  -0.0000112123  -0.0000000104   0.0000880281   0.0000538578
        0.0000000124   0.0000555285   0.0000819189   0.0000449573   0.0000751422
        0.0002012272   0.0001008338   0.0001636906  -0.0004936563  -0.0004074505
        0.0003641675  -0.0000988398   0.0000984277  -0.0002105970  -0.0033475244
       -0.0000002222   0.0000401508  -0.0004934426   0.0004072750   0.0003641225
       -0.0000989367  -0.0000984504  -0.0002106523   0.0000819398  -0.0000449430
        0.0000751891   0.0002012524  -0.0001007639   0.0001637176   0.0437184611
       -0.0000034403   0.4335088445
