$hessian                                                                        
        0.4680095918  -0.0078943183  -0.0001703055  -0.2083853305  -0.0351234980
       -0.0000787258  -0.0147409243  -0.0103888555   0.0000035232   0.0025068773
       -0.0012962792   0.0000038831  -0.0014506930   0.0003630160   0.0000012288
        0.0008247586   0.0000471174  -0.0000013368  -0.0000057450   0.0004245321
       -0.0000004639  -0.0002868179  -0.0000791551   0.0000002479  -0.0010628087
       -0.0005501439  -0.0000005783  -0.0005104378   0.0031878193  -0.0000021648
       -0.0312496400  -0.0009731064  -0.0000141935  -0.0001174298   0.0000228804
        0.0000007150  -0.0842460236   0.0377314151  -0.0854611654  -0.0452378624
       -0.0235424685   0.0001454922  -0.0849725041   0.0388879540   0.0855852392
        0.0006850222   0.0009981188  -0.0000054336  -0.0004057752  -0.0001078158
       -0.0000013971  -0.0000854099  -0.0000870800   0.0000000539  -0.0002327406
        0.0000516302   0.0000000123   0.0000005710  -0.0000619737  -0.0000001822
        0.0011534600  -0.0015428242  -0.0000037830  -0.0000826876  -0.0000130689
       -0.0000570511  -0.0000829601  -0.0000130486   0.0000565802  -0.0000244903
       -0.0000408471  -0.0000001948
       -0.0078943183   0.5279611689  -0.0000177528  -0.0412790645  -0.0756645396
       -0.0000261020  -0.0287080238  -0.0118663595  -0.0000212105  -0.0005260634
       -0.0050354862  -0.0000053076  -0.0000553624   0.0000016610  -0.0000001997
        0.0001054011   0.0000685109  -0.0000003756  -0.0001344548   0.0001613199
        0.0000001550  -0.0000111138  -0.0002754541  -0.0000009844   0.0011087886
        0.0001734467  -0.0000004316   0.0016990561  -0.0023638645   0.0000105144
        0.0188937611   0.0030877176   0.0000160392   0.0000228271   0.0000133788
        0.0000001287   0.0395689343  -0.0769108375   0.0733485667  -0.0228282819
       -0.2832477039   0.0011291505   0.0407259300  -0.0784431391  -0.0744318135
       -0.0013598850   0.0014059651   0.0000030137  -0.0015120044  -0.0006518105
        0.0000012678   0.0000912751   0.0000729202   0.0000001017   0.0001277518
        0.0000136207  -0.0000000553   0.0000075701   0.0000965492   0.0000001021
        0.0019336579   0.0013770625  -0.0000049203   0.0000030998   0.0000019554
        0.0000078028   0.0000031127   0.0000019912  -0.0000077515   0.0000174066
        0.0000219269   0.0000000623
       -0.0001703055  -0.0000177528   0.4887711469  -0.0000047597  -0.0000039871
       -0.0596002835   0.0000040682  -0.0000075906   0.0006548748   0.0000094220
        0.0000032366   0.0048755421  -0.0000047129  -0.0000002119  -0.0002418147
        0.0000028168   0.0000020310  -0.0012051301   0.0000016557   0.0000012840
       -0.0000184491  -0.0000002126  -0.0000023679  -0.0007894967  -0.0000010408
       -0.0000003739   0.0002182125   0.0000076141   0.0000027473   0.0091340024
       -0.0000078456   0.0000106876   0.0023949544  -0.0000014040   0.0000001920
        0.0002243798  -0.0879257816   0.0729661089  -0.1989783927   0.0001292533
        0.0011218859  -0.0443254223   0.0879674831  -0.0740728403  -0.1968800375
       -0.0000016348  -0.0000027614  -0.0015545959   0.0000005412  -0.0000000837
        0.0000058132  -0.0000003527  -0.0000008078   0.0000103164  -0.0000004761
        0.0000004504  -0.0000216368  -0.0000001881   0.0000002060   0.0001634077
       -0.0000028892   0.0000005533  -0.0028647625   0.0000503700  -0.0000077369
        0.0000118338  -0.0000515555   0.0000073507   0.0000126642  -0.0000000651
       -0.0000002194   0.0000028737
       -0.2083853305  -0.0412790645  -0.0000047597   0.6510986154  -0.0452318293
        0.0001767536  -0.0982795332  -0.0809225011  -0.0000034248  -0.0043546856
       -0.0325247045  -0.0000042797  -0.0009226601   0.0108764123  -0.0000021469
        0.0017704388  -0.0007892017   0.0000013866  -0.0002556267   0.0042040468
       -0.0000000365  -0.0051565235  -0.0029053791   0.0000007297   0.0029506811
       -0.0047207987   0.0000000270  -0.0577054585   0.0114129455  -0.0000111471
       -0.2333915520   0.1737334926  -0.0000419737  -0.0000057545  -0.0001344664
       -0.0000010489  -0.0220340358  -0.0006022045  -0.0038912118  -0.0057452419
       -0.0057359141  -0.0000131156  -0.0221039039  -0.0005510804   0.0037765939
        0.0032170791   0.0215517727   0.0000078753  -0.0050627806  -0.0020758592
       -0.0000001033   0.0003134101   0.0003241437  -0.0000000247  -0.0002161870
       -0.0002365674  -0.0000000136   0.0000628456  -0.0004398632  -0.0000001771
        0.0038852180  -0.0039302406   0.0000095312   0.0001501123  -0.0000470817
        0.0001465924   0.0001503521  -0.0000468485  -0.0001463327   0.0000205213
        0.0000707914   0.0000003063
       -0.0351234980  -0.0756645396  -0.0000039871  -0.0452318293   0.6304077062
       -0.0000036118  -0.0053889728  -0.2622053544  -0.0000167788  -0.0871860344
       -0.0100739426  -0.0000081851   0.0302723018  -0.0366290840  -0.0000008034
       -0.0183609800   0.0024009904   0.0000014840   0.0042040111  -0.0180696351
        0.0000012867   0.0137497159   0.0141355861  -0.0000025862  -0.0244899279
        0.0087138533   0.0000001600   0.0594521010   0.0221504776   0.0000040018
        0.1010510125  -0.2227898361   0.0000430689   0.0004245400   0.0001612926
       -0.0000005136   0.0099845928   0.0035906937   0.0000201933  -0.0298179384
       -0.0121080256  -0.0000147069   0.0102458280   0.0036215344  -0.0000270898
       -0.0018914004  -0.0231601834   0.0000024710  -0.0011037614   0.0010346712
        0.0000015544   0.0000184575   0.0002815901   0.0000002152  -0.0000953305
        0.0001093691   0.0000000107  -0.0003150488  -0.0000056006  -0.0000001690
        0.0194624276  -0.0263033049   0.0000040030   0.0000338842   0.0001667625
       -0.0000713892   0.0000338853   0.0001667494   0.0000713397   0.0000719645
        0.0000682294   0.0000000324
       -0.0000787258  -0.0000261020  -0.0596002835   0.0001767536  -0.0000036118
        0.1449183960  -0.0000088765  -0.0000156342  -0.0523950814   0.0000067259
       -0.0000066038   0.0001374066   0.0000004479   0.0000026663  -0.0056756364
        0.0000013685  -0.0000017128   0.0000652040  -0.0000017957   0.0000009291
        0.0003757540  -0.0000008743   0.0000010860   0.0004869366  -0.0000006229
        0.0000013299   0.0058111254  -0.0000061867   0.0000042060  -0.0007279802
       -0.0000453341   0.0000464757  -0.0446427959   0.0000012292  -0.0000002144
       -0.0000187479  -0.0242600284  -0.0053111125  -0.0000304154   0.0001328674
        0.0000365761   0.0003788460   0.0240850359   0.0052695017   0.0000117037
        0.0000011760   0.0000009590   0.0016032051  -0.0000022407  -0.0000009816
        0.0095991977   0.0000002707   0.0000003948  -0.0001871679   0.0000000286
       -0.0000004242  -0.0008445906  -0.0000000079  -0.0000005035  -0.0001508790
       -0.0000020233   0.0000024006   0.0008944356  -0.0000045094   0.0000077611
       -0.0000056936   0.0000052855  -0.0000074968  -0.0000063091   0.0000000368
        0.0000001115   0.0000033702
       -0.0147409243  -0.0287080238   0.0000040682  -0.0982795332  -0.0053889728
       -0.0000088765   0.7092814970   0.0003957761   0.0000608672  -0.3622814249
       -0.1132224417  -0.0000288413  -0.0699895912   0.0369954725  -0.0000013566
        0.0160838153   0.0010961011  -0.0000020759  -0.0051565037   0.0137497452
       -0.0000006750  -0.0073950916  -0.0091826395   0.0000019530   0.0097534418
       -0.0037971259   0.0000009976  -0.0260899006  -0.0155099741  -0.0000016118
        0.0419762283   0.0043926721  -0.0000028679  -0.0002868539  -0.0000111236
        0.0000004507   0.0000848948  -0.0017848923   0.0003856397  -0.0060096490
       -0.0025977593  -0.0000018564   0.0000998470  -0.0017944866  -0.0003868237
       -0.1758170426   0.1264429853  -0.0000146154  -0.0091723403  -0.0046189505
       -0.0000021575   0.0003146565   0.0001266168  -0.0000003703   0.0000555919
       -0.0000653858   0.0000000416   0.0002178485  -0.0001376139   0.0000003060
       -0.0025550319   0.0038132196  -0.0000020033  -0.0000523348  -0.0001033366
        0.0000817744  -0.0000524921  -0.0001034460  -0.0000818061   0.0000108930
        0.0000135838  -0.0000001607
       -0.0103888555  -0.0118663595  -0.0000075906  -0.0809225011  -0.2622053544
       -0.0000156342   0.0003957761   0.6106967797   0.0000091887  -0.0416444876
       -0.1151092448  -0.0000011462  -0.0097702493   0.0340088154   0.0000019090
        0.0195974259  -0.0048873981  -0.0000014207  -0.0029053507   0.0141355809
       -0.0000015376  -0.0091826271  -0.0098211459   0.0000021971   0.0136134058
       -0.0052795576  -0.0000000414  -0.0333713588  -0.0114782407  -0.0000028668
        0.0545190404  -0.0577037163   0.0000028485  -0.0000792009  -0.0002754632
        0.0000008881   0.0010754039  -0.0002396086   0.0006827896  -0.0015349966
       -0.0004185062   0.0000016624   0.0010866286  -0.0002269940  -0.0006773837
        0.1261004394  -0.1649267949   0.0000099703  -0.0293342613  -0.0118501121
       -0.0000030004   0.0000675516  -0.0003212947  -0.0000003128  -0.0001794095
        0.0000613644   0.0000000767   0.0000679766   0.0003551012   0.0000001355
        0.0030341379  -0.0023494940  -0.0000002950  -0.0000929344  -0.0001149609
       -0.0000165931  -0.0000930899  -0.0001150610   0.0000163471  -0.0000584634
       -0.0000683348  -0.0000001905
        0.0000035232  -0.0000212105   0.0006548748  -0.0000034248  -0.0000167788
       -0.0523950814   0.0000608672   0.0000091887   0.1134136578  -0.0000410757
       -0.0000075171  -0.0417695289   0.0000008872  -0.0000029254   0.0010549039
       -0.0000009829   0.0000007845   0.0054493275   0.0000003629  -0.0000016036
        0.0004873384   0.0000011757   0.0000011524   0.0002338590  -0.0000014862
        0.0000003226  -0.0001114320   0.0000044454   0.0000007460  -0.0048145877
       -0.0000075383   0.0000044531   0.0009723508  -0.0000002150  -0.0000000145
       -0.0007896082   0.0000570628   0.0000152114   0.0006569028   0.0000045211
        0.0000079617   0.0012807680  -0.0000634052  -0.0000041326   0.0006560526
       -0.0000120052   0.0000123817  -0.0342846690  -0.0000009240  -0.0000002981
        0.0006541786  -0.0000000419  -0.0000000492  -0.0001191161  -0.0000000335
        0.0000000150   0.0000201732  -0.0000000278   0.0000000649  -0.0001586406
       -0.0000016415   0.0000022670   0.0089409973  -0.0001866537  -0.0000169722
       -0.0000193085   0.0001866174   0.0000169823  -0.0000194063  -0.0000000073
       -0.0000000294   0.0000059940
        0.0025068773  -0.0005260634   0.0000094220  -0.0043546856  -0.0871860344
        0.0000067259  -0.3622814249  -0.0416444876  -0.0000410757   0.6858777119
        0.0429982721   0.0000318815  -0.1634309302   0.0844415508  -0.0000029803
       -0.0658982757   0.0232332588   0.0000032670   0.0029506567  -0.0244899548
        0.0000026701   0.0097534263   0.0136134162  -0.0000028613  -0.0123060070
        0.0024819039   0.0000000911   0.0414069761   0.0296088472   0.0000027643
       -0.0498275389   0.0159602405   0.0000007923  -0.0010627997   0.0011087787
        0.0000009955   0.0000235391   0.0006662962  -0.0001286569  -0.0003211454
        0.0000927408  -0.0000087303   0.0000320307   0.0006647167   0.0001273931
       -0.0255676748  -0.0039837617  -0.0000008283  -0.0584237117  -0.0590044087
        0.0000012501   0.0010272929   0.0017762168  -0.0000004854   0.0001445455
        0.0000387366  -0.0000003275   0.0001362482  -0.0006461782   0.0000000878
       -0.0002812336   0.0003739655  -0.0000009993  -0.0001363738   0.0000957378
       -0.0000350905  -0.0001361774   0.0000958042   0.0000347673   0.0001686739
        0.0002304062  -0.0000000723
       -0.0012962792  -0.0050354862   0.0000032366  -0.0325247045  -0.0100739426
       -0.0000066038  -0.1132224417  -0.1151092448  -0.0000075171   0.0429982721
        0.6358112271   0.0000169355   0.1184429326  -0.1888588116   0.0000014251
        0.0138616525   0.0040843133  -0.0000012678  -0.0047208471   0.0087138718
        0.0000000405  -0.0037971231  -0.0052795606   0.0000010582   0.0024819068
       -0.0068356486   0.0000007906   0.0075969943  -0.0408437616   0.0000005402
        0.0104439254  -0.0002534104  -0.0000010672  -0.0005500990   0.0001734431
       -0.0000004933   0.0002271649  -0.0001292693   0.0001097729  -0.0014397146
       -0.0004550015  -0.0000004396   0.0002313170  -0.0001291922  -0.0001096274
        0.0207744049   0.0043397326   0.0000023122  -0.0577137340  -0.2810994392
       -0.0000101799  -0.0022021411   0.0011519464   0.0000002441  -0.0002677859
        0.0002016451  -0.0000001226   0.0009925039  -0.0009696464  -0.0000001150
        0.0002853565   0.0007837498  -0.0000001428  -0.0002705203  -0.0000486308
       -0.0000947377  -0.0002703131  -0.0000485128   0.0000956555  -0.0000607271
       -0.0000903704   0.0000003030
        0.0000038831  -0.0000053076   0.0048755421  -0.0000042797  -0.0000081851
        0.0001374066  -0.0000288413  -0.0000011462  -0.0417695289   0.0000318815
        0.0000169355   0.1132720975  -0.0000025283  -0.0000025783  -0.0513649015
        0.0000038416  -0.0000015604   0.0003575404   0.0000014390   0.0000006962
        0.0058114531  -0.0000004768   0.0000000634  -0.0001117321   0.0000006082
        0.0000005471   0.0061270457   0.0000019228   0.0000050774   0.0014140081
       -0.0000031118   0.0000012427  -0.0029598440   0.0000000435   0.0000000410
        0.0002181704   0.0007607327   0.0000211813   0.0001048515  -0.0000072325
       -0.0000029628   0.0002188979  -0.0007518871  -0.0000137340   0.0001015466
       -0.0000034645  -0.0000005978   0.0005166844  -0.0000016943  -0.0000089611
       -0.0332410517  -0.0000004590  -0.0000003761  -0.0019715697  -0.0000002739
       -0.0000002435  -0.0014081302  -0.0000000121  -0.0000001225  -0.0002389143
       -0.0000000807   0.0000000383  -0.0001114799   0.0001112965   0.0000290354
        0.0000324651  -0.0001113327  -0.0000290417   0.0000326074   0.0000000260
       -0.0000000410  -0.0000431647
       -0.0014506930  -0.0000553624  -0.0000047129  -0.0009226601   0.0302723018
        0.0000004479  -0.0699895912  -0.0097702493   0.0000008872  -0.1634309302
        0.1184429326  -0.0000025283   0.6609117842  -0.0074627704  -0.0000388891
       -0.2556183483  -0.0847087419   0.0000366825  -0.0577053703   0.0594520739
        0.0000022431  -0.0260898286  -0.0333713358   0.0000059271   0.0414069160
        0.0075970114  -0.0000054098  -0.1151852267  -0.0380414490  -0.0000013436
        0.0070877554  -0.0335564392   0.0000006143  -0.0005105001   0.0016989580
        0.0000028579   0.0001059622  -0.0003303468   0.0002458261   0.0001942867
        0.0000494695   0.0000029341   0.0001057877  -0.0003303761  -0.0002444817
       -0.0051031643  -0.0015658482  -0.0000007399   0.0045749920  -0.0035192273
       -0.0000021984  -0.0084776653  -0.0056503973  -0.0000001982   0.0000400055
       -0.0007268085   0.0000009784  -0.0028013995   0.0040541020   0.0000002506
       -0.0054318279  -0.0021331320   0.0000003293  -0.0009660440  -0.0001918531
        0.0002934016  -0.0009665357  -0.0001921583  -0.0002925725   0.0002222957
        0.0000396464  -0.0000003058
        0.0003630160   0.0000016610  -0.0000002119   0.0108764123  -0.0366290840
        0.0000026663   0.0369954725   0.0340088154  -0.0000029254   0.0844415508
       -0.1888588116  -0.0000025783  -0.0074627704   0.6226622627  -0.0000319418
       -0.0509945483  -0.0991753119   0.0000104839   0.0114129915   0.0221503984
       -0.0000050024  -0.0155099194  -0.0114781930   0.0000023672   0.0296087708
       -0.0408437251  -0.0000015798  -0.0380413535  -0.2553489810   0.0000176916
       -0.0557692740  -0.0069508070   0.0000007769   0.0031877998  -0.0023638741
        0.0000003803   0.0001493857   0.0002583140  -0.0001191024  -0.0000498926
        0.0001663674  -0.0000028525   0.0001507096   0.0002569488   0.0001227684
       -0.0027095585   0.0006845871   0.0000001230   0.0188551330  -0.0250036495
        0.0000025576  -0.0278577539  -0.0122736777   0.0000052314  -0.0005443374
        0.0001757663   0.0000010386   0.0027635189  -0.0021639117   0.0000013149
       -0.0008942473   0.0006594740  -0.0000004920   0.0005152926   0.0001083227
        0.0000435739   0.0005143166   0.0001079685  -0.0000441286  -0.0000007152
       -0.0001508597  -0.0000001588
        0.0000012288  -0.0000001997  -0.0002418147  -0.0000021469  -0.0000008034
       -0.0056756364  -0.0000013566   0.0000019090   0.0010549039  -0.0000029803
        0.0000014251  -0.0513649015  -0.0000388891  -0.0000319418   0.1333544940
        0.0000249818   0.0000151782  -0.0497353212   0.0000092960  -0.0000116146
       -0.0007288253   0.0000043692   0.0000053733  -0.0048146209  -0.0000086494
        0.0000050660   0.0014140174   0.0000075261   0.0000115620  -0.0572385153
        0.0000004906  -0.0000000215   0.0010552919   0.0000030983   0.0000001962
        0.0091340856  -0.0000549214  -0.0000346935  -0.0000107313   0.0000005281
       -0.0000001218   0.0000126407   0.0000547844   0.0000349490  -0.0000103207
       -0.0000013544  -0.0000003441   0.0097113927   0.0000005759  -0.0000002908
        0.0012458239   0.0000040796   0.0000020131   0.0009600524   0.0000000132
        0.0000001349  -0.0002345552   0.0000002102   0.0000012437   0.0057967736
       -0.0000007325   0.0000007466   0.0059949707   0.0019868514   0.0001327346
        0.0001588324  -0.0019871214  -0.0001327385   0.0001603307   0.0000001186
        0.0000002378   0.0000016327
        0.0008247586   0.0001054011   0.0000028168   0.0017704388  -0.0183609800
        0.0000013685   0.0160838153   0.0195974259  -0.0000009829  -0.0658982757
        0.0138616525   0.0000038416  -0.2556183483  -0.0509945483   0.0000249818
        0.6435246198  -0.0381820715  -0.0000870665  -0.2333919745   0.1010512700
        0.0000384255   0.0419761334   0.0545190087  -0.0000100237  -0.0498274665
        0.0104439001   0.0000047942   0.0070877560  -0.0557691743   0.0000083750
       -0.0126231741   0.0014805682   0.0000015708  -0.0312495366   0.0188938494
        0.0000022637  -0.0000070634   0.0002367853  -0.0000602741   0.0000678965
        0.0000360296  -0.0000019131  -0.0000055293   0.0002368873   0.0000587768
       -0.0009000564  -0.0001765118  -0.0000002677   0.0012113639  -0.0016138267
        0.0000004801  -0.0576263338  -0.0560640609   0.0000117153   0.0005016925
       -0.0018683351   0.0000005454  -0.0004086391   0.0003115828  -0.0000013205
       -0.0002004387   0.0002287401  -0.0000002006  -0.0031374502  -0.0000058346
       -0.0000246573  -0.0031326035  -0.0000044506   0.0000267406   0.0009784152
        0.0020366926   0.0000000103
        0.0000471174   0.0000685109   0.0000020310  -0.0007892017   0.0024009904
       -0.0000017128   0.0010961011  -0.0048873981   0.0000007845   0.0232332588
        0.0040843133  -0.0000015604  -0.0847087419  -0.0991753119   0.0000151782
       -0.0381820715   0.6712244204  -0.0000247794   0.1737338118  -0.2227901316
       -0.0000252465   0.0043927334  -0.0577036789   0.0000041165   0.0159601970
       -0.0002534003  -0.0000032551  -0.0335564237  -0.0069508260   0.0000026435
        0.0014805633  -0.0061600566   0.0000006672  -0.0009730900   0.0030876175
       -0.0000003985   0.0001199567  -0.0000276490   0.0001098424   0.0000901322
        0.0001317131  -0.0000007656   0.0001186472  -0.0000282172  -0.0001100150
        0.0015010238  -0.0000527336   0.0000003948   0.0020896974   0.0008804999
       -0.0000002709  -0.0571859234  -0.2797476941   0.0000275108  -0.0014026038
       -0.0057899650   0.0000019673   0.0002826726   0.0009197019  -0.0000000046
       -0.0013367083  -0.0005223164  -0.0000001031  -0.0019199509   0.0000085016
       -0.0003305125  -0.0019194883   0.0000082176   0.0003327118  -0.0021717092
        0.0012748919   0.0000007764
       -0.0000013368  -0.0000003756  -0.0012051301   0.0000013866   0.0000014840
        0.0000652040  -0.0000020759  -0.0000014207   0.0054493275   0.0000032670
       -0.0000012678   0.0003575404   0.0000366825   0.0000104839  -0.0497353212
       -0.0000870665  -0.0000247794   0.1118369527   0.0000283821  -0.0000143186
       -0.0446429208  -0.0000053210  -0.0000013028   0.0009727696   0.0000040978
       -0.0000005903  -0.0029601658   0.0000022363   0.0000072848   0.0010544130
       -0.0000006155   0.0000007785   0.0059002333   0.0000094786  -0.0000053932
        0.0023952581  -0.0002129390   0.0000327537  -0.0000298379   0.0000007067
        0.0000009856  -0.0000250519   0.0002112974  -0.0000342670  -0.0000289493
        0.0000004622   0.0000000893   0.0002649003  -0.0000002920   0.0000002428
       -0.0017879675   0.0000086678   0.0000274821  -0.0328734423   0.0000010435
        0.0000019501   0.0058304345  -0.0000000419  -0.0000001774  -0.0000611002
        0.0000004047   0.0000000777  -0.0001040902  -0.0008227996  -0.0002348630
       -0.0002504284   0.0008242984   0.0002356044  -0.0002511313   0.0000000766
       -0.0000004611  -0.0001714967
       -0.0000057450  -0.0001344548   0.0000016557  -0.0002556267   0.0042040111
       -0.0000017957  -0.0051565037  -0.0029053507   0.0000003629   0.0029506567
       -0.0047208471   0.0000014390  -0.0577053703   0.0114129915   0.0000092960
       -0.2333919745   0.1737338118   0.0000283821   0.6510991920  -0.0452326399
       -0.0001288786  -0.0982793557  -0.0809222210   0.0000177633  -0.0043547848
       -0.0325246986   0.0000051302  -0.0009226181   0.0108763414  -0.0000013028
        0.0017704177  -0.0007891995  -0.0000002292  -0.2083854192  -0.0412794729
        0.0000460753   0.0001506892  -0.0000463859   0.0001463392   0.0000205245
        0.0000707960  -0.0000001865   0.0001497828  -0.0000475278  -0.0001465806
       -0.0002161813  -0.0002365651  -0.0000002991   0.0000628502  -0.0004398634
       -0.0000000769   0.0038851816  -0.0039302389  -0.0000014140   0.0032171440
        0.0215517965  -0.0000035232  -0.0050627794  -0.0020758596   0.0000028165
        0.0003134103   0.0003241460  -0.0000001179  -0.0220783432  -0.0005765558
       -0.0038231637  -0.0220601239  -0.0005762591   0.0038447680  -0.0057450230
       -0.0057357542   0.0000035402
        0.0004245321   0.0001613199   0.0000012840   0.0042040468  -0.0180696351
        0.0000009291   0.0137497452   0.0141355809  -0.0000016036  -0.0244899548
        0.0087138718   0.0000006962   0.0594520739   0.0221503984  -0.0000116146
        0.1010512700  -0.2227901316  -0.0000143186  -0.0452326399   0.6304074604
       -0.0000465295  -0.0053889667  -0.2622050032   0.0000339306  -0.0871859780
       -0.0100739393   0.0000148895   0.0302722947  -0.0366290076   0.0000033687
       -0.0183609938   0.0024010046   0.0000007331  -0.0351230633  -0.0756644662
        0.0000136908   0.0000336806   0.0001669595  -0.0000710117   0.0000719469
        0.0000682142  -0.0000014488   0.0000340580   0.0001665295   0.0000717551
       -0.0000953326   0.0001093640  -0.0000001698  -0.0003150474  -0.0000056008
        0.0000004835   0.0194623886  -0.0263033281   0.0000000267  -0.0018914207
       -0.0231601789   0.0000006433  -0.0011037545   0.0010346713   0.0000000539
        0.0000184553   0.0002815872  -0.0000000502   0.0101206003   0.0036063442
        0.0000203004   0.0101103149   0.0036061230  -0.0000272644  -0.0298182559
       -0.0121081379   0.0000112264
       -0.0000004639   0.0000001550  -0.0000184491  -0.0000000365   0.0000012867
        0.0003757540  -0.0000006750  -0.0000015376   0.0004873384   0.0000026701
        0.0000000405   0.0058114531   0.0000022431  -0.0000050024  -0.0007288253
        0.0000384255  -0.0000252465  -0.0446429208  -0.0001288786  -0.0000465295
        0.1449169872   0.0000111569   0.0000463272  -0.0523947573   0.0000099223
        0.0000070168   0.0001368104  -0.0000043853   0.0000009942  -0.0056749656
        0.0000014009   0.0000002378   0.0000648675   0.0000487203   0.0000150711
       -0.0595996778  -0.0000050262   0.0000075883  -0.0000061979   0.0000000386
        0.0000000702   0.0000033270   0.0000048165  -0.0000078313  -0.0000058540
        0.0000002499   0.0000001114  -0.0008445940   0.0000000544   0.0000001861
       -0.0001509185  -0.0000019746   0.0000029465   0.0008946079   0.0000000448
       -0.0000003530   0.0016038535   0.0000022106   0.0000016653   0.0095992235
       -0.0000000266  -0.0000001508  -0.0001872832  -0.0241620466  -0.0052892145
        0.0000008753   0.0241839049   0.0052910953  -0.0000195224  -0.0000023452
        0.0000010735   0.0003788682
       -0.0002868179  -0.0000111138  -0.0000002126  -0.0051565235   0.0137497159
       -0.0000008743  -0.0073950916  -0.0091826271   0.0000011757   0.0097534263
       -0.0037971231  -0.0000004768  -0.0260898286  -0.0155099194   0.0000043692
        0.0419761334   0.0043927334  -0.0000053210  -0.0982793557  -0.0053889667
        0.0000111569   0.7092815448   0.0003957738  -0.0000966744  -0.3622818711
       -0.1132225493   0.0000606855  -0.0699895735   0.0369953840   0.0000012157
        0.0160838084   0.0010960980   0.0000001293  -0.0147409899  -0.0287080548
        0.0000071172  -0.0000520410  -0.0001035584   0.0000814088   0.0000108935
        0.0000135718   0.0000006703  -0.0000527984  -0.0001032225  -0.0000821488
        0.0000555889  -0.0000653943   0.0000000892   0.0002178451  -0.0001376154
       -0.0000003790  -0.0025550355   0.0038132250   0.0000017448  -0.1758171763
        0.1264429955   0.0000094711  -0.0091723398  -0.0046189568   0.0000036818
        0.0003146616   0.0001266146   0.0000002101   0.0000932490  -0.0017897135
        0.0003868837   0.0000920394  -0.0017895217  -0.0003863226  -0.0060097474
       -0.0025977752   0.0000024002
       -0.0000791551  -0.0002754541  -0.0000023679  -0.0029053791   0.0141355861
        0.0000010860  -0.0091826395  -0.0098211459   0.0000011524   0.0136134162
       -0.0052795606   0.0000000634  -0.0333713358  -0.0114781930   0.0000053733
        0.0545190087  -0.0577036789  -0.0000013028  -0.0809222210  -0.2622050032
        0.0000463272   0.0003957738   0.6106963470  -0.0000683553  -0.0416446728
       -0.1151092600   0.0000138682  -0.0097702553   0.0340087607  -0.0000051968
        0.0195974366  -0.0048874065   0.0000004661  -0.0103889677  -0.0118662656
        0.0000029437  -0.0000935794  -0.0001155686  -0.0000167496  -0.0000584734
       -0.0000683409   0.0000012150  -0.0000924369  -0.0001144640   0.0000162213
       -0.0001794083   0.0000613588  -0.0000000333   0.0000679788   0.0003550991
       -0.0000002968   0.0030341329  -0.0023494949   0.0000000309   0.1261004499
       -0.1649267146  -0.0000005287  -0.0293342614  -0.0118501141   0.0000061558
        0.0000675518  -0.0003212944   0.0000000162   0.0010815675  -0.0002328672
        0.0006799097   0.0010805261  -0.0002337963  -0.0006804326  -0.0015350565
       -0.0004185290   0.0000004346
        0.0000002479  -0.0000009844  -0.0007894967   0.0000007297  -0.0000025862
        0.0004869366   0.0000019530   0.0000021971   0.0002338590  -0.0000028613
        0.0000010582  -0.0001117321   0.0000059271   0.0000023672  -0.0048146209
       -0.0000100237   0.0000041165   0.0009727696   0.0000177633   0.0000339306
       -0.0523947573  -0.0000966744  -0.0000683553   0.1134129690   0.0000579834
        0.0000242886  -0.0417690982   0.0000076592  -0.0000065065   0.0010548386
       -0.0000042138   0.0000010562   0.0054502244   0.0000051767   0.0000097447
        0.0006549674  -0.0001869195  -0.0000167984  -0.0000194490   0.0000002685
        0.0000001332   0.0000059538   0.0001867693   0.0000169286  -0.0000193238
        0.0000001031  -0.0000000195   0.0000200244  -0.0000000127  -0.0000000737
       -0.0001587990   0.0000019324  -0.0000002529   0.0089408865   0.0000070544
       -0.0000031537  -0.0342858831   0.0000046476   0.0000019127   0.0006542336
        0.0000000229   0.0000000446  -0.0001190033   0.0000607269   0.0000102616
        0.0006563705  -0.0000600341  -0.0000096438   0.0006574623   0.0000017742
        0.0000003347   0.0012806678
       -0.0010628087   0.0011087886  -0.0000010408   0.0029506811  -0.0244899279
       -0.0000006229   0.0097534418   0.0136134058  -0.0000014862  -0.0123060070
        0.0024819068   0.0000006082   0.0414069160   0.0296087708  -0.0000086494
       -0.0498274665   0.0159601970   0.0000040978  -0.0043547848  -0.0871859780
        0.0000099223  -0.3622818711  -0.0416446728   0.0000579834   0.6858777343
        0.0429986605  -0.0000705447  -0.1634307593   0.0844414857  -0.0000021683
       -0.0658982676   0.0232332533  -0.0000002847   0.0025070140  -0.0005260928
       -0.0000014874  -0.0001346618   0.0000966264  -0.0000334676   0.0001686561
        0.0002304029  -0.0000016580  -0.0001379154   0.0000949173   0.0000364073
        0.0001445465   0.0000387355   0.0000000528   0.0001362519  -0.0006461788
        0.0000001317  -0.0002812288   0.0003739645   0.0000014781  -0.0255676719
       -0.0039837731   0.0000024498  -0.0584235438  -0.0590045458   0.0000073554
        0.0010272909   0.0017762174  -0.0000000040   0.0000281008   0.0006654666
       -0.0001279162   0.0000274984   0.0006656059   0.0001281445  -0.0003211453
        0.0000927642   0.0000006990
       -0.0005501439   0.0001734467  -0.0000003739  -0.0047207987   0.0087138533
        0.0000013299  -0.0037971259  -0.0052795576   0.0000003226   0.0024819039
       -0.0068356486   0.0000005471   0.0075970114  -0.0408437251   0.0000050660
        0.0104439001  -0.0002534003  -0.0000005903  -0.0325246986  -0.0100739393
        0.0000070168  -0.1132225493  -0.1151092600   0.0000242886   0.0429986605
        0.6358111188  -0.0000815611   0.1184428474  -0.1888586952   0.0000098672
        0.0138615927   0.0040843423  -0.0000013092  -0.0012962755  -0.0050355117
        0.0000006333  -0.0002699833  -0.0000491890  -0.0000963803  -0.0000607243
       -0.0000903807   0.0000013821  -0.0002708303  -0.0000479621   0.0000939953
       -0.0002677895   0.0002016425  -0.0000001318   0.0009925027  -0.0009696466
       -0.0000000644   0.0002853535   0.0007837496   0.0000001175   0.0207743984
        0.0043397365  -0.0000044699  -0.0577138711  -0.2810994526   0.0000397061
       -0.0022021388   0.0011519404  -0.0000004844   0.0002294363  -0.0001292674
        0.0001098412   0.0002290626  -0.0001291864  -0.0001095513  -0.0014397404
       -0.0004550074   0.0000008030
       -0.0000005783  -0.0000004316   0.0002182125   0.0000000270   0.0000001600
        0.0058111254   0.0000009976  -0.0000000414  -0.0001114320   0.0000000911
        0.0000007906   0.0061270457  -0.0000054098  -0.0000015798   0.0014140174
        0.0000047942  -0.0000032551  -0.0029601658   0.0000051302   0.0000148895
        0.0001368104   0.0000606855   0.0000138682  -0.0417690982  -0.0000705447
       -0.0000815611   0.1132721123  -0.0000056457   0.0000155758  -0.0513649273
       -0.0000023594  -0.0000002146   0.0003571275   0.0000011052   0.0000019442
        0.0048757906   0.0001111940   0.0000294180   0.0000331078  -0.0000006809
       -0.0000001358  -0.0000432456  -0.0001111608  -0.0000288312   0.0000321093
        0.0000001103   0.0000000248  -0.0014078735  -0.0000002047   0.0000003791
       -0.0002387608   0.0000000655  -0.0000001422  -0.0001114108   0.0000017338
        0.0000002282   0.0005173837   0.0000099052   0.0000394024  -0.0332411818
        0.0000005729  -0.0000002482  -0.0019716214   0.0007558323   0.0000172447
        0.0001027424  -0.0007563836  -0.0000178325   0.0001033939   0.0000007232
        0.0000003485   0.0002187387
       -0.0005104378   0.0016990561   0.0000076141  -0.0577054585   0.0594521010
       -0.0000061867  -0.0260899006  -0.0333713588   0.0000044454   0.0414069761
        0.0075969943   0.0000019228  -0.1151852267  -0.0380413535   0.0000075261
        0.0070877560  -0.0335564237   0.0000022363  -0.0009226181   0.0302722947
       -0.0000043853  -0.0699895735  -0.0097702553   0.0000076592  -0.1634307593
        0.1184428474  -0.0000056457   0.6609118325  -0.0074626390   0.0000070653
       -0.2556186311  -0.0847088382  -0.0000171846  -0.0014507424  -0.0000553232
        0.0000005911  -0.0009629565  -0.0001934926   0.0002879228   0.0002223012
        0.0000396360   0.0000011996  -0.0009694965  -0.0001906105  -0.0002980355
        0.0000400058  -0.0007268069  -0.0000005348  -0.0028013969   0.0040541043
       -0.0000008349  -0.0054318274  -0.0021331329   0.0000008160  -0.0051031685
       -0.0015658544   0.0000023775   0.0045749862  -0.0035192300   0.0000019260
       -0.0084776711  -0.0056503932   0.0000003393   0.0001059084  -0.0003303470
        0.0002449504   0.0001058161  -0.0003304267  -0.0002453544   0.0001942825
        0.0000494519  -0.0000004298
        0.0031878193  -0.0023638645   0.0000027473   0.0114129455   0.0221504776
        0.0000042060  -0.0155099741  -0.0114782407   0.0000007460   0.0296088472
       -0.0408437616   0.0000050774  -0.0380414490  -0.2553489810   0.0000115620
       -0.0557691743  -0.0069508260   0.0000072848   0.0108763414  -0.0366290076
        0.0000009942   0.0369953840   0.0340087607  -0.0000065065   0.0844414857
       -0.1888586952   0.0000155758  -0.0074626390   0.6226621732  -0.0000345418
       -0.0509945563  -0.0991753586  -0.0000026305   0.0003630592   0.0000016728
        0.0000002581   0.0005105755   0.0001060646   0.0000428227  -0.0000007112
       -0.0001508655  -0.0000011744   0.0005190427   0.0001102118  -0.0000448817
       -0.0005443352   0.0001757659  -0.0000008473   0.0027635194  -0.0021639115
       -0.0000003581  -0.0008942437   0.0006594759   0.0000009446  -0.0027095574
        0.0006845865   0.0000010304   0.0188551304  -0.0250036429  -0.0000003895
       -0.0278577561  -0.0122736767  -0.0000010650   0.0001500043   0.0002576053
       -0.0001213250   0.0001501259   0.0002576660   0.0001205490  -0.0000498842
        0.0001663714  -0.0000000785
       -0.0000021648   0.0000105144   0.0091340024  -0.0000111471   0.0000040018
       -0.0007279802  -0.0000016118  -0.0000028668  -0.0048145877   0.0000027643
        0.0000005402   0.0014140081  -0.0000013436   0.0000176916  -0.0572385153
        0.0000083750   0.0000026435   0.0010544130  -0.0000013028   0.0000033687
       -0.0056749656   0.0000012157  -0.0000051968   0.0010548386  -0.0000021683
        0.0000098672  -0.0513649273   0.0000070653  -0.0000345418   0.1333544574
       -0.0000053632  -0.0000061224  -0.0497362577  -0.0000003708  -0.0000000317
       -0.0002417129   0.0019909261   0.0001329502   0.0001611299  -0.0000031473
       -0.0000045213   0.0000015405  -0.0019827621  -0.0001326896   0.0001581508
       -0.0000000036  -0.0000000701  -0.0002344239  -0.0000000120  -0.0000004437
        0.0057967932   0.0000013467   0.0000002162   0.0059949591   0.0000027149
        0.0000014406   0.0097118068  -0.0000028240   0.0000034521   0.0012458030
       -0.0000001215  -0.0000001387   0.0009600434  -0.0000549620  -0.0000348030
       -0.0000105549   0.0000549181   0.0000347427  -0.0000106388  -0.0000000213
       -0.0000000032   0.0000126182
       -0.0312496400   0.0188937611  -0.0000078456  -0.2333915520   0.1010510125
       -0.0000453341   0.0419762283   0.0545190404  -0.0000075383  -0.0498275389
        0.0104439254  -0.0000031118   0.0070877554  -0.0557692740   0.0000004906
       -0.0126231741   0.0014805633  -0.0000006155   0.0017704177  -0.0183609938
        0.0000014009   0.0160838084   0.0195974366  -0.0000042138  -0.0658982676
        0.0138615927  -0.0000023594  -0.2556186311  -0.0509945563  -0.0000053632
        0.6435247524  -0.0381816398   0.0000647709   0.0008248001   0.0001053967
        0.0000000092  -0.0031099897   0.0000042222  -0.0000207009   0.0009783708
        0.0020366861  -0.0000034936  -0.0031601905  -0.0000144203   0.0000306582
        0.0005016920  -0.0018683417  -0.0000009594  -0.0004086392   0.0003115819
        0.0000019775  -0.0002004392   0.0002287419   0.0000003314  -0.0009000516
       -0.0001765110  -0.0000000551   0.0012113701  -0.0016138265  -0.0000002338
       -0.0576263876  -0.0560641394   0.0000015603  -0.0000062238   0.0002367764
       -0.0000593846  -0.0000063663   0.0002369276   0.0000596813   0.0000678965
        0.0000360380   0.0000003288
       -0.0009731064   0.0030877176   0.0000106876   0.1737334926  -0.2227898361
        0.0000464757   0.0043926721  -0.0577037163   0.0000044531   0.0159602405
       -0.0002534104   0.0000012427  -0.0335564392  -0.0069508070  -0.0000000215
        0.0014805682  -0.0061600566   0.0000007785  -0.0007891995   0.0024010046
        0.0000002378   0.0010960980  -0.0048874065   0.0000010562   0.0232332533
        0.0040843423  -0.0000002146  -0.0847088382  -0.0991753586  -0.0000061224
       -0.0381816398   0.6712241812  -0.0000572652   0.0000470983   0.0000684810
       -0.0000007135  -0.0019168898   0.0000065253  -0.0003383862  -0.0021716594
        0.0012748516  -0.0000022022  -0.0019224593   0.0000101464   0.0003247950
       -0.0014025984  -0.0057899609   0.0000002788   0.0002826712   0.0009197026
        0.0000000481  -0.0013367081  -0.0005223176   0.0000003857   0.0015010191
       -0.0000527304  -0.0000006014   0.0020896919   0.0008805010  -0.0000001839
       -0.0571860136  -0.2797477046   0.0000147371   0.0001192068  -0.0000279674
        0.0001101050   0.0001194017  -0.0000279012  -0.0001097777   0.0000901380
        0.0001317200   0.0000002075
       -0.0000141935   0.0000160392   0.0023949544  -0.0000419737   0.0000430689
       -0.0446427959  -0.0000028679   0.0000028485   0.0009723508   0.0000007923
       -0.0000010672  -0.0029598440   0.0000006143   0.0000007769   0.0010552919
        0.0000015708   0.0000006672   0.0059002333  -0.0000002292   0.0000007331
        0.0000648675   0.0000001293   0.0000004661   0.0054502244  -0.0000002847
       -0.0000013092   0.0003571275  -0.0000171846  -0.0000026305  -0.0497362577
        0.0000647709  -0.0000572652   0.1118370680  -0.0000001766  -0.0000000994
       -0.0012051500  -0.0008201488  -0.0002408669  -0.0002520447  -0.0000016276
       -0.0000037232  -0.0001713890   0.0008270485   0.0002294788  -0.0002492261
       -0.0000002331  -0.0000006877   0.0058302809   0.0000000251  -0.0000000002
       -0.0000611001  -0.0000000171   0.0000000604  -0.0001041584  -0.0000002444
        0.0000000126   0.0002646785  -0.0000002139  -0.0000003918  -0.0017878870
        0.0000044443   0.0000138975  -0.0328733136  -0.0002122228   0.0000335944
       -0.0000293037   0.0002122894  -0.0000335040  -0.0000294761  -0.0000000670
       -0.0000000982  -0.0000251307
       -0.0001174298   0.0000228271  -0.0000014040  -0.0000057545   0.0004245400
        0.0000012292  -0.0002868539  -0.0000792009  -0.0000002150  -0.0010627997
       -0.0005500990   0.0000000435  -0.0005105001   0.0031877998   0.0000030983
       -0.0312495366  -0.0009730900   0.0000094786  -0.2083854192  -0.0351230633
        0.0000487203  -0.0147409899  -0.0103889677   0.0000051767   0.0025070140
       -0.0012962755   0.0000011052  -0.0014507424   0.0003630592  -0.0000003708
        0.0008248001   0.0000470983  -0.0000001766   0.4680089925  -0.0078901215
        0.0000285212  -0.0000831439  -0.0000133528  -0.0000565990  -0.0000244759
       -0.0000408861   0.0000001250  -0.0000825078  -0.0000128545   0.0000570262
       -0.0002327662   0.0000516024   0.0000000581   0.0000005412  -0.0000619781
       -0.0000000352   0.0011534535  -0.0015428143  -0.0000013097   0.0006849925
        0.0009981102  -0.0000007607  -0.0004057489  -0.0001078095   0.0000001023
       -0.0000853921  -0.0000870996   0.0000000842  -0.0846848858   0.0383542599
       -0.0855710873  -0.0845334531   0.0382599954   0.0854829540  -0.0452373939
       -0.0235416792  -0.0000057646
        0.0000228804   0.0000133788   0.0000001920  -0.0001344664   0.0001612926
       -0.0000002144  -0.0000111236  -0.0002754632  -0.0000000145   0.0011087787
        0.0001734431   0.0000000410   0.0016989580  -0.0023638741   0.0000001962
        0.0188938494   0.0030876175  -0.0000053932  -0.0412794729  -0.0756644662
        0.0000150711  -0.0287080548  -0.0118662656   0.0000097447  -0.0005260928
       -0.0050355117   0.0000019442  -0.0000553232   0.0000016728  -0.0000000317
        0.0001053967   0.0000684810  -0.0000000994  -0.0078901215   0.5279616182
       -0.0000018032   0.0000032520   0.0000019202   0.0000078260   0.0000174012
        0.0000218750  -0.0000002008   0.0000029451   0.0000019354  -0.0000076746
        0.0001277385   0.0000135813  -0.0000000405   0.0000075506   0.0000965393
       -0.0000000871   0.0019337069   0.0013770764  -0.0000008591  -0.0013597909
        0.0014060101  -0.0000003394  -0.0015119806  -0.0006518070   0.0000000751
        0.0000912967   0.0000729100   0.0000000533   0.0401921717  -0.0777034493
        0.0738993400   0.0400979244  -0.0776465735  -0.0738877261  -0.0228274237
       -0.2832519409  -0.0000299993
        0.0000007150   0.0000001287   0.0002243798  -0.0000010489  -0.0000005136
       -0.0000187479   0.0000004507   0.0000008881  -0.0007896082   0.0000009955
       -0.0000004933   0.0002181704   0.0000028579   0.0000003803   0.0091340856
        0.0000022637  -0.0000003985   0.0023952581   0.0000460753   0.0000136908
       -0.0595996778   0.0000071172   0.0000029437   0.0006549674  -0.0000014874
        0.0000006333   0.0048757906   0.0000005911   0.0000002581  -0.0002417129
        0.0000000092  -0.0000007135  -0.0012051500   0.0000285212  -0.0000018032
        0.4887704622   0.0000513153  -0.0000073999   0.0000121775  -0.0000001627
       -0.0000001624   0.0000029558  -0.0000507383   0.0000077303   0.0000120790
       -0.0000001476  -0.0000001075  -0.0000216712  -0.0000000686   0.0000002150
        0.0001632895  -0.0000005124   0.0000002817  -0.0028646852  -0.0000001133
       -0.0000003316  -0.0015541435   0.0000005504   0.0000002762   0.0000061832
       -0.0000000645   0.0000000250   0.0000104438  -0.0879913084   0.0735299434
       -0.1978347449   0.0879089225  -0.0735156472  -0.1980301623  -0.0000047328
       -0.0000298239  -0.0443199391
       -0.0842460236   0.0395689343  -0.0879257816  -0.0220340358   0.0099845928
       -0.0242600284   0.0000848948   0.0010754039   0.0000570628   0.0000235391
        0.0002271649   0.0007607327   0.0001059622   0.0001493857  -0.0000549214
       -0.0000070634   0.0001199567  -0.0002129390   0.0001506892   0.0000336806
       -0.0000050262  -0.0000520410  -0.0000935794  -0.0001869195  -0.0001346618
       -0.0002699833   0.0001111940  -0.0009629565   0.0005105755   0.0019909261
       -0.0031099897  -0.0019168898  -0.0008201488  -0.0000831439   0.0000032520
        0.0000513153   0.1023010465  -0.0451230771   0.0999487362   0.0014702022
        0.0005008999   0.0008397159   0.0062978080  -0.0042096671   0.0105877223
        0.0001595757  -0.0003290065  -0.0003920567   0.0000710200  -0.0000078467
        0.0000002703  -0.0000171395  -0.0000398821  -0.0000004621  -0.0000428978
        0.0000188337  -0.0000124844   0.0000257808   0.0000101830   0.0000296528
        0.0000247369  -0.0001910260  -0.0005099032  -0.0000027376  -0.0000094191
       -0.0000130627  -0.0000266905  -0.0000025915   0.0000184841   0.0000041257
       -0.0000098944  -0.0000020786
        0.0377314151  -0.0769108375   0.0729661089  -0.0006022045   0.0035906937
       -0.0053111125  -0.0017848923  -0.0002396086   0.0000152114   0.0006662962
       -0.0001292693   0.0000211813  -0.0003303468   0.0002583140  -0.0000346935
        0.0002367853  -0.0000276490   0.0000327537  -0.0000463859   0.0001669595
        0.0000075883  -0.0001035584  -0.0001155686  -0.0000167984   0.0000966264
       -0.0000491890   0.0000294180  -0.0001934926   0.0001060646   0.0001329502
        0.0000042222   0.0000065253  -0.0002408669  -0.0000133528   0.0000019202
       -0.0000073999  -0.0451230771   0.0855112428  -0.0855257149   0.0139759014
       -0.0168332922   0.0281197953  -0.0042752843   0.0049639968  -0.0102234964
       -0.0000800334  -0.0002857809  -0.0000158252   0.0000039134   0.0000003931
       -0.0000085048  -0.0000056220  -0.0000044309   0.0000005191  -0.0000038998
       -0.0000046347  -0.0000047720  -0.0000158531  -0.0000184028   0.0000104565
       -0.0001206708   0.0000227470   0.0000546129  -0.0000093812  -0.0000049906
       -0.0000023016  -0.0000026479  -0.0000052061   0.0000007880  -0.0000044569
        0.0000000034   0.0000001027
       -0.0854611654   0.0733485667  -0.1989783927  -0.0038912118   0.0000201933
       -0.0000304154   0.0003856397   0.0006827896   0.0006569028  -0.0001286569
        0.0001097729   0.0001048515   0.0002458261  -0.0001191024  -0.0000107313
       -0.0000602741   0.0001098424  -0.0000298379   0.0001463392  -0.0000710117
       -0.0000061979   0.0000814088  -0.0000167496  -0.0000194490  -0.0000334676
       -0.0000963803   0.0000331078   0.0002879228   0.0000428227   0.0001611299
       -0.0000207009  -0.0003383862  -0.0002520447  -0.0000565990   0.0000078260
        0.0000121775   0.0999487362  -0.0855257149   0.2298102821  -0.0008892319
        0.0027019373  -0.0019168870  -0.0104084006   0.0098653262  -0.0293193245
       -0.0001423165  -0.0005626365  -0.0001340505   0.0000265057  -0.0000556923
       -0.0000097720  -0.0000225728  -0.0000542732  -0.0000017739  -0.0000297165
        0.0000234675  -0.0000025222   0.0000094881   0.0000375562  -0.0000033362
        0.0000420423  -0.0000882934  -0.0000631290  -0.0000127919  -0.0000022567
       -0.0000201589  -0.0000184948  -0.0000006066   0.0000200494   0.0000016918
       -0.0000189969  -0.0000004778
       -0.0452378624  -0.0228282819   0.0001292533  -0.0057452419  -0.0298179384
        0.0001328674  -0.0060096490  -0.0015349966   0.0000045211  -0.0003211454
       -0.0014397146  -0.0000072325   0.0001942867  -0.0000498926   0.0000005281
        0.0000678965   0.0000901322   0.0000007067   0.0000205245   0.0000719469
        0.0000000386   0.0000108935  -0.0000584734   0.0000002685   0.0001686561
       -0.0000607243  -0.0000006809   0.0002223012  -0.0000007112  -0.0000031473
        0.0009783708  -0.0021716594  -0.0000016276  -0.0000244759   0.0000174012
       -0.0000001627   0.0014702022   0.0139759014  -0.0008892319   0.0541675748
        0.0287593039  -0.0001279423   0.0014662987   0.0140924827   0.0007572806
       -0.0001771686   0.0001514352   0.0000017516  -0.0004061135  -0.0001846832
       -0.0000001921   0.0000388414   0.0000202216   0.0000001049   0.0000276365
        0.0000004708  -0.0000000452  -0.0000441921   0.0000498238  -0.0000001217
       -0.0008879399   0.0009185935   0.0000030683   0.0000041070  -0.0000045189
        0.0000016356   0.0000041737  -0.0000044337  -0.0000016997   0.0000120249
        0.0000083150   0.0000000593
       -0.0235424685  -0.2832477039   0.0011218859  -0.0057359141  -0.0121080256
        0.0000365761  -0.0025977593  -0.0004185062   0.0000079617   0.0000927408
       -0.0004550015  -0.0000029628   0.0000494695   0.0001663674  -0.0000001218
        0.0000360296   0.0001317131   0.0000009856   0.0000707960   0.0000682142
        0.0000000702   0.0000135718  -0.0000683409   0.0000001332   0.0002304029
       -0.0000903807  -0.0000001358   0.0000396360  -0.0001508655  -0.0000045213
        0.0020366861   0.0012748516  -0.0000037232  -0.0000408861   0.0000218750
       -0.0000001624   0.0005008999  -0.0168332922   0.0027019373   0.0287593039
        0.3280234028  -0.0013189324   0.0004990307  -0.0171273648  -0.0025422282
       -0.0000007020   0.0003909945   0.0000003598  -0.0002050794  -0.0001459761
       -0.0000000533   0.0000169999  -0.0000531234   0.0000001612  -0.0000184130
        0.0000194120  -0.0000001317  -0.0000227544   0.0000770873  -0.0000003394
       -0.0001701478   0.0005442135   0.0000031166  -0.0000099566   0.0000000387
       -0.0000189690  -0.0000098283   0.0000001249   0.0000189637   0.0000083426
       -0.0000197141   0.0000001300
        0.0001454922   0.0011291505  -0.0443254223  -0.0000131156  -0.0000147069
        0.0003788460  -0.0000018564   0.0000016624   0.0012807680  -0.0000087303
       -0.0000004396   0.0002188979   0.0000029341  -0.0000028525   0.0000126407
       -0.0000019131  -0.0000007656  -0.0000250519  -0.0000001865  -0.0000014488
        0.0000033270   0.0000006703   0.0000012150   0.0000059538  -0.0000016580
        0.0000013821  -0.0000432456   0.0000011996  -0.0000011744   0.0000015405
       -0.0000034936  -0.0000022022  -0.0001713890   0.0000001250  -0.0000002008
        0.0000029558   0.0008397159   0.0281197953  -0.0019168870  -0.0001279423
       -0.0013189324   0.0463762967  -0.0008379890  -0.0279057603  -0.0016099963
        0.0000006533  -0.0000000598  -0.0000902795  -0.0000001627  -0.0000002964
       -0.0001411365   0.0000000025   0.0000002351   0.0000004517   0.0000001201
       -0.0000001888   0.0000059155   0.0000001945  -0.0000005406   0.0000153239
        0.0000056106  -0.0000039517   0.0000209532  -0.0000018560   0.0000001659
       -0.0000001568   0.0000021777  -0.0000002203  -0.0000005829   0.0000000076
        0.0000001346   0.0000002773
       -0.0849725041   0.0407259300   0.0879674831  -0.0221039039   0.0102458280
        0.0240850359   0.0000998470   0.0010866286  -0.0000634052   0.0000320307
        0.0002313170  -0.0007518871   0.0001057877   0.0001507096   0.0000547844
       -0.0000055293   0.0001186472   0.0002112974   0.0001497828   0.0000340580
        0.0000048165  -0.0000527984  -0.0000924369   0.0001867693  -0.0001379154
       -0.0002708303  -0.0001111608  -0.0009694965   0.0005190427  -0.0019827621
       -0.0031601905  -0.0019224593   0.0008270485  -0.0000825078   0.0000029451
       -0.0000507383   0.0062978080  -0.0042752843  -0.0104084006   0.0014662987
        0.0004990307  -0.0008379890   0.1031367391  -0.0464763236  -0.1000085330
        0.0001580263  -0.0003414171   0.0003920959   0.0000727315  -0.0000074374
       -0.0000010796  -0.0000172585  -0.0000398357   0.0000001753  -0.0000431466
        0.0000186195   0.0000130153   0.0000260550   0.0000097605  -0.0000289398
        0.0000248673  -0.0001947021   0.0005057607  -0.0000263451  -0.0000023572
       -0.0000181965  -0.0000025426  -0.0000095149   0.0000129647   0.0000041647
       -0.0000099180   0.0000018450
        0.0388879540  -0.0784431391  -0.0740728403  -0.0005510804   0.0036215344
        0.0052695017  -0.0017944866  -0.0002269940  -0.0000041326   0.0006647167
       -0.0001291922  -0.0000137340  -0.0003303761   0.0002569488   0.0000349490
        0.0002368873  -0.0000282172  -0.0000342670  -0.0000475278   0.0001665295
       -0.0000078313  -0.0001032225  -0.0001144640   0.0000169286   0.0000949173
       -0.0000479621  -0.0000288312  -0.0001906105   0.0001102118  -0.0001326896
       -0.0000144203   0.0000101464   0.0002294788  -0.0000128545   0.0000019354
        0.0000077303  -0.0042096671   0.0049639968   0.0098653262   0.0140924827
       -0.0171273648  -0.0279057603  -0.0464763236   0.0872812100   0.0868149593
       -0.0000842194  -0.0002856759   0.0000134620   0.0000039503   0.0000011504
        0.0000069744  -0.0000053279  -0.0000038538  -0.0000008276  -0.0000036247
       -0.0000048685   0.0000049656  -0.0000163232  -0.0000185398  -0.0000101971
       -0.0001246019   0.0000267107  -0.0000542052  -0.0000024194  -0.0000051507
       -0.0000006992  -0.0000093781  -0.0000051360   0.0000020961  -0.0000044444
        0.0000001836  -0.0000003567
        0.0855852392  -0.0744318135  -0.1968800375   0.0037765939  -0.0000270898
        0.0000117037  -0.0003868237  -0.0006773837   0.0006560526   0.0001273931
       -0.0001096274   0.0001015466  -0.0002444817   0.0001227684  -0.0000103207
        0.0000587768  -0.0001100150  -0.0000289493  -0.0001465806   0.0000717551
       -0.0000058540  -0.0000821488   0.0000162213  -0.0000193238   0.0000364073
        0.0000939953   0.0000321093  -0.0002980355  -0.0000448817   0.0001581508
        0.0000306582   0.0003247950  -0.0002492261   0.0000570262  -0.0000076746
        0.0000120790   0.0105877223  -0.0102234964  -0.0293193245   0.0007572806
       -0.0025422282  -0.0016099963  -0.1000085330   0.0868149593   0.2273601431
        0.0001453903   0.0005683916  -0.0001313663  -0.0000264590   0.0000559910
       -0.0000099910   0.0000226791   0.0000544457  -0.0000015321   0.0000297143
       -0.0000234224  -0.0000023948  -0.0000094232  -0.0000370427  -0.0000035085
       -0.0000421494   0.0000891979  -0.0000602178   0.0000184453   0.0000007052
        0.0000203128   0.0000129749   0.0000024517  -0.0000199631  -0.0000016666
        0.0000189978  -0.0000000923
        0.0006850222  -0.0013598850  -0.0000016348   0.0032170791  -0.0018914004
        0.0000011760  -0.1758170426   0.1261004394  -0.0000120052  -0.0255676748
        0.0207744049  -0.0000034645  -0.0051031643  -0.0027095585  -0.0000013544
       -0.0009000564   0.0015010238   0.0000004622  -0.0002161813  -0.0000953326
        0.0000002499   0.0000555889  -0.0001794083   0.0000001031   0.0001445465
       -0.0002677895   0.0000001103   0.0000400058  -0.0005443352  -0.0000000036
        0.0005016920  -0.0014025984  -0.0000002331  -0.0002327662   0.0001277385
       -0.0000001476   0.0001595757  -0.0000800334  -0.0001423165  -0.0001771686
       -0.0000007020   0.0000006533   0.0001580263  -0.0000842194   0.0001453903
        0.2022567801  -0.1403335521   0.0000135600   0.0007345945   0.0005504939
        0.0000002799   0.0000345586  -0.0000180477   0.0000000345  -0.0000620599
        0.0000368328  -0.0000000346  -0.0000007242   0.0000809484  -0.0000000264
        0.0001477504  -0.0001790940  -0.0000009158  -0.0000430723  -0.0000037694
       -0.0000296585  -0.0000429564  -0.0000037517   0.0000297428   0.0000276470
       -0.0000184043   0.0000000329
        0.0009981188   0.0014059651  -0.0000027614   0.0215517727  -0.0231601834
        0.0000009590   0.1264429853  -0.1649267949   0.0000123817  -0.0039837617
        0.0043397326  -0.0000005978  -0.0015658482   0.0006845871  -0.0000003441
       -0.0001765118  -0.0000527336   0.0000000893  -0.0002365651   0.0001093640
        0.0000001114  -0.0000653943   0.0000613588  -0.0000000195   0.0000387355
        0.0002016425   0.0000000248  -0.0007268069   0.0001757659  -0.0000000701
       -0.0018683417  -0.0057899609  -0.0000006877   0.0000516024   0.0000135813
       -0.0000001075  -0.0003290065  -0.0002857809  -0.0005626365   0.0001514352
        0.0003909945  -0.0000000598  -0.0003414171  -0.0002856759   0.0005683916
       -0.1403335521   0.1876126160  -0.0000151931  -0.0007979572   0.0010730913
       -0.0000000017   0.0000576498   0.0000757908  -0.0000000117   0.0000368265
       -0.0000430899  -0.0000000255  -0.0000809426  -0.0000380472  -0.0000000133
        0.0011390171  -0.0015721198   0.0000005222   0.0000187241  -0.0000047651
        0.0000234786   0.0000187486  -0.0000047527  -0.0000234569   0.0000004893
        0.0000194143   0.0000000282
       -0.0000054336   0.0000030137  -0.0015545959   0.0000078753   0.0000024710
        0.0016032051  -0.0000146154   0.0000099703  -0.0342846690  -0.0000008283
        0.0000023122   0.0005166844  -0.0000007399   0.0000001230   0.0097113927
       -0.0000002677   0.0000003948   0.0002649003  -0.0000002991  -0.0000001698
       -0.0008445940   0.0000000892  -0.0000000333   0.0000200244   0.0000000528
       -0.0000001318  -0.0014078735  -0.0000005348  -0.0000008473  -0.0002344239
       -0.0000009594   0.0000002788   0.0058302809   0.0000000581  -0.0000000405
       -0.0000216712  -0.0003920567  -0.0000158252  -0.0001340505   0.0000017516
        0.0000003598  -0.0000902795   0.0003920959   0.0000134620  -0.0001313663
        0.0000135600  -0.0000151931   0.0237854630   0.0000004863   0.0000003393
       -0.0034336842   0.0000000517   0.0000000270   0.0002098322   0.0000000610
        0.0000000217   0.0002847441  -0.0000000177   0.0000000557   0.0000336787
       -0.0000002770  -0.0000005232  -0.0001241865  -0.0000124221  -0.0000050804
       -0.0000024202   0.0000123639   0.0000050506  -0.0000024392   0.0000000059
       -0.0000000353   0.0000060478
       -0.0004057752  -0.0015120044   0.0000005412  -0.0050627806  -0.0011037614
       -0.0000022407  -0.0091723403  -0.0293342613  -0.0000009240  -0.0584237117
       -0.0577137340  -0.0000016943   0.0045749920   0.0188551330   0.0000005759
        0.0012113639   0.0020896974  -0.0000002920   0.0000628502  -0.0003150474
        0.0000000544   0.0002178451   0.0000679788  -0.0000000127   0.0001362519
        0.0009925027  -0.0000002047  -0.0028013969   0.0027635194  -0.0000000120
       -0.0004086392   0.0002826712   0.0000000251   0.0000005412   0.0000075506
       -0.0000000686   0.0000710200   0.0000039134   0.0000265057  -0.0004061135
       -0.0002050794  -0.0000001627   0.0000727315   0.0000039503  -0.0000264590
        0.0007345945  -0.0007979572   0.0000004863   0.0705710071   0.0662551959
        0.0000035725  -0.0006745559  -0.0003449702   0.0000001744  -0.0000007232
       -0.0000809331   0.0000000387  -0.0002293496   0.0002189121  -0.0000000584
       -0.0000754884  -0.0000783691   0.0000001415   0.0000259300  -0.0000160882
        0.0000094798   0.0000259276  -0.0000160782  -0.0000094759  -0.0000441805
       -0.0000227408   0.0000000095
       -0.0001078158  -0.0006518105  -0.0000000837  -0.0020758592   0.0010346712
       -0.0000009816  -0.0046189505  -0.0118501121  -0.0000002981  -0.0590044087
       -0.2810994392  -0.0000089611  -0.0035192273  -0.0250036495  -0.0000002908
       -0.0016138267   0.0008804999   0.0000002428  -0.0004398634  -0.0000056008
        0.0000001861  -0.0001376154   0.0003550991  -0.0000000737  -0.0006461788
       -0.0009696466   0.0000003791   0.0040541043  -0.0021639115  -0.0000004437
        0.0003115819   0.0009197026  -0.0000000002  -0.0000619781   0.0000965393
        0.0000002150  -0.0000078467   0.0000003931  -0.0000556923  -0.0001846832
       -0.0001459761  -0.0000002964  -0.0000074374   0.0000011504   0.0000559910
        0.0005504939   0.0010730913   0.0000003393   0.0662551959   0.3177442258
        0.0000101314   0.0009226939   0.0004219928  -0.0000003670   0.0000809465
       -0.0000380473  -0.0000000770   0.0002189101  -0.0004953099   0.0000001622
       -0.0000380059  -0.0001440081   0.0000001683   0.0000099915  -0.0000184536
        0.0000372047   0.0000099509  -0.0000184892  -0.0000374031   0.0000498282
        0.0000770890  -0.0000000511
       -0.0000013971   0.0000012678   0.0000058132  -0.0000001033   0.0000015544
        0.0095991977  -0.0000021575  -0.0000030004   0.0006541786   0.0000012501
       -0.0000101799  -0.0332410517  -0.0000021984   0.0000025576   0.0012458239
        0.0000004801  -0.0000002709  -0.0017879675  -0.0000000769   0.0000004835
       -0.0001509185  -0.0000003790  -0.0000002968  -0.0001587990   0.0000001317
       -0.0000000644  -0.0002387608  -0.0000008349  -0.0000003581   0.0057967932
        0.0000019775   0.0000000481  -0.0000611001  -0.0000000352  -0.0000000871
        0.0001632895   0.0000002703  -0.0000085048  -0.0000097720  -0.0000001921
       -0.0000000533  -0.0001411365  -0.0000010796   0.0000069744  -0.0000099910
        0.0000002799  -0.0000000017  -0.0034336842   0.0000035725   0.0000101314
        0.0232089039   0.0000001830   0.0000000511   0.0001061452   0.0000000447
       -0.0000000081   0.0000336985   0.0000000498  -0.0000000344   0.0003309343
        0.0000002659  -0.0000002065  -0.0019202674   0.0000295844   0.0000101106
       -0.0000034464  -0.0000296618  -0.0000101237  -0.0000034012   0.0000000259
        0.0000000114   0.0000155184
       -0.0000854099   0.0000912751  -0.0000003527   0.0003134101   0.0000184575
        0.0000002707   0.0003146565   0.0000675516  -0.0000000419   0.0010272929
       -0.0022021411  -0.0000004590  -0.0084776653  -0.0278577539   0.0000040796
       -0.0576263338  -0.0571859234   0.0000086678   0.0038851816   0.0194623886
       -0.0000019746  -0.0025550355   0.0030341329   0.0000019324  -0.0002812288
        0.0002853535   0.0000000655  -0.0054318274  -0.0008942437   0.0000013467
       -0.0002004392  -0.0013367081  -0.0000000171   0.0011534535   0.0019337069
       -0.0000005124  -0.0000171395  -0.0000056220  -0.0000225728   0.0000388414
        0.0000169999   0.0000000025  -0.0000172585  -0.0000053279   0.0000226791
        0.0000345586   0.0000576498   0.0000000517  -0.0006745559   0.0009226939
        0.0000001830   0.0698136640   0.0631338511  -0.0000125635   0.0001477514
        0.0011390197  -0.0000003208  -0.0000754917  -0.0000380060  -0.0000003617
       -0.0004480946  -0.0002219123   0.0000000486   0.0000247375  -0.0001227168
        0.0000420383   0.0000248773  -0.0001225634  -0.0000422072  -0.0008879446
       -0.0001701618   0.0000000179
       -0.0000870800   0.0000729202  -0.0000008078   0.0003241437   0.0002815901
        0.0000003948   0.0001266168  -0.0003212947  -0.0000000492   0.0017762168
        0.0011519464  -0.0000003761  -0.0056503973  -0.0122736777   0.0000020131
       -0.0560640609  -0.2797476941   0.0000274821  -0.0039302389  -0.0263033281
        0.0000029465   0.0038132250  -0.0023494949  -0.0000002529   0.0003739645
        0.0007837496  -0.0000001422  -0.0021331329   0.0006594759   0.0000002162
        0.0002287419  -0.0005223176   0.0000000604  -0.0015428143   0.0013770764
        0.0000002817  -0.0000398821  -0.0000044309  -0.0000542732   0.0000202216
       -0.0000531234   0.0000002351  -0.0000398357  -0.0000038538   0.0000544457
       -0.0000180477   0.0000757908   0.0000000270  -0.0003449702   0.0004219928
        0.0000000511   0.0631338511   0.3181374153  -0.0000324037  -0.0001790964
       -0.0015721244   0.0000003838  -0.0000783682  -0.0001440102  -0.0000000842
       -0.0002219118  -0.0002602867   0.0000000663  -0.0001930259   0.0000248390
       -0.0000888059  -0.0001927221   0.0000246148   0.0000887374   0.0009186029
        0.0005442251  -0.0000001458
        0.0000000539   0.0000001017   0.0000103164  -0.0000000247   0.0000002152
       -0.0001871679  -0.0000003703  -0.0000003128  -0.0001191161  -0.0000004854
        0.0000002441  -0.0019715697  -0.0000001982   0.0000052314   0.0009600524
        0.0000117153   0.0000275108  -0.0328734423  -0.0000014140   0.0000000267
        0.0008946079   0.0000017448   0.0000000309   0.0089408865   0.0000014781
        0.0000001175  -0.0001114108   0.0000008160   0.0000009446   0.0059949591
        0.0000003314   0.0000003857  -0.0001041584  -0.0000013097  -0.0000008591
       -0.0028646852  -0.0000004621   0.0000005191  -0.0000017739   0.0000001049
        0.0000001612   0.0000004517   0.0000001753  -0.0000008276  -0.0000015321
        0.0000000345  -0.0000000117   0.0002098322   0.0000001744  -0.0000003670
        0.0001061452  -0.0000125635  -0.0000324037   0.0229416294   0.0000000079
       -0.0000004026  -0.0001243082  -0.0000002158  -0.0000002461  -0.0019202493
        0.0000001277   0.0000001732   0.0003228614  -0.0005075751   0.0000543170
       -0.0000615042   0.0005077532  -0.0000543613  -0.0000619522   0.0000001012
       -0.0000001872   0.0000211283
       -0.0002327406   0.0001277518  -0.0000004761  -0.0002161870  -0.0000953305
        0.0000000286   0.0000555919  -0.0001794095  -0.0000000335   0.0001445455
       -0.0002677859  -0.0000002739   0.0000400055  -0.0005443374   0.0000000132
        0.0005016925  -0.0014026038   0.0000010435   0.0032171440  -0.0018914207
        0.0000000448  -0.1758171763   0.1261004499   0.0000070544  -0.0255676719
        0.0207743984   0.0000017338  -0.0051031685  -0.0027095574   0.0000027149
       -0.0009000516   0.0015010191  -0.0000002444   0.0006849925  -0.0013597909
       -0.0000001133  -0.0000428978  -0.0000038998  -0.0000297165   0.0000276365
       -0.0000184130   0.0000001201  -0.0000431466  -0.0000036247   0.0000297143
       -0.0000620599   0.0000368265   0.0000000610  -0.0000007232   0.0000809465
        0.0000000447   0.0001477514  -0.0001790964   0.0000000079   0.2022568461
       -0.1403335600  -0.0000106723   0.0007346004   0.0005504935  -0.0000006735
        0.0000345602  -0.0000180478   0.0000000678   0.0001585856  -0.0000823474
       -0.0001440769   0.0001590485  -0.0000819487   0.0001436500  -0.0001771772
       -0.0000007117  -0.0000000188
        0.0000516302   0.0000136207   0.0000004504  -0.0002365674   0.0001093691
       -0.0000004242  -0.0000653858   0.0000613644   0.0000000150   0.0000387366
        0.0002016451  -0.0000002435  -0.0007268085   0.0001757663   0.0000001349
       -0.0018683351  -0.0057899650   0.0000019501   0.0215517965  -0.0231601789
       -0.0000003530   0.1264429955  -0.1649267146  -0.0000031537  -0.0039837731
        0.0043397365   0.0000002282  -0.0015658544   0.0006845865   0.0000014406
       -0.0001765110  -0.0000527304   0.0000000126   0.0009981102   0.0014060101
       -0.0000003316   0.0000188337  -0.0000046347   0.0000234675   0.0000004708
        0.0000194120  -0.0000001888   0.0000186195  -0.0000048685  -0.0000234224
        0.0000368328  -0.0000430899   0.0000000217  -0.0000809331  -0.0000380473
       -0.0000000081   0.0011390197  -0.0015721244  -0.0000004026  -0.1403335600
        0.1876121426   0.0000015257  -0.0007979597   0.0010730872  -0.0000004901
        0.0000576445   0.0000757951   0.0000000355  -0.0003358498  -0.0002856678
       -0.0005656987  -0.0003345800  -0.0002854866   0.0005655200   0.0001514279
        0.0003909726  -0.0000000857
        0.0000000123  -0.0000000553  -0.0000216368  -0.0000000136   0.0000000107
       -0.0008445906   0.0000000416   0.0000000767   0.0000201732  -0.0000003275
       -0.0000001226  -0.0014081302   0.0000009784   0.0000010386  -0.0002345552
        0.0000005454   0.0000019673   0.0058304345  -0.0000035232   0.0000006433
        0.0016038535   0.0000094711  -0.0000005287  -0.0342858831   0.0000024498
       -0.0000044699   0.0005173837   0.0000023775   0.0000010304   0.0097118068
       -0.0000000551  -0.0000006014   0.0002646785  -0.0000007607  -0.0000003394
       -0.0015541435  -0.0000124844  -0.0000047720  -0.0000025222  -0.0000000452
       -0.0000001317   0.0000059155   0.0000130153   0.0000049656  -0.0000023948
       -0.0000000346  -0.0000000255   0.0002847441   0.0000000387  -0.0000000770
        0.0000336985  -0.0000003208   0.0000003838  -0.0001243082  -0.0000106723
        0.0000015257   0.0237854730  -0.0000004983  -0.0000007248  -0.0034336765
        0.0000000093   0.0000000196   0.0002098712  -0.0003924755  -0.0000143450
       -0.0001324973   0.0003923449   0.0000145522  -0.0001332107  -0.0000000730
       -0.0000000207  -0.0000904834
        0.0000005710   0.0000075701  -0.0000001881   0.0000628456  -0.0003150488
       -0.0000000079   0.0002178485   0.0000679766  -0.0000000278   0.0001362482
        0.0009925039  -0.0000000121  -0.0028013995   0.0027635189   0.0000002102
       -0.0004086391   0.0002826726  -0.0000000419  -0.0050627794  -0.0011037545
        0.0000022106  -0.0091723398  -0.0293342614   0.0000046476  -0.0584235438
       -0.0577138711   0.0000099052   0.0045749862   0.0188551304  -0.0000028240
        0.0012113701   0.0020896919  -0.0000002139  -0.0004057489  -0.0015119806
        0.0000005504   0.0000257808  -0.0000158531   0.0000094881  -0.0000441921
       -0.0000227544   0.0000001945   0.0000260550  -0.0000163232  -0.0000094232
       -0.0000007242  -0.0000809426  -0.0000000177  -0.0002293496   0.0002189101
        0.0000000498  -0.0000754917  -0.0000783682  -0.0000002158   0.0007346004
       -0.0007979597  -0.0000004983   0.0705708458   0.0662553376  -0.0000138348
       -0.0006745531  -0.0003449714   0.0000000266   0.0000719410   0.0000039391
        0.0000264056   0.0000718022   0.0000039283  -0.0000265227  -0.0004061335
       -0.0002050903   0.0000001398
       -0.0000619737   0.0000965492   0.0000002060  -0.0004398632  -0.0000056006
       -0.0000005035  -0.0001376139   0.0003551012   0.0000000649  -0.0006461782
       -0.0009696464  -0.0000001225   0.0040541020  -0.0021639117   0.0000012437
        0.0003115828   0.0009197019  -0.0000001774  -0.0020758596   0.0010346713
        0.0000016653  -0.0046189568  -0.0118501141   0.0000019127  -0.0590045458
       -0.2810994526   0.0000394024  -0.0035192300  -0.0250036429   0.0000034521
       -0.0016138265   0.0008805010  -0.0000003918  -0.0001078095  -0.0006518070
        0.0000002762   0.0000101830  -0.0000184028   0.0000375562   0.0000498238
        0.0000770873  -0.0000005406   0.0000097605  -0.0000185398  -0.0000370427
        0.0000809484  -0.0000380472   0.0000000557   0.0002189121  -0.0004953099
       -0.0000000344  -0.0000380060  -0.0001440102  -0.0000002461   0.0005504935
        0.0010730872  -0.0000007248   0.0662553376   0.3177442387  -0.0000462093
        0.0009226918   0.0004219937   0.0000002007  -0.0000076311   0.0000007989
       -0.0000558981  -0.0000076532   0.0000007391   0.0000557965  -0.0001846880
       -0.0001459843   0.0000000585
       -0.0000001822   0.0000001021   0.0001634077  -0.0000001771  -0.0000001690
       -0.0001508790   0.0000003060   0.0000001355  -0.0001586406   0.0000000878
       -0.0000001150  -0.0002389143   0.0000002506   0.0000013149   0.0057967736
       -0.0000013205  -0.0000000046  -0.0000611002   0.0000028165   0.0000000539
        0.0095992235   0.0000036818   0.0000061558   0.0006542336   0.0000073554
        0.0000397061  -0.0332411818   0.0000019260  -0.0000003895   0.0012458030
       -0.0000002338  -0.0000001839  -0.0017878870   0.0000001023   0.0000000751
        0.0000061832   0.0000296528   0.0000104565  -0.0000033362  -0.0000001217
       -0.0000003394   0.0000153239  -0.0000289398  -0.0000101971  -0.0000035085
       -0.0000000264  -0.0000000133   0.0000336787  -0.0000000584   0.0000001622
        0.0003309343  -0.0000003617  -0.0000000842  -0.0019202493  -0.0000006735
       -0.0000004901  -0.0034336765  -0.0000138348  -0.0000462093   0.0232089176
       -0.0000002536  -0.0000000632   0.0001061577   0.0000003554  -0.0000074892
       -0.0000099490  -0.0000003166   0.0000075737  -0.0000099543  -0.0000000347
        0.0000000120  -0.0001413601
        0.0011534600   0.0019336579  -0.0000028892   0.0038852180   0.0194624276
       -0.0000020233  -0.0025550319   0.0030341379  -0.0000016415  -0.0002812336
        0.0002853565  -0.0000000807  -0.0054318279  -0.0008942473  -0.0000007325
       -0.0002004387  -0.0013367083   0.0000004047   0.0003134103   0.0000184553
       -0.0000000266   0.0003146616   0.0000675518   0.0000000229   0.0010272909
       -0.0022021388   0.0000005729  -0.0084776711  -0.0278577561  -0.0000001215
       -0.0576263876  -0.0571860136   0.0000044443  -0.0000853921   0.0000912967
       -0.0000000645   0.0000247369  -0.0001206708   0.0000420423  -0.0008879399
       -0.0001701478   0.0000056106   0.0000248673  -0.0001246019  -0.0000421494
        0.0001477504   0.0011390171  -0.0000002770  -0.0000754884  -0.0000380059
        0.0000002659  -0.0004480946  -0.0002219118   0.0000001277   0.0000345602
        0.0000576445   0.0000000093  -0.0006745531   0.0009226918  -0.0000002536
        0.0698136820   0.0631339304  -0.0000032768  -0.0000172213  -0.0000054639
       -0.0000226180  -0.0000171887  -0.0000054932   0.0000226657   0.0000388315
        0.0000169917  -0.0000000117
       -0.0015428242   0.0013770625   0.0000005533  -0.0039302406  -0.0263033049
        0.0000024006   0.0038132196  -0.0023494940   0.0000022670   0.0003739655
        0.0007837498   0.0000000383  -0.0021331320   0.0006594740   0.0000007466
        0.0002287401  -0.0005223164   0.0000000777   0.0003241460   0.0002815872
       -0.0000001508   0.0001266146  -0.0003212944   0.0000000446   0.0017762174
        0.0011519404  -0.0000002482  -0.0056503932  -0.0122736767  -0.0000001387
       -0.0560641394  -0.2797477046   0.0000138975  -0.0000870996   0.0000729100
        0.0000000250  -0.0001910260   0.0000227470  -0.0000882934   0.0009185935
        0.0005442135  -0.0000039517  -0.0001947021   0.0000267107   0.0000891979
       -0.0001790940  -0.0015721198  -0.0000005232  -0.0000783691  -0.0001440081
       -0.0000002065  -0.0002219123  -0.0002602867   0.0000001732  -0.0000180478
        0.0000757951   0.0000000196  -0.0003449714   0.0004219937  -0.0000000632
        0.0631339304   0.3181374184  -0.0000157999  -0.0000398584  -0.0000041274
       -0.0000543669  -0.0000398481  -0.0000041519   0.0000543276   0.0000202315
       -0.0000531175  -0.0000000263
       -0.0000037830  -0.0000049203  -0.0028647625   0.0000095312   0.0000040030
        0.0008944356  -0.0000020033  -0.0000002950   0.0089409973  -0.0000009993
       -0.0000001428  -0.0001114799   0.0000003293  -0.0000004920   0.0059949707
       -0.0000002006  -0.0000001031  -0.0001040902  -0.0000001179  -0.0000000502
       -0.0001872832   0.0000002101   0.0000000162  -0.0001190033  -0.0000000040
       -0.0000004844  -0.0019716214   0.0000003393  -0.0000010650   0.0009600434
        0.0000015603   0.0000147371  -0.0328733136   0.0000000842   0.0000000533
        0.0000104438  -0.0005099032   0.0000546129  -0.0000631290   0.0000030683
        0.0000031166   0.0000209532   0.0005057607  -0.0000542052  -0.0000602178
       -0.0000009158   0.0000005222  -0.0001241865   0.0000001415   0.0000001683
       -0.0019202674   0.0000000486   0.0000000663   0.0003228614   0.0000000678
        0.0000000355   0.0002098712   0.0000000266   0.0000002007   0.0001061577
       -0.0000032768  -0.0000157999   0.0229416715  -0.0000004953   0.0000007869
       -0.0000016490   0.0000005367  -0.0000007680  -0.0000017144  -0.0000000053
        0.0000000069   0.0000003123
       -0.0000826876   0.0000030998   0.0000503700   0.0001501123   0.0000338842
       -0.0000045094  -0.0000523348  -0.0000929344  -0.0001866537  -0.0001363738
       -0.0002705203   0.0001112965  -0.0009660440   0.0005152926   0.0019868514
       -0.0031374502  -0.0019199509  -0.0008227996  -0.0220783432   0.0101206003
       -0.0241620466   0.0000932490   0.0010815675   0.0000607269   0.0000281008
        0.0002294363   0.0007558323   0.0001059084   0.0001500043  -0.0000549620
       -0.0000062238   0.0001192068  -0.0002122228  -0.0846848858   0.0401921717
       -0.0879913084  -0.0000027376  -0.0000093812  -0.0000127919   0.0000041070
       -0.0000099566  -0.0000018560  -0.0000263451  -0.0000024194   0.0000184453
       -0.0000430723   0.0000187241  -0.0000124221   0.0000259300   0.0000099915
        0.0000295844   0.0000247375  -0.0001930259  -0.0005075751   0.0001585856
       -0.0003358498  -0.0003924755   0.0000719410  -0.0000076311   0.0000003554
       -0.0000172213  -0.0000398584  -0.0000004953   0.1028028042  -0.0458510966
        0.1000291241   0.0062999381  -0.0042423145   0.0104821683   0.0014683054
        0.0005009598   0.0008373641
       -0.0000130689   0.0000019554  -0.0000077369  -0.0000470817   0.0001667625
        0.0000077611  -0.0001033366  -0.0001149609  -0.0000169722   0.0000957378
       -0.0000486308   0.0000290354  -0.0001918531   0.0001083227   0.0001327346
       -0.0000058346   0.0000085016  -0.0002348630  -0.0005765558   0.0036063442
       -0.0052892145  -0.0017897135  -0.0002328672   0.0000102616   0.0006654666
       -0.0001292674   0.0000172447  -0.0003303470   0.0002576053  -0.0000348030
        0.0002367764  -0.0000279674   0.0000335944   0.0383542599  -0.0777034493
        0.0735299434  -0.0000094191  -0.0000049906  -0.0000022567  -0.0000045189
        0.0000000387   0.0000001659  -0.0000023572  -0.0000051507   0.0000007052
       -0.0000037694  -0.0000047651  -0.0000050804  -0.0000160882  -0.0000184536
        0.0000101106  -0.0001227168   0.0000248390   0.0000543170  -0.0000823474
       -0.0002856678  -0.0000143450   0.0000039391   0.0000007989  -0.0000074892
       -0.0000054639  -0.0000041274   0.0000007869  -0.0458510966   0.0864231918
       -0.0861824675  -0.0042469945   0.0049668188  -0.0100362541   0.0140463833
       -0.0169848807   0.0280048216
       -0.0000570511   0.0000078028   0.0000118338   0.0001465924  -0.0000713892
       -0.0000056936   0.0000817744  -0.0000165931  -0.0000193085  -0.0000350905
       -0.0000947377   0.0000324651   0.0002934016   0.0000435739   0.0001588324
       -0.0000246573  -0.0003305125  -0.0002504284  -0.0038231637   0.0000203004
        0.0000008753   0.0003868837   0.0006799097   0.0006563705  -0.0001279162
        0.0001098412   0.0001027424   0.0002449504  -0.0001213250  -0.0000105549
       -0.0000593846   0.0001101050  -0.0000293037  -0.0855710873   0.0738993400
       -0.1978347449  -0.0000130627  -0.0000023016  -0.0000201589   0.0000016356
       -0.0000189690  -0.0000001568  -0.0000181965  -0.0000006992   0.0000203128
       -0.0000296585   0.0000234786  -0.0000024202   0.0000094798   0.0000372047
       -0.0000034464   0.0000420383  -0.0000888059  -0.0000615042  -0.0001440769
       -0.0005656987  -0.0001324973   0.0000264056  -0.0000558981  -0.0000099490
       -0.0000226180  -0.0000543669  -0.0000016490   0.1000291241  -0.0861824675
        0.2284742880  -0.0105138966   0.0100522185  -0.0293193013  -0.0008224263
        0.0026199897  -0.0017566031
       -0.0000829601   0.0000031127  -0.0000515555   0.0001503521   0.0000338853
        0.0000052855  -0.0000524921  -0.0000930899   0.0001866174  -0.0001361774
       -0.0002703131  -0.0001113327  -0.0009665357   0.0005143166  -0.0019871214
       -0.0031326035  -0.0019194883   0.0008242984  -0.0220601239   0.0101103149
        0.0241839049   0.0000920394   0.0010805261  -0.0000600341   0.0000274984
        0.0002290626  -0.0007563836   0.0001058161   0.0001501259   0.0000549181
       -0.0000063663   0.0001194017   0.0002122894  -0.0845334531   0.0400979244
        0.0879089225  -0.0000266905  -0.0000026479  -0.0000184948   0.0000041737
       -0.0000098283   0.0000021777  -0.0000025426  -0.0000093781   0.0000129749
       -0.0000429564   0.0000187486   0.0000123639   0.0000259276   0.0000099509
       -0.0000296618   0.0000248773  -0.0001927221   0.0005077532   0.0001590485
       -0.0003345800   0.0003923449   0.0000718022  -0.0000076532  -0.0000003166
       -0.0000171887  -0.0000398481   0.0000005367   0.0062999381  -0.0042469945
       -0.0105138966   0.1026300215  -0.0457401522  -0.0999359839   0.0014685956
        0.0004993260  -0.0008396065
       -0.0000130486   0.0000019912   0.0000073507  -0.0000468485   0.0001667494
       -0.0000074968  -0.0001034460  -0.0001150610   0.0000169823   0.0000958042
       -0.0000485128  -0.0000290417  -0.0001921583   0.0001079685  -0.0001327385
       -0.0000044506   0.0000082176   0.0002356044  -0.0005762591   0.0036061230
        0.0052910953  -0.0017895217  -0.0002337963  -0.0000096438   0.0006656059
       -0.0001291864  -0.0000178325  -0.0003304267   0.0002576660   0.0000347427
        0.0002369276  -0.0000279012  -0.0000335040   0.0382599954  -0.0776465735
       -0.0735156472  -0.0000025915  -0.0000052061  -0.0000006066  -0.0000044337
        0.0000001249  -0.0000002203  -0.0000095149  -0.0000051360   0.0000024517
       -0.0000037517  -0.0000047527   0.0000050506  -0.0000160782  -0.0000184892
       -0.0000101237  -0.0001225634   0.0000246148  -0.0000543613  -0.0000819487
       -0.0002854866   0.0000145522   0.0000039283   0.0000007391   0.0000075737
       -0.0000054932  -0.0000041519  -0.0000007680  -0.0042423145   0.0049668188
        0.0100522185  -0.0457401522   0.0863584520   0.0861671385   0.0140227401
       -0.0169752114  -0.0280227762
        0.0000565802  -0.0000077515   0.0000126642  -0.0001463327   0.0000713397
       -0.0000063091  -0.0000818061   0.0000163471  -0.0000194063   0.0000347673
        0.0000956555   0.0000326074  -0.0002925725  -0.0000441286   0.0001603307
        0.0000267406   0.0003327118  -0.0002511313   0.0038447680  -0.0000272644
       -0.0000195224  -0.0003863226  -0.0006804326   0.0006574623   0.0001281445
       -0.0001095513   0.0001033939  -0.0002453544   0.0001205490  -0.0000106388
        0.0000596813  -0.0001097777  -0.0000294761   0.0854829540  -0.0738877261
       -0.1980301623   0.0000184841   0.0000007880   0.0000200494  -0.0000016997
        0.0000189637  -0.0000005829   0.0000129647   0.0000020961  -0.0000199631
        0.0000297428  -0.0000234569  -0.0000024392  -0.0000094759  -0.0000374031
       -0.0000034012  -0.0000422072   0.0000887374  -0.0000619522   0.0001436500
        0.0005655200  -0.0001332107  -0.0000265227   0.0000557965  -0.0000099543
        0.0000226657   0.0000543276  -0.0000017144   0.0104821683  -0.0100362541
       -0.0293193013  -0.0999359839   0.0861671385   0.2287000757   0.0008249664
       -0.0026262244  -0.0017674179
       -0.0000244903   0.0000174066  -0.0000000651   0.0000205213   0.0000719645
        0.0000000368   0.0000108930  -0.0000584634  -0.0000000073   0.0001686739
       -0.0000607271   0.0000000260   0.0002222957  -0.0000007152   0.0000001186
        0.0009784152  -0.0021717092   0.0000000766  -0.0057450230  -0.0298182559
       -0.0000023452  -0.0060097474  -0.0015350565   0.0000017742  -0.0003211453
       -0.0014397404   0.0000007232   0.0001942825  -0.0000498842  -0.0000000213
        0.0000678965   0.0000901380  -0.0000000670  -0.0452373939  -0.0228274237
       -0.0000047328   0.0000041257  -0.0000044569   0.0000016918   0.0000120249
        0.0000083426   0.0000000076   0.0000041647  -0.0000044444  -0.0000016666
        0.0000276470   0.0000004893   0.0000000059  -0.0000441805   0.0000498282
        0.0000000259  -0.0008879446   0.0009186029   0.0000001012  -0.0001771772
        0.0001514279  -0.0000000730  -0.0004061335  -0.0001846880  -0.0000000347
        0.0000388315   0.0000202315  -0.0000000053   0.0014683054   0.0140463833
       -0.0008224263   0.0014685956   0.0140227401   0.0008249664   0.0541665629
        0.0287580099   0.0000018905
       -0.0000408471   0.0000219269  -0.0000002194   0.0000707914   0.0000682294
        0.0000001115   0.0000135838  -0.0000683348  -0.0000000294   0.0002304062
       -0.0000903704  -0.0000000410   0.0000396464  -0.0001508597   0.0000002378
        0.0020366926   0.0012748919  -0.0000004611  -0.0057357542  -0.0121081379
        0.0000010735  -0.0025977752  -0.0004185290   0.0000003347   0.0000927642
       -0.0004550074   0.0000003485   0.0000494519   0.0001663714  -0.0000000032
        0.0000360380   0.0001317200  -0.0000000982  -0.0235416792  -0.2832519409
       -0.0000298239  -0.0000098944   0.0000000034  -0.0000189969   0.0000083150
       -0.0000197141   0.0000001346  -0.0000099180   0.0000001836   0.0000189978
       -0.0000184043   0.0000194143  -0.0000000353  -0.0000227408   0.0000770890
        0.0000000114  -0.0001701618   0.0005442251  -0.0000001872  -0.0000007117
        0.0003909726  -0.0000000207  -0.0002050903  -0.0001459843   0.0000000120
        0.0000169917  -0.0000531175   0.0000000069   0.0005009598  -0.0169848807
        0.0026199897   0.0004993260  -0.0169752114  -0.0026262244   0.0287580099
        0.3280270605   0.0000348822
       -0.0000001948   0.0000000623   0.0000028737   0.0000003063   0.0000000324
        0.0000033702  -0.0000001607  -0.0000001905   0.0000059940  -0.0000000723
        0.0000003030  -0.0000431647  -0.0000003058  -0.0000001588   0.0000016327
        0.0000000103   0.0000007764  -0.0001714967   0.0000035402   0.0000112264
        0.0003788682   0.0000024002   0.0000004346   0.0012806678   0.0000006990
        0.0000008030   0.0002187387  -0.0000004298  -0.0000000785   0.0000126182
        0.0000003288   0.0000002075  -0.0000251307  -0.0000057646  -0.0000299993
       -0.0443199391  -0.0000020786   0.0000001027  -0.0000004778   0.0000000593
        0.0000001300   0.0000002773   0.0000018450  -0.0000003567  -0.0000000923
        0.0000000329   0.0000000282   0.0000060478   0.0000000095  -0.0000000511
        0.0000155184   0.0000000179  -0.0000001458   0.0000211283  -0.0000000188
       -0.0000000857  -0.0000904834   0.0000001398   0.0000000585  -0.0001413601
       -0.0000000117  -0.0000000263   0.0000003123   0.0008373641   0.0280048216
       -0.0017566031  -0.0008396065  -0.0280227762  -0.0017674179   0.0000018905
        0.0000348822   0.0463681180
