           1           2   1.02675559115905     
           2           3   1.28987653844996     
           3           4   1.56872929126007     
           4           5   1.27355548766107     
           5           6   1.28223930644389     
           6           7   1.52689273533255     
           7           8   1.28987559516855     
           6           9  0.112106226979182     
           8           9   1.56873034919874     
           5          10   1.25276540960401     
           9          10   1.27355473585956     
           2          11   1.52689177544468     
           4          11  0.112106449175778     
          10          11   1.28224013916669     
           7          12   1.02675563696700     
           1          13  0.971056890276827     
           1          14  0.985547613512326     
           1          15  0.971257626556492     
           3          16  0.969538017267526     
           4          17  0.968163603555882     
           6          18  0.966294477724981     
           8          19  0.969538081289923     
           9          20  0.968163597129003     
          11          21  0.966294546469539     
          12          22  0.971164360142678     
          12          23  0.971149703998143     
          12          24  0.985548031648403     
