           1           2   1.02300306677747     
           2           3   1.77444869137134     
           2           4   1.02611068858586     
           4           5   1.38012137687686     
           5           6   1.45854933049055     
           4           7  0.104231578608595     
           6           7   1.41755045194998     
           7           8   1.42722391985012     
           4           9   1.37162885254838     
           6           9  0.109408292277338     
           8           9   1.45632061778743     
           1          10  0.950746239737851     
           1          11  0.980949789494883     
           1          12  0.949224064037754     
           5          13  0.964464228259723     
           6          14  0.966578770167745     
           7          15  0.961739957861938     
           9          16  0.957012711148254     
