           1           2  0.999024285827932     
           2           3  0.977127611468443     
           3           4   1.01504350318307     
           4           5   1.44473196540937     
           5           6   1.41331942903044     
           4           7  0.102091088177333     
           6           7   1.44918388518024     
           7           8   1.38863601575110     
           4           9   1.31684198118527     
           8           9   1.34226573123594     
           2          10  0.908150521906895     
           9          10   1.08384827062749     
           8          11  0.954426664651961     
          11          12   1.02314128310899     
          11          13  0.116873789572097     
          12          13   1.57851651143680     
          12          14   1.27710192838061     
          13          14  0.174545371846584     
          14          15  0.994463623127317     
           2          16  0.997665273692899     
           1          17  0.984121077348558     
           1          18  0.981623197577753     
           1          19  0.983013594140077     
           3          20  0.961106981041170     
           3          21  0.959486464246115     
           5          22  0.966998387951291     
           6          23  0.968228260998297     
           7          24  0.966664770202034     
          14          25  0.914992033413011     
          15          26  0.978376780389823     
          15          27  0.973439447267490     
          15          28  0.973572214814344     
          16          29  0.981672638565035     
          16          30  0.983337309904374     
          16          31  0.984873047130178     
