           1           2   1.02826984908428     
           2           3   1.87589141867782     
           3           4   1.03004406707458     
           4           5  0.973771968245444     
           5           6  0.970448269372989     
           5           7  0.979268947626373     
           2           8  0.983772876745480     
           7           8  0.983250565719139     
           8           9  0.961975902632181     
           8          10  0.971759790433655     
           5          11  0.995772666834006     
          11          12   1.93009709223619     
          11          13   1.02613127564598     
           1          14  0.984013093978035     
           1          15  0.969550171167286     
           1          16  0.971689632561328     
           3          17  0.966534001401884     
           4          18  0.956645085076350     
           4          19  0.976976479067295     
           7          20  0.976349950944638     
           7          21  0.976856852351289     
          10          22  0.867464341442510     
          12          23  0.975206053630255     
          12          24  0.972007533878704     
          13          25  0.971180033504074     
          13          26  0.969747917603129     
          13          27  0.984381105242089     
