           1           2  0.998719252127286     
           2           3   1.01440346427787     
           3           4   1.41143139048533     
           4           5   1.44672652154485     
           3           6  0.112000392632115     
           5           6   1.42596231320416     
           4           7  0.101786479433429     
           6           7   1.43309839386090     
           3           8   1.39618813462203     
           5           8  0.112586455729196     
           7           8   1.44090349288648     
           1           9  0.988212337233230     
           1          10  0.987994322894993     
           1          11  0.984961698441376     
           2          12  0.973058589176452     
           2          13  0.972384296392688     
           4          14  0.967372678018291     
           5          15  0.969163148889458     
           6          16  0.964348281413202     
           8          17  0.962171717642228     
