           1           2   1.00828875206583     
           2           3  0.997729510349001     
           3           4   1.00822080511705     
           4           5   1.00897001163186     
           5           6   1.00897492951181     
           2           7  0.997729790347388     
           6           7   1.00822475638546     
           1           8  0.986429017719946     
           1           9  0.986757617559040     
           1          10  0.986428300940606     
           2          11  0.968254462742269     
           3          12  0.976979483285153     
           3          13  0.976426973485859     
           4          14  0.977674151138760     
           4          15  0.977547915706744     
           5          16  0.977752922441268     
           5          17  0.977557840753308     
           6          18  0.977666108481750     
           6          19  0.977546748762367     
           7          20  0.976978082313524     
           7          21  0.976422959119547     
