           1           2   1.40002873628783     
           2           3   1.35322578495660     
           3           4   1.35741964186590     
           4           5   1.35700385169129     
           1           6   1.39567205037749     
           5           6   1.34964454240767     
           6           7   1.00711842713988     
           5           8   1.00928188321899     
           4           9   1.00802321211520     
           3          10   1.00597705083871     
           2          11   1.01334494162852     
          11          12   1.35374057144369     
          12          13   1.39746236938782     
          13          14   1.39722110214065     
          14          15   1.34843054241315     
          11          16   1.36103746069328     
          15          16   1.35870141143009     
          16          17   1.00728726199109     
          15          18   1.00571916549693     
          14          19   1.01039561398851     
          12          20   1.00598321029719     
           1          21  0.950539447414038     
          13          22  0.947799370444079     
