           1           2   1.04737233126120     
           2           3   1.72401447227954     
           3           4   1.11883039920833     
           4           5   1.70454598647173     
           4           6  0.977182182155786     
           6           7  0.949464116631028     
           6           8  0.998017973472047     
           2           9   1.03027520791378     
           8           9   1.00459161131654     
           6          10  0.953989312501500     
          10          11   1.00846049377956     
          10          12   1.00960284806615     
           1          13  0.951749518099472     
           1          14  0.959605571787241     
           1          15  0.982342069063395     
           3          16  0.961975329265421     
           8          17  0.970687459179899     
           8          18  0.977796311893983     
           9          19  0.934811954227883     
           9          20  0.959969234169182     
          10          21  0.967722910596210     
          11          22  0.986303454198307     
          11          23  0.984245695913185     
          11          24  0.982293360442241     
          12          25  0.985522007027148     
          12          26  0.985592386370946     
          12          27  0.981023705733009     
