           1           2  0.935180269642117     
           2           3   1.16341658601506     
           2           4  0.170348414192412     
           3           4   1.69228266002131     
           3           5  0.964860885875189     
           5           6  0.960666472739890     
           6           7   1.01161410529275     
           7           8   1.00469571018926     
           8           9   1.00544313711475     
           5          10  0.987240303480282     
           9          10   1.00919479623591     
           1          11  0.973778912165152     
           1          12  0.973522579001656     
           1          13  0.976315173461800     
           5          14  0.964131319039857     
           6          15  0.976641638039799     
           6          16  0.972039337382296     
           7          17  0.978043738744511     
           7          18  0.977062974997301     
           8          19  0.981092477001437     
           8          20  0.980727129584839     
           9          21  0.977483903432743     
           9          22  0.978322970918579     
          10          23  0.973449480877406     
          10          24  0.978276304703378     
