$hessian                                                                        
        0.4531260910  -0.0524343709  -0.0375520580  -0.1464641084  -0.0305163142
       -0.0095154067  -0.0049607910  -0.0023973921  -0.0021959048  -0.0073055509
       -0.0113746697   0.0012477265   0.0002090717   0.0004747384  -0.0005039122
       -0.0001386039  -0.0010949198  -0.0001037550   0.0000581990   0.0000127408
        0.0000704499  -0.0007582973   0.0001829876   0.0001896061  -0.0001177190
       -0.0000465039   0.0000472338  -0.0024577468   0.0019997973   0.0014850876
        0.0000477118   0.0001420487   0.0002855831  -0.0353128088   0.0006460083
        0.0002028245  -0.0014357761   0.0003867059   0.0002202909   0.0004901873
       -0.0001045909   0.0000927215   0.0002660103   0.0003407379  -0.0001123988
       -0.0008269871   0.0014471215   0.0008081502  -0.0718410422   0.0171808660
       -0.0503797600  -0.1445768283   0.0943244886   0.0676817544  -0.0428543039
       -0.0155832925   0.0094214783  -0.0000835954   0.0000682007  -0.0001193188
       -0.0001003391  -0.0000081554  -0.0000109026  -0.0001096173  -0.0001524503
       -0.0000481857   0.0001993422   0.0001774090  -0.0004630145   0.0049475023
       -0.0036711913   0.0192517104
       -0.0524343709   0.5176279885   0.0027575914  -0.0383380910  -0.0750933923
       -0.0049519645  -0.0010819819   0.0003580439  -0.0002108077  -0.0247260728
       -0.0134532773  -0.0022401875  -0.0003772027   0.0008837405  -0.0003401495
        0.0000547009  -0.0035062984   0.0018918053   0.0001204225   0.0000635360
        0.0000657060   0.0001726935  -0.0002231452   0.0002038352  -0.0000521300
       -0.0000337619   0.0000354618   0.0003458726  -0.0012765968  -0.0021083085
       -0.0000328232  -0.0000154314   0.0000186582   0.0237539940   0.0053276198
        0.0025989165   0.0021792235  -0.0011527859  -0.0003952614   0.0002672910
        0.0001636835   0.0000264128  -0.0018224926  -0.0015783693   0.0005479583
       -0.0005628681   0.0008946414  -0.0000519140   0.0208966748  -0.0633054168
        0.0191875870   0.0936859808  -0.1285676673  -0.0587388392  -0.0138151625
       -0.2365970933   0.0639272191  -0.0000715066   0.0000818722   0.0000602198
        0.0000292404   0.0000265477  -0.0000414524  -0.0000516554   0.0000325181
       -0.0000483314   0.0000810037  -0.0005164570   0.0000292897  -0.0082207399
       -0.0001404986  -0.0222234449
       -0.0375520580   0.0027575914   0.4464191387  -0.0117354597  -0.0002566750
       -0.0587147135  -0.0237864385  -0.0086491477  -0.0081819524   0.0102131382
        0.0006612754   0.0038073279   0.0005416353   0.0004853402  -0.0004605860
       -0.0001549821   0.0014352879  -0.0010118389   0.0000251036  -0.0000346259
        0.0000635762  -0.0003996406  -0.0000175575   0.0002962141   0.0001437552
        0.0000336387  -0.0000285949   0.0000585192  -0.0012341053  -0.0006194255
       -0.0000084926   0.0000570515   0.0000499157   0.0132988770   0.0022004620
        0.0022644479   0.0014839703  -0.0006136929   0.0000842863   0.0000867579
        0.0000017946  -0.0000709499   0.0010946024   0.0011124381  -0.0003297231
       -0.0005540491   0.0008943627  -0.0000502085  -0.0302303888   0.0013099051
       -0.2151574947   0.0713967181  -0.0622684321  -0.0832231715   0.0078337632
        0.0658326516  -0.0593543608  -0.0000752670   0.0000158357  -0.0002051345
       -0.0000040676   0.0000266616  -0.0000272510   0.0000287170  -0.0000430998
       -0.0000216106  -0.0002675803  -0.0000317429   0.0005924834  -0.0014371331
       -0.0036752174  -0.0261203746
       -0.1464641084  -0.0383380910  -0.0117354597   0.4469829374   0.0163281304
        0.0198247395  -0.0472064381  -0.0025125042  -0.0381976406  -0.0635563587
       -0.0218486765   0.0054918742   0.0021578267   0.0038472479  -0.0024396389
       -0.0070140915  -0.0213971995   0.0104786519   0.0004827805  -0.0002874533
        0.0004039106   0.0021171049  -0.0002933330   0.0001849627  -0.0002959485
       -0.0000200257   0.0002935502  -0.0313725127   0.0202219971   0.0115079093
        0.0008399634   0.0004518269   0.0011017326  -0.0991352260   0.0403497541
        0.0236348402  -0.0085164485   0.0020813721   0.0002849020   0.0001343749
        0.0002275611  -0.0000142313  -0.0085203351  -0.0069859417   0.0015803324
        0.0013507186   0.0193275883  -0.0026142664  -0.0128730758  -0.0040787962
       -0.0199442018  -0.0209389255  -0.0043971413   0.0000784991  -0.0087030055
       -0.0058732959   0.0003757405  -0.0004882430  -0.0000076156  -0.0000066202
        0.0001215317   0.0001367733  -0.0001067062  -0.0000479868   0.0005836363
        0.0000717509  -0.0002066441   0.0013374847  -0.0006163141   0.0011521101
        0.0011467019   0.0003616830
       -0.0305163142  -0.0750933923  -0.0002566750   0.0163281304   0.4270091377
        0.0075607015  -0.0025889085  -0.0409892511  -0.0012440545  -0.0233398364
       -0.1258316311   0.0435255311  -0.0005185758  -0.0028176318   0.0050823680
       -0.0125071741  -0.0150745324   0.0054980739   0.0007042546   0.0004923514
        0.0004181312  -0.0012360826   0.0008666491  -0.0005507993  -0.0000248159
        0.0000887550   0.0003034410   0.0122497888   0.0030586055   0.0048762433
       -0.0016525163   0.0009569625   0.0001109318   0.0576083237  -0.1369893076
       -0.0578449193  -0.0034727939   0.0025283610   0.0010339177   0.0006328943
       -0.0002807732   0.0000632103  -0.0010601437   0.0015609167  -0.0005439013
        0.0050347674  -0.0307236738   0.0006093333  -0.0027952881   0.0027428679
       -0.0071647089   0.0158735796   0.0043723675   0.0007870035  -0.0296499980
       -0.0152852759  -0.0014376522   0.0003620938   0.0001524864   0.0000084856
       -0.0001479625  -0.0002198052   0.0001537543   0.0003932761  -0.0004781378
       -0.0002997436   0.0010203885   0.0000224521  -0.0000566162  -0.0006970872
       -0.0000685005  -0.0006320563
       -0.0095154067  -0.0049519645  -0.0587147135   0.0198247395   0.0075607015
        0.5017001044  -0.0347915448  -0.0033073833  -0.2391429322   0.0072629668
        0.0435365398  -0.0890174937   0.0054008637   0.0273279948  -0.0186870308
        0.0013390213   0.0004303205   0.0012111011  -0.0013039289  -0.0011580218
        0.0003687406   0.0004770390   0.0001423333   0.0005872853   0.0002862090
        0.0001048423  -0.0002881060   0.0074546423   0.0046772538  -0.0002010285
       -0.0032348087   0.0010419847   0.0021119206   0.0317445506  -0.0560443309
       -0.0851273782  -0.0047173242   0.0030260411   0.0019572628  -0.0011300642
       -0.0004274325  -0.0003935680  -0.0009436806  -0.0017576099   0.0011509292
        0.0006015364  -0.0158498969   0.0059552205  -0.0372155379  -0.0101337952
       -0.0271013464   0.0112505290   0.0031317389   0.0013986272   0.0078684587
        0.0034010778   0.0025108205   0.0004354512  -0.0003723561  -0.0003939142
        0.0001447193   0.0001725124   0.0000156052   0.0001315228   0.0000983714
       -0.0000709066  -0.0003679032   0.0002998416   0.0004852427  -0.0010020506
       -0.0009487628  -0.0003144420
       -0.0049607910  -0.0010819819  -0.0237864385  -0.0472064381  -0.0025889085
       -0.0347915448   0.0577976688  -0.0004046927   0.0344326850   0.0016042603
       -0.0008291092   0.0043136449   0.0000384449  -0.0007636423   0.0003808096
        0.0005240367  -0.0004022759   0.0011850946  -0.0001215262  -0.0003934517
       -0.0000995908  -0.0003880696  -0.0001518490  -0.0001883598   0.0000460443
        0.0001417016  -0.0002076015   0.0024743882   0.0010576047   0.0041501117
        0.0002656757  -0.0000451348  -0.0010828502  -0.0033659744   0.0078324517
        0.0223524376   0.0002628630  -0.0005449560  -0.0003299888   0.0002091137
        0.0000562994  -0.0000926193  -0.0000885833   0.0003660339  -0.0002790471
       -0.0003391670  -0.0002835555   0.0000592792  -0.0071198297  -0.0023966524
       -0.0048725123   0.0000816982   0.0001307380  -0.0008039667   0.0003555597
        0.0000307367  -0.0001111756  -0.0000924277  -0.0000031587  -0.0002070534
       -0.0000441464  -0.0000447471   0.0000516285   0.0000499140  -0.0000368516
       -0.0000299864   0.0000050955   0.0002050327  -0.0002755262   0.0000121904
        0.0001503687   0.0002325702
       -0.0023973921   0.0003580439  -0.0086491477  -0.0025125042  -0.0409892511
       -0.0033073833  -0.0004046927   0.0540539216   0.0122533164   0.0026188707
       -0.0025325907   0.0276367752  -0.0011718479  -0.0050073724   0.0028221170
        0.0009995699   0.0005900669   0.0011602449  -0.0003910890  -0.0003129327
       -0.0001912090   0.0000742473   0.0000129419   0.0002459045   0.0000836855
       -0.0002257478  -0.0000279234  -0.0010182734   0.0003510630  -0.0006950881
        0.0002227507   0.0001117615   0.0006936338   0.0064254999  -0.0087821124
       -0.0292077356  -0.0003000759   0.0001247457   0.0001286839   0.0000243470
       -0.0000625537  -0.0000523437   0.0000305500   0.0002297078  -0.0005975846
       -0.0000358619   0.0021994791  -0.0012380173  -0.0024240780  -0.0001893779
       -0.0014359426   0.0004488959   0.0002359752   0.0002785146  -0.0001362119
       -0.0002023168  -0.0003754916  -0.0000251787   0.0000511555   0.0001669494
       -0.0000288836   0.0000363273   0.0000255107   0.0000206324   0.0000108294
        0.0001195450  -0.0001681433  -0.0001805939   0.0001154247   0.0000651835
        0.0001188307   0.0001312468
       -0.0021959048  -0.0002108077  -0.0081819524  -0.0381976406  -0.0012440545
       -0.2391429322   0.0344326850   0.0122533164   0.2880725184  -0.0021467995
        0.0037134210  -0.0196473539   0.0008517788   0.0029994092  -0.0017470166
       -0.0005504720  -0.0007628362   0.0000014650   0.0004070422   0.0003517125
        0.0003248140   0.0000281522   0.0000595195  -0.0003094059  -0.0002581130
       -0.0000195685   0.0001513285  -0.0013143781  -0.0000417798   0.0015084078
        0.0013904602  -0.0000674961   0.0000683979   0.0108711682  -0.0162009020
       -0.0231989405  -0.0001081345   0.0002191426   0.0001845229   0.0001124605
        0.0001159983   0.0002046578  -0.0000696802  -0.0000016696   0.0004156290
       -0.0008529205  -0.0006462572   0.0017956296  -0.0028202489  -0.0009576960
       -0.0010829833   0.0001308968   0.0002535709   0.0001737515   0.0002136931
       -0.0002029037   0.0000744780  -0.0002533904   0.0001066251   0.0003130133
       -0.0000547975  -0.0000973166  -0.0000364348  -0.0000303470  -0.0000724917
       -0.0000732081   0.0002825540   0.0002017495  -0.0002006200   0.0001319362
        0.0002513147   0.0003322338
       -0.0073055509  -0.0247260728   0.0102131382  -0.0635563587  -0.0233398364
        0.0072629668   0.0016042603   0.0026188707  -0.0021467995   0.4517790607
       -0.0024548270   0.0202534377  -0.0496966150  -0.0022221583  -0.0435605662
       -0.1550424092  -0.0295476231  -0.0263850447  -0.0107304981  -0.0025179717
       -0.0057107574  -0.0224156375   0.0020066170  -0.0003756245   0.0006675790
       -0.0006961334  -0.0005013839   0.0009884834   0.0019294998  -0.0009434251
       -0.0002013374   0.0000422496  -0.0001216902  -0.0017945851   0.0227444013
       -0.0024047917   0.0003286069  -0.0012100860  -0.0001923450  -0.0007458307
        0.0024890353   0.0012422135  -0.0146360139  -0.0152751136   0.0045294451
       -0.1047872780   0.0475564329   0.0212095090   0.0007252503  -0.0007224508
        0.0002592179   0.0001949058  -0.0003176375   0.0002720045  -0.0058077452
       -0.0029999999  -0.0005842306  -0.0000368128   0.0001755604   0.0000871364
       -0.0000711208  -0.0002656469   0.0001313485   0.0011326422   0.0008821027
        0.0009006544  -0.0202187663   0.0253060504   0.0161765184  -0.0003742291
        0.0005447373   0.0003890684
       -0.0113746697  -0.0134532773   0.0006612754  -0.0218486765  -0.1258316311
        0.0435365398  -0.0008291092  -0.0025325907   0.0037134210  -0.0024548270
        0.4391146597   0.0149017778  -0.0046732611  -0.0402005377  -0.0015493410
       -0.0167010527  -0.0557376775  -0.0094888897  -0.0071665536  -0.0002186033
       -0.0036914257   0.0151187106   0.0030121832   0.0021913101   0.0005009741
        0.0000978714   0.0001920546   0.0020300649   0.0006294841   0.0004445283
        0.0002506016  -0.0001707769  -0.0000555599   0.0056748128  -0.0307193424
        0.0011197010  -0.0008495536   0.0007202067   0.0003143479   0.0058703596
       -0.0023296394  -0.0008555563  -0.0348889431  -0.0264456571   0.0076436494
        0.0682391485  -0.1444871924  -0.0636553554   0.0011503094   0.0002445112
        0.0029617196   0.0006146351   0.0001936130  -0.0000183782  -0.0006781968
       -0.0000032795   0.0000080115   0.0000001436  -0.0000080184  -0.0000441588
       -0.0000105630  -0.0002414176   0.0000482392  -0.0014225369  -0.0002852113
        0.0001443494   0.0034265367  -0.0008271497   0.0017458088   0.0000216460
       -0.0005205271  -0.0002680687
        0.0012477265  -0.0022401875   0.0038073279   0.0054918742   0.0435255311
       -0.0890174937   0.0043136449   0.0276367752  -0.0196473539   0.0202534377
        0.0149017778   0.5167438231  -0.0452485635  -0.0009745682  -0.2451822768
       -0.0252645817  -0.0076128442  -0.0710772933  -0.0299296976  -0.0072413386
       -0.0110495600   0.0078313750   0.0014029944   0.0011146264   0.0012452007
       -0.0003695552  -0.0001428120  -0.0010967419   0.0000101250   0.0012686145
        0.0002531695   0.0000967185  -0.0003111397   0.0022944182  -0.0146803985
        0.0053550086   0.0005804164  -0.0005041711  -0.0003165092   0.0032484750
       -0.0011540020   0.0002033209   0.0183524303   0.0117629674   0.0011674828
        0.0380551152  -0.0698841316  -0.0955088625  -0.0001547300  -0.0003998952
       -0.0010238351   0.0004854271  -0.0000856528   0.0000090498  -0.0011057418
       -0.0008922554   0.0005164817  -0.0000593100   0.0000591067   0.0000207916
       -0.0002180615  -0.0000009809   0.0000350682   0.0000026478  -0.0010268022
        0.0009103457  -0.0004760826   0.0080715176   0.0020415177  -0.0001018478
       -0.0004007304   0.0000836773
        0.0002090717  -0.0003772027   0.0005416353   0.0021578267  -0.0005185758
        0.0054008637   0.0000384449  -0.0011718479   0.0008517788  -0.0496966150
       -0.0046732611  -0.0452485635   0.0619400510  -0.0019143870   0.0448192151
       -0.0105188610  -0.0015386206  -0.0289268523  -0.0057978347  -0.0013970896
       -0.0017409789   0.0003625865  -0.0006499002  -0.0013680557  -0.0005787463
        0.0002041363   0.0004193240  -0.0002685234   0.0002811909  -0.0002873509
       -0.0000311931  -0.0001921028   0.0002469060   0.0001144000  -0.0003663099
       -0.0001683325   0.0000675041  -0.0001683491   0.0000186483   0.0005496155
        0.0001710947   0.0006204515   0.0026880083   0.0016408525   0.0007632055
       -0.0015292181   0.0103953078   0.0220269804   0.0000164931   0.0002296401
       -0.0000703007  -0.0000812242   0.0000567924   0.0000769768  -0.0000235475
        0.0001686006  -0.0001667798  -0.0000292861   0.0001104299   0.0000189508
       -0.0000183638  -0.0000272254  -0.0001173431  -0.0002103958  -0.0001818782
       -0.0001444900   0.0006050857   0.0003223430   0.0024803138   0.0000347212
       -0.0004036378  -0.0000462026
        0.0004747384   0.0008837405   0.0004853402   0.0038472479  -0.0028176318
        0.0273279948  -0.0007636423  -0.0050073724   0.0029994092  -0.0022221583
       -0.0402005377  -0.0009745682  -0.0019143870   0.0552930491   0.0108376052
       -0.0037763515   0.0004928079  -0.0075493426  -0.0013648622  -0.0001538504
       -0.0003720200   0.0003001510   0.0002200870   0.0004170697   0.0002263800
        0.0000877756  -0.0001351825   0.0002400393  -0.0001024679   0.0001961647
       -0.0002463738  -0.0000066161  -0.0001218814  -0.0004103737   0.0017787345
       -0.0009557460  -0.0000614251   0.0000255846  -0.0000206447  -0.0001461172
       -0.0002257702  -0.0000707463   0.0012013228   0.0005466250  -0.0000823485
        0.0045930434  -0.0107404322  -0.0303385414   0.0003240369   0.0001824031
       -0.0003913454   0.0001000222  -0.0001085528  -0.0000902547   0.0001603760
        0.0002410096  -0.0002116351   0.0000872366  -0.0000464563  -0.0000270610
       -0.0000589138   0.0000724226  -0.0000200865  -0.0004115830  -0.0004087622
       -0.0004494724   0.0001023724   0.0008354181  -0.0004834415  -0.0002807787
       -0.0008412077   0.0000307344
       -0.0005039122  -0.0003401495  -0.0004605860  -0.0024396389   0.0050823680
       -0.0186870308   0.0003808096   0.0028221170  -0.0017470166  -0.0435605662
       -0.0015493410  -0.2451822768   0.0448192151   0.0108376052   0.2926379034
       -0.0049444332  -0.0005001972  -0.0087415316  -0.0013280631  -0.0003108372
       -0.0003221445   0.0004030951   0.0000877539   0.0001640838  -0.0001682803
        0.0000365200   0.0003100031  -0.0000957457   0.0004366591  -0.0003239533
        0.0002004228  -0.0001419968   0.0000136736  -0.0005040330  -0.0005473760
        0.0013856869   0.0000790701  -0.0000944863   0.0000160861   0.0001628579
        0.0000306245   0.0002241193   0.0009673024  -0.0000061233   0.0010171841
        0.0075475290  -0.0143465949  -0.0226082964  -0.0005997997  -0.0006667422
        0.0006619586  -0.0000551976  -0.0000040414  -0.0002357301  -0.0001271565
       -0.0003072801  -0.0000886943  -0.0000164809   0.0000345184   0.0000706162
        0.0000326495   0.0000192306  -0.0000474007  -0.0000973729  -0.0001814370
       -0.0001741189  -0.0002927225  -0.0004916289   0.0017751712   0.0001404509
        0.0001008350   0.0003422937
       -0.0001386039   0.0000547009  -0.0001549821  -0.0070140915  -0.0125071741
        0.0013390213   0.0005240367   0.0009995699  -0.0005504720  -0.1550424092
       -0.0167010527  -0.0252645817  -0.0105188610  -0.0037763515  -0.0049444332
        0.4598075076  -0.0124969762   0.0007913586  -0.0491149646  -0.0026270267
       -0.0341172732  -0.0867755974   0.0400125004   0.0266212667   0.0002026571
        0.0026641666   0.0028720143   0.0043694454   0.0017913545  -0.0018865008
        0.0000208916  -0.0003424227  -0.0001566139  -0.0020529271   0.0019486757
        0.0002651569   0.0004979562  -0.0036128711  -0.0000495893  -0.0494382894
        0.0211212759   0.0052283446  -0.0748724196  -0.0404138646   0.0387503944
       -0.0339848477   0.0059493656   0.0017557618   0.0006183649   0.0003584079
        0.0004433225  -0.0000098256   0.0000249779  -0.0000402941   0.0001242467
        0.0002166258   0.0000341853   0.0000843823   0.0001053225   0.0000880486
        0.0001580981   0.0007504842  -0.0002902722   0.0064767324   0.0153994840
       -0.0127080182  -0.0038039325   0.0012443081   0.0020913638  -0.0001175496
       -0.0001634801  -0.0001172078
       -0.0010949198  -0.0035062984   0.0014352879  -0.0213971995  -0.0150745324
        0.0004303205  -0.0004022759   0.0005900669  -0.0007628362  -0.0295476231
       -0.0557376775  -0.0076128442  -0.0015386206   0.0004928079  -0.0005001972
       -0.0124969762   0.4487144839   0.0120628220  -0.0037614036  -0.0427732456
       -0.0347449443   0.0523972501  -0.1123131661  -0.0359446525   0.0029862886
       -0.0034134251  -0.0035688441   0.0093927253  -0.0259069724  -0.0051720811
        0.0005281204   0.0005004234  -0.0008216565   0.0012291067   0.0041210403
       -0.0000112977  -0.0006700987  -0.0045522001   0.0017227723  -0.0004731637
        0.0036647870   0.0002967541  -0.0194370053  -0.1631710387   0.0599647666
        0.0278592520  -0.0016874482   0.0017416413   0.0008973344   0.0005711400
        0.0003978509   0.0001227401  -0.0001252173  -0.0000363886  -0.0009142382
       -0.0003628069  -0.0001049752   0.0000744021  -0.0004456114   0.0000974499
       -0.0016166534   0.0010649976   0.0012618029  -0.0048374914  -0.0285964540
        0.0128403997   0.0029206037  -0.0018311849  -0.0028334440  -0.0002201539
       -0.0002224680  -0.0001377065
       -0.0001037550   0.0018918053  -0.0010118389   0.0104786519   0.0054980739
        0.0012111011   0.0011850946   0.0011602449   0.0000014650  -0.0263850447
       -0.0094888897  -0.0710772933  -0.0289268523  -0.0075493426  -0.0087415316
        0.0007913586   0.0120628220   0.5040052391  -0.0330681796  -0.0332898155
       -0.2330005473   0.0239356193  -0.0318453146  -0.0844110068   0.0174736848
       -0.0240086332  -0.0182965470  -0.0047851034   0.0047469680   0.0033586285
       -0.0002412066   0.0016509548   0.0000087186   0.0004464819  -0.0003208554
       -0.0000739205  -0.0010560358   0.0049842840   0.0004361467  -0.0059927804
        0.0051237344   0.0050921449   0.0306415703   0.0740537523  -0.1043893201
        0.0180659861   0.0005193853   0.0027229447  -0.0000476240  -0.0002336719
        0.0002806630   0.0000743113  -0.0000685915  -0.0000272844   0.0007059230
        0.0003966552   0.0000352549   0.0001142581  -0.0001862541  -0.0002002520
        0.0011911906   0.0002587992   0.0009449358  -0.0059526584  -0.0038690904
        0.0035929820   0.0015340957  -0.0014050703  -0.0004182692  -0.0000789857
       -0.0000819499  -0.0000424131
        0.0000581990   0.0001204225   0.0000251036   0.0004827805   0.0007042546
       -0.0013039289  -0.0001215262  -0.0003910890   0.0004070422  -0.0107304981
       -0.0071665536  -0.0299296976  -0.0057978347  -0.0013648622  -0.0013280631
       -0.0491149646  -0.0037614036  -0.0330681796   0.0572849599   0.0076624283
        0.0359637197   0.0018024108   0.0054705001   0.0173972150  -0.0018979404
        0.0026914638   0.0017176779   0.0004675306  -0.0004665748   0.0003554167
        0.0001196687   0.0000403846  -0.0000389217  -0.0006830735   0.0000485340
        0.0001809655  -0.0000951406  -0.0000123734  -0.0000410086   0.0019705003
       -0.0011259690  -0.0004251885   0.0031388209  -0.0023445832   0.0094014553
        0.0022868094  -0.0004718830   0.0005515436  -0.0000860776  -0.0001251257
        0.0002555841  -0.0000078668   0.0000158153  -0.0000410808   0.0000488703
        0.0000012914   0.0000015227   0.0000060410   0.0000031283  -0.0000597011
       -0.0003937968   0.0001955325   0.0005524728   0.0006617729   0.0002174633
       -0.0006315576   0.0005724049   0.0000221558   0.0000483338   0.0000279501
        0.0000370431   0.0000092748
        0.0000127408   0.0000635360  -0.0000346259  -0.0002874533   0.0004923514
       -0.0011580218  -0.0003934517  -0.0003129327   0.0003517125  -0.0025179717
       -0.0002186033  -0.0072413386  -0.0013970896  -0.0001538504  -0.0003108372
       -0.0026270267  -0.0427732456  -0.0332898155   0.0076624283   0.0612147508
        0.0257794559  -0.0013258571  -0.0052511633  -0.0218183930   0.0026336699
       -0.0032157194  -0.0021677582   0.0001375804   0.0006587065  -0.0017434850
        0.0001840640  -0.0006090315   0.0002716794   0.0002246971  -0.0001619111
        0.0003146788  -0.0001729726   0.0002167217   0.0003872221  -0.0017825273
        0.0009330140   0.0011571018  -0.0012763422  -0.0111383604   0.0367509008
        0.0003142711  -0.0001304193   0.0005545233   0.0000418476  -0.0001086417
        0.0002348855   0.0000430845   0.0000283116   0.0000004916   0.0000379631
       -0.0000163826   0.0000121434   0.0000038837   0.0000899005   0.0001766883
       -0.0000194992   0.0000360138   0.0001055651   0.0004166612   0.0002978089
        0.0017440292   0.0000933482  -0.0000003752  -0.0000491582  -0.0000060485
        0.0000595211  -0.0000276443
        0.0000704499   0.0000657060   0.0000635762   0.0004039106   0.0004181312
        0.0003687406  -0.0000995908  -0.0001912090   0.0003248140  -0.0057107574
       -0.0036914257  -0.0110495600  -0.0017409789  -0.0003720200  -0.0003221445
       -0.0341172732  -0.0347449443  -0.2330005473   0.0359637197   0.0257794559
        0.2854300789  -0.0005591693  -0.0059042999  -0.0157848931   0.0015778962
       -0.0019908448  -0.0012918247  -0.0001022206   0.0006160450  -0.0001173515
        0.0000616196  -0.0002557037   0.0003534663  -0.0001238126  -0.0005790545
       -0.0001072355   0.0000410063   0.0000303467   0.0000889662  -0.0006826411
        0.0011803488   0.0014660023   0.0033918587   0.0191967780  -0.0282149204
        0.0002185546   0.0003222189   0.0007119606  -0.0000757391  -0.0001037966
        0.0000592164   0.0000022787   0.0000328989  -0.0000105323   0.0000271199
       -0.0000258144   0.0000012055   0.0000240733   0.0001140837   0.0001694097
        0.0002181719  -0.0000271725  -0.0003765008   0.0004370684  -0.0000980046
        0.0009521588   0.0007578391   0.0001343207   0.0002774913   0.0000166163
        0.0000939564   0.0000084232
       -0.0007582973   0.0001726935  -0.0003996406   0.0021171049  -0.0012360826
        0.0004770390  -0.0003880696   0.0000742473   0.0000281522  -0.0224156375
        0.0151187106   0.0078313750   0.0003625865   0.0003001510   0.0004030951
       -0.0867755974   0.0523972501   0.0239356193   0.0018024108  -0.0013258571
       -0.0005591693   0.4505993597   0.0056491459   0.0084199197  -0.0361479586
        0.0012328365  -0.0060882486  -0.0512641932  -0.0267997963   0.0108025185
        0.0027359985   0.0019495184  -0.0016338000  -0.0304118142  -0.0308914327
        0.0081556236  -0.0022124254   0.0266358111  -0.0010180613  -0.2102575376
       -0.0324720851  -0.0479835629   0.0030912778  -0.0021651129  -0.0017472877
       -0.0038272061  -0.0011655361  -0.0010668032   0.0003433729   0.0002843000
        0.0003608489  -0.0000355001   0.0000332320  -0.0000390551   0.0002096417
        0.0002345380  -0.0000266063   0.0006572792  -0.0005442089  -0.0006634694
       -0.0158716584  -0.0077587027  -0.0009093772  -0.0007623540  -0.0003028860
        0.0012225139  -0.0007813797   0.0007314920   0.0004510229  -0.0000094027
       -0.0001522260   0.0000473532
        0.0001829876  -0.0002231452  -0.0000175575  -0.0002933330   0.0008666491
        0.0001423333  -0.0001518490   0.0000129419   0.0000595195   0.0020066170
        0.0030121832   0.0014029944  -0.0006499002   0.0002200870   0.0000877539
        0.0400125004  -0.1123131661  -0.0318453146   0.0054705001  -0.0052511633
       -0.0059042999   0.0056491459   0.4607505400  -0.0052323863   0.0000576461
       -0.0444165645  -0.0071749211  -0.0166263403  -0.1252775211   0.0403727061
       -0.0009106684  -0.0038799752   0.0052772126  -0.0129507557  -0.0082955797
        0.0017742049   0.0050389598  -0.0451458981   0.0047402404  -0.0086687805
       -0.0713344864   0.0081678082   0.0178393140  -0.0409459139  -0.0037078901
       -0.0028709061   0.0011508249   0.0001639934  -0.0000626330   0.0000310206
        0.0000020971   0.0000365057   0.0000547660   0.0000103540  -0.0000259907
        0.0000265161  -0.0000348717   0.0002770406   0.0015066280  -0.0001580743
       -0.0325283209  -0.0053235008  -0.0102858505  -0.0004372212  -0.0053779539
        0.0018665512  -0.0004372212   0.0001877909   0.0002148394   0.0000427029
       -0.0000350795   0.0000785577
        0.0001896061   0.0002038352   0.0002962141   0.0001849627  -0.0005507993
        0.0005872853  -0.0001883598   0.0002459045  -0.0003094059  -0.0003756245
        0.0021913101   0.0011146264  -0.0013680557   0.0004170697   0.0001640838
        0.0266212667  -0.0359446525  -0.0844110068   0.0173972150  -0.0218183930
       -0.0157848931   0.0084199197  -0.0052323863   0.5021914248  -0.0092044188
       -0.0054044320  -0.2430819598   0.0111557297   0.0425722655  -0.0909381070
        0.0066032161   0.0263110857  -0.0206530103  -0.0047739895  -0.0052732046
        0.0052417226   0.0007003844  -0.0127897264   0.0062504978  -0.0531103428
        0.0007314289  -0.0696367601  -0.0094847358   0.0150973954   0.0056731698
       -0.0022634266   0.0009001738   0.0004727355  -0.0001943282   0.0000597936
       -0.0003272679  -0.0001001626  -0.0000549169   0.0000108901  -0.0001359061
       -0.0000690789   0.0000111677  -0.0007933717  -0.0021501390   0.0019498460
        0.0096562622  -0.0018890082   0.0012046141   0.0009062440   0.0025483275
       -0.0004715982   0.0000672490  -0.0000051350   0.0003669176   0.0000906666
       -0.0000967175   0.0000788134
       -0.0001177190  -0.0000521300   0.0001437552  -0.0002959485  -0.0000248159
        0.0002862090   0.0000460443   0.0000836855  -0.0002581130   0.0006675790
        0.0005009741   0.0012452007  -0.0005787463   0.0002263800  -0.0001682803
        0.0002026571   0.0029862886   0.0174736848  -0.0018979404   0.0026336699
        0.0015778962  -0.0361479586   0.0000576461  -0.0092044188   0.0595024099
        0.0017546393   0.0217286221   0.0014524317  -0.0004317035   0.0070720153
       -0.0003295665  -0.0013435818   0.0006338869   0.0008794795   0.0006414807
       -0.0002910676  -0.0003476843   0.0002444680  -0.0004184026  -0.0240647141
       -0.0054855352  -0.0376635208   0.0001452994  -0.0012633234  -0.0006002578
        0.0002911825  -0.0003614746  -0.0004763988   0.0001003129   0.0000935540
       -0.0001269803   0.0000399179   0.0000033694  -0.0000245786   0.0000386774
        0.0000375303  -0.0000219235   0.0004240317   0.0002915561  -0.0000260610
        0.0002483070  -0.0003044557  -0.0010476581   0.0000414428  -0.0001027995
        0.0001112538  -0.0001260603  -0.0000205670  -0.0000126043  -0.0001734351
       -0.0001648553   0.0000677416
       -0.0000465039  -0.0000337619   0.0000336387  -0.0000200257   0.0000887550
        0.0001048423   0.0001417016  -0.0002257478  -0.0000195685  -0.0006961334
        0.0000978714  -0.0003695552   0.0002041363   0.0000877756   0.0000365200
        0.0026641666  -0.0034134251  -0.0240086332   0.0026914638  -0.0032157194
       -0.0019908448   0.0012328365  -0.0444165645  -0.0054044320   0.0017546393
        0.0502266294   0.0113645375   0.0001213127  -0.0013326979   0.0270349407
       -0.0012800507  -0.0045278100   0.0027826304   0.0011518218   0.0008379577
       -0.0009641352  -0.0003702836   0.0021693233   0.0001696790  -0.0065052153
        0.0016187679  -0.0076388615  -0.0004120775   0.0018998325   0.0005196058
       -0.0000184271  -0.0001062618   0.0001587673   0.0000457732  -0.0000444737
       -0.0000392251   0.0000279269  -0.0000085718  -0.0000219460   0.0000054654
       -0.0000026023   0.0000128888   0.0001600706  -0.0003431843  -0.0005190374
       -0.0005619878   0.0003209267  -0.0012839366  -0.0002475229   0.0002616120
       -0.0000479541   0.0001038181   0.0000530648   0.0000367908  -0.0001469048
        0.0000083043   0.0000532882
        0.0000472338   0.0000354618  -0.0000285949   0.0002935502   0.0003034410
       -0.0002881060  -0.0002076015  -0.0000279234   0.0001513285  -0.0005013839
        0.0001920546  -0.0001428120   0.0004193240  -0.0001351825   0.0003100031
        0.0028720143  -0.0035688441  -0.0182965470   0.0017176779  -0.0021677582
       -0.0012918247  -0.0060882486  -0.0071749211  -0.2430819598   0.0217286221
        0.0113645375   0.2895534119  -0.0000249338   0.0021406506  -0.0183998141
        0.0007342301   0.0025414393  -0.0015517807   0.0002404512  -0.0009781289
        0.0011856189  -0.0004197672  -0.0009629717   0.0013824304  -0.0197943852
       -0.0039263061  -0.0130750514  -0.0002293351   0.0006510882   0.0013625162
       -0.0001183956   0.0001475987   0.0003787632  -0.0001193682  -0.0001248942
        0.0000584742  -0.0000772258   0.0000091327  -0.0000305073  -0.0000467462
       -0.0000403369  -0.0000309239  -0.0000346330   0.0005477590   0.0003522562
        0.0000727012   0.0005253963   0.0012806388  -0.0005356325   0.0004739074
        0.0001158000   0.0000567342   0.0000462956   0.0000054182   0.0000151176
        0.0001285043   0.0000812621
       -0.0024577468   0.0003458726   0.0000585192  -0.0313725127   0.0122497888
        0.0074546423   0.0024743882  -0.0010182734  -0.0013143781   0.0009884834
        0.0020300649  -0.0010967419  -0.0002685234   0.0002400393  -0.0000957457
        0.0043694454   0.0093927253  -0.0047851034   0.0004675306   0.0001375804
       -0.0001022206  -0.0512641932  -0.0166263403   0.0111557297   0.0014524317
        0.0001213127  -0.0000249338   0.3892810023  -0.0115965054   0.0127227604
       -0.0421666714  -0.0009972561  -0.0270720393  -0.1513836416  -0.0387754845
       -0.0346737716  -0.0931543796   0.0761984960   0.0237859386  -0.0192438979
       -0.0284422357   0.0085286132  -0.0026152895   0.0041584234   0.0006145916
        0.0011952027  -0.0029876121  -0.0002661156   0.0014815731   0.0001203565
        0.0009188045  -0.0003102279  -0.0002978557  -0.0001286857  -0.0001330230
        0.0002880533  -0.0000081658  -0.0018103656  -0.0043340903   0.0056311553
       -0.0042617372  -0.0016453817  -0.0005292160   0.0001483648   0.0012609144
       -0.0000965241  -0.0005819989   0.0003759850  -0.0002116709  -0.0008342130
       -0.0001985775  -0.0004654422
        0.0019997973  -0.0012765968  -0.0012341053   0.0202219971   0.0030586055
        0.0046772538   0.0010576047   0.0003510630  -0.0000417798   0.0019294998
        0.0006294841   0.0000101250   0.0002811909  -0.0001024679   0.0004366591
        0.0017913545  -0.0259069724   0.0047469680  -0.0004665748   0.0006587065
        0.0006160450  -0.0267997963  -0.1252775211   0.0425722655  -0.0004317035
       -0.0013326979   0.0021406506  -0.0115965054   0.4567832304   0.0304083690
       -0.0028881648  -0.0412617516   0.0016848556  -0.0632644191  -0.0761459862
       -0.0232815911   0.0825050439  -0.1758356217  -0.0551420902  -0.0057555246
       -0.0063139287   0.0012265911   0.0018995599   0.0012189870  -0.0016864016
       -0.0012864198   0.0007054159   0.0004860422  -0.0005678122  -0.0002286624
        0.0002790864   0.0007409356   0.0001917146   0.0000565098  -0.0003325922
       -0.0001332867  -0.0000491176   0.0015915468  -0.0069979743  -0.0092597187
       -0.0007640083  -0.0018711074   0.0010737987  -0.0000471793  -0.0009956632
        0.0001982018  -0.0000106428  -0.0002093727  -0.0000574943   0.0001928128
        0.0002924041   0.0001388770
        0.0014850876  -0.0021083085  -0.0006194255   0.0115079093   0.0048762433
       -0.0002010285   0.0041501117  -0.0006950881   0.0015084078  -0.0009434251
        0.0004445283   0.0012686145  -0.0002873509   0.0001961647  -0.0003239533
       -0.0018865008  -0.0051720811   0.0033586285   0.0003554167  -0.0017434850
       -0.0001173515   0.0108025185   0.0403727061  -0.0909381070   0.0070720153
        0.0270349407  -0.0183998141   0.0127227604   0.0304083690   0.5243909579
       -0.0324136751   0.0052077915  -0.2379223998  -0.0453361631  -0.0217310189
       -0.0709363198   0.0127102322  -0.0337766108  -0.0995948171  -0.0024711778
       -0.0083065272   0.0043910857   0.0008267445  -0.0035985566  -0.0000229757
        0.0010076512  -0.0007154687  -0.0007837164   0.0003490348   0.0003781344
       -0.0000796186   0.0009406441   0.0001222077   0.0001473768   0.0001761485
        0.0002455972  -0.0000325041   0.0215766224  -0.0311522118  -0.0159780967
       -0.0015677458   0.0002191969   0.0002971541  -0.0001001203  -0.0002351848
        0.0004569092  -0.0003497696   0.0000069587  -0.0000135210  -0.0003269686
       -0.0002782970   0.0001445148
        0.0000477118  -0.0000328232  -0.0000084926   0.0008399634  -0.0016525163
       -0.0032348087   0.0002656757   0.0002227507   0.0013904602  -0.0002013374
        0.0002506016   0.0002531695  -0.0000311931  -0.0002463738   0.0002004228
        0.0000208916   0.0005281204  -0.0002412066   0.0001196687   0.0001840640
        0.0000616196   0.0027359985  -0.0009106684   0.0066032161  -0.0003295665
       -0.0012800507   0.0007342301  -0.0421666714  -0.0028881648  -0.0324136751
        0.0627287906  -0.0001075902   0.0390200716  -0.0253616492  -0.0034423976
       -0.0342093748   0.0001343714   0.0056440244   0.0197466928   0.0007949970
        0.0006556721  -0.0001719141  -0.0001014280  -0.0002284223   0.0001150913
        0.0000470313  -0.0000335362   0.0000516694   0.0000943276   0.0000080273
        0.0002860920   0.0000551436   0.0000746543   0.0000200751   0.0000991509
        0.0000615234  -0.0000827288   0.0000793753   0.0030592253   0.0017622256
        0.0000473634   0.0001037107   0.0000303721   0.0000254502  -0.0000195715
       -0.0000312563   0.0000152906  -0.0000067878  -0.0000164308   0.0000406441
        0.0000565285   0.0001344796
        0.0001420487  -0.0000154314   0.0000570515   0.0004518269   0.0009569625
        0.0010419847  -0.0000451348   0.0001117615  -0.0000674961   0.0000422496
       -0.0001707769   0.0000967185  -0.0001921028  -0.0000066161  -0.0001419968
       -0.0003424227   0.0005004234   0.0016509548   0.0000403846  -0.0006090315
       -0.0002557037   0.0019495184  -0.0038799752   0.0263110857  -0.0013435818
       -0.0045278100   0.0025414393  -0.0009972561  -0.0412617516   0.0052077915
       -0.0001075902   0.0564964858   0.0085352844  -0.0052335840   0.0010429509
       -0.0096039770   0.0018746456  -0.0078436886  -0.0309222459   0.0011842501
        0.0009615877  -0.0011355318  -0.0000107379   0.0003477316  -0.0006244642
       -0.0000672504   0.0000953663  -0.0001284091  -0.0000546454  -0.0000767273
       -0.0001168626   0.0000348153  -0.0000040126  -0.0000058678  -0.0000560907
       -0.0000334879  -0.0000328384   0.0025228424  -0.0022317993  -0.0026047530
        0.0000708877   0.0001923844   0.0001110530   0.0001023206  -0.0000714565
       -0.0000088557   0.0000080303  -0.0000117866   0.0000495026   0.0000265766
        0.0000386972   0.0000461361
        0.0002855831   0.0000186582   0.0000499157   0.0011017326   0.0001109318
        0.0021119206  -0.0010828502   0.0006936338   0.0000683979  -0.0001216902
       -0.0000555599  -0.0003111397   0.0002469060  -0.0001218814   0.0000136736
       -0.0001566139  -0.0008216565   0.0000087186  -0.0000389217   0.0002716794
        0.0003534663  -0.0016338000   0.0052772126  -0.0206530103   0.0006338869
        0.0027826304  -0.0015517807  -0.0270720393   0.0016848556  -0.2379223998
        0.0390200716   0.0085352844   0.2895013809  -0.0170149479  -0.0045263934
       -0.0119869653   0.0043711257  -0.0106262653  -0.0211036964  -0.0001323286
       -0.0006502141   0.0013177048   0.0002554732  -0.0000667504   0.0002794154
       -0.0000993112   0.0000811534   0.0001760223  -0.0000870732  -0.0000973354
        0.0000451392   0.0000328707   0.0000526671   0.0000012342   0.0000576222
        0.0000098347  -0.0000452239   0.0013175451  -0.0019717301  -0.0005795842
       -0.0000869900  -0.0006040607   0.0001022244  -0.0000706571  -0.0000386932
        0.0000155328   0.0001136761  -0.0000487883   0.0000007018   0.0001607300
        0.0001107873   0.0001083519
       -0.0353128088   0.0237539940   0.0132988770  -0.0991352260   0.0576083237
        0.0317445506  -0.0033659744   0.0064254999   0.0108711682  -0.0017945851
        0.0056748128   0.0022944182   0.0001144000  -0.0004103737  -0.0005040330
       -0.0020529271   0.0012291067   0.0004464819  -0.0006830735   0.0002246971
       -0.0001238126  -0.0304118142  -0.0129507557  -0.0047739895   0.0008794795
        0.0011518218   0.0002404512  -0.1513836416  -0.0632644191  -0.0453361631
       -0.0253616492  -0.0052335840  -0.0170149479   0.4019402951  -0.0351966283
       -0.0027858484  -0.0479139310   0.0251881724   0.0086357865  -0.0042769419
       -0.0080254400   0.0025973598   0.0007736691   0.0007593243   0.0000220698
       -0.0017341196   0.0051764650   0.0002940892   0.0006929671   0.0005496187
        0.0011464739  -0.0075294754  -0.0019911055  -0.0009115586   0.0022210689
        0.0009222111   0.0001690049   0.0035092190   0.0000998143  -0.0003858671
       -0.0015941745  -0.0005116642  -0.0000544794   0.0002134770  -0.0003706865
       -0.0002866483   0.0007370056  -0.0002077090   0.0004346679   0.0014687609
       -0.0006014958  -0.0000180515
        0.0006460083   0.0053276198   0.0022004620   0.0403497541  -0.1369893076
       -0.0560443309   0.0078324517  -0.0087821124  -0.0162009020   0.0227444013
       -0.0307193424  -0.0146803985  -0.0003663099   0.0017787345  -0.0005473760
        0.0019486757   0.0041210403  -0.0003208554   0.0000485340  -0.0001619111
       -0.0005790545  -0.0308914327  -0.0082955797  -0.0052732046   0.0006414807
        0.0008379577  -0.0009781289  -0.0387754845  -0.0761459862  -0.0217310189
       -0.0034423976   0.0010429509  -0.0045263934  -0.0351966283   0.2756730923
        0.1151246362   0.0409835811  -0.0046572841  -0.0004378538  -0.0054316685
       -0.0087026056   0.0028317061  -0.0001088074  -0.0002404799   0.0001952595
        0.0031993050  -0.0166302909   0.0006318961   0.0000687782   0.0005695311
        0.0001550853  -0.0019224786   0.0002027401  -0.0002780971   0.0002126216
        0.0010167146   0.0000283348  -0.0001786536   0.0005009787   0.0001869029
       -0.0017201183  -0.0001453073  -0.0002809611   0.0000232081   0.0004695448
        0.0000012935  -0.0006867533   0.0002725541   0.0001029170   0.0000219327
       -0.0003432519   0.0004200815
        0.0002028245   0.0025989165   0.0022644479   0.0236348402  -0.0578449193
       -0.0851273782   0.0223524376  -0.0292077356  -0.0231989405  -0.0024047917
        0.0011197010   0.0053550086  -0.0001683325  -0.0009557460   0.0013856869
        0.0002651569  -0.0000112977  -0.0000739205   0.0001809655   0.0003146788
       -0.0001072355   0.0081556236   0.0017742049   0.0052417226  -0.0002910676
       -0.0009641352   0.0011856189  -0.0346737716  -0.0232815911  -0.0709363198
       -0.0342093748  -0.0096039770  -0.0119869653  -0.0027858484   0.1151246362
        0.1658097789   0.0190906197  -0.0042203013   0.0056321346   0.0018820081
        0.0027256100   0.0005665715   0.0000246536  -0.0002904824   0.0003018534
        0.0000458133   0.0009795344   0.0010347702  -0.0013925990  -0.0002180357
        0.0018360641  -0.0013637591   0.0001638374   0.0004492063  -0.0005717781
       -0.0001962358  -0.0001968557   0.0002219132   0.0013463241   0.0006336076
        0.0002999890  -0.0001181620   0.0001143215  -0.0001377126  -0.0000065154
       -0.0000761815   0.0000833551   0.0001004949  -0.0002471019   0.0015588351
        0.0006711962   0.0001401060
       -0.0014357761   0.0021792235   0.0014839703  -0.0085164485  -0.0034727939
       -0.0047173242   0.0002628630  -0.0003000759  -0.0001081345   0.0003286069
       -0.0008495536   0.0005804164   0.0000675041  -0.0000614251   0.0000790701
        0.0004979562  -0.0006700987  -0.0010560358  -0.0000951406  -0.0001729726
        0.0000410063  -0.0022124254   0.0050389598   0.0007003844  -0.0003476843
       -0.0003702836  -0.0004197672  -0.0931543796   0.0825050439   0.0127102322
        0.0001343714   0.0018746456   0.0043711257  -0.0479139310   0.0409835811
        0.0190906197   0.1764405304  -0.1436406436   0.0246984131   0.0022769166
       -0.0003926743  -0.0001124015   0.0000948020   0.0011210737   0.0000273484
       -0.0002529336   0.0009507494   0.0000308736  -0.0003524586  -0.0000087578
       -0.0002667110  -0.0009039847  -0.0001004928  -0.0001301623   0.0002219158
        0.0001573296  -0.0000622852  -0.0260342424   0.0158965275  -0.0576351452
        0.0002235282  -0.0002439867   0.0004482981   0.0000207921  -0.0001282696
       -0.0000948400   0.0001553725  -0.0002430174   0.0000699276   0.0004942456
       -0.0000520884   0.0002711212
        0.0003867059  -0.0011527859  -0.0006136929   0.0020813721   0.0025283610
        0.0030260411  -0.0005449560   0.0001247457   0.0002191426  -0.0012100860
        0.0007202067  -0.0005041711  -0.0001683491   0.0000255846  -0.0000944863
       -0.0036128711  -0.0045522001   0.0049842840  -0.0000123734   0.0002167217
        0.0000303467   0.0266358111  -0.0451458981  -0.0127897264   0.0002444680
        0.0021693233  -0.0009629717   0.0761984960  -0.1758356217  -0.0337766108
        0.0056440244  -0.0078436886  -0.0106262653   0.0251881724  -0.0046572841
       -0.0042203013  -0.1436406436   0.2651719502   0.0907739152  -0.0004175304
        0.0018974344  -0.0010017315   0.0019167215  -0.0047496786  -0.0002606222
        0.0004089768  -0.0004208090  -0.0002276817   0.0004055404   0.0002450453
        0.0000506916   0.0002378629   0.0000538399   0.0000325012   0.0000577463
        0.0000234751   0.0000184238   0.0100202873  -0.0293175582  -0.0344474128
        0.0004970130   0.0010613100   0.0000959308  -0.0000869136  -0.0005846881
        0.0002049811   0.0000155573   0.0001683154   0.0000789047  -0.0002450321
       -0.0001461007   0.0000105112
        0.0002202909  -0.0003952614   0.0000842863   0.0002849020   0.0010339177
        0.0019572628  -0.0003299888   0.0001286839   0.0001845229  -0.0001923450
        0.0003143479  -0.0003165092   0.0000186483  -0.0000206447   0.0000160861
       -0.0000495893   0.0017227723   0.0004361467  -0.0000410086   0.0003872221
        0.0000889662  -0.0010180613   0.0047402404   0.0062504978  -0.0004184026
        0.0001696790   0.0013824304   0.0237859386  -0.0551420902  -0.0995948171
        0.0197466928  -0.0309222459  -0.0211036964   0.0086357865  -0.0004378538
        0.0056321346   0.0246984131   0.0907739152   0.5053794297  -0.0010171793
        0.0003153153   0.0003673336   0.0000152914  -0.0002445098   0.0002433731
       -0.0000006862  -0.0002368846   0.0000507013   0.0001282129  -0.0001102171
       -0.0000148694   0.0000445883   0.0000235788  -0.0000551266  -0.0000233082
       -0.0000367035  -0.0000211090  -0.0743610533  -0.0125418624  -0.4007836672
        0.0000139218   0.0000988898  -0.0002367013  -0.0000747916   0.0001691322
        0.0000275435   0.0000305758   0.0000896504   0.0000105117  -0.0000968482
        0.0001209285   0.0000152694
        0.0004901873   0.0002672910   0.0000867579   0.0001343749   0.0006328943
       -0.0011300642   0.0002091137   0.0000243470   0.0001124605  -0.0007458307
        0.0058703596   0.0032484750   0.0005496155  -0.0001461172   0.0001628579
       -0.0494382894  -0.0004731637  -0.0059927804   0.0019705003  -0.0017825273
       -0.0006826411  -0.2102575376  -0.0086687805  -0.0531103428  -0.0240647141
       -0.0065052153  -0.0197943852  -0.0192438979  -0.0057555246  -0.0024711778
        0.0007949970   0.0011842501  -0.0001323286  -0.0042769419  -0.0054316685
        0.0018820081   0.0022769166  -0.0004175304  -0.0010171793   0.3518796307
        0.1051328418   0.0584636898   0.0019914640  -0.0007884014  -0.0007489922
       -0.0044503798   0.0009939749   0.0003253097  -0.0004495788  -0.0003456869
       -0.0000668825   0.0000683912   0.0001176071  -0.0000273953   0.0000233523
       -0.0001166919  -0.0000445789  -0.0003663947   0.0001471898   0.0000530604
       -0.0474800062  -0.0834133124   0.0203561635   0.0006283733  -0.0008672315
        0.0000492677  -0.0004510611   0.0001068984   0.0003587489   0.0002077152
        0.0002341975   0.0001199491
       -0.0001045909   0.0001636835   0.0000017946   0.0002275611  -0.0002807732
       -0.0004274325   0.0000562994  -0.0000625537   0.0001159983   0.0024890353
       -0.0023296394  -0.0011540020   0.0001710947  -0.0002257702   0.0000306245
        0.0211212759   0.0036647870   0.0051237344  -0.0011259690   0.0009330140
        0.0011803488  -0.0324720851  -0.0713344864   0.0007314289  -0.0054855352
        0.0016187679  -0.0039263061  -0.0284422357  -0.0063139287  -0.0083065272
        0.0006556721   0.0009615877  -0.0006502141  -0.0080254400  -0.0087026056
        0.0027256100  -0.0003926743   0.0018974344   0.0003153153   0.1051328418
        0.4369838429  -0.1262722825   0.0021540437   0.0001772376   0.0004913964
        0.0013365538   0.0000025076   0.0000131711   0.0000414088  -0.0000739985
        0.0000994884  -0.0000463453   0.0000375882  -0.0000103191   0.0000740728
        0.0000169337   0.0000235036  -0.0000761624   0.0000895558   0.0001336203
       -0.0577847995  -0.3575999786   0.1300669583   0.0001407207   0.0003870275
       -0.0002816527   0.0003163521  -0.0001168501  -0.0000857231   0.0000389052
        0.0001066168   0.0000614666
        0.0000927215   0.0000264128  -0.0000709499  -0.0000142313   0.0000632103
       -0.0003935680  -0.0000926193  -0.0000523437   0.0002046578   0.0012422135
       -0.0008555563   0.0002033209   0.0006204515  -0.0000707463   0.0002241193
        0.0052283446   0.0002967541   0.0050921449  -0.0004251885   0.0011571018
        0.0014660023  -0.0479835629   0.0081678082  -0.0696367601  -0.0376635208
       -0.0076388615  -0.0130750514   0.0085286132   0.0012265911   0.0043910857
       -0.0001719141  -0.0011355318   0.0013177048   0.0025973598   0.0028317061
        0.0005665715  -0.0001124015  -0.0010017315   0.0003673336   0.0584636898
       -0.1262722825   0.1199899202   0.0006270949   0.0005019908   0.0011771589
        0.0001283219   0.0001368550   0.0004254712  -0.0000514326  -0.0000844416
        0.0001225356  -0.0000400371   0.0000227739   0.0000011019   0.0000090471
       -0.0000215643  -0.0000067600   0.0002091516   0.0005890756   0.0001644678
        0.0089294658   0.1221239991  -0.0521281195  -0.0003118538  -0.0001089648
       -0.0002852638   0.0001429407  -0.0000185021  -0.0000795459   0.0000473460
        0.0001162477  -0.0000375779
        0.0002660103  -0.0018224926   0.0010946024  -0.0085203351  -0.0010601437
       -0.0009436806  -0.0000885833   0.0000305500  -0.0000696802  -0.0146360139
       -0.0348889431   0.0183524303   0.0026880083   0.0012013228   0.0009673024
       -0.0748724196  -0.0194370053   0.0306415703   0.0031388209  -0.0012763422
        0.0033918587   0.0030912778   0.0178393140  -0.0094847358   0.0001452994
       -0.0004120775  -0.0002293351  -0.0026152895   0.0018995599   0.0008267445
       -0.0001014280  -0.0000107379   0.0002554732   0.0007736691  -0.0001088074
        0.0000246536   0.0000948020   0.0019167215   0.0000152914   0.0019914640
        0.0021540437   0.0006270949   0.2799920977  -0.1304839903  -0.1438759793
        0.0001558990  -0.0012718218   0.0012604962  -0.0001977720  -0.0000279755
       -0.0000992516   0.0001469764   0.0000233114  -0.0000140872  -0.0006673828
       -0.0004579077  -0.0001157933  -0.0001183060  -0.0000108433  -0.0000890891
        0.0009345547  -0.0015960181  -0.0003858517  -0.1925539370   0.1680627418
        0.0981244549   0.0007890320  -0.0003378076  -0.0003341085   0.0001635558
        0.0000753491   0.0000596195
        0.0003407379  -0.0015783693   0.0011124381  -0.0069859417   0.0015609167
       -0.0017576099   0.0003660339   0.0002297078  -0.0000016696  -0.0152751136
       -0.0264456571   0.0117629674   0.0016408525   0.0005466250  -0.0000061233
       -0.0404138646  -0.1631710387   0.0740537523  -0.0023445832  -0.0111383604
        0.0191967780  -0.0021651129  -0.0409459139   0.0150973954  -0.0012633234
        0.0018998325   0.0006510882   0.0041584234   0.0012189870  -0.0035985566
       -0.0002284223   0.0003477316  -0.0000667504   0.0007593243  -0.0002404799
       -0.0002904824   0.0011210737  -0.0047496786  -0.0002445098  -0.0007884014
        0.0001772376   0.0005019908  -0.1304839903   0.4518816224  -0.0307470355
        0.0024727202   0.0025963631  -0.0002306900  -0.0001917794  -0.0001417755
       -0.0003411797   0.0001630032   0.0000296876  -0.0000116306  -0.0005420744
       -0.0003650766  -0.0000722922  -0.0001676194   0.0002330736   0.0001840809
        0.0002101110   0.0015039477  -0.0005831962   0.1889740968  -0.2136450750
       -0.0847400986   0.0005542964   0.0000012991   0.0000045398   0.0000895533
        0.0001943930   0.0001267940
       -0.0001123988   0.0005479583  -0.0003297231   0.0015803324  -0.0005439013
        0.0011509292  -0.0002790471  -0.0005975846   0.0004156290   0.0045294451
        0.0076436494   0.0011674828   0.0007632055  -0.0000823485   0.0010171841
        0.0387503944   0.0599647666  -0.1043893201   0.0094014553   0.0367509008
       -0.0282149204  -0.0017472877  -0.0037078901   0.0056731698  -0.0006002578
        0.0005196058   0.0013625162   0.0006145916  -0.0016864016  -0.0000229757
        0.0001150913  -0.0006244642   0.0002794154   0.0000220698   0.0001952595
        0.0003018534   0.0000273484  -0.0002606222   0.0002433731  -0.0007489922
        0.0004913964   0.0011771589  -0.1438759793  -0.0307470355   0.1768330317
       -0.0004080542  -0.0008238823   0.0009923778   0.0000937178  -0.0001213947
        0.0003745164  -0.0000722701   0.0000127596  -0.0000157176   0.0001412002
        0.0000224139   0.0000297895   0.0000281868   0.0000543041   0.0001243693
        0.0000757179  -0.0004362184  -0.0009413487   0.0916806347  -0.0670668215
       -0.0569241121   0.0000658363   0.0003687843  -0.0002449813  -0.0000449401
        0.0001267663  -0.0000596978
       -0.0008269871  -0.0005628681  -0.0005540491   0.0013507186   0.0050347674
        0.0006015364  -0.0003391670  -0.0000358619  -0.0008529205  -0.1047872780
        0.0682391485   0.0380551152  -0.0015292181   0.0045930434   0.0075475290
       -0.0339848477   0.0278592520   0.0180659861   0.0022868094   0.0003142711
        0.0002185546  -0.0038272061  -0.0028709061  -0.0022634266   0.0002911825
       -0.0000184271  -0.0001183956   0.0011952027  -0.0012864198   0.0010076512
        0.0000470313  -0.0000672504  -0.0000993112  -0.0017341196   0.0031993050
        0.0000458133  -0.0002529336   0.0004089768  -0.0000006862  -0.0044503798
        0.0013365538   0.0001283219   0.0001558990   0.0024727202  -0.0004080542
        0.5164490259  -0.0660178556   0.0850215401   0.0000603822   0.0003018908
        0.0004323924   0.0003517400  -0.0005191002   0.0000280391   0.0003335313
        0.0002023860  -0.0000730098   0.0000556845  -0.0002006263  -0.0000956800
        0.0002765652   0.0001078322  -0.0000629627   0.0019776696  -0.0007525075
       -0.0005645634  -0.3733721720  -0.0412671924  -0.1460125473   0.0002728667
       -0.0004711318  -0.0000468727
        0.0014471215   0.0008946414   0.0008943627   0.0193275883  -0.0307236738
       -0.0158498969  -0.0002835555   0.0021994791  -0.0006462572   0.0475564329
       -0.1444871924  -0.0698841316   0.0103953078  -0.0107404322  -0.0143465949
        0.0059493656  -0.0016874482   0.0005193853  -0.0004718830  -0.0001304193
        0.0003222189  -0.0011655361   0.0011508249   0.0009001738  -0.0003614746
       -0.0001062618   0.0001475987  -0.0029876121   0.0007054159  -0.0007154687
       -0.0000335362   0.0000953663   0.0000811534   0.0051764650  -0.0166302909
        0.0009795344   0.0009507494  -0.0004208090  -0.0002368846   0.0009939749
        0.0000025076   0.0001368550  -0.0012718218   0.0025963631  -0.0008238823
       -0.0660178556   0.2248836006   0.1253179681  -0.0004614403  -0.0006562902
       -0.0011397176   0.0002647496  -0.0001989816   0.0000270573   0.0002591449
       -0.0000175766   0.0000416480  -0.0002497864   0.0001583564   0.0002218629
       -0.0000312602   0.0000806681  -0.0000315783   0.0012665636   0.0006864387
        0.0000704618  -0.0202896032  -0.0280934800  -0.0262622399   0.0000379016
        0.0004391940   0.0002763718
        0.0008081502  -0.0000519140  -0.0000502085  -0.0026142664   0.0006093333
        0.0059552205   0.0000592792  -0.0012380173   0.0017956296   0.0212095090
       -0.0636553554  -0.0955088625   0.0220269804  -0.0303385414  -0.0226082964
        0.0017557618   0.0017416413   0.0027229447   0.0005515436   0.0005545233
        0.0007119606  -0.0010668032   0.0001639934   0.0004727355  -0.0004763988
        0.0001587673   0.0003787632  -0.0002661156   0.0004860422  -0.0007837164
        0.0000516694  -0.0001284091   0.0001760223   0.0002940892   0.0006318961
        0.0010347702   0.0000308736  -0.0002276817   0.0000507013   0.0003253097
        0.0000131711   0.0004254712   0.0012604962  -0.0002306900   0.0009923778
        0.0850215401   0.1253179681   0.1708298236  -0.0008280351  -0.0007593213
        0.0003876523  -0.0007078238  -0.0001837421  -0.0001652863  -0.0002840848
       -0.0000414890   0.0000263799  -0.0000207657   0.0001348778   0.0001140736
       -0.0001438348   0.0000180267  -0.0001135886  -0.0013140658  -0.0003476688
       -0.0006441019  -0.1257260488  -0.0331248573  -0.0662724134   0.0000530404
        0.0004974468   0.0000719476
       -0.0718410422   0.0208966748  -0.0302303888  -0.0128730758  -0.0027952881
       -0.0372155379  -0.0071198297  -0.0024240780  -0.0028202489   0.0007252503
        0.0011503094  -0.0001547300   0.0000164931   0.0003240369  -0.0005997997
        0.0006183649   0.0008973344  -0.0000476240  -0.0000860776   0.0000418476
       -0.0000757391   0.0003433729  -0.0000626330  -0.0001943282   0.0001003129
        0.0000457732  -0.0001193682   0.0014815731  -0.0005678122   0.0003490348
        0.0000943276  -0.0000546454  -0.0000870732   0.0006929671   0.0000687782
       -0.0013925990  -0.0003524586   0.0004055404   0.0001282129  -0.0004495788
        0.0000414088  -0.0000514326  -0.0001977720  -0.0001917794   0.0000937178
        0.0000603822  -0.0004614403  -0.0008280351   0.2428498821  -0.1906761892
       -0.0289030172   0.0050090294  -0.0007848424   0.0191243191   0.0020355783
        0.0020368881  -0.0047742846   0.0001832430  -0.0001514977   0.0000160614
        0.0001048301  -0.0000625923   0.0000254408   0.0001614104   0.0001327362
        0.0000075028  -0.0001469636   0.0002894574   0.0005038915  -0.1614102192
        0.1719020126   0.0872460254
        0.0171808660  -0.0633054168   0.0013099051  -0.0040787962   0.0027428679
       -0.0101337952  -0.0023966524  -0.0001893779  -0.0009576960  -0.0007224508
        0.0002445112  -0.0003998952   0.0002296401   0.0001824031  -0.0006667422
        0.0003584079   0.0005711400  -0.0002336719  -0.0001251257  -0.0001086417
       -0.0001037966   0.0002843000   0.0000310206   0.0000597936   0.0000935540
       -0.0000444737  -0.0001248942   0.0001203565  -0.0002286624   0.0003781344
        0.0000080273  -0.0000767273  -0.0000973354   0.0005496187   0.0005695311
       -0.0002180357  -0.0000087578   0.0002450453  -0.0001102171  -0.0003456869
       -0.0000739985  -0.0000844416  -0.0000279755  -0.0001417755  -0.0001213947
        0.0003018908  -0.0006562902  -0.0007593213  -0.1906761892   0.2596745996
        0.1094005069  -0.0033478658   0.0003365242  -0.0227493272   0.0065745461
       -0.0000394137   0.0318405531   0.0000451361  -0.0001444927   0.0001338294
        0.0000740456   0.0000578260  -0.0000022990   0.0000525972   0.0001835083
        0.0001152603  -0.0004399656   0.0003692420   0.0005114714   0.1762964797
       -0.2001989487  -0.1069865906
       -0.0503797600   0.0191875870  -0.2151574947  -0.0199442018  -0.0071647089
       -0.0271013464  -0.0048725123  -0.0014359426  -0.0010829833   0.0002592179
        0.0029617196  -0.0010238351  -0.0000703007  -0.0003913454   0.0006619586
        0.0004433225   0.0003978509   0.0002806630   0.0002555841   0.0002348855
        0.0000592164   0.0003608489   0.0000020971  -0.0003272679  -0.0001269803
       -0.0000392251   0.0000584742   0.0009188045   0.0002790864  -0.0000796186
        0.0002860920  -0.0001168626   0.0000451392   0.0011464739   0.0001550853
        0.0018360641  -0.0002667110   0.0000506916  -0.0000148694  -0.0000668825
        0.0000994884   0.0001225356  -0.0000992516  -0.0003411797   0.0003745164
        0.0004323924  -0.0011397176   0.0003876523  -0.0289030172   0.1094005069
        0.4187107200  -0.0007143671  -0.0051019087  -0.0293227274  -0.0070721909
        0.0118613633  -0.0371701691   0.0000575346   0.0000105691   0.0002663699
        0.0000188015  -0.0000826360   0.0000176036  -0.0000682067   0.0000200385
       -0.0000405924   0.0001660361  -0.0002558598  -0.0005534388   0.1082392738
       -0.1285915832  -0.1109465705
       -0.1445768283   0.0936859808   0.0713967181  -0.0209389255   0.0158735796
        0.0112505290   0.0000816982   0.0004488959   0.0001308968   0.0001949058
        0.0006146351   0.0004854271  -0.0000812242   0.0001000222  -0.0000551976
       -0.0000098256   0.0001227401   0.0000743113  -0.0000078668   0.0000430845
        0.0000022787  -0.0000355001   0.0000365057  -0.0001001626   0.0000399179
        0.0000279269  -0.0000772258  -0.0003102279   0.0007409356   0.0009406441
        0.0000551436   0.0000348153   0.0000328707  -0.0075294754  -0.0019224786
       -0.0013637591  -0.0009039847   0.0002378629   0.0000445883   0.0000683912
       -0.0000463453  -0.0000400371   0.0001469764   0.0001630032  -0.0000722701
        0.0003517400   0.0002647496  -0.0007078238   0.0050090294  -0.0033478658
       -0.0007143671   0.1656509521  -0.1068209439  -0.0801127921   0.0013066819
        0.0009087936  -0.0004675681   0.0000920949  -0.0000134325  -0.0000589245
       -0.0000222630  -0.0000400333   0.0000430175  -0.0000111197  -0.0000707961
        0.0000107359   0.0004110067  -0.0009567177   0.0005568708   0.0010187030
       -0.0000849176  -0.0011987602
        0.0943244886  -0.1285676673  -0.0622684321  -0.0043971413   0.0043723675
        0.0031317389   0.0001307380   0.0002359752   0.0002535709  -0.0003176375
        0.0001936130  -0.0000856528   0.0000567924  -0.0001085528  -0.0000040414
        0.0000249779  -0.0001252173  -0.0000685915   0.0000158153   0.0000283116
        0.0000328989   0.0000332320   0.0000547660  -0.0000549169   0.0000033694
       -0.0000085718   0.0000091327  -0.0002978557   0.0001917146   0.0001222077
        0.0000746543  -0.0000040126   0.0000526671  -0.0019911055   0.0002027401
        0.0001638374  -0.0001004928   0.0000538399   0.0000235788   0.0001176071
        0.0000375882   0.0000227739   0.0000233114   0.0000296876   0.0000127596
       -0.0005191002  -0.0001989816  -0.0001837421  -0.0007848424   0.0003365242
       -0.0051019087  -0.1068209439   0.1451297082   0.0749386141   0.0207444850
       -0.0226820340  -0.0114456742  -0.0000699918   0.0000043950   0.0000239649
       -0.0000163605  -0.0000045858  -0.0000069068  -0.0000480145  -0.0000245751
        0.0000053519  -0.0001601903  -0.0008098058   0.0006911792  -0.0000257951
        0.0016627729  -0.0002644095
        0.0676817544  -0.0587388392  -0.0832231715   0.0000784991   0.0007870035
        0.0013986272  -0.0008039667   0.0002785146   0.0001737515   0.0002720045
       -0.0000183782   0.0000090498   0.0000769768  -0.0000902547  -0.0002357301
       -0.0000402941  -0.0000363886  -0.0000272844  -0.0000410808   0.0000004916
       -0.0000105323  -0.0000390551   0.0000103540   0.0000108901  -0.0000245786
       -0.0000219460  -0.0000305073  -0.0001286857   0.0000565098   0.0001473768
        0.0000200751  -0.0000058678   0.0000012342  -0.0009115586  -0.0002780971
        0.0004492063  -0.0001301623   0.0000325012  -0.0000551266  -0.0000273953
       -0.0000103191   0.0000011019  -0.0000140872  -0.0000116306  -0.0000157176
        0.0000280391   0.0000270573  -0.0001652863   0.0191243191  -0.0227493272
       -0.0293227274  -0.0801127921   0.0749386141   0.1118992779  -0.0046476173
        0.0047939782   0.0048018605   0.0000190913  -0.0000038342   0.0000362726
       -0.0000056548  -0.0000185515   0.0000150958   0.0000053083   0.0000233610
        0.0000291380   0.0000596661   0.0006248422   0.0003885241  -0.0004388052
        0.0004102066  -0.0062753233
       -0.0428543039  -0.0138151625   0.0078337632  -0.0087030055  -0.0296499980
        0.0078684587   0.0003555597  -0.0001362119   0.0002136931  -0.0058077452
       -0.0006781968  -0.0011057418  -0.0000235475   0.0001603760  -0.0001271565
        0.0001242467  -0.0009142382   0.0007059230   0.0000488703   0.0000379631
        0.0000271199   0.0002096417  -0.0000259907  -0.0001359061   0.0000386774
        0.0000054654  -0.0000467462  -0.0001330230  -0.0003325922   0.0001761485
        0.0000991509  -0.0000560907   0.0000576222   0.0022210689   0.0002126216
       -0.0005717781   0.0002219158   0.0000577463  -0.0000233082   0.0000233523
        0.0000740728   0.0000090471  -0.0006673828  -0.0005420744   0.0001412002
        0.0003335313   0.0002591449  -0.0002840848   0.0020355783   0.0065745461
       -0.0070721909   0.0013066819   0.0207444850  -0.0046476173   0.0503531804
        0.0190854481  -0.0035982931  -0.0000698166  -0.0000493703   0.0000151632
        0.0000367116   0.0000124041  -0.0000097958   0.0000084556   0.0000666293
        0.0000060092   0.0001335905  -0.0000563542   0.0000954132   0.0007086111
       -0.0010346226   0.0004730573
       -0.0155832925  -0.2365970933   0.0658326516  -0.0058732959  -0.0152852759
        0.0034010778   0.0000307367  -0.0002023168  -0.0002029037  -0.0029999999
       -0.0000032795  -0.0008922554   0.0001686006   0.0002410096  -0.0003072801
        0.0002166258  -0.0003628069   0.0003966552   0.0000012914  -0.0000163826
       -0.0000258144   0.0002345380   0.0000265161  -0.0000690789   0.0000375303
       -0.0000026023  -0.0000403369   0.0002880533  -0.0001332867   0.0002455972
        0.0000615234  -0.0000334879   0.0000098347   0.0009222111   0.0010167146
       -0.0001962358   0.0001573296   0.0000234751  -0.0000367035  -0.0001166919
        0.0000169337  -0.0000215643  -0.0004579077  -0.0003650766   0.0000224139
        0.0002023860  -0.0000175766  -0.0000414890   0.0020368881  -0.0000394137
        0.0118613633   0.0009087936  -0.0226820340   0.0047939782   0.0190854481
        0.2715809425  -0.0835414506   0.0000039246  -0.0000351638  -0.0000028629
        0.0000532978   0.0000291186  -0.0000094535   0.0000615941   0.0001242429
        0.0000204854  -0.0001747339   0.0002612430  -0.0000329838   0.0007351490
        0.0024556003  -0.0011636445
        0.0094214783   0.0639272191  -0.0593543608   0.0003757405  -0.0014376522
        0.0025108205  -0.0001111756  -0.0003754916   0.0000744780  -0.0005842306
        0.0000080115   0.0005164817  -0.0001667798  -0.0002116351  -0.0000886943
        0.0000341853  -0.0001049752   0.0000352549   0.0000015227   0.0000121434
        0.0000012055  -0.0000266063  -0.0000348717   0.0000111677  -0.0000219235
        0.0000128888  -0.0000309239  -0.0000081658  -0.0000491176  -0.0000325041
       -0.0000827288  -0.0000328384  -0.0000452239   0.0001690049   0.0000283348
       -0.0001968557  -0.0000622852   0.0000184238  -0.0000211090  -0.0000445789
        0.0000235036  -0.0000067600  -0.0001157933  -0.0000722922   0.0000297895
       -0.0000730098   0.0000416480   0.0000263799  -0.0047742846   0.0318405531
       -0.0371701691  -0.0004675681  -0.0114456742   0.0048018605  -0.0035982931
       -0.0835414506   0.0888246864   0.0000351064  -0.0000042732   0.0000076479
        0.0000014660  -0.0000387833   0.0000164169   0.0000228375   0.0000160216
       -0.0000119288   0.0000206888   0.0001388262  -0.0000622373   0.0000553932
        0.0012814814   0.0001645777
       -0.0000835954  -0.0000715066  -0.0000752670  -0.0004882430   0.0003620938
        0.0004354512  -0.0000924277  -0.0000251787  -0.0002533904  -0.0000368128
        0.0000001436  -0.0000593100  -0.0000292861   0.0000872366  -0.0000164809
        0.0000843823   0.0000744021   0.0001142581   0.0000060410   0.0000038837
        0.0000240733   0.0006572792   0.0002770406  -0.0007933717   0.0004240317
        0.0001600706  -0.0000346330  -0.0018103656   0.0015915468   0.0215766224
        0.0000793753   0.0025228424   0.0013175451   0.0035092190  -0.0001786536
        0.0002219132  -0.0260342424   0.0100202873  -0.0743610533  -0.0003663947
       -0.0000761624   0.0002091516  -0.0001183060  -0.0001676194   0.0000281868
        0.0000556845  -0.0002497864  -0.0000207657   0.0001832430   0.0000451361
        0.0000575346   0.0000920949  -0.0000699918   0.0000190913  -0.0000698166
        0.0000039246   0.0000351064   0.0246199796  -0.0144512514   0.0517676924
        0.0000095892  -0.0000182596  -0.0001963440   0.0000103826   0.0000190348
        0.0000108879  -0.0000307101   0.0000518248  -0.0000193191  -0.0005711018
        0.0000889421   0.0000124209
        0.0000682007   0.0000818722   0.0000158357  -0.0000076156   0.0001524864
       -0.0003723561  -0.0000031587   0.0000511555   0.0001066251   0.0001755604
       -0.0000080184   0.0000591067   0.0001104299  -0.0000464563   0.0000345184
        0.0001053225  -0.0004456114  -0.0001862541   0.0000031283   0.0000899005
        0.0001140837  -0.0005442089   0.0015066280  -0.0021501390   0.0002915561
       -0.0003431843   0.0005477590  -0.0043340903  -0.0069979743  -0.0311522118
        0.0030592253  -0.0022317993  -0.0019717301   0.0000998143   0.0005009787
        0.0013463241   0.0158965275  -0.0293175582  -0.0125418624   0.0001471898
        0.0000895558   0.0005890756  -0.0000108433   0.0002330736   0.0000543041
       -0.0002006263   0.0001583564   0.0001348778  -0.0001514977  -0.0001444927
        0.0000105691  -0.0000134325   0.0000043950  -0.0000038342  -0.0000493703
       -0.0000351638  -0.0000042732  -0.0144512514   0.0365145424   0.0456102727
       -0.0001424770  -0.0000403981  -0.0002331989  -0.0000800089   0.0000587257
        0.0000315932  -0.0000183921   0.0000008736  -0.0000281272   0.0000500182
        0.0001681132  -0.0000109583
       -0.0001193188   0.0000602198  -0.0002051345  -0.0000066202   0.0000084856
       -0.0003939142  -0.0002070534   0.0001669494   0.0003130133   0.0000871364
       -0.0000441588   0.0000207916   0.0000189508  -0.0000270610   0.0000706162
        0.0000880486   0.0000974499  -0.0002002520  -0.0000597011   0.0001766883
        0.0001694097  -0.0006634694  -0.0001580743   0.0019498460  -0.0000260610
       -0.0005190374   0.0003522562   0.0056311553  -0.0092597187  -0.0159780967
        0.0017622256  -0.0026047530  -0.0005795842  -0.0003858671   0.0001869029
        0.0006336076  -0.0576351452  -0.0344474128  -0.4007836672   0.0000530604
        0.0001336203   0.0001644678  -0.0000890891   0.0001840809   0.0001243693
       -0.0000956800   0.0002218629   0.0001140736   0.0000160614   0.0001338294
        0.0002663699  -0.0000589245   0.0000239649   0.0000362726   0.0000151632
       -0.0000028629   0.0000076479   0.0517676924   0.0456102727   0.4140934622
        0.0000310769   0.0000900337  -0.0001861801   0.0000110953   0.0000218953
       -0.0000645790  -0.0000148128  -0.0000136084  -0.0000296798  -0.0001199237
       -0.0000395686   0.0001048836
       -0.0001003391   0.0000292404  -0.0000040676   0.0001215317  -0.0001479625
        0.0001447193  -0.0000441464  -0.0000288836  -0.0000547975  -0.0000711208
       -0.0000105630  -0.0002180615  -0.0000183638  -0.0000589138   0.0000326495
        0.0001580981  -0.0016166534   0.0011911906  -0.0003937968  -0.0000194992
        0.0002181719  -0.0158716584  -0.0325283209   0.0096562622   0.0002483070
       -0.0005619878   0.0000727012  -0.0042617372  -0.0007640083  -0.0015677458
        0.0000473634   0.0000708877  -0.0000869900  -0.0015941745  -0.0017201183
        0.0002999890   0.0002235282   0.0004970130   0.0000139218  -0.0474800062
       -0.0577847995   0.0089294658   0.0009345547   0.0002101110   0.0000757179
        0.0002765652  -0.0000312602  -0.0001438348   0.0001048301   0.0000740456
        0.0000188015  -0.0000222630  -0.0000163605  -0.0000056548   0.0000367116
        0.0000532978   0.0000014660   0.0000095892  -0.0001424770   0.0000310769
        0.0671263428   0.0946235321  -0.0182592481   0.0004948560  -0.0001034665
       -0.0004149359   0.0001029730  -0.0000021596   0.0000632388  -0.0000276450
       -0.0000206936   0.0000059635
       -0.0000081554   0.0000265477   0.0000266616   0.0001367733  -0.0002198052
        0.0001725124  -0.0000447471   0.0000363273  -0.0000973166  -0.0002656469
       -0.0002414176  -0.0000009809  -0.0000272254   0.0000724226   0.0000192306
        0.0007504842   0.0010649976   0.0002587992   0.0001955325   0.0000360138
       -0.0000271725  -0.0077587027  -0.0053235008  -0.0018890082  -0.0003044557
        0.0003209267   0.0005253963  -0.0016453817  -0.0018711074   0.0002191969
        0.0001037107   0.0001923844  -0.0006040607  -0.0005116642  -0.0001453073
       -0.0001181620  -0.0002439867   0.0010613100   0.0000988898  -0.0834133124
       -0.3575999786   0.1221239991  -0.0015960181   0.0015039477  -0.0004362184
        0.0001078322   0.0000806681   0.0000180267  -0.0000625923   0.0000578260
       -0.0000826360  -0.0000400333  -0.0000045858  -0.0000185515   0.0000124041
        0.0000291186  -0.0000387833  -0.0000182596  -0.0000403981   0.0000900337
        0.0946235321   0.3611436225  -0.1200511566  -0.0000569241  -0.0000826794
       -0.0001920646   0.0000116695  -0.0000569898  -0.0000273188   0.0000551670
       -0.0000403432   0.0000306838
       -0.0000109026  -0.0000414524  -0.0000272510  -0.0001067062   0.0001537543
        0.0000156052   0.0000516285   0.0000255107  -0.0000364348   0.0001313485
        0.0000482392   0.0000350682  -0.0001173431  -0.0000200865  -0.0000474007
       -0.0002902722   0.0012618029   0.0009449358   0.0005524728   0.0001055651
       -0.0003765008  -0.0009093772  -0.0102858505   0.0012046141  -0.0010476581
       -0.0012839366   0.0012806388  -0.0005292160   0.0010737987   0.0002971541
        0.0000303721   0.0001110530   0.0001022244  -0.0000544794  -0.0002809611
        0.0001143215   0.0004482981   0.0000959308  -0.0002367013   0.0203561635
        0.1300669583  -0.0521281195  -0.0003858517  -0.0005831962  -0.0009413487
       -0.0000629627  -0.0000315783  -0.0001135886   0.0000254408  -0.0000022990
        0.0000176036   0.0000430175  -0.0000069068   0.0000150958  -0.0000097958
       -0.0000094535   0.0000164169  -0.0001963440  -0.0002331989  -0.0001861801
       -0.0182592481  -0.1200511566   0.0499418603   0.0004124060  -0.0000866768
        0.0001200896  -0.0000585555   0.0000018807  -0.0000069499  -0.0000124351
       -0.0000277407  -0.0000051531
       -0.0001096173  -0.0000516554   0.0000287170  -0.0000479868   0.0003932761
        0.0001315228   0.0000499140   0.0000206324  -0.0000303470   0.0011326422
       -0.0014225369   0.0000026478  -0.0002103958  -0.0004115830  -0.0000973729
        0.0064767324  -0.0048374914  -0.0059526584   0.0006617729   0.0004166612
        0.0004370684  -0.0007623540  -0.0004372212   0.0009062440   0.0000414428
       -0.0002475229  -0.0005356325   0.0001483648  -0.0000471793  -0.0001001203
        0.0000254502   0.0001023206  -0.0000706571   0.0002134770   0.0000232081
       -0.0001377126   0.0000207921  -0.0000869136  -0.0000747916   0.0006283733
        0.0001407207  -0.0003118538  -0.1925539370   0.1889740968   0.0916806347
        0.0019776696   0.0012665636  -0.0013140658   0.0001614104   0.0000525972
       -0.0000682067  -0.0000111197  -0.0000480145   0.0000053083   0.0000084556
        0.0000615941   0.0000228375   0.0000103826  -0.0000800089   0.0000110953
        0.0004948560  -0.0000569241   0.0004124060   0.1819402427  -0.1837158720
       -0.0849742644  -0.0001760728  -0.0000284939   0.0000287784  -0.0001204952
        0.0000197462   0.0000004229
       -0.0001524503   0.0000325181  -0.0000430998   0.0005836363  -0.0004781378
        0.0000983714  -0.0000368516   0.0000108294  -0.0000724917   0.0008821027
       -0.0002852113  -0.0010268022  -0.0001818782  -0.0004087622  -0.0001814370
        0.0153994840  -0.0285964540  -0.0038690904   0.0002174633   0.0002978089
       -0.0000980046  -0.0003028860  -0.0053779539   0.0025483275  -0.0001027995
        0.0002616120   0.0004739074   0.0012609144  -0.0009956632  -0.0002351848
       -0.0000195715  -0.0000714565  -0.0000386932  -0.0003706865   0.0004695448
       -0.0000065154  -0.0001282696  -0.0005846881   0.0001691322  -0.0008672315
        0.0003870275  -0.0001089648   0.1680627418  -0.2136450750  -0.0670668215
       -0.0007525075   0.0006864387  -0.0003476688   0.0001327362   0.0001835083
        0.0000200385  -0.0000707961  -0.0000245751   0.0000233610   0.0000666293
        0.0001242429   0.0000160216   0.0000190348   0.0000587257   0.0000218953
       -0.0001034665  -0.0000826794  -0.0000866768  -0.1837158720   0.2479678798
        0.0692648477   0.0002015717   0.0001526836   0.0005470975  -0.0000210474
       -0.0000821631  -0.0000015492
       -0.0000481857  -0.0000483314  -0.0000216106   0.0000717509  -0.0002997436
       -0.0000709066  -0.0000299864   0.0001195450  -0.0000732081   0.0009006544
        0.0001443494   0.0009103457  -0.0001444900  -0.0004494724  -0.0001741189
       -0.0127080182   0.0128403997   0.0035929820  -0.0006315576   0.0017440292
        0.0009521588   0.0012225139   0.0018665512  -0.0004715982   0.0001112538
       -0.0000479541   0.0001158000  -0.0000965241   0.0001982018   0.0004569092
       -0.0000312563  -0.0000088557   0.0000155328  -0.0002866483   0.0000012935
       -0.0000761815  -0.0000948400   0.0002049811   0.0000275435   0.0000492677
       -0.0002816527  -0.0002852638   0.0981244549  -0.0847400986  -0.0569241121
       -0.0005645634   0.0000704618  -0.0006441019   0.0000075028   0.0001152603
       -0.0000405924   0.0000107359   0.0000053519   0.0000291380   0.0000060092
        0.0000204854  -0.0000119288   0.0000108879   0.0000315932  -0.0000645790
       -0.0004149359  -0.0001920646   0.0001200896  -0.0849742644   0.0692648477
        0.0525436908  -0.0005304021  -0.0004647180   0.0001063372   0.0000406410
       -0.0000944600  -0.0000123255
        0.0001993422   0.0000810037  -0.0002675803  -0.0002066441   0.0010203885
       -0.0003679032   0.0000050955  -0.0001681433   0.0002825540  -0.0202187663
        0.0034265367  -0.0004760826   0.0006050857   0.0001023724  -0.0002927225
       -0.0038039325   0.0029206037   0.0015340957   0.0005724049   0.0000933482
        0.0007578391  -0.0007813797  -0.0004372212   0.0000672490  -0.0001260603
        0.0001038181   0.0000567342  -0.0005819989  -0.0000106428  -0.0003497696
        0.0000152906   0.0000080303   0.0001136761   0.0007370056  -0.0006867533
        0.0000833551   0.0001553725   0.0000155573   0.0000305758  -0.0004510611
        0.0003163521   0.0001429407   0.0007890320   0.0005542964   0.0000658363
       -0.3733721720  -0.0202896032  -0.1257260488  -0.0001469636  -0.0004399656
        0.0001660361   0.0004110067  -0.0001601903   0.0000596661   0.0001335905
       -0.0001747339   0.0000206888  -0.0000307101  -0.0000183921  -0.0000148128
        0.0001029730   0.0000116695  -0.0000585555  -0.0001760728   0.0002015717
       -0.0005304021   0.3962649409   0.0132368952   0.1247192608  -0.0000953788
        0.0002932019  -0.0000166302
        0.0001774090  -0.0005164570  -0.0000317429   0.0013374847   0.0000224521
        0.0002998416   0.0002050327  -0.0001805939   0.0002017495   0.0253060504
       -0.0008271497   0.0080715176   0.0003223430   0.0008354181  -0.0004916289
        0.0012443081  -0.0018311849  -0.0014050703   0.0000221558  -0.0000003752
        0.0001343207   0.0007314920   0.0001877909  -0.0000051350  -0.0000205670
        0.0000530648   0.0000462956   0.0003759850  -0.0002093727   0.0000069587
       -0.0000067878  -0.0000117866  -0.0000487883  -0.0002077090   0.0002725541
        0.0001004949  -0.0002430174   0.0001683154   0.0000896504   0.0001068984
       -0.0001168501  -0.0000185021  -0.0003378076   0.0000012991   0.0003687843
       -0.0412671924  -0.0280934800  -0.0331248573   0.0002894574   0.0003692420
       -0.0002558598  -0.0009567177  -0.0008098058   0.0006248422  -0.0000563542
        0.0002612430   0.0001388262   0.0000518248   0.0000008736  -0.0000136084
       -0.0000021596  -0.0000569898   0.0000018807  -0.0000284939   0.0001526836
       -0.0004647180   0.0132368952   0.0302720071   0.0258983795  -0.0002805298
        0.0000571020  -0.0001236309
       -0.0004630145   0.0000292897   0.0005924834  -0.0006163141  -0.0000566162
        0.0004852427  -0.0002755262   0.0001154247  -0.0002006200   0.0161765184
        0.0017458088   0.0020415177   0.0024803138  -0.0004834415   0.0017751712
        0.0020913638  -0.0028334440  -0.0004182692   0.0000483338  -0.0000491582
        0.0002774913   0.0004510229   0.0002148394   0.0003669176  -0.0000126043
        0.0000367908   0.0000054182  -0.0002116709  -0.0000574943  -0.0000135210
       -0.0000164308   0.0000495026   0.0000007018   0.0004346679   0.0001029170
       -0.0002471019   0.0000699276   0.0000789047   0.0000105117   0.0003587489
       -0.0000857231  -0.0000795459  -0.0003341085   0.0000045398  -0.0002449813
       -0.1460125473  -0.0262622399  -0.0662724134   0.0005038915   0.0005114714
       -0.0005534388   0.0005568708   0.0006911792   0.0003885241   0.0000954132
       -0.0000329838  -0.0000622373  -0.0000193191  -0.0000281272  -0.0000296798
        0.0000632388  -0.0000273188  -0.0000069499   0.0000287784   0.0005470975
        0.0001063372   0.1247192608   0.0258983795   0.0621212448  -0.0001168150
       -0.0001095981  -0.0000428034
        0.0049475023  -0.0082207399  -0.0014371331   0.0011521101  -0.0006970872
       -0.0010020506   0.0000121904   0.0000651835   0.0001319362  -0.0003742291
        0.0000216460  -0.0001018478   0.0000347212  -0.0002807787   0.0001404509
       -0.0001175496  -0.0002201539  -0.0000789857   0.0000279501  -0.0000060485
        0.0000166163  -0.0000094027   0.0000427029   0.0000906666  -0.0001734351
       -0.0001469048   0.0000151176  -0.0008342130   0.0001928128  -0.0003269686
        0.0000406441   0.0000265766   0.0001607300   0.0014687609   0.0000219327
        0.0015588351   0.0004942456  -0.0002450321  -0.0000968482   0.0002077152
        0.0000389052   0.0000473460   0.0001635558   0.0000895533  -0.0000449401
        0.0002728667   0.0000379016   0.0000530404  -0.1614102192   0.1762964797
        0.1082392738   0.0010187030  -0.0000257951  -0.0004388052   0.0007086111
        0.0007351490   0.0000553932  -0.0005711018   0.0000500182  -0.0001199237
       -0.0000276450   0.0000551670  -0.0000124351  -0.0001204952  -0.0000210474
        0.0000406410  -0.0000953788  -0.0002805298  -0.0001168150   0.1531840927
       -0.1675299111  -0.1067732940
       -0.0036711913  -0.0001404986  -0.0036752174   0.0011467019  -0.0000685005
       -0.0009487628   0.0001503687   0.0001188307   0.0002513147   0.0005447373
       -0.0005205271  -0.0004007304  -0.0004036378  -0.0008412077   0.0001008350
       -0.0001634801  -0.0002224680  -0.0000819499   0.0000370431   0.0000595211
        0.0000939564  -0.0001522260  -0.0000350795  -0.0000967175  -0.0001648553
        0.0000083043   0.0001285043  -0.0001985775   0.0002924041  -0.0002782970
        0.0000565285   0.0000386972   0.0001107873  -0.0006014958  -0.0003432519
        0.0006711962  -0.0000520884  -0.0001461007   0.0001209285   0.0002341975
        0.0001066168   0.0001162477   0.0000753491   0.0001943930   0.0001267663
       -0.0004711318   0.0004391940   0.0004974468   0.1719020126  -0.2001989487
       -0.1285915832  -0.0000849176   0.0016627729   0.0004102066  -0.0010346226
        0.0024556003   0.0012814814   0.0000889421   0.0001681132  -0.0000395686
       -0.0000206936  -0.0000403432  -0.0000277407   0.0000197462  -0.0000821631
       -0.0000944600   0.0002932019   0.0000571020  -0.0001095981  -0.1675299111
        0.1970375393   0.1304349544
        0.0192517104  -0.0222234449  -0.0261203746   0.0003616830  -0.0006320563
       -0.0003144420   0.0002325702   0.0001312468   0.0003322338   0.0003890684
       -0.0002680687   0.0000836773  -0.0000462026   0.0000307344   0.0003422937
       -0.0001172078  -0.0001377065  -0.0000424131   0.0000092748  -0.0000276443
        0.0000084232   0.0000473532   0.0000785577   0.0000788134   0.0000677416
        0.0000532882   0.0000812621  -0.0004654422   0.0001388770   0.0001445148
        0.0001344796   0.0000461361   0.0001083519  -0.0000180515   0.0004200815
        0.0001401060   0.0002711212   0.0000105112   0.0000152694   0.0001199491
        0.0000614666  -0.0000375779   0.0000596195   0.0001267940  -0.0000596978
       -0.0000468727   0.0002763718   0.0000719476   0.0872460254  -0.1069865906
       -0.1109465705  -0.0011987602  -0.0002644095  -0.0062753233   0.0004730573
       -0.0011636445   0.0001645777   0.0000124209  -0.0000109583   0.0001048836
        0.0000059635   0.0000306838  -0.0000051531   0.0000004229  -0.0000015492
       -0.0000123255  -0.0000166302  -0.0001236309  -0.0000428034  -0.1067732940
        0.1304349544   0.1421803267
