           1           2  0.970953073640310     
           2           3  0.956594006266035     
           2           4  0.967311323764233     
           4           5  0.957617061356252     
           4           6  0.961051883246190     
           6           7  0.954108141802937     
           6           8  0.973795791792955     
           8           9  0.957825013190961     
           8          10  0.954891774153205     
          10          11  0.948770723997067     
           2          12  0.953189922494230     
          10          12  0.973003880606829     
          10          13  0.996233981782710     
           8          14  0.998953025754432     
           6          15   1.00411621156981     
           4          16  0.998784146991162     
           1          17   1.01322474539323     
           1          18  0.971359452912311     
           1          19  0.965130178572595     
          13          20  0.837586394594420     
          14          21  0.842710591943690     
          15          22  0.847800641324242     
          16          23  0.852365903053699     
          17          24  0.838076259048272     
