           1           2   1.01091857590450     
           2           3  0.969644527847842     
           2           4  0.998124900127540     
           4           5   1.01079468173362     
           5           6  0.975638551811463     
           6           7  0.926573387190762     
           6           8  0.990783091267257     
           8           9   1.79676061944890     
           2          10  0.977602593231954     
           8          10   1.00356488508998     
           6          11  0.981154565867775     
          11          12   1.00928700516674     
          11          13   1.01011770490830     
           1          14  0.984780965901447     
           1          15  0.983641443414008     
           1          16  0.986142598277031     
           4          17  0.974291840285144     
           4          18  0.975138427649624     
           5          19  0.976223108708193     
           5          20  0.966801930548966     
          10          21  0.933593423513946     
          10          22  0.972567853344256     
          11          23  0.966710171441056     
          12          24  0.985835691079820     
          12          25  0.983752234429786     
          12          26  0.986127399174134     
          13          27  0.985846143265247     
          13          28  0.981847795844629     
          13          29  0.985879230223254     
