           1           2  0.975006785149043     
           2           3  0.957672091730363     
           2           4  0.957169821601700     
           4           5  0.957033489926637     
           4           6  0.971118629804212     
           6           7  0.957827683426267     
           6           8  0.961536057497228     
           8           9  0.953579474983534     
           8          10  0.951473240139083     
          10          11  0.949558739201285     
           2          12  0.960979850379044     
          10          12  0.949010993260083     
          10          13   1.03143038542673     
           8          14   1.00313072987033     
           6          15   1.00085839251028     
           4          16   1.00150236254132     
           1          17   1.01240537927228     
           1          18  0.966880850864307     
           1          19  0.967003064274046     
          13          20  0.832530812767704     
          14          21  0.840298582818569     
          15          22  0.852109541895199     
          16          23  0.849507870778508     
          17          24  0.855867092126281     
