           1           2  0.983367874483720     
           2           3  0.956827882331106     
           2           4  0.965044124723707     
           4           5  0.955651908351918     
           4           6  0.965132842321465     
           6           7  0.957669464936855     
           6           8  0.977490343162153     
           8           9  0.955925588602194     
           8          10  0.943720468321666     
          10          11  0.949078219253686     
           2          12  0.961451923579267     
          10          12  0.956305773103962     
          10          13   1.02223705420829     
           8          14   1.00288392117022     
           6          15   1.00159403981378     
           4          16   1.00414510485337     
           1          17   1.00298339353963     
           1          18  0.967990017166612     
           1          19  0.967525094871462     
          13          20  0.830649653511858     
          14          21  0.844689184354860     
          15          22  0.846456412683782     
          16          23  0.828773751078792     
          17          24  0.834048338828499     
