           1           2  0.976325446823128     
           2           3  0.956698197760667     
           2           4  0.958557734068127     
           4           5  0.956568007561584     
           4           6  0.970678346901878     
           6           7  0.953426242910892     
           6           8  0.969055702892344     
           8           9  0.957234152918622     
           8          10  0.953929583695057     
          10          11  0.943363474501748     
           2          12  0.960040117617364     
          10          12  0.955269905667108     
          10          13   1.02129815358416     
           8          14   1.00115969659952     
           6          15   1.00231747992092     
           4          16   1.00665967138175     
           1          17   1.01281298218270     
           1          18  0.967218259501124     
           1          19  0.966596612934103     
          13          20  0.823521847974744     
          14          21  0.844494399480344     
          15          22  0.845289996121221     
          16          23  0.853939971669287     
          17          24  0.854575289044613     
