           1           2   1.00856997377920     
           2           3  0.999440979566733     
           2           4   1.00938676612922     
           4           5   1.98376996036890     
           1           6  0.987324451527446     
           1           7  0.986702072006653     
           1           8  0.986607546118722     
           2           9  0.951893635947366     
           3          10  0.987752840259317     
           3          11  0.985882803215236     
           3          12  0.984641148651890     
           4          13  0.965650303465687     
           5          14  0.976752170140811     
           5          15  0.974119908330079     
