           1           2  0.975956395332158     
           2           3  0.956133228523892     
           2           4  0.967426708791715     
           4           5  0.959645148350983     
           4           6  0.966499900805667     
           6           7  0.955868914148012     
           6           8  0.962835237696139     
           8           9  0.956481069914559     
           8          10  0.956932839390185     
          10          11  0.947131524129951     
           2          12  0.954991708331711     
          10          12  0.952591727965556     
          10          13   1.01432681763729     
           8          14  0.999101483051566     
           6          15   1.01131859055520     
           4          16  0.993657502343205     
           1          17   1.00236334240814     
           1          18  0.968374128749595     
           1          19  0.968638395280793     
          13          20  0.827675516055760     
          14          21  0.848079759868911     
          15          22  0.818456014473875     
          16          23  0.842415953130273     
          17          24  0.853357541817198     
