$hessian                                                                        
        0.4661707289  -0.0089016280  -0.0004325584  -0.1973389608  -0.0586514230
       -0.0074082178  -0.0327747305  -0.0057218569  -0.0020347673  -0.0012214312
        0.0022104113  -0.0011173604   0.0006944601  -0.0004209504   0.0003037714
       -0.0797210780   0.0286050740  -0.0843417067  -0.0423019677   0.0024583540
       -0.0000460746  -0.1055590756   0.0445929974   0.0956638905  -0.0045442585
       -0.0038541247  -0.0003000821   0.0001691984   0.0003742116   0.0000042640
       -0.0012540314  -0.0004376383  -0.0000086142  -0.0008538183  -0.0003197627
       -0.0001539166  -0.0002233129  -0.0000990495   0.0000324396  -0.0010159821
        0.0002181040  -0.0000791764  -0.0002257405  -0.0000527187  -0.0000818910
       -0.0089016280   0.5271024408  -0.0028180088  -0.0580306439  -0.0940797105
       -0.0024317845   0.0094063005   0.0073749261   0.0001820987   0.0019161951
       -0.0005119418   0.0008127167  -0.0016818974  -0.0004028823  -0.0002830581
        0.0306525772  -0.0642622324   0.0598803675   0.0016866471  -0.2856820184
        0.0099308628   0.0471429976  -0.0741927358  -0.0646031687  -0.0268978456
       -0.0158758976  -0.0010689829   0.0002297449   0.0003052870   0.0000068889
        0.0004663426   0.0003555290   0.0001654822   0.0002154129   0.0002501349
       -0.0001127925   0.0003931504   0.0001819151  -0.0000445700   0.0030625989
       -0.0006900527   0.0002764908   0.0003400476   0.0001272386   0.0001074578
       -0.0004325584  -0.0028180088   0.4831842825  -0.0076637026  -0.0025429115
       -0.0579948138  -0.0028498345  -0.0009438367  -0.0021320486  -0.0011053070
        0.0008367816   0.0117308746   0.0003305785  -0.0001662358  -0.0027509035
       -0.0871303342   0.0586343295  -0.2128756966   0.0000206963   0.0100252135
       -0.0445477846   0.0984227772  -0.0635915286  -0.1766078667   0.0009463203
        0.0005972899   0.0013212284   0.0000067486   0.0000176813   0.0000040736
        0.0024206075   0.0008169477   0.0004660492  -0.0026626396  -0.0008708506
        0.0001607710   0.0001250734   0.0004034942   0.0001646045  -0.0002049187
        0.0000216075  -0.0002788059  -0.0002235069  -0.0004199732   0.0001560359
       -0.1973389608  -0.0580306439  -0.0076637026   0.7565987271  -0.1307182790
        0.0556474471  -0.4224841723   0.1942547799  -0.0406396905  -0.0390562388
        0.0074024055  -0.0034155550  -0.0046279981   0.0103999617  -0.0009749987
       -0.0227835215  -0.0041727822  -0.0060607323  -0.0000050722  -0.0055360289
        0.0003007483  -0.0268227041  -0.0050061542   0.0029172769  -0.0421414326
       -0.0042460455  -0.0003887919   0.0006942842   0.0020888907  -0.0000490801
       -0.0018052575  -0.0009692286   0.0005561972  -0.0018900118  -0.0010681455
       -0.0007014965   0.0008310235  -0.0016801733   0.0011605884  -0.0001240054
       -0.0011821813   0.0000758910   0.0009553403  -0.0015363753  -0.0007641011
       -0.0586514230  -0.0940797105  -0.0025429115  -0.1307182790   0.5995378782
       -0.0360235260   0.1976889651  -0.1877205234   0.0236727419  -0.0086651402
        0.0045308325  -0.0008989546   0.0270215101  -0.0234343656   0.0033937559
        0.0068331285   0.0038973169   0.0003116198  -0.0285850862  -0.0164700625
       -0.0012769428   0.0086868416   0.0046580451   0.0005531554  -0.0066419655
       -0.2847776035   0.0131073596  -0.0025211682   0.0011735027  -0.0002708664
       -0.0029606515  -0.0006901306  -0.0007052717  -0.0028731214  -0.0005877354
        0.0003136891   0.0005444025  -0.0036465350   0.0000768604   0.0002631061
        0.0014481806  -0.0000692950   0.0005788813  -0.0038390895   0.0003585858
       -0.0074082178  -0.0024317845  -0.0579948138   0.0556474471  -0.0360235260
        0.1264662288  -0.0407784807   0.0233922868  -0.0344800262  -0.0025291245
        0.0003192115  -0.0000277156  -0.0018812419   0.0021031180   0.0001168514
       -0.0251931506  -0.0088283713  -0.0009085399   0.0011701074   0.0003622500
        0.0003696224   0.0208320617   0.0079130517   0.0023781925  -0.0003001434
        0.0132707750  -0.0341967172   0.0002059788   0.0000880732  -0.0002049446
       -0.0014817873  -0.0004648375  -0.0003309255   0.0015543272   0.0003460058
       -0.0002911105  -0.0004027914   0.0013608642  -0.0004400445  -0.0000025799
       -0.0001694404  -0.0000732717   0.0005675951  -0.0012376764  -0.0003827856
       -0.0327747305   0.0094063005  -0.0028498345  -0.4224841723   0.1976889651
       -0.0407784807   0.7491898067  -0.1517325341   0.0537496409  -0.1725732224
       -0.0666942665  -0.0050004951  -0.0666000701   0.0129172741  -0.0010730184
       -0.0012607954  -0.0008719292   0.0009737876   0.0018337404   0.0012710753
        0.0000811259  -0.0013172770  -0.0009575859  -0.0010486413  -0.0032241138
        0.0043623345  -0.0004067064   0.0027689354  -0.0010545632   0.0002592740
       -0.0213503820  -0.0065640574  -0.0059522631  -0.0253693402  -0.0077857973
        0.0032034997  -0.0035165519   0.0163426429  -0.0036759463   0.0012919993
       -0.0271483651   0.0015820322  -0.0046138263   0.0208205063   0.0009360254
       -0.0057218569   0.0073749261  -0.0009438367   0.1942547799  -0.1877205234
        0.0233922868  -0.1517325341   0.5830250705  -0.0351034810  -0.0633558139
       -0.1031373823  -0.0024904793   0.0123075556  -0.2117460231   0.0091115999
       -0.0033997980  -0.0005743044  -0.0011291073  -0.0004094976  -0.0001334275
       -0.0000305485  -0.0032944583  -0.0004535884   0.0006523803   0.0267905048
       -0.0253028677   0.0033626616  -0.0245923713  -0.0209080962  -0.0007279263
        0.0031136554   0.0035608259  -0.0002591226   0.0052751221   0.0047410802
        0.0005018288   0.0066943772  -0.0142309899   0.0055105957  -0.0037469197
       -0.0171950941   0.0006677582   0.0078172550  -0.0172996057  -0.0025146097
       -0.0020347673   0.0001820987  -0.0021320486  -0.0406396905   0.0236727419
       -0.0344800262   0.0537496409  -0.0351034810   0.1607783032  -0.0051449306
       -0.0027313738  -0.0601201319  -0.0010726282   0.0092574123  -0.0620903803
       -0.0021111956  -0.0005624517  -0.0005934877   0.0001590670   0.0001209214
       -0.0000550628   0.0023577107   0.0004537376  -0.0005618337  -0.0016270227
        0.0016586558  -0.0011848636   0.0014394781   0.0010102883   0.0002129510
       -0.0240146895  -0.0121089258  -0.0013086962   0.0200731931   0.0106493356
        0.0014865674  -0.0047179275   0.0274049956  -0.0021413224   0.0003373264
       -0.0013595621   0.0001137076   0.0032464357  -0.0225443927   0.0020763242
       -0.0012214312   0.0019161951  -0.0011053070  -0.0390562388  -0.0086651402
       -0.0025291245  -0.1725732224  -0.0633558139  -0.0051449306   0.4713141877
       -0.0245117194   0.0002354157  -0.0014842228  -0.0044477450   0.0000996477
       -0.0013028610  -0.0003994425  -0.0000705137  -0.0001181158   0.0001538405
       -0.0000190517  -0.0008993730  -0.0002680655  -0.0000955468   0.0005911787
       -0.0021342376   0.0005365966  -0.0492391581   0.0382907859  -0.0023068926
       -0.0888106847   0.0223576171  -0.0932035569  -0.1185786664   0.0392863423
        0.1037756933   0.0002644081   0.0005675321   0.0001478721   0.0007704540
        0.0006475219  -0.0000738113   0.0003437456   0.0005623292  -0.0002464904
        0.0022104113  -0.0005119418   0.0008367816   0.0074024055   0.0045308325
        0.0003192115  -0.0666942665  -0.1031373823  -0.0027313738  -0.0245117194
        0.5185613105  -0.0035499090  -0.0237373326  -0.0222828737  -0.0006127152
        0.0004261133   0.0001580560   0.0001015114   0.0002170526   0.0000772665
        0.0000187054   0.0001538695   0.0000561326  -0.0000357083   0.0028004070
        0.0018180883  -0.0001474735   0.0382131451  -0.2764238975   0.0145693074
        0.0242522270  -0.0539762636   0.0429867260   0.0416716861  -0.0635330135
       -0.0520023341  -0.0009552542   0.0005031675  -0.0006657836  -0.0003350020
       -0.0064220810   0.0003954299  -0.0011137427   0.0005825997   0.0005176244
       -0.0011173604   0.0008127167   0.0117308746  -0.0034155550  -0.0008989546
       -0.0000277156  -0.0050004951  -0.0024904793  -0.0601201319   0.0002354157
       -0.0035499090   0.4873497205   0.0011814352   0.0008991587   0.0003029332
        0.0024013548   0.0008318601   0.0004336492   0.0000080837   0.0000127899
        0.0000500404  -0.0026793082  -0.0008781500   0.0001416042   0.0002738549
       -0.0005301207  -0.0048753762  -0.0022926908   0.0145819735  -0.0455146864
       -0.0961751160   0.0417459339  -0.2155549476   0.1065602175  -0.0510587658
       -0.1761127874   0.0003275714   0.0001115254   0.0006229652  -0.0000368764
        0.0004461946   0.0010830591  -0.0002705313  -0.0000357735   0.0004907987
        0.0006944601  -0.0016818974   0.0003305785  -0.0046279981   0.0270215101
       -0.0018812419  -0.0666000701   0.0123075556  -0.0010726282  -0.0014842228
       -0.0237373326   0.0011814352   0.5246190164   0.0229264131   0.0016945707
       -0.0000410612   0.0004497610   0.0000922954  -0.0020202261   0.0022651200
       -0.0002525533  -0.0000531009   0.0004063004  -0.0001371915  -0.0033064525
        0.0030037864  -0.0013627017  -0.0039332216  -0.0041956408  -0.0001536914
        0.0005854698  -0.0006423210   0.0006224290   0.0006576613  -0.0007497425
       -0.0005204340  -0.0888720393   0.0224315845  -0.0910406241  -0.2330955849
       -0.1019114770  -0.0105496394  -0.1225226302   0.0421063805   0.1030493967
       -0.0004209504  -0.0004028823  -0.0001662358   0.0103999617  -0.0234343656
        0.0021031180   0.0129172741  -0.2117460231   0.0092574123  -0.0044477450
       -0.0222828737   0.0008991587   0.0229264131   0.4687889740   0.0029607683
        0.0000002230  -0.0000450309  -0.0000502741  -0.0004206787   0.0004324888
       -0.0000751919   0.0000187149   0.0000034317   0.0000452885   0.0017522739
        0.0000045991   0.0008196747  -0.0027461350  -0.0017216178  -0.0000544171
        0.0008176395   0.0001007123   0.0002299382   0.0008243824   0.0001126654
       -0.0000760104   0.0203007538  -0.0511590545   0.0449005038  -0.1015597729
       -0.0961516862  -0.0058133609   0.0396376455  -0.0624993371  -0.0549803724
        0.0003037714  -0.0002830581  -0.0027509035  -0.0009749987   0.0033937559
        0.0001168514  -0.0010730184   0.0091115999  -0.0620903803   0.0000996477
       -0.0006127152   0.0003029332   0.0016945707   0.0029607683   0.4859686007
       -0.0002310437  -0.0001198867   0.0000500258  -0.0001255005   0.0001331214
       -0.0003741481   0.0002212547   0.0002088445   0.0000446881  -0.0012847461
        0.0008876659   0.0120472948  -0.0002485350  -0.0001764720   0.0011792595
        0.0000549408  -0.0002818547   0.0005688809  -0.0001209369   0.0002193330
        0.0004337448  -0.0916636603   0.0479041922  -0.2179448592  -0.0105789223
       -0.0058442828  -0.0443287222   0.1039271766  -0.0575010115  -0.1732232659
       -0.0797210780   0.0306525772  -0.0871303342  -0.0227835215   0.0068331285
       -0.0251931506  -0.0012607954  -0.0033997980  -0.0021111956  -0.0013028610
        0.0004261133   0.0024013548  -0.0000410612   0.0000002230  -0.0002310437
        0.0983772006  -0.0331092474   0.1000455194  -0.0002972410   0.0021850449
       -0.0024932371   0.0069061538  -0.0039306585   0.0144490332   0.0004627830
        0.0003895567   0.0001865592   0.0000440101   0.0000220936  -0.0000558089
        0.0003430498   0.0000654809   0.0000408724  -0.0007940158  -0.0002626927
        0.0001175993   0.0000282930   0.0000239496   0.0000238860   0.0000427642
        0.0000194657  -0.0001429291  -0.0000036806   0.0000847631   0.0000928747
        0.0286050740  -0.0642622324   0.0586343295  -0.0041727822   0.0038973169
       -0.0088283713  -0.0008719292  -0.0005743044  -0.0005624517  -0.0003994425
        0.0001580560   0.0008318601   0.0004497610  -0.0000450309  -0.0001198867
       -0.0331092474   0.0705770588  -0.0691720801   0.0138404994  -0.0141334944
        0.0296601512  -0.0036387659   0.0037653494  -0.0104024838  -0.0003432463
        0.0003067459  -0.0001984715  -0.0000020695   0.0000199496  -0.0000143348
        0.0000567577  -0.0000193435  -0.0000090223  -0.0002666581  -0.0000760938
        0.0000527988   0.0001543244   0.0001205182  -0.0000578443  -0.0001948595
        0.0001938581   0.0001474974  -0.0001074157   0.0000716464   0.0000383094
       -0.0843417067   0.0598803675  -0.2128756966  -0.0060607323   0.0003116198
       -0.0009085399   0.0009737876  -0.0011291073  -0.0005934877  -0.0000705137
        0.0001015114   0.0004336492   0.0000922954  -0.0000502741   0.0000500258
        0.1000455194  -0.0691720801   0.2469404242  -0.0015520425   0.0031157233
       -0.0034378309  -0.0089077612   0.0071193112  -0.0298587324   0.0000843830
       -0.0001554617   0.0003411731  -0.0000255637  -0.0000759602  -0.0000238121
        0.0000426318  -0.0000056861  -0.0000632108  -0.0002002517  -0.0000464993
        0.0000887672   0.0000507198   0.0000194533  -0.0000312221  -0.0001071588
        0.0000240252  -0.0001465570  -0.0000236064   0.0000630571   0.0000850502
       -0.0423019677   0.0016866471   0.0000206963  -0.0000050722  -0.0285850862
        0.0011701074   0.0018337404  -0.0004094976   0.0001590670  -0.0001181158
        0.0002170526   0.0000080837  -0.0020202261  -0.0004206787  -0.0001255005
       -0.0002972410   0.0138404994  -0.0015520425   0.0505226880  -0.0036508562
        0.0005221509  -0.0008011567   0.0179015029   0.0004560934  -0.0053494774
       -0.0035085685  -0.0003368702   0.0001323752   0.0000934298   0.0000058475
        0.0000194150   0.0000221985  -0.0000412710  -0.0000045710   0.0000222331
        0.0000439582   0.0002419716   0.0000920709  -0.0000581786  -0.0020245575
        0.0025952998  -0.0003767085   0.0001721952   0.0001037532   0.0001045669
        0.0024583540  -0.2856820184   0.0100252135  -0.0055360289  -0.0164700625
        0.0003622500   0.0012710753  -0.0001334275   0.0001209214   0.0001538405
        0.0000772665   0.0000127899   0.0022651200   0.0004324888   0.0001331214
        0.0021850449  -0.0141334944   0.0031157233  -0.0036508562   0.3330689400
       -0.0120499569   0.0027467534  -0.0166547085  -0.0016790047  -0.0029964041
       -0.0009010069  -0.0001414174   0.0000424029   0.0000151254  -0.0000004896
        0.0000162151   0.0000344074  -0.0000723396   0.0000038833   0.0000449673
        0.0000683613  -0.0001310685   0.0000173992   0.0000761667   0.0012341054
        0.0002786755   0.0001360105  -0.0000624372   0.0000054481  -0.0001073495
       -0.0000460746   0.0099308628  -0.0445477846   0.0003007483  -0.0012769428
        0.0003696224   0.0000811259  -0.0000305485  -0.0000550628  -0.0000190517
        0.0000187054   0.0000500404  -0.0002525533  -0.0000751919  -0.0003741481
       -0.0024932371   0.0296601512  -0.0034378309   0.0005221509  -0.0120499569
        0.0463133078   0.0024880348  -0.0263328874  -0.0004490933  -0.0003375170
       -0.0001175111   0.0014741546   0.0000091185   0.0000050983  -0.0000092816
       -0.0000271733  -0.0000266135  -0.0000202312   0.0000262118   0.0000251234
       -0.0000125007  -0.0001991521   0.0000767459  -0.0001497187  -0.0003143777
        0.0002585751   0.0009256268   0.0002617468  -0.0000656100  -0.0000771001
       -0.1055590756   0.0471429976   0.0984227772  -0.0268227041   0.0086868416
        0.0208320617  -0.0013172770  -0.0032944583   0.0023577107  -0.0008993730
        0.0001538695  -0.0026793082  -0.0000531009   0.0000187149   0.0002212547
        0.0069061538  -0.0036387659  -0.0089077612  -0.0008011567   0.0027467534
        0.0024880348   0.1284478643  -0.0520813666  -0.1124274727   0.0004656094
        0.0003071632  -0.0002030345   0.0000268458   0.0000123162   0.0000614844
       -0.0007959056  -0.0002871950  -0.0002263925   0.0003534835   0.0000665291
        0.0000197369   0.0000034297   0.0000847912  -0.0001144826   0.0000062137
        0.0000512113   0.0001659668   0.0000389927   0.0000305978  -0.0000105756
        0.0445929974  -0.0741927358  -0.0635915286  -0.0050061542   0.0046580451
        0.0079130517  -0.0009575859  -0.0004535884   0.0004537376  -0.0002680655
        0.0000561326  -0.0008781500   0.0004063004   0.0000034317   0.0002088445
       -0.0039306585   0.0037653494   0.0071193112   0.0179015029  -0.0166547085
       -0.0263328874  -0.0520813666   0.0822587628   0.0752826432  -0.0003327288
        0.0002857943   0.0000779075  -0.0000028580   0.0000227544   0.0000108988
       -0.0002434532  -0.0000778387  -0.0000753196   0.0000569606  -0.0000162886
        0.0000142598  -0.0000983325   0.0000542834  -0.0000516139  -0.0001732802
        0.0001670242  -0.0002148623   0.0001367220   0.0001235822   0.0000637077
        0.0956638905  -0.0646031687  -0.1766078667   0.0029172769   0.0005531554
        0.0023781925  -0.0010486413   0.0006523803  -0.0005618337  -0.0000955468
       -0.0000357083   0.0001416042  -0.0001371915   0.0000452885   0.0000446881
        0.0144490332  -0.0104024838  -0.0298587324   0.0004560934  -0.0016790047
       -0.0004490933  -0.1124274727   0.0752826432   0.2047153595  -0.0000244677
        0.0002066496   0.0002520356   0.0000339570   0.0000721030  -0.0000183835
        0.0000906405   0.0000233612   0.0000842170   0.0000142732   0.0000119769
       -0.0000681718   0.0000195518  -0.0000468924   0.0000786165   0.0001432454
       -0.0000487169  -0.0000857149  -0.0000546419  -0.0000315834  -0.0000449170
       -0.0045442585  -0.0268978456   0.0009463203  -0.0421414326  -0.0066419655
       -0.0003001434  -0.0032241138   0.0267905048  -0.0016270227   0.0005911787
        0.0028004070   0.0002738549  -0.0033064525   0.0017522739  -0.0012847461
        0.0004627830  -0.0003432463   0.0000843830  -0.0053494774  -0.0029964041
       -0.0003375170   0.0004656094  -0.0003327288  -0.0000244677   0.0589015455
        0.0053524252   0.0024689379  -0.0013574265  -0.0005944692  -0.0000840507
        0.0000529945  -0.0000803109   0.0000472195  -0.0000778866  -0.0001029538
       -0.0000252845  -0.0001929903   0.0010012654  -0.0000825440  -0.0001465783
       -0.0003218617   0.0000054927  -0.0001334946   0.0006149095  -0.0000604323
       -0.0038541247  -0.0158758976   0.0005972899  -0.0042460455  -0.2847776035
        0.0132707750   0.0043623345  -0.0253028677   0.0016586558  -0.0021342376
        0.0018180883  -0.0005301207   0.0030037864   0.0000045991   0.0008876659
        0.0003895567   0.0003067459  -0.0001554617  -0.0035085685  -0.0009010069
       -0.0001175111   0.0003071632   0.0002857943   0.0002066496   0.0053524252
        0.3251154137  -0.0158979374   0.0005047289   0.0007856870   0.0000052789
       -0.0002707284  -0.0000587808  -0.0001153613  -0.0001819962  -0.0000363909
        0.0000702782   0.0001807992  -0.0009786986   0.0001089062  -0.0000493992
        0.0003276480  -0.0000208665   0.0001443060  -0.0007127302   0.0000317593
       -0.0003000821  -0.0010689829   0.0013212284  -0.0003887919   0.0131073596
       -0.0341967172  -0.0004067064   0.0033626616  -0.0011848636   0.0005365966
       -0.0001474735  -0.0048753762  -0.0013627017   0.0008196747   0.0120472948
        0.0001865592  -0.0001984715   0.0003411731  -0.0003368702  -0.0001414174
        0.0014741546  -0.0002030345   0.0000779075   0.0002520356   0.0024689379
       -0.0158979374   0.0245384881  -0.0001416670  -0.0000872621   0.0000728451
       -0.0008534865  -0.0001539683  -0.0001289554   0.0008912034   0.0001377769
       -0.0000291602   0.0003676979  -0.0024995727   0.0003523469  -0.0000197629
       -0.0000281067   0.0000031738  -0.0004378917   0.0027178123   0.0000123323
        0.0001691984   0.0002297449   0.0000067486   0.0006942842  -0.0025211682
        0.0002059788   0.0027689354  -0.0245923713   0.0014394781  -0.0492391581
        0.0382131451  -0.0022926908  -0.0039332216  -0.0027461350  -0.0002485350
        0.0000440101  -0.0000020695  -0.0000255637   0.0001323752   0.0000424029
        0.0000091185   0.0000268458  -0.0000028580   0.0000339570  -0.0013574265
        0.0005047289  -0.0001416670   0.0578938584  -0.0429973653   0.0029999522
       -0.0028391081   0.0155662195  -0.0023878040  -0.0039999895   0.0197513821
        0.0003741204  -0.0001609244   0.0000744606   0.0000052051  -0.0000448136
       -0.0015663716   0.0000650656  -0.0001548656   0.0000462549  -0.0000433640
        0.0003742116   0.0003052870   0.0000176813   0.0020888907   0.0011735027
        0.0000880732  -0.0010545632  -0.0209080962   0.0010102883   0.0382907859
       -0.2764238975   0.0145819735  -0.0041956408  -0.0017216178  -0.0001764720
        0.0000220936   0.0000199496  -0.0000759602   0.0000934298   0.0000151254
        0.0000050983   0.0000123162   0.0000227544   0.0000721030  -0.0005944692
        0.0007856870  -0.0000872621  -0.0429973653   0.3219936786  -0.0171250515
        0.0035703638  -0.0107197476   0.0029996978   0.0045569328  -0.0137108613
       -0.0013665598  -0.0000201842   0.0002707733  -0.0002192397  -0.0000864774
       -0.0014269147   0.0000909583  -0.0000603243   0.0003243772   0.0001846715
        0.0000042640   0.0000068889   0.0000040736  -0.0000490801  -0.0002708664
       -0.0002049446   0.0002592740  -0.0007279263   0.0002129510  -0.0023068926
        0.0145693074  -0.0455146864  -0.0001536914  -0.0000544171   0.0011792595
       -0.0000558089  -0.0000143348  -0.0000238121   0.0000058475  -0.0000004896
       -0.0000092816   0.0000614844   0.0000108988  -0.0000183835  -0.0000840507
        0.0000052789   0.0000728451   0.0029999522  -0.0171250515   0.0479023493
       -0.0066402063   0.0290209840  -0.0040297697   0.0060065863  -0.0253682234
        0.0001091563   0.0000113339  -0.0002111386   0.0000599388  -0.0000198271
       -0.0000240777   0.0002615482  -0.0000391854   0.0001831676  -0.0000012439
       -0.0012540314   0.0004663426   0.0024206075  -0.0018052575  -0.0029606515
       -0.0014817873  -0.0213503820   0.0031136554  -0.0240146895  -0.0888106847
        0.0242522270  -0.0961751160   0.0005854698   0.0008176395   0.0000549408
        0.0003430498   0.0000567577   0.0000426318   0.0000194150   0.0000162151
       -0.0000271733  -0.0007959056  -0.0002434532   0.0000906405   0.0000529945
       -0.0002707284  -0.0008534865  -0.0028391081   0.0035703638  -0.0066402063
        0.1077050555  -0.0254858748   0.1103487531   0.0080199512  -0.0029896148
        0.0158129802   0.0000300661  -0.0005695455   0.0002275835   0.0001193380
        0.0002344313   0.0001640178  -0.0000199708  -0.0000077643   0.0000303038
       -0.0004376383   0.0003555290   0.0008169477  -0.0009692286  -0.0006901306
       -0.0004648375  -0.0065640574   0.0035608259  -0.0121089258   0.0223576171
       -0.0539762636   0.0417459339  -0.0006423210   0.0001007123  -0.0002818547
        0.0000654809  -0.0000193435  -0.0000056861   0.0000221985   0.0000344074
       -0.0000266135  -0.0002871950  -0.0000778387   0.0000233612  -0.0000803109
       -0.0000587808  -0.0001539683   0.0155662195  -0.0107197476   0.0290209840
       -0.0254858748   0.0595157798  -0.0499930943  -0.0032535881   0.0026862988
       -0.0088727017  -0.0004049442  -0.0006601827   0.0002726598   0.0001613529
        0.0000221898   0.0001164522  -0.0000477106  -0.0000734554  -0.0000886568
       -0.0000086142   0.0001654822   0.0004660492   0.0005561972  -0.0007052717
       -0.0003309255  -0.0059522631  -0.0002591226  -0.0013086962  -0.0932035569
        0.0429867260  -0.2155549476   0.0006224290   0.0002299382   0.0005688809
        0.0000408724  -0.0000090223  -0.0000632108  -0.0000412710  -0.0000723396
       -0.0000202312  -0.0002263925  -0.0000753196   0.0000842170   0.0000472195
       -0.0001153613  -0.0001289554  -0.0023878040   0.0029996978  -0.0040297697
        0.1103487531  -0.0499930943   0.2498858294  -0.0098713269   0.0051130473
       -0.0296263869  -0.0000855127  -0.0003007380   0.0003980750   0.0001876748
        0.0001007150   0.0000404024  -0.0000264047  -0.0000653370  -0.0003803306
       -0.0008538183   0.0002154129  -0.0026626396  -0.0018900118  -0.0028731214
        0.0015543272  -0.0253693402   0.0052751221   0.0200731931  -0.1185786664
        0.0416716861   0.1065602175   0.0006576613   0.0008243824  -0.0001209369
       -0.0007940158  -0.0002666581  -0.0002002517  -0.0000045710   0.0000038833
        0.0000262118   0.0003534835   0.0000569606   0.0000142732  -0.0000778866
       -0.0001819962   0.0008912034  -0.0039999895   0.0045569328   0.0060065863
        0.0080199512  -0.0032535881  -0.0098713269   0.1423196398  -0.0456020182
       -0.1219175611  -0.0000252805  -0.0000090420   0.0000193610   0.0001719856
        0.0002214468  -0.0001652107   0.0000708585  -0.0006394030  -0.0002074464
       -0.0003197627   0.0002501349  -0.0008708506  -0.0010681455  -0.0005877354
        0.0003460058  -0.0077857973   0.0047410802   0.0106493356   0.0392863423
       -0.0635330135  -0.0510587658  -0.0007497425   0.0001126654   0.0002193330
       -0.0002626927  -0.0000760938  -0.0000464993   0.0000222331   0.0000449673
        0.0000251234   0.0000665291  -0.0000162886   0.0000119769  -0.0001029538
       -0.0000363909   0.0001377769   0.0197513821  -0.0137108613  -0.0253682234
       -0.0029896148   0.0026862988   0.0051130473  -0.0456020182   0.0708523333
        0.0611111653  -0.0000524048  -0.0000607262   0.0000348248   0.0001599374
       -0.0000004213  -0.0000956822  -0.0003532917  -0.0006659490  -0.0002085677
       -0.0001539166  -0.0001127925   0.0001607710  -0.0007014965   0.0003136891
       -0.0002911105   0.0032034997   0.0005018288   0.0014865674   0.1037756933
       -0.0520023341  -0.1761127874  -0.0005204340  -0.0000760104   0.0004337448
        0.0001175993   0.0000527988   0.0000887672   0.0000439582   0.0000683613
       -0.0000125007   0.0000197369   0.0000142598  -0.0000681718  -0.0000252845
        0.0000702782  -0.0000291602   0.0003741204  -0.0013665598   0.0001091563
        0.0158129802  -0.0088727017  -0.0296263869  -0.1219175611   0.0611111653
        0.2038476997   0.0000845859   0.0000189112  -0.0003707473  -0.0001845917
       -0.0000621716   0.0000090291   0.0000711105   0.0003412775   0.0003751295
       -0.0002233129   0.0003931504   0.0001250734   0.0008310235   0.0005444025
       -0.0004027914  -0.0035165519   0.0066943772  -0.0047179275   0.0002644081
       -0.0009552542   0.0003275714  -0.0888720393   0.0203007538  -0.0916636603
        0.0000282930   0.0001543244   0.0000507198   0.0002419716  -0.0001310685
       -0.0001991521   0.0000034297  -0.0000983325   0.0000195518  -0.0001929903
        0.0001807992   0.0003676979  -0.0001609244  -0.0000201842   0.0000113339
        0.0000300661  -0.0004049442  -0.0000855127  -0.0000252805  -0.0000524048
        0.0000845859   0.1011332717  -0.0275606845   0.1069896395  -0.0171980018
        0.0041374104  -0.0275307986   0.0076566373  -0.0031823451   0.0166236689
       -0.0000990495   0.0001819151   0.0004034942  -0.0016801733  -0.0036465350
        0.0013608642   0.0163426429  -0.0142309899   0.0274049956   0.0005675321
        0.0005031675   0.0001115254   0.0224315845  -0.0511590545   0.0479041922
        0.0000239496   0.0001205182   0.0000194533   0.0000920709   0.0000173992
        0.0000767459   0.0000847912   0.0000542834  -0.0000468924   0.0010012654
       -0.0009786986  -0.0024995727   0.0000744606   0.0002707733  -0.0002111386
       -0.0005695455  -0.0006601827  -0.0003007380  -0.0000090420  -0.0000607262
        0.0000189112  -0.0275606845   0.0633340734  -0.0538809560  -0.0071329435
        0.0032197663  -0.0121745690  -0.0035668590   0.0030342905  -0.0081863152
        0.0000324396  -0.0000445700   0.0001646045   0.0011605884   0.0000768604
       -0.0004400445  -0.0036759463   0.0055105957  -0.0021413224   0.0001478721
       -0.0006657836   0.0006229652  -0.0910406241   0.0449005038  -0.2179448592
        0.0000238860  -0.0000578443  -0.0000312221  -0.0000581786   0.0000761667
       -0.0001497187  -0.0001144826  -0.0000516139   0.0000786165  -0.0000825440
        0.0001089062   0.0003523469   0.0000052051  -0.0002192397   0.0000599388
        0.0002275835   0.0002726598   0.0003980750   0.0000193610   0.0000348248
       -0.0003707473   0.1069896395  -0.0538809560   0.2526265257  -0.0037572907
       -0.0001091284  -0.0038215448  -0.0098775088   0.0040486186  -0.0294036134
       -0.0010159821   0.0030625989  -0.0002049187  -0.0001240054   0.0002631061
       -0.0000025799   0.0012919993  -0.0037469197   0.0003373264   0.0007704540
       -0.0003350020  -0.0000368764  -0.2330955849  -0.1015597729  -0.0105789223
        0.0000427642  -0.0001948595  -0.0001071588  -0.0020245575   0.0012341054
       -0.0003143777   0.0000062137  -0.0001732802   0.0001432454  -0.0001465783
       -0.0000493992  -0.0000197629  -0.0000448136  -0.0000864774  -0.0000198271
        0.0001193380   0.0001613529   0.0001876748   0.0001719856   0.0001599374
       -0.0001845917  -0.0171980018  -0.0071329435  -0.0037572907   0.2732612704
        0.1171078822   0.0129601374  -0.0220145017  -0.0087103285   0.0015979223
        0.0002181040  -0.0006900527   0.0000216075  -0.0011821813   0.0014481806
       -0.0001694404  -0.0271483651  -0.0171950941  -0.0013595621   0.0006475219
       -0.0064220810   0.0004461946  -0.1019114770  -0.0961516862  -0.0058442828
        0.0000194657   0.0001938581   0.0000240252   0.0025952998   0.0002786755
        0.0002585751   0.0000512113   0.0001670242  -0.0000487169  -0.0003218617
        0.0003276480  -0.0000281067  -0.0015663716  -0.0014269147  -0.0000240777
        0.0002344313   0.0000221898   0.0001007150   0.0002214468  -0.0000004213
       -0.0000621716   0.0041374104   0.0032197663  -0.0001091284   0.1171078822
        0.1117817964   0.0063599825   0.0068974832   0.0044471112   0.0004343867
       -0.0000791764   0.0002764908  -0.0002788059   0.0000758910  -0.0000692950
       -0.0000732717   0.0015820322   0.0006677582   0.0001137076  -0.0000738113
        0.0003954299   0.0010830591  -0.0105496394  -0.0058133609  -0.0443287222
       -0.0001429291   0.0001474974  -0.0001465570  -0.0003767085   0.0001360105
        0.0009256268   0.0001659668  -0.0002148623  -0.0000857149   0.0000054927
       -0.0000208665   0.0000031738   0.0000650656   0.0000909583   0.0002615482
        0.0001640178   0.0001164522   0.0000404024  -0.0001652107  -0.0000956822
        0.0000090291  -0.0275307986  -0.0121745690  -0.0038215448   0.0129601374
        0.0063599825   0.0464890160   0.0238996704   0.0101980561  -0.0001909464
       -0.0002257405   0.0003400476  -0.0002235069   0.0009553403   0.0005788813
        0.0005675951  -0.0046138263   0.0078172550   0.0032464357   0.0003437456
       -0.0011137427  -0.0002705313  -0.1225226302   0.0396376455   0.1039271766
       -0.0000036806  -0.0001074157  -0.0000236064   0.0001721952  -0.0000624372
        0.0002617468   0.0000389927   0.0001367220  -0.0000546419  -0.0001334946
        0.0001443060  -0.0004378917  -0.0001548656  -0.0000603243  -0.0000391854
       -0.0000199708  -0.0000477106  -0.0000264047   0.0000708585  -0.0003532917
        0.0000711105   0.0076566373  -0.0035668590  -0.0098775088  -0.0220145017
        0.0068974832   0.0238996704   0.1404509407  -0.0502405594  -0.1210204580
       -0.0000527187   0.0001272386  -0.0004199732  -0.0015363753  -0.0038390895
       -0.0012376764   0.0208205063  -0.0172996057  -0.0225443927   0.0005623292
        0.0005825997  -0.0000357735   0.0421063805  -0.0624993371  -0.0575010115
        0.0000847631   0.0000716464   0.0000630571   0.0001037532   0.0000054481
       -0.0000656100   0.0000305978   0.0001235822  -0.0000315834   0.0006149095
       -0.0007127302   0.0027178123   0.0000462549   0.0003243772   0.0001831676
       -0.0000077643  -0.0000734554  -0.0000653370  -0.0006394030  -0.0006659490
        0.0003412775  -0.0031823451   0.0030342905   0.0040486186  -0.0087103285
        0.0044471112   0.0101980561  -0.0502405594   0.0763738731   0.0643493686
       -0.0000818910   0.0001074578   0.0001560359  -0.0007641011   0.0003585858
       -0.0003827856   0.0009360254  -0.0025146097   0.0020763242  -0.0002464904
        0.0005176244   0.0004907987   0.1030493967  -0.0549803724  -0.1732232659
        0.0000928747   0.0000383094   0.0000850502   0.0001045669  -0.0001073495
       -0.0000771001  -0.0000105756   0.0000637077  -0.0000449170  -0.0000604323
        0.0000317593   0.0000123323  -0.0000433640   0.0001846715  -0.0000012439
        0.0000303038  -0.0000886568  -0.0003803306  -0.0002074464  -0.0002085677
        0.0003751295   0.0166236689  -0.0081863152  -0.0294036134   0.0015979223
        0.0004343867  -0.0001909464  -0.1210204580   0.0643493686   0.2005085323
