           1           2   1.01862819655522     
           2           3  0.971845952381381     
           3           4   1.06942686652952     
           4           5   2.81809484958275     
           1           6  0.986647224014395     
           1           7  0.984884071224019     
           1           8  0.986646680689549     
           2           9  0.978831026627232     
           2          10  0.978830531676903     
           3          11  0.935720306511205     
           3          12  0.935725108887348     
