           1           2  0.978799589261832     
           2           3  0.954761525745540     
           2           4  0.966954044167980     
           4           5  0.958651039874123     
           4           6  0.965992941491943     
           6           7  0.956432372256023     
           6           8  0.962475570747099     
           8           9  0.957450003046791     
           8          10  0.947465107081746     
          10          11  0.942835911182305     
           2          12  0.962634700419421     
          10          12  0.958128097216982     
          10          13   1.01888314855919     
           8          14   1.00679559356913     
           6          15   1.00354056889996     
           4          16  0.992224623546280     
           1          17   1.01141229407946     
           1          18  0.969864742068152     
           1          19  0.964800709838966     
          13          20  0.826870765975618     
          14          21  0.838636952762055     
          15          22  0.847918573128682     
          16          23  0.841193919397575     
          17          24  0.858847979320747     
