$hessian                                                                        
        0.5239359153  -0.0235858057  -0.0067403810  -0.0801950601  -0.0437481605
       -0.0082624484   0.0031908317   0.0109042517   0.0013319062  -0.0208252898
       -0.0251822116  -0.0027170662   0.0012308700  -0.0044803147  -0.0013925748
       -0.0053306758  -0.0008720818   0.0008015359  -0.0477473404   0.0072365392
        0.0282775799  -0.2719893682  -0.0047766040   0.0557993603  -0.1031243316
        0.0806007512  -0.0655115005   0.0015321305   0.0013358073   0.0001224607
       -0.0007514332   0.0027922771  -0.0016619376   0.0001651083   0.0000865374
        0.0001885601   0.0010497288   0.0010859689  -0.0000973493  -0.0000629468
        0.0001954250   0.0001069265  -0.0008083233  -0.0013640622  -0.0001151251
       -0.0002698154  -0.0002283173  -0.0001299466
       -0.0235858057   0.4649479001  -0.0113067363  -0.0422497598  -0.1738346752
       -0.0242961437  -0.0046898789  -0.0269762913   0.0002950061  -0.0103100607
       -0.0055545821   0.0005889741   0.0021622945   0.0005422634  -0.0001004805
        0.0000282438   0.0009426912  -0.0004213267   0.0070356652  -0.0554492130
       -0.0523728232  -0.0051600003  -0.0410809909   0.0018604685   0.0810036876
       -0.1502233872   0.0890600990  -0.0046278097  -0.0113991978  -0.0048918847
        0.0016777843  -0.0033027811   0.0025727681  -0.0003625773   0.0008216064
       -0.0006590533  -0.0009226265   0.0006676550  -0.0005065358   0.0000055768
        0.0000634995   0.0001920747  -0.0000365089  -0.0002028533   0.0000628502
        0.0000317756   0.0000383561  -0.0000772565
       -0.0067403810  -0.0113067363   0.5174229476  -0.0081355300  -0.0236406045
       -0.0726820901   0.0037790176   0.0142812678   0.0017855516   0.0021133854
        0.0034877088   0.0015705854   0.0001095736   0.0015649197  -0.0001013207
        0.0013325412  -0.0002765641   0.0013203205   0.0285996466  -0.0520317502
       -0.2678468811   0.0557503058   0.0015435975  -0.0569230023  -0.0661436988
        0.0885322907  -0.1172571557  -0.0101977869  -0.0266111579  -0.0077847111
       -0.0011601197   0.0031328839  -0.0011025717   0.0002462639   0.0009225567
        0.0009533541   0.0004734403  -0.0000115330   0.0003124504   0.0000425899
        0.0002635057   0.0001212922   0.0002320453   0.0003712087   0.0001869538
       -0.0003012931  -0.0002215937   0.0000242772
       -0.0801950601  -0.0422497598  -0.0081355300   0.4434852107   0.0041748892
       -0.0057053732  -0.0873364918   0.0340516822  -0.0319862642  -0.1512727566
       -0.0131284058   0.0118243929  -0.0394059059   0.0241785266   0.0174370559
       -0.0162093789  -0.0092209569   0.0026613519   0.0011234070   0.0018369258
       -0.0014382687  -0.0148072990  -0.0283675048  -0.0049900906   0.0049086366
        0.0120353232   0.0026021654  -0.0427756080   0.0037016702   0.0315043716
        0.0033387100  -0.0046206842   0.0043388162   0.0016681809  -0.0020725148
       -0.0008911345  -0.0198998054   0.0220072104  -0.0177600519  -0.0007104254
        0.0006338204   0.0001552877  -0.0007147618  -0.0019503585   0.0000556373
       -0.0011966522  -0.0010098631   0.0003276343
       -0.0437481605  -0.1738346752  -0.0236406045   0.0041748892   0.4787090290
        0.0278196714   0.0425287083  -0.1181588203   0.0470884838  -0.0230380328
       -0.0614971616   0.0053040173   0.0405808158  -0.0092188319  -0.0155021192
       -0.0230857542  -0.0023040977  -0.0008266587  -0.0030843318  -0.0109492980
       -0.0062797997  -0.0036902241  -0.0041110377  -0.0004307586  -0.0061754112
       -0.0243646217  -0.0023188426   0.0046868759  -0.0477808101  -0.0485146697
        0.0124112544  -0.0227683438   0.0152645320  -0.0011028152   0.0019748673
        0.0008756516   0.0028840135  -0.0015387935   0.0008371997  -0.0007161559
        0.0001320280   0.0004205933  -0.0029394203  -0.0043168532  -0.0002738048
        0.0003137489   0.0000274205   0.0001771087
       -0.0082624484  -0.0242961437  -0.0726820901  -0.0057053732   0.0278196714
        0.4899265990  -0.0414453548   0.0486207025  -0.1015505736   0.0133744482
        0.0043077027  -0.0704222306   0.0227815892  -0.0128612720   0.0132346831
       -0.0000945405  -0.0025627978   0.0091260434  -0.0111576942  -0.0289830145
       -0.0085183319   0.0024032415   0.0062682991   0.0012502225   0.0056506271
        0.0155107957   0.0024910674   0.0378214509  -0.0499778567  -0.2473609157
        0.0027185464  -0.0028647416   0.0030105566  -0.0148654617   0.0201522842
       -0.0209330022  -0.0014926284   0.0002534371   0.0012359894   0.0003468098
        0.0007448276   0.0003609707  -0.0005575375  -0.0004335922   0.0013586209
       -0.0015156744  -0.0016983018  -0.0005276089
        0.0031908317  -0.0046898789   0.0037790176  -0.0873364918   0.0425287083
       -0.0414453548   0.5009484705   0.0294556314  -0.0201501622  -0.0198529065
        0.0191524546  -0.0150944878  -0.0049184074   0.0001974874   0.0038702619
        0.0004006425  -0.0006943486   0.0022562943   0.0002260194  -0.0000700109
        0.0001619657   0.0008802029  -0.0009861076   0.0003483828  -0.0002610605
       -0.0024199552  -0.0000030396   0.0026041436  -0.0002033341  -0.0002336901
       -0.0643758817  -0.0686184443  -0.0176383421  -0.0525099696   0.0066560248
        0.0446733532  -0.2779241563  -0.0210284774   0.0399623800  -0.0000906706
        0.0003030371   0.0000386255   0.0001070606   0.0005369071   0.0000085647
       -0.0010878268  -0.0001196936  -0.0005337692
        0.0109042517  -0.0269762913   0.0142812678   0.0340516822  -0.1181588203
        0.0486207025   0.0294556314   0.4959747337   0.0316863536   0.0123106568
       -0.0040041064  -0.0022722446  -0.0016061104   0.0032720600   0.0018324769
       -0.0001178802  -0.0013460711   0.0003412933   0.0003961023   0.0009406608
        0.0008886278   0.0011070802   0.0007519647   0.0001884039  -0.0015315935
       -0.0060169001  -0.0003033026  -0.0005535379   0.0012049208   0.0009635531
       -0.0691363613  -0.2511106169  -0.0578736569   0.0065829405  -0.0509015530
       -0.0402573023  -0.0211275539  -0.0437129747   0.0019979639  -0.0003844906
        0.0001783233  -0.0002187842  -0.0000137328  -0.0000235542  -0.0001153087
       -0.0003370845  -0.0000717753   0.0002399564
        0.0013319062   0.0002950061   0.0017855516  -0.0319862642   0.0470884838
       -0.1015505736  -0.0201501622   0.0316863536   0.4950481031  -0.0037233930
       -0.0005923305   0.0028969981   0.0020547463  -0.0013497437  -0.0019709315
        0.0005057055   0.0001538030  -0.0005308173   0.0001808035  -0.0008784697
        0.0010943454  -0.0000645918  -0.0002275152   0.0001345119  -0.0000356359
       -0.0012217607   0.0008097256  -0.0149926665   0.0207427476  -0.0215104397
       -0.0176274283  -0.0574381114  -0.0586056499   0.0444280224  -0.0401677197
       -0.2681932711   0.0402088264   0.0017661561  -0.0499106049  -0.0002237114
       -0.0000217592   0.0000478979   0.0000814447   0.0000397775   0.0001776755
        0.0000123983   0.0001250824   0.0002774789
       -0.0208252898  -0.0103100607   0.0021133854  -0.1512727566  -0.0230380328
        0.0133744482  -0.0198529065   0.0123106568  -0.0037233930   0.5384062743
       -0.1536882499  -0.1009073839  -0.2283960582   0.2388785292   0.0965516844
       -0.1031892079  -0.0495335876  -0.0109458714   0.0006333787   0.0003581058
        0.0009592646  -0.0007318024  -0.0014118282  -0.0003583871   0.0005081528
        0.0008079947  -0.0007230731  -0.0061273117   0.0034177869   0.0037836657
        0.0008615132  -0.0002853034  -0.0000158318   0.0007105795  -0.0005156337
        0.0012121744   0.0005077989  -0.0002248581  -0.0002367384   0.0063389357
        0.0100085265   0.0031510960  -0.0202191040  -0.0287141412  -0.0048021565
        0.0026478041   0.0019400957   0.0005671165
       -0.0251822116  -0.0055545821   0.0034877088  -0.0131284058  -0.0614971616
        0.0043077027   0.0191524546  -0.0040041064  -0.0005923305  -0.1536882499
        0.6989678184   0.1616182821   0.2342905384  -0.4470751654  -0.1501766287
       -0.0550787382  -0.1403017177  -0.0195890421  -0.0013199218   0.0004819547
       -0.0008391048  -0.0026334794  -0.0060410334  -0.0013761324  -0.0013483287
       -0.0006396993   0.0013213599   0.0058210829   0.0008940550  -0.0032712159
        0.0009746549  -0.0008370179  -0.0004763378   0.0001191894   0.0011439450
       -0.0003260504   0.0019972745  -0.0020438993   0.0021282490   0.0001551278
       -0.0146794061  -0.0027372920  -0.0035175627   0.0019122807   0.0035469843
       -0.0066134245  -0.0207262646   0.0029738475
       -0.0027170662   0.0005889741   0.0015705854   0.0118243929   0.0053040173
       -0.0704222306  -0.0150944878  -0.0022722446   0.0028969981  -0.1009073839
        0.1616182821   0.2702214895   0.0942403571  -0.1496346043  -0.1176387332
       -0.0083198234  -0.0120181372  -0.0718232964  -0.0013736307  -0.0004802806
       -0.0002957525  -0.0006895151  -0.0011683793   0.0002686344   0.0003164080
        0.0003548517   0.0006166330   0.0290277191  -0.0014952004  -0.0107149677
        0.0002650349  -0.0004335480   0.0002649400  -0.0017717030   0.0005855142
       -0.0007306907  -0.0030868739   0.0031830354  -0.0022448170  -0.0090057657
       -0.0215838991  -0.0053254181  -0.0029399274  -0.0044070195   0.0005469946
        0.0102322653   0.0218586382   0.0028096311
        0.0012308700   0.0021622945   0.0001095736  -0.0394059059   0.0405808158
        0.0227815892  -0.0049184074  -0.0016061104   0.0020547463  -0.2283960582
        0.2342905384   0.0942403571   0.2621495707  -0.2756097428  -0.1197933891
        0.0148519467   0.0003410771  -0.0018579154   0.0000114466   0.0000177834
       -0.0003106228   0.0003787653   0.0009246078   0.0001198940  -0.0003583472
       -0.0002390293   0.0003377675  -0.0068429707   0.0002118334   0.0024442158
        0.0000215527   0.0000388119   0.0001558252   0.0002848804  -0.0002959620
       -0.0003427580  -0.0014896351   0.0017007070  -0.0014483066   0.0008461072
       -0.0020891400  -0.0003183202   0.0018203931   0.0010397964   0.0011651323
       -0.0001842082  -0.0014682812   0.0006622112
       -0.0044803147   0.0005422634   0.0015649197   0.0241785266  -0.0092188319
       -0.0128612720   0.0001974874   0.0032720600  -0.0013497437   0.2388785292
       -0.4470751654  -0.1496346043  -0.2756097428   0.5251840731   0.1894909620
        0.0174491429  -0.0643005361  -0.0238682704   0.0005241836   0.0000235902
        0.0010689632  -0.0003775880   0.0006907218   0.0003113703   0.0000203315
        0.0007344887  -0.0009894528   0.0025019165   0.0000001795  -0.0005681630
       -0.0002722571   0.0000133534  -0.0000367281  -0.0001523079  -0.0003040761
        0.0006494444   0.0009382659  -0.0008646643   0.0006962534  -0.0050049452
       -0.0092138764  -0.0024516241   0.0020059305   0.0024210391  -0.0005208135
       -0.0007971584  -0.0019046189  -0.0015012411
       -0.0013925748  -0.0001004805  -0.0001013207   0.0174370559  -0.0155021192
        0.0132346831   0.0038702619   0.0018324769  -0.0019709315   0.0965516844
       -0.1501766287  -0.1176387332  -0.1197933891   0.1894909620   0.0941745184
        0.0032049545  -0.0217840827   0.0126287873   0.0005097359   0.0001617018
        0.0003496034  -0.0001478657   0.0000308440   0.0000390074  -0.0001530350
       -0.0000059857  -0.0003566651  -0.0015520471   0.0006329386   0.0001690318
       -0.0000315822   0.0000842367  -0.0000150602   0.0003561495  -0.0001685427
        0.0000620347   0.0010649718  -0.0014838452   0.0010961003  -0.0003279484
       -0.0007563732   0.0006204668   0.0007136174   0.0015894560  -0.0009975624
       -0.0003099889  -0.0038445582  -0.0012939600
       -0.0053306758   0.0000282438   0.0013325412  -0.0162093789  -0.0230857542
       -0.0000945405   0.0004006425  -0.0001178802   0.0005057055  -0.1031892079
       -0.0550787382  -0.0083198234   0.0148519467   0.0174491429   0.0032049545
        0.5169120112  -0.0394421147  -0.0151629342   0.0000161780   0.0000762257
        0.0000629834  -0.0009775260  -0.0017734799  -0.0003103211   0.0000126584
        0.0001144523  -0.0000301250  -0.0008282264  -0.0006946918  -0.0005060887
       -0.0011311605  -0.0006658132  -0.0002239289  -0.0001205948  -0.0001356913
       -0.0000593910  -0.0003275230  -0.0003479413  -0.0001495924  -0.0863316691
        0.0481740640   0.0784384545  -0.2776977029   0.0380975938  -0.0350571136
       -0.0400497715   0.0174023822  -0.0236307801
       -0.0008720818   0.0009426912  -0.0002765641  -0.0092209569  -0.0023040977
       -0.0025627978  -0.0006943486  -0.0013460711   0.0001538030  -0.0495335876
       -0.1403017177  -0.0120181372   0.0003410771  -0.0643005361  -0.0217840827
       -0.0394421147   0.4615856189   0.0187052192   0.0002118572  -0.0001180062
        0.0001184517  -0.0003969506  -0.0002927392  -0.0000072468   0.0002303953
        0.0002436777  -0.0002039410   0.0000978146  -0.0005225684  -0.0002191881
       -0.0000279431   0.0003133967   0.0002606843  -0.0000478272  -0.0000622163
       -0.0001312103  -0.0004924989   0.0004775325  -0.0003197950   0.0472184143
       -0.0920093543  -0.0940785558   0.0382279835  -0.0480096256   0.0013323779
        0.0144007674  -0.1142959844   0.1110309829
        0.0008015359  -0.0004213267   0.0013203205   0.0026613519  -0.0008266587
        0.0091260434   0.0022562943   0.0003412933  -0.0005308173  -0.0109458714
       -0.0195890421  -0.0718232964  -0.0018579154  -0.0238682704   0.0126287873
       -0.0151629342   0.0187052192   0.4917101172   0.0001904543   0.0002395046
        0.0000424520   0.0001402985   0.0000615565   0.0000718181  -0.0001258480
       -0.0001771782  -0.0001153134  -0.0014535354   0.0000563524   0.0007548293
       -0.0002260467  -0.0000083502   0.0001708904   0.0000172830  -0.0000408871
        0.0001398432   0.0004525329  -0.0004483010   0.0003818257   0.0789052078
       -0.0954403591  -0.1927034731  -0.0351176216   0.0021302448  -0.0493704889
       -0.0205351860   0.1192862028  -0.2018035379
       -0.0477473404   0.0070356652   0.0285996466   0.0011234070  -0.0030843318
       -0.0111576942   0.0002260194   0.0003961023   0.0001808035   0.0006333787
       -0.0013199218  -0.0013736307   0.0000114466   0.0005241836   0.0005097359
        0.0000161780   0.0002118572   0.0001904543   0.0513866925  -0.0063664609
       -0.0319858768  -0.0070311583   0.0067902179   0.0326711961   0.0018499226
       -0.0021019820  -0.0170994867  -0.0004110160  -0.0023447983  -0.0007735843
       -0.0000999483   0.0000115040  -0.0000595556   0.0002263280   0.0000984942
       -0.0000425566  -0.0002222669   0.0000430282   0.0002356575   0.0000303332
        0.0000877833   0.0000746355  -0.0000021552   0.0000302708   0.0000205214
        0.0000101793  -0.0000116119   0.0000097340
        0.0072365392  -0.0554492130  -0.0520317502   0.0018369258  -0.0109492980
       -0.0289830145  -0.0000700109   0.0009406608  -0.0008784697   0.0003581058
        0.0004819547  -0.0004802806   0.0000177834   0.0000235902   0.0001617018
        0.0000762257  -0.0001180062   0.0002395046  -0.0063664609   0.0659363242
        0.0626242176   0.0009391425   0.0007237882  -0.0008169884  -0.0016332564
        0.0041385093   0.0216244056  -0.0024716647  -0.0055971897  -0.0021336548
        0.0000239918   0.0003000423   0.0001419357  -0.0001408876  -0.0004091704
        0.0004894683   0.0001309026  -0.0001098644  -0.0000275454   0.0000432883
        0.0000627819   0.0000356460   0.0000535472   0.0000786647   0.0000343704
       -0.0000341718  -0.0000535745   0.0000004537
        0.0282775799  -0.0523728232  -0.2678468811  -0.0014382687  -0.0062797997
       -0.0085183319   0.0001619657   0.0008886278   0.0010943454   0.0009592646
       -0.0008391048  -0.0002957525  -0.0003106228   0.0010689632   0.0003496034
        0.0000629834   0.0001184517   0.0000424520  -0.0319858768   0.0626242176
        0.3102085935   0.0041430156  -0.0019100854  -0.0112649392   0.0008554396
       -0.0014863375  -0.0239806940  -0.0009701213  -0.0019272262   0.0001162144
        0.0000641895   0.0002571515   0.0000055421   0.0000195010  -0.0001547535
        0.0002910344   0.0001221833  -0.0001070266  -0.0002148422   0.0000333921
        0.0000600830  -0.0000128044  -0.0000129185   0.0000464154  -0.0000202702
        0.0000182933   0.0000132466   0.0000467305
       -0.2719893682  -0.0051600003   0.0557503058  -0.0148072990  -0.0036902241
        0.0024032415   0.0008802029   0.0011070802  -0.0000645918  -0.0007318024
       -0.0026334794  -0.0006895151   0.0003787653  -0.0003775880  -0.0001478657
       -0.0009775260  -0.0003969506   0.0001402985  -0.0070311583   0.0009391425
        0.0041430156   0.3148069778   0.0072623926  -0.0643259722  -0.0208476558
        0.0027697197   0.0029077785   0.0001711123   0.0003630411  -0.0001042201
        0.0000322578   0.0002533216  -0.0000555741  -0.0001909611  -0.0000345603
        0.0000689417   0.0004211427  -0.0002190583   0.0000617702  -0.0000019974
        0.0000327824  -0.0000352162  -0.0000872813  -0.0002084207  -0.0000399487
       -0.0000254094  -0.0000071984  -0.0000124478
       -0.0047766040  -0.0410809909   0.0015435975  -0.0283675048  -0.0041110377
        0.0062682991  -0.0009861076   0.0007519647  -0.0002275152  -0.0014118282
       -0.0060410334  -0.0011683793   0.0009246078   0.0006907218   0.0000308440
       -0.0017734799  -0.0002927392   0.0000615565   0.0067902179   0.0007237882
       -0.0019100854   0.0072623926   0.0499031450  -0.0009051438   0.0221954318
       -0.0004093545  -0.0040809563  -0.0001477504   0.0006933138   0.0002878212
        0.0000801849   0.0001923462  -0.0000667569   0.0000819342  -0.0000752871
       -0.0000097203   0.0003802529  -0.0007220116   0.0002241206   0.0000045058
        0.0001115092   0.0000404067  -0.0002485176  -0.0003704825  -0.0000616117
       -0.0000077353   0.0000361480  -0.0000264770
        0.0557993603   0.0018604685  -0.0569230023  -0.0049900906  -0.0004307586
        0.0012502225   0.0003483828   0.0001884039   0.0001345119  -0.0003583871
       -0.0013761324   0.0002686344   0.0001198940   0.0003113703   0.0000390074
       -0.0003103211  -0.0000072468   0.0000718181   0.0326711961  -0.0008169884
       -0.0112649392  -0.0643259722  -0.0009051438   0.0623855629  -0.0181454721
        0.0010042441   0.0038517724  -0.0006667535  -0.0001629158   0.0002590594
       -0.0001353376  -0.0000421693  -0.0000925001   0.0001624943  -0.0000377509
       -0.0001952170  -0.0001406608   0.0004456521   0.0002038164   0.0000097194
        0.0000362101   0.0000328781  -0.0000442671  -0.0000473837  -0.0000121170
        0.0000062154  -0.0000198595  -0.0000095078
       -0.1031243316   0.0810036876  -0.0661436988   0.0049086366  -0.0061754112
        0.0056506271  -0.0002610605  -0.0015315935  -0.0000356359   0.0005081528
       -0.0013483287   0.0003164080  -0.0003583472   0.0000203315  -0.0001530350
        0.0000126584   0.0002303953  -0.0001258480   0.0018499226  -0.0016332564
        0.0008554396  -0.0208476558   0.0221954318  -0.0181454721   0.1167841906
       -0.0925183642   0.0773335280   0.0001048288   0.0002349926   0.0001608283
        0.0003534407  -0.0004078097   0.0002065644  -0.0000611071  -0.0000346122
        0.0000923289   0.0001010193  -0.0001238265  -0.0000667985   0.0000168263
        0.0000404762   0.0000388957  -0.0000041872  -0.0000108144   0.0000166324
        0.0000170134   0.0000587018  -0.0000007642
        0.0806007512  -0.1502233872   0.0885322907   0.0120353232  -0.0243646217
        0.0155107957  -0.0024199552  -0.0060169001  -0.0012217607   0.0008079947
       -0.0006396993   0.0003548517  -0.0002390293   0.0007344887  -0.0000059857
        0.0001144523   0.0002436777  -0.0001771782  -0.0021019820   0.0041385093
       -0.0014863375   0.0027697197  -0.0004093545   0.0010042441  -0.0925183642
        0.1774855539  -0.1033030070   0.0004551192   0.0002638985   0.0001437374
        0.0006958208  -0.0015284978   0.0009982510  -0.0000648291   0.0000649124
       -0.0002028965  -0.0003293332   0.0001443937  -0.0001439682   0.0000867804
       -0.0000413741   0.0000306608  -0.0000120882   0.0000884622   0.0000026842
        0.0001196197   0.0000599383  -0.0000363817
       -0.0655115005   0.0890600990  -0.1172571557   0.0026021654  -0.0023188426
        0.0024910674  -0.0000030396  -0.0003033026   0.0008097256  -0.0007230731
        0.0013213599   0.0006166330   0.0003377675  -0.0009894528  -0.0003566651
       -0.0000301250  -0.0002039410  -0.0001153134  -0.0170994867   0.0216244056
       -0.0239806940   0.0029077785  -0.0040809563   0.0038517724   0.0773335280
       -0.1033030070   0.1333013238   0.0001328231  -0.0004103310   0.0003778802
       -0.0000157353  -0.0000092567   0.0001957066  -0.0000435347  -0.0002092014
        0.0001812995   0.0001233668  -0.0001020224  -0.0000790662  -0.0000181275
       -0.0000453973  -0.0000133107   0.0000299678  -0.0000183157   0.0000036933
       -0.0000227748  -0.0000118376  -0.0000268968
        0.0015321305  -0.0046278097  -0.0101977869  -0.0427756080   0.0046868759
        0.0378214509   0.0026041436  -0.0005535379  -0.0149926665  -0.0061273117
        0.0058210829   0.0290277191  -0.0068429707   0.0025019165  -0.0015520471
       -0.0008282264   0.0000978146  -0.0014535354  -0.0004110160  -0.0024716647
       -0.0009701213   0.0001711123  -0.0001477504  -0.0006667535   0.0001048288
        0.0004551192   0.0001328231   0.0531357334  -0.0063756585  -0.0342131783
        0.0003928335  -0.0003979879   0.0002957674  -0.0008709428   0.0020273676
       -0.0024098367   0.0004126719  -0.0004822991  -0.0004603957  -0.0006710065
       -0.0009741027   0.0000039750   0.0000046677  -0.0001220926  -0.0003552703
        0.0001689603   0.0005627268  -0.0000101438
        0.0013358073  -0.0113991978  -0.0266111579   0.0037016702  -0.0477808101
       -0.0499778567  -0.0002033341   0.0012049208   0.0207427476   0.0034177869
        0.0008940550  -0.0014952004   0.0002118334   0.0000001795   0.0006329386
       -0.0006946918  -0.0005225684   0.0000563524  -0.0023447983  -0.0055971897
       -0.0019272262   0.0003630411   0.0006933138  -0.0001629158   0.0002349926
        0.0002638985  -0.0004103310  -0.0063756585   0.0642389171   0.0555313322
       -0.0002680061   0.0004742206   0.0006696221   0.0021567617  -0.0022701929
        0.0030878369  -0.0004386446   0.0004284632  -0.0002249374  -0.0010317973
       -0.0004682283   0.0000681893   0.0001145885  -0.0001734399  -0.0001747951
       -0.0001795511   0.0000136587   0.0001954014
        0.0001224607  -0.0048918847  -0.0077847111   0.0315043716  -0.0485146697
       -0.2473609157  -0.0002336901   0.0009635531  -0.0215104397   0.0037836657
       -0.0032712159  -0.0107149677   0.0024442158  -0.0005681630   0.0001690318
       -0.0005060887  -0.0002191881   0.0007548293  -0.0007735843  -0.0021336548
        0.0001162144  -0.0001042201   0.0002878212   0.0002590594   0.0001608283
        0.0001437374   0.0003778802  -0.0342131783   0.0555313322   0.2866857149
        0.0002951003  -0.0002561156   0.0004444271  -0.0024593550   0.0030860609
       -0.0024617000   0.0001660121  -0.0004069499   0.0003992047   0.0001056127
        0.0003543456   0.0005278485  -0.0001496793  -0.0000105834   0.0000987457
       -0.0001424715  -0.0000944252  -0.0000002219
       -0.0007514332   0.0016777843  -0.0011601197   0.0033387100   0.0124112544
        0.0027185464  -0.0643758817  -0.0691363613  -0.0176274283   0.0008615132
        0.0009746549   0.0002650349   0.0000215527  -0.0002722571  -0.0000315822
       -0.0011311605  -0.0000279431  -0.0002260467  -0.0000999483   0.0000239918
        0.0000641895   0.0000322578   0.0000801849  -0.0001353376   0.0003534407
        0.0006958208  -0.0000157353   0.0003928335  -0.0002680061   0.0002951003
        0.0750046143   0.0792055543   0.0223548666   0.0022907197   0.0053101217
        0.0020473363  -0.0139430546  -0.0307822723  -0.0081257339  -0.0005195295
        0.0000638699  -0.0009076284   0.0000125742  -0.0000210240  -0.0000445637
       -0.0014872082   0.0000646269   0.0005291018
        0.0027922771  -0.0033027811   0.0031328839  -0.0046206842  -0.0227683438
       -0.0028647416  -0.0686184443  -0.2511106169  -0.0574381114  -0.0002853034
       -0.0008370179  -0.0004335480   0.0000388119   0.0000133534   0.0000842367
       -0.0006658132   0.0003133967  -0.0000083502   0.0000115040   0.0003000423
        0.0002571515   0.0002533216   0.0001923462  -0.0000421693  -0.0004078097
       -0.0015284978  -0.0000092567  -0.0003979879   0.0004742206  -0.0002561156
        0.0792055543   0.2905319571   0.0645461793  -0.0027156023  -0.0078862615
       -0.0052105576  -0.0047121710  -0.0053211592  -0.0017568556   0.0002021039
        0.0003122945   0.0003607659  -0.0002228121   0.0001612070  -0.0000575253
        0.0001430553   0.0004558603  -0.0003039861
       -0.0016619376   0.0025727681  -0.0011025717   0.0043388162   0.0152645320
        0.0030105566  -0.0176383421  -0.0578736569  -0.0586056499  -0.0000158318
       -0.0004763378   0.0002649400   0.0001558252  -0.0000367281  -0.0000150602
       -0.0002239289   0.0002606843   0.0001708904  -0.0000595556   0.0001419357
        0.0000055421  -0.0000555741  -0.0000667569  -0.0000925001   0.0002065644
        0.0009982510   0.0001957066   0.0002957674   0.0006696221   0.0004444271
        0.0223548666   0.0645461793   0.0659049673  -0.0096848647  -0.0305110016
       -0.0117064928   0.0020405209   0.0043749316   0.0019496517  -0.0006019196
        0.0000358922  -0.0004016766   0.0000218642   0.0000376073  -0.0002083892
        0.0005277297   0.0000620777   0.0001856588
        0.0001651083  -0.0003625773   0.0002462639   0.0016681809  -0.0011028152
       -0.0148654617  -0.0525099696   0.0065829405   0.0444280224   0.0007105795
        0.0001191894  -0.0017717030   0.0002848804  -0.0001523079   0.0003561495
       -0.0001205948  -0.0000478272   0.0000172830   0.0002263280  -0.0001408876
        0.0000195010  -0.0001909611   0.0000819342   0.0001624943  -0.0000611071
       -0.0000648291  -0.0000435347  -0.0008709428   0.0021567617  -0.0024593550
        0.0022907197  -0.0027156023  -0.0096848647   0.0585103038  -0.0099335449
       -0.0494856511  -0.0099589972   0.0058137843   0.0330002549   0.0000349485
        0.0000414021   0.0000857629   0.0000164280  -0.0000060632   0.0000665276
       -0.0001949044  -0.0002695573  -0.0000716892
        0.0000865374   0.0008216064   0.0009225567  -0.0020725148   0.0019748673
        0.0201522842   0.0066560248  -0.0509015530  -0.0401677197  -0.0005156337
        0.0011439450   0.0005855142  -0.0002959620  -0.0003040761  -0.0001685427
       -0.0001356913  -0.0000622163  -0.0000408871   0.0000984942  -0.0004091704
       -0.0001547535  -0.0000345603  -0.0000752871  -0.0000377509  -0.0000346122
        0.0000649124  -0.0002092014   0.0020273676  -0.0022701929   0.0030860609
        0.0053101217  -0.0078862615  -0.0305110016  -0.0099335449   0.0568615493
        0.0440171075  -0.0009365205   0.0012658781   0.0025252295   0.0000991422
       -0.0000661957   0.0000765708  -0.0000393514  -0.0000330427   0.0001078418
       -0.0002792967  -0.0001247628  -0.0001833087
        0.0001885601  -0.0006590533   0.0009533541  -0.0008911345   0.0008756516
       -0.0209330022   0.0446733532  -0.0402573023  -0.2681932711   0.0012121744
       -0.0003260504  -0.0007306907  -0.0003427580   0.0006494444   0.0000620347
       -0.0000593910  -0.0001312103   0.0001398432  -0.0000425566   0.0004894683
        0.0002910344   0.0000689417  -0.0000097203  -0.0001952170   0.0000923289
       -0.0002028965   0.0001812995  -0.0024098367   0.0030878369  -0.0024617000
        0.0020473363  -0.0052105576  -0.0117064928  -0.0494856511   0.0440171075
        0.3115860300   0.0050215357  -0.0020702047  -0.0090884320   0.0001192351
        0.0000343105  -0.0000091743   0.0000847972  -0.0000245092   0.0000449729
       -0.0002769347  -0.0002623148   0.0000594112
        0.0010497288  -0.0009226265   0.0004734403  -0.0198998054   0.0028840135
       -0.0014926284  -0.2779241563  -0.0211275539   0.0402088264   0.0005077989
        0.0019972745  -0.0030868739  -0.0014896351   0.0009382659   0.0010649718
       -0.0003275230  -0.0004924989   0.0004525329  -0.0002222669   0.0001309026
        0.0001221833   0.0004211427   0.0003802529  -0.0001406608   0.0001010193
       -0.0003293332   0.0001233668   0.0004126719  -0.0004386446   0.0001660121
       -0.0139430546  -0.0047121710   0.0020405209  -0.0099589972  -0.0009365205
        0.0050215357   0.3212498771   0.0223989653  -0.0448068288   0.0000065541
        0.0000938749   0.0000787733   0.0001412076   0.0000679941  -0.0000098975
       -0.0001245619   0.0000678047  -0.0002152741
        0.0010859689   0.0006676550  -0.0000115330   0.0220072104  -0.0015387935
        0.0002534371  -0.0210284774  -0.0437129747   0.0017661561  -0.0002248581
       -0.0020438993   0.0031830354   0.0017007070  -0.0008646643  -0.0014838452
       -0.0003479413   0.0004775325  -0.0004483010   0.0000430282  -0.0001098644
       -0.0001070266  -0.0002190583  -0.0007220116   0.0004456521  -0.0001238265
        0.0001443937  -0.0001020224  -0.0004822991   0.0004284632  -0.0004069499
       -0.0307822723  -0.0053211592   0.0043749316   0.0058137843   0.0012658781
       -0.0020702047   0.0223989653   0.0511821176  -0.0053613608  -0.0000015893
       -0.0000897568   0.0002349975  -0.0000474487   0.0000863088  -0.0000674872
        0.0002081070   0.0001507749  -0.0001994789
       -0.0000973493  -0.0005065358   0.0003124504  -0.0177600519   0.0008371997
        0.0012359894   0.0399623800   0.0019979639  -0.0499106049  -0.0002367384
        0.0021282490  -0.0022448170  -0.0014483066   0.0006962534   0.0010961003
       -0.0001495924  -0.0003197950   0.0003818257   0.0002356575  -0.0000275454
       -0.0002148422   0.0000617702   0.0002241206   0.0002038164  -0.0000667985
       -0.0001439682  -0.0000790662  -0.0004603957  -0.0002249374   0.0003992047
       -0.0081257339  -0.0017568556   0.0019496517   0.0330002549   0.0025252295
       -0.0090884320  -0.0448068288  -0.0053613608   0.0559838854   0.0000402584
        0.0000360642   0.0000378067   0.0000399121   0.0000360071   0.0000047799
       -0.0001884377  -0.0001400893  -0.0000677484
       -0.0000629468   0.0000055768   0.0000425899  -0.0007104254  -0.0007161559
        0.0003468098  -0.0000906706  -0.0003844906  -0.0002237114   0.0063389357
        0.0001551278  -0.0090057657   0.0008461072  -0.0050049452  -0.0003279484
       -0.0863316691   0.0472184143   0.0789052078   0.0000303332   0.0000432883
        0.0000333921  -0.0000019974   0.0000045058   0.0000097194   0.0000168263
        0.0000867804  -0.0000181275  -0.0006710065  -0.0010317973   0.0001056127
       -0.0005195295   0.0002021039  -0.0006019196   0.0000349485   0.0000991422
        0.0001192351   0.0000065541  -0.0000015893   0.0000402584   0.0946375902
       -0.0546854266  -0.0922780091  -0.0156410759   0.0148886288   0.0241946872
        0.0021180260  -0.0008791635  -0.0013420307
        0.0001954250   0.0000634995   0.0002635057   0.0006338204   0.0001320280
        0.0007448276   0.0003030371   0.0001783233  -0.0000217592   0.0100085265
       -0.0146794061  -0.0215838991  -0.0020891400  -0.0092138764  -0.0007563732
        0.0481740640  -0.0920093543  -0.0954403591   0.0000877833   0.0000627819
        0.0000600830   0.0000327824   0.0001115092   0.0000362101   0.0000404762
       -0.0000413741  -0.0000453973  -0.0009741027  -0.0004682283   0.0003543456
        0.0000638699   0.0003122945   0.0000358922   0.0000414021  -0.0000661957
        0.0000343105   0.0000938749  -0.0000897568   0.0000360642  -0.0546854266
        0.1095989820   0.1074389839   0.0041058876  -0.0024723076  -0.0045879250
       -0.0060322801   0.0085810808   0.0134314900
        0.0001069265   0.0001920747   0.0001212922   0.0001552877   0.0004205933
        0.0003609707   0.0000386255  -0.0002187842   0.0000478979   0.0031510960
       -0.0027372920  -0.0053254181  -0.0003183202  -0.0024516241   0.0006204668
        0.0784384545  -0.0940785558  -0.1927034731   0.0000746355   0.0000356460
       -0.0000128044  -0.0000352162   0.0000404067   0.0000328781   0.0000388957
        0.0000306608  -0.0000133107   0.0000039750   0.0000681893   0.0005278485
       -0.0009076284   0.0003607659  -0.0004016766   0.0000857629   0.0000765708
       -0.0000091743   0.0000787733   0.0002349975   0.0000378067  -0.0922780091
        0.1074389839   0.2199152643  -0.0001714998   0.0012384132   0.0026625875
        0.0115382411  -0.0106510458  -0.0258611554
       -0.0008083233  -0.0000365089   0.0002320453  -0.0007147618  -0.0029394203
       -0.0005575375   0.0001070606  -0.0000137328   0.0000814447  -0.0202191040
       -0.0035175627  -0.0029399274   0.0018203931   0.0020059305   0.0007136174
       -0.2776977029   0.0382279835  -0.0351176216  -0.0000021552   0.0000535472
       -0.0000129185  -0.0000872813  -0.0002485176  -0.0000442671  -0.0000041872
       -0.0000120882   0.0000299678   0.0000046677   0.0001145885  -0.0001496793
        0.0000125742  -0.0002228121   0.0000218642   0.0000164280  -0.0000393514
        0.0000847972   0.0001412076  -0.0000474487   0.0000399121  -0.0156410759
        0.0041058876  -0.0001714998   0.3199812503  -0.0406781104   0.0412522048
       -0.0069089898   0.0032476157  -0.0034624023
       -0.0013640622  -0.0002028533   0.0003712087  -0.0019503585  -0.0043168532
       -0.0004335922   0.0005369071  -0.0000235542   0.0000397775  -0.0287141412
        0.0019122807  -0.0044070195   0.0010397964   0.0024210391   0.0015894560
        0.0380975938  -0.0480096256   0.0021302448   0.0000302708   0.0000786647
        0.0000464154  -0.0002084207  -0.0003704825  -0.0000473837  -0.0000108144
        0.0000884622  -0.0000183157  -0.0001220926  -0.0001734399  -0.0000105834
       -0.0000210240   0.0001612070   0.0000376073  -0.0000060632  -0.0000330427
       -0.0000245092   0.0000679941   0.0000863088   0.0000360071   0.0148886288
       -0.0024723076   0.0012384132  -0.0406781104   0.0535327285  -0.0055188242
        0.0184138963  -0.0026785319   0.0049710978
       -0.0001151251   0.0000628502   0.0001869538   0.0000556373  -0.0002738048
        0.0013586209   0.0000085647  -0.0001153087   0.0001776755  -0.0048021565
        0.0035469843   0.0005469946   0.0011651323  -0.0005208135  -0.0009975624
       -0.0350571136   0.0013323779  -0.0493704889   0.0000205214   0.0000343704
       -0.0000202702  -0.0000399487  -0.0000616117  -0.0000121170   0.0000166324
        0.0000026842   0.0000036933  -0.0003552703  -0.0001747951   0.0000987457
       -0.0000445637  -0.0000575253  -0.0002083892   0.0000665276   0.0001078418
        0.0000449729  -0.0000098975  -0.0000674872   0.0000047799   0.0241946872
       -0.0045879250   0.0026625875   0.0412522048  -0.0055188242   0.0514448915
       -0.0263558323   0.0062909867  -0.0059210879
       -0.0002698154   0.0000317756  -0.0003012931  -0.0011966522   0.0003137489
       -0.0015156744  -0.0010878268  -0.0003370845   0.0000123983   0.0026478041
       -0.0066134245   0.0102322653  -0.0001842082  -0.0007971584  -0.0003099889
       -0.0400497715   0.0144007674  -0.0205351860   0.0000101793  -0.0000341718
        0.0000182933  -0.0000254094  -0.0000077353   0.0000062154   0.0000170134
        0.0001196197  -0.0000227748   0.0001689603  -0.0001795511  -0.0001424715
       -0.0014872082   0.0001430553   0.0005277297  -0.0001949044  -0.0002792967
       -0.0002769347  -0.0001245619   0.0002081070  -0.0001884377   0.0021180260
       -0.0060322801   0.0115382411  -0.0069089898   0.0184138963  -0.0263558323
        0.0465673648  -0.0193502676   0.0273134504
       -0.0002283173   0.0000383561  -0.0002215937  -0.0010098631   0.0000274205
       -0.0016983018  -0.0001196936  -0.0000717753   0.0001250824   0.0019400957
       -0.0207262646   0.0218586382  -0.0014682812  -0.0019046189  -0.0038445582
        0.0174023822  -0.1142959844   0.1192862028  -0.0000116119  -0.0000535745
        0.0000132466  -0.0000071984   0.0000361480  -0.0000198595   0.0000587018
        0.0000599383  -0.0000118376   0.0005627268   0.0000136587  -0.0000944252
        0.0000646269   0.0004558603   0.0000620777  -0.0002695573  -0.0001247628
       -0.0002623148   0.0000678047   0.0001507749  -0.0001400893  -0.0008791635
        0.0085810808  -0.0106510458   0.0032476157  -0.0026785319   0.0062909867
       -0.0193502676   0.1304922749  -0.1306922086
       -0.0001299466  -0.0000772565   0.0000242772   0.0003276343   0.0001771087
       -0.0005276089  -0.0005337692   0.0002399564   0.0002774789   0.0005671165
        0.0029738475   0.0028096311   0.0006622112  -0.0015012411  -0.0012939600
       -0.0236307801   0.1110309829  -0.2018035379   0.0000097340   0.0000004537
        0.0000467305  -0.0000124478  -0.0000264770  -0.0000095078  -0.0000007642
       -0.0000363817  -0.0000268968  -0.0000101438   0.0001954014  -0.0000002219
        0.0005291018  -0.0003039861   0.0001856588  -0.0000716892  -0.0001833087
        0.0000594112  -0.0002152741  -0.0001994789  -0.0000677484  -0.0013420307
        0.0134314900  -0.0258611554  -0.0034624023   0.0049710978  -0.0059210879
        0.0273134504  -0.1306922086   0.2321085375
