           1           2  0.974897798413586     
           2           3  0.952847605482070     
           2           4  0.967553435030911     
           4           5  0.953262672089473     
           4           6  0.970712531563896     
           6           7  0.957125967373713     
           6           8  0.971006033160080     
           8           9  0.956411361520793     
           8          10  0.944558239524698     
          10          11  0.949338459946056     
           2          12  0.960306622118517     
          10          12  0.966637404133353     
          10          13   1.00873093567210     
           8          14  0.998362483650879     
           6          15  0.998649352367029     
           4          16   1.00103971989560     
           1          17  0.995981068297899     
           1          18  0.972045320718604     
           1          19  0.967596886804291     
          13          20  0.819245644439439     
          14          21  0.846581389390302     
          15          22  0.844742187783143     
          16          23  0.844886921839574     
          17          24  0.851542405474588     
