           1           2   1.02791918874133     
           2           3   1.87846329729860     
           3           4   1.02886442751220     
           4           5  0.961679701096770     
           5           6  0.966609515344382     
           5           7  0.992170020501636     
           2           8  0.987376322588393     
           7           8  0.982926517390114     
           8           9  0.963855626412695     
           8          10  0.966288454630545     
           5          11  0.997837107686632     
          11          12   1.92829526534015     
          11          13   1.02591914910702     
           1          14  0.969915383282402     
           1          15  0.971178064331972     
           1          16  0.984027084470771     
           3          17  0.967326632203182     
           4          18  0.957014259714497     
           4          19  0.977313671459274     
           7          20  0.974637539443909     
           7          21  0.975309430312174     
          10          22  0.869217186296665     
          12          23  0.974984469386991     
          12          24  0.973488645594505     
          13          25  0.969393329509841     
          13          26  0.971358099057788     
          13          27  0.984378669698804     
