           1           2  0.922523244568182     
           2           3  0.993519634623505     
           3           4   1.54228360217146     
           3           5   1.50805003560857     
           3           6  0.751026708091411     
           4           6  0.102856879910388     
           5           6  0.106369896309601     
           1           7  0.976699842132289     
           1           8  0.971113023653589     
           1           9  0.974856202947331     
           6          10  0.967554899686874     
           6          11  0.966735061216743     
           6          12  0.963892203230857     
