           1           2  0.973890749807502     
           2           3  0.955106042556346     
           2           4  0.966620972474683     
           4           5  0.957245106046497     
           4           6  0.962820598608164     
           6           7  0.952292555591984     
           6           8  0.968769561788538     
           8           9  0.956457527877536     
           8          10  0.946594754499648     
          10          11  0.949575137701500     
           2          12  0.956273174165723     
          10          12  0.967218860045012     
          10          13   1.00416417049077     
           8          14   1.00722110082855     
           6          15   1.00136385829501     
           4          16   1.00334240522416     
           1          17   1.00866998623614     
           1          18  0.967613675252620     
           1          19  0.965059224491556     
          13          20  0.838341758972925     
          14          21  0.852206309792015     
          15          22  0.839031345006483     
          16          23  0.849954409958980     
          17          24  0.854389653654847     
