           1           2   1.00835910962859     
           2           3   1.04161674048002     
           3           4   1.37757246678069     
           4           5   1.46140632373027     
           5           6   1.42191228701139     
           4           7  0.109268389818262     
           6           7   1.44229168378173     
           3           8   1.39810054865297     
           5           8  0.105046328956590     
           7           8   1.43644217865370     
           1           9  0.979673284154361     
           1          10  0.979674525286470     
           1          11  0.974946719425252     
           4          12  0.968219206964820     
           5          13  0.969330565462735     
           6          14  0.970680655434536     
           7          15  0.969249208102782     
           8          16  0.964641745093479     
