           1           2  0.976134574511031     
           2           3  0.954146693406636     
           2           4  0.960523373007234     
           4           5  0.958250090286579     
           4           6  0.962312147274444     
           6           7  0.954501919767870     
           6           8  0.976395608511565     
           8           9  0.957040323339877     
           8          10  0.941793056136899     
          10          11  0.947801795552643     
           2          12  0.959405417421410     
          10          12  0.964133680026211     
          10          13   1.01734772664560     
           8          14   1.00186737001551     
           6          15   1.00017942776957     
           4          16   1.00402135777372     
           1          17   1.01136354322047     
           1          18  0.967886678472051     
           1          19  0.963360771828207     
          13          20  0.829728593141882     
          14          21  0.846241507585815     
          15          22  0.844380318947654     
          16          23  0.852591638900667     
          17          24  0.852584343293143     
