$hessian                                                                        
        0.5154694158  -0.0423036993  -0.0093675909  -0.1093538607  -0.0593776977
       -0.0166658898   0.0149850420   0.0162772385   0.0045106692  -0.0160380374
       -0.0201007029  -0.0055951650  -0.0010399328   0.0001179864   0.0003165638
       -0.0048286146   0.0003297332  -0.0011939807  -0.0002419065   0.0000249561
       -0.0005048143  -0.0472003650   0.0110097071   0.0426481063  -0.0688243995
        0.0606211560  -0.0455602932  -0.2785935699   0.0363851592   0.0319114951
       -0.0004694371  -0.0003053790   0.0000152093  -0.0002905397   0.0000732526
       -0.0006470636  -0.0001333727  -0.0001750689  -0.0000357784  -0.0010050911
       -0.0015938430   0.0001714353   0.0000253000   0.0001181974   0.0000176999
        0.0000093066   0.0001550440  -0.0000529197  -0.0003986394  -0.0004255276
       -0.0000567486  -0.0004047092  -0.0001461211  -0.0001310048  -0.0016665887
       -0.0006843907   0.0002200700
       -0.0423036993   0.4781217005  -0.0128404174  -0.0511656477  -0.1341529061
       -0.0164497612  -0.0025020385  -0.0691487198  -0.0211094247  -0.0050761799
       -0.0001966918  -0.0038748014  -0.0019352854  -0.0009382666   0.0008713307
       -0.0002168076   0.0007349286  -0.0000960536   0.0005324617  -0.0007586616
       -0.0000059777   0.0088492929  -0.0468387118  -0.0533044653   0.0579208802
       -0.1775662268   0.1100024571   0.0355529753  -0.0504667689  -0.0027571175
        0.0003988231   0.0003670923   0.0002786720  -0.0003596634   0.0001062562
       -0.0008174435   0.0000425268  -0.0000805431   0.0001319542  -0.0003005606
       -0.0001171684  -0.0000291691   0.0004480416   0.0002496995   0.0002263857
        0.0001537806  -0.0000518293  -0.0000540055  -0.0001319402   0.0002341668
        0.0000199927  -0.0000021174  -0.0000838117   0.0001133530   0.0000951578
        0.0005864621  -0.0003055085
       -0.0093675909  -0.0128404174   0.4774737314  -0.0126199680  -0.0123991244
       -0.0730036909   0.0001690883  -0.0205715913   0.0161785521  -0.0034208934
       -0.0051269379   0.0088564170   0.0024118192   0.0009872669   0.0005913363
       -0.0010795252   0.0010157179   0.0006240607  -0.0010632707   0.0002160068
       -0.0006808905   0.0394424744  -0.0606878431  -0.2644044420  -0.0454278494
        0.1137675517  -0.1187460861   0.0315406322  -0.0032178585  -0.0480118146
       -0.0004892534  -0.0006077802  -0.0004337489   0.0000822640  -0.0004352222
        0.0005883964   0.0000135605   0.0000704652   0.0000386401  -0.0002462384
       -0.0004381868   0.0001131819   0.0002138061   0.0001812364   0.0000510444
       -0.0000734366  -0.0002220316  -0.0000076434  -0.0002903950   0.0002980855
        0.0003654688   0.0002557801   0.0000146641   0.0003094360  -0.0000510038
       -0.0000040013   0.0000980513
       -0.1093538607  -0.0511656477  -0.0126199680   0.5295726030  -0.1667381319
       -0.0154573270  -0.2185841000   0.2462366145   0.0448896845  -0.1481070554
       -0.0119382603   0.0018704448  -0.0081800055   0.0057013952  -0.0164593885
       -0.0226030953  -0.0106199373  -0.0026435422  -0.0143675089   0.0078454934
        0.0029528643   0.0039062678   0.0028181030   0.0011371566   0.0059885835
        0.0077812476   0.0007049365  -0.0222007901  -0.0281893279  -0.0076610516
        0.0007430508  -0.0004034608   0.0007403164   0.0006298477  -0.0009630659
        0.0025623235   0.0004033528   0.0002044066   0.0004687599  -0.0010555200
       -0.0012629883   0.0006783020   0.0003922716   0.0007187293   0.0005475318
        0.0007609208   0.0006811791  -0.0007986392   0.0004661943  -0.0001598600
        0.0001240520   0.0007173110  -0.0001342794  -0.0010555070   0.0008715328
       -0.0004122093   0.0000190511
       -0.0593776977  -0.1341529061  -0.0123991244  -0.1667381319   0.7362474268
        0.1076294804   0.2417635638  -0.4963341791  -0.0832097615  -0.0068319133
       -0.0587723631  -0.0038351196   0.0084658690  -0.0022456718   0.0061052311
       -0.0236823571  -0.0026096688  -0.0011689723   0.0162156440  -0.0043276074
       -0.0005920490   0.0003112687  -0.0090666682  -0.0068099778  -0.0044107795
       -0.0233633884  -0.0042247087  -0.0028724573   0.0026242195  -0.0010282859
        0.0008194385  -0.0008674326   0.0008174957   0.0005014319   0.0001070437
        0.0006529842  -0.0004969235   0.0003819301  -0.0014985591  -0.0030148462
       -0.0057520291   0.0009771891  -0.0010561302  -0.0006095447  -0.0015057317
       -0.0015705124   0.0000577483   0.0010187331   0.0011845876  -0.0015653535
       -0.0018414279   0.0000548780   0.0010872834   0.0004134922   0.0007350678
       -0.0008388393   0.0004991124
       -0.0166658898  -0.0164497612  -0.0730036909  -0.0154573270   0.1076294804
        0.2325649958   0.0445417704  -0.0830441541  -0.0740995012  -0.0076145643
       -0.0013688980  -0.0618584255  -0.0247134279   0.0031381329  -0.0094737977
        0.0039558462   0.0002563850   0.0009092621   0.0176155450  -0.0016479936
        0.0002294831  -0.0124805512  -0.0258677248  -0.0101479269   0.0102058156
        0.0150252785   0.0029399601   0.0005294103   0.0027742369   0.0011712539
       -0.0004865775   0.0004935658   0.0002268102  -0.0022259667   0.0016598482
       -0.0055107278  -0.0013884712  -0.0004755659  -0.0014159295   0.0003544710
        0.0007336604   0.0001342155  -0.0005622281  -0.0007945003   0.0000144071
        0.0010222371   0.0005265525  -0.0001875702   0.0021276546  -0.0027555128
       -0.0025286206   0.0012112051  -0.0000226383  -0.0003814673   0.0000310482
        0.0001896086   0.0004172701
        0.0149850420  -0.0025020385   0.0001690883  -0.2185841000   0.2417635638
        0.0445417704   0.2538279225  -0.2848219515  -0.0489848587  -0.0374171886
        0.0435598601   0.0048025414  -0.0037865707  -0.0002373672   0.0021114599
       -0.0005057584   0.0022445288  -0.0000761732  -0.0082190195  -0.0001364729
       -0.0012314498   0.0001717858  -0.0015674867  -0.0012784506   0.0007064074
       -0.0023796473  -0.0002735688   0.0021555236   0.0012837739  -0.0001204409
       -0.0001232303   0.0003079859  -0.0000274739  -0.0004716174   0.0007282365
       -0.0019714705   0.0001029075  -0.0005276230   0.0001279041   0.0002429852
        0.0006511108   0.0000928680  -0.0014501149  -0.0000695693  -0.0001220265
       -0.0000041891   0.0000138385   0.0004113388  -0.0017937654   0.0019804455
        0.0018328329   0.0001163181  -0.0002823898   0.0001036713   0.0000466625
       -0.0000087975  -0.0001075623
        0.0162772385  -0.0691487198  -0.0205715913   0.2462366145  -0.4963341791
       -0.0830441541  -0.2848219515   0.5858234908   0.1073860782   0.0268111276
       -0.0146357043  -0.0001533316   0.0009440376   0.0017888907  -0.0037414570
       -0.0050627185  -0.0004219092  -0.0008825011   0.0039922663   0.0023717172
        0.0009580703  -0.0030452865  -0.0052819957  -0.0005838046  -0.0045549151
       -0.0064893091  -0.0015979917   0.0021691066   0.0025991768   0.0015682752
        0.0000115904  -0.0001880217   0.0000867496   0.0003726333  -0.0007015201
        0.0015450512  -0.0001681714   0.0002166625   0.0005645014  -0.0002497327
        0.0007156242  -0.0000697842  -0.0005652072   0.0008169663   0.0011601705
        0.0007596661   0.0001925648  -0.0009430522   0.0014520082  -0.0012251298
       -0.0011693546  -0.0001196683  -0.0003075920  -0.0004123771  -0.0004386379
        0.0002089875  -0.0000994969
        0.0045106692  -0.0211094247   0.0161785521   0.0448896845  -0.0832097615
       -0.0740995012  -0.0489848587   0.1073860782   0.0408037281   0.0015572872
       -0.0011037532   0.0171230203   0.0025311461  -0.0000849389  -0.0003799265
       -0.0010442181  -0.0007623219   0.0002728185  -0.0013472786  -0.0005047120
       -0.0002676916  -0.0000038085   0.0022730926   0.0004987968  -0.0023303626
       -0.0041114575  -0.0008138836   0.0003628347   0.0005656149  -0.0010465603
        0.0000327357   0.0000030621  -0.0001568915   0.0001932083  -0.0004035563
        0.0012903120   0.0003491716   0.0001044056   0.0003592448  -0.0000465468
       -0.0001468206  -0.0000124208   0.0001506650   0.0005059123  -0.0001433979
       -0.0004365169   0.0001410166   0.0001766771  -0.0000479781   0.0003800558
        0.0003795580  -0.0001884147   0.0000993967  -0.0001192504  -0.0001474194
       -0.0000218883  -0.0000431838
       -0.0160380374  -0.0050761799  -0.0034208934  -0.1481070554  -0.0068319133
       -0.0076145643  -0.0374171886   0.0268111276   0.0015572872   0.4598282427
       -0.0058093040  -0.0216671830  -0.0627268831   0.0041724210  -0.0138102874
       -0.0815320421  -0.0400589503   0.0090484185  -0.0832441171   0.0294126848
        0.0331222533  -0.0005241217  -0.0004229962  -0.0004349168  -0.0000377913
        0.0000701023   0.0004079764  -0.0007913924  -0.0015550080  -0.0007268317
        0.0013167338  -0.0029399402   0.0086495614  -0.0098135635   0.0088846028
       -0.0300977833   0.0020641738  -0.0030847814   0.0104828130  -0.0164489990
       -0.0283320386   0.0033800164   0.0050544131   0.0106995584  -0.0020628999
        0.0010937514   0.0023434777   0.0008372718  -0.0184654509   0.0206834623
        0.0202366554   0.0022590876  -0.0038202547  -0.0023350390   0.0035302401
       -0.0051460702  -0.0055518546
       -0.0201007029  -0.0001966918  -0.0051269379  -0.0119382603  -0.0587723631
       -0.0013688980   0.0435598601  -0.0146357043  -0.0011037532  -0.0058093040
        0.4930711450   0.0162304112   0.0091809006  -0.0682844476   0.0312032055
       -0.0442298561  -0.1656746220   0.0152569296   0.0322157254  -0.1152668450
       -0.0532374166  -0.0006351082  -0.0006999073  -0.0003017827   0.0003436451
        0.0004703166   0.0005123531  -0.0027175356  -0.0036993973  -0.0017484469
        0.0039018718  -0.0111784640   0.0250856520   0.0016124274  -0.0004915959
        0.0027186490  -0.0030032727   0.0040822167  -0.0168095590  -0.0035148485
       -0.0028076795  -0.0003652587  -0.0059960450  -0.0237911346   0.0001433120
       -0.0040595003  -0.0115554074   0.0047691885   0.0028951916  -0.0013138689
       -0.0008148276  -0.0022206954   0.0034778214   0.0021035404   0.0105155071
       -0.0227333711  -0.0171463607
       -0.0055951650  -0.0038748014   0.0088564170   0.0018704448  -0.0038351196
       -0.0618584255   0.0048025414  -0.0001533316   0.0171230203  -0.0216671830
        0.0162304112   0.4392207559  -0.0324493204   0.0315432010  -0.1615549849
        0.0102097667   0.0155417462  -0.0640030376   0.0375005174  -0.0537701314
       -0.1122548529   0.0013609311   0.0014019732   0.0000231081  -0.0012998993
       -0.0013395038  -0.0000604933  -0.0003896280  -0.0014587900   0.0013473053
       -0.0003119521   0.0046244975  -0.0070864415  -0.0063351411   0.0040055702
       -0.0119297179  -0.0024575843   0.0031128167  -0.0225013199  -0.0013635824
       -0.0036079871   0.0004750270  -0.0065448948  -0.0172192359   0.0013785601
        0.0107166908   0.0265038633  -0.0067510494   0.0025382583  -0.0009660374
       -0.0000899831   0.0116041969  -0.0177472567  -0.0226069527  -0.0021889969
        0.0010081156   0.0022730649
       -0.0010399328  -0.0019352854   0.0024118192  -0.0081800055   0.0084658690
       -0.0247134279  -0.0037865707   0.0009440376   0.0025311461  -0.0627268831
        0.0091809006  -0.0324493204   0.5144602552   0.0057584562  -0.0170203198
        0.0017845328  -0.0046947055   0.0087445503   0.0024661983  -0.0012783035
        0.0104969341   0.0000786750   0.0006699843   0.0000386800  -0.0010986966
       -0.0001174764  -0.0005480026  -0.0001921829  -0.0003601647   0.0002639032
       -0.0749671464  -0.0806799600   0.0143461058  -0.2798292077   0.0003496546
       -0.0356878018  -0.0884965416   0.0655832946   0.0665831521   0.0009638509
       -0.0003809321   0.0011075919   0.0001628986   0.0001815141  -0.0001363008
       -0.0003638866  -0.0023705251   0.0011707541   0.0009482459  -0.0003464253
        0.0007431688  -0.0004009244   0.0012164790   0.0023298569   0.0002173216
       -0.0001864121  -0.0002124893
        0.0001179864  -0.0009382666   0.0009872669   0.0057013952  -0.0022456718
        0.0031381329  -0.0002373672   0.0017888907  -0.0000849389   0.0041724210
       -0.0682844476   0.0315432010   0.0057584562   0.5186291361   0.0216425659
        0.0021320424  -0.0147109646   0.0259315483  -0.0019616060   0.0019697766
       -0.0165209783   0.0000306545   0.0001286421  -0.0000374648  -0.0008088317
       -0.0002147417  -0.0007021610  -0.0000317091   0.0000780670  -0.0000796987
       -0.0800393830  -0.2471278580   0.0338577522  -0.0004102948  -0.0429206143
       -0.0009166180   0.0655195697  -0.1420849401  -0.0977393449   0.0010256008
        0.0008393802   0.0003648913   0.0000100207   0.0007568059   0.0010609510
       -0.0019012929  -0.0052971290   0.0022916294  -0.0004821768   0.0003429924
       -0.0001280206   0.0014154232  -0.0017319292  -0.0034781006  -0.0000109084
        0.0010228717  -0.0011306131
        0.0003165638   0.0008713307   0.0005913363  -0.0164593885   0.0061052311
       -0.0094737977   0.0021114599  -0.0037414570  -0.0003799265  -0.0138102874
        0.0312032055  -0.1615549849  -0.0170203198   0.0216425659   0.4421807847
        0.0000182044   0.0077734442  -0.0107391204  -0.0014981728   0.0016030421
       -0.0276471652   0.0001451855   0.0001540194   0.0000039685   0.0002074680
        0.0001843573  -0.0000743083  -0.0000338925  -0.0000352493   0.0000463757
        0.0137829625   0.0338015542  -0.0474857906  -0.0342248533  -0.0008736814
       -0.0454897943   0.0660117963  -0.0978011704  -0.1391661846  -0.0005149058
       -0.0008570147   0.0004376641  -0.0001887619  -0.0007562279   0.0007096485
        0.0004186983   0.0014397490  -0.0000293530  -0.0007018146   0.0006116170
        0.0007667402   0.0017954624  -0.0024579899  -0.0034701590  -0.0003554044
        0.0011326740   0.0007740666
       -0.0048286146  -0.0002168076  -0.0010795252  -0.0226030953  -0.0236823571
        0.0039558462  -0.0005057584  -0.0050627185  -0.0010442181  -0.0815320421
       -0.0442298561   0.0102097667   0.0017845328   0.0021320424   0.0000182044
        0.5218327779  -0.0286866143   0.0041365499   0.0025503930   0.0085244605
       -0.0004168412  -0.0003411551  -0.0001860277   0.0000167918   0.0000419419
        0.0002607524  -0.0000025410  -0.0008118652  -0.0011938625  -0.0005247830
        0.0003535320   0.0007475555  -0.0010579073   0.0009349159   0.0008981185
       -0.0003021930   0.0001482607  -0.0002322898  -0.0001134531  -0.2762797335
        0.0051057215  -0.0444741816  -0.0910668008   0.0706969145   0.0654066373
       -0.0503989313   0.0114500418  -0.0363212046   0.0009604586   0.0011732920
        0.0002475344   0.0000844810   0.0001323966  -0.0001186385  -0.0003232973
        0.0023692379   0.0014641559
        0.0003297332   0.0007349286   0.0010157179  -0.0106199373  -0.0026096688
        0.0002563850   0.0022445288  -0.0004219092  -0.0007623219  -0.0400589503
       -0.1656746220   0.0155417462  -0.0046947055  -0.0147109646   0.0077734442
       -0.0286866143   0.4589108001   0.0099350719  -0.0057577746  -0.0263390208
       -0.0015315231   0.0001060179   0.0000364677   0.0001144064  -0.0000053909
        0.0000299101  -0.0001756769  -0.0000289867  -0.0001141670  -0.0000682711
        0.0002083883  -0.0005805824   0.0022563196  -0.0003894794   0.0004000416
       -0.0008917941  -0.0000465186   0.0007381306  -0.0008067535   0.0049965001
       -0.0412366412   0.0009430390   0.0710017075  -0.1452663569  -0.0960682006
        0.0113327204  -0.0617156872   0.0639150345  -0.0009923027   0.0004941080
        0.0006370268  -0.0002802192   0.0006241696   0.0007254318   0.0013412833
       -0.0032989362  -0.0028090820
       -0.0011939807  -0.0000960536   0.0006240607  -0.0026435422  -0.0011689723
        0.0009092621  -0.0000761732  -0.0008825011   0.0002728185   0.0090484185
        0.0152569296  -0.0640030376   0.0087445503   0.0259315483  -0.0107391204
        0.0041365499   0.0099350719   0.5195125175  -0.0048343780  -0.0171814290
        0.0002946199   0.0001874138   0.0001214083   0.0001071131  -0.0000078628
       -0.0000146262  -0.0001940724  -0.0001966524  -0.0001836461  -0.0000494303
       -0.0003956030   0.0031227743  -0.0052348535   0.0009876225   0.0002967063
        0.0008084999   0.0001071246   0.0010133957   0.0008883864  -0.0442891208
        0.0007662191  -0.0513835736   0.0660146287  -0.0959885048  -0.1339648141
       -0.0361104417   0.0634402696  -0.2570507904  -0.0005650400  -0.0000656982
        0.0004045830  -0.0001494355  -0.0009054928   0.0007601012   0.0012359221
       -0.0033973991  -0.0019622700
       -0.0002419065   0.0005324617  -0.0010632707  -0.0143675089   0.0162156440
        0.0176155450  -0.0082190195   0.0039922663  -0.0013472786  -0.0832441171
        0.0322157254   0.0375005174   0.0024661983  -0.0019616060  -0.0014981728
        0.0025503930  -0.0057577746  -0.0048343780   0.5052390821   0.0244340279
        0.0212886077  -0.0011982249  -0.0000406923   0.0005944605  -0.0004523912
        0.0004568618  -0.0000226265  -0.0000704319   0.0006843160   0.0002500803
        0.0001052446   0.0002110468  -0.0000227647   0.0009193227  -0.0004570374
       -0.0004884828   0.0004641327   0.0000119016  -0.0013622298   0.0007514131
       -0.0009486703  -0.0003943386  -0.0005474672  -0.0024228787  -0.0001160151
        0.0002027705   0.0000321159  -0.0001366827  -0.2816883691  -0.0121256728
       -0.0235742413  -0.0579945106   0.0144534318  -0.0563596278  -0.0646746101
       -0.0695254672   0.0139708986
        0.0000249561  -0.0007586616   0.0002160068   0.0078454934  -0.0043276074
       -0.0016479936  -0.0001364729   0.0023717172  -0.0005047120   0.0294126848
       -0.1152668450  -0.0537701314  -0.0012783035   0.0019697766   0.0016030421
        0.0085244605  -0.0263390208  -0.0171814290   0.0244340279   0.5038823837
       -0.0323512103   0.0000350343   0.0001546897  -0.0002219564  -0.0005247551
        0.0001168139   0.0003077280  -0.0000895144  -0.0001507608   0.0000474229
       -0.0001807536   0.0009324662   0.0009816617  -0.0001491468   0.0001602257
        0.0003159755   0.0000611947   0.0003111520   0.0016055492   0.0010316117
        0.0005395623  -0.0002429440  -0.0017781539  -0.0060392077  -0.0000908590
        0.0004433214   0.0007818583  -0.0011134759  -0.0120354382  -0.0432599351
       -0.0002062190   0.0142590305  -0.0588608457   0.0572987249  -0.0698992771
       -0.2562177613   0.0449548195
       -0.0005048143  -0.0000059777  -0.0006808905   0.0029528643  -0.0005920490
        0.0002294831  -0.0012314498   0.0009580703  -0.0002676916   0.0331222533
       -0.0532374166  -0.1122548529   0.0104969341  -0.0165209783  -0.0276471652
       -0.0004168412  -0.0015315231   0.0002946199   0.0212886077  -0.0323512103
        0.4935157423  -0.0004265279  -0.0002800519   0.0003813177   0.0001228716
        0.0000253688  -0.0000960275  -0.0001397708  -0.0001138070   0.0001903345
        0.0001675652  -0.0011415089   0.0009043893   0.0008995509  -0.0005180629
        0.0010160631  -0.0006107298   0.0007736154  -0.0062460721   0.0001639503
        0.0003761116   0.0000878887   0.0001668993   0.0008227230   0.0006078745
        0.0000867855   0.0009179198   0.0008825811  -0.0239578301   0.0000448274
       -0.0455218247  -0.0561943037   0.0572531686  -0.2531546853   0.0140139852
        0.0451207808  -0.0522410841
       -0.0472003650   0.0088492929   0.0394424744   0.0039062678   0.0003112687
       -0.0124805512   0.0001717858  -0.0030452865  -0.0000038085  -0.0005241217
       -0.0006351082   0.0013609311   0.0000786750   0.0000306545   0.0001451855
       -0.0003411551   0.0001060179   0.0001874138  -0.0011982249   0.0000350343
       -0.0004265279   0.0529787852  -0.0122969959  -0.0492316092   0.0027042762
       -0.0009681806  -0.0095496077  -0.0086490972   0.0077881423   0.0303724818
        0.0000597644  -0.0000281910  -0.0000144054   0.0000318124  -0.0000972959
        0.0000272374   0.0000012132   0.0000537092   0.0000838160  -0.0000522700
       -0.0000647569   0.0000034272   0.0000515196   0.0001066248   0.0000557455
        0.0000218036  -0.0000666863  -0.0000140471  -0.0001038590   0.0000926764
        0.0002079934  -0.0007953159  -0.0005930737   0.0005336057  -0.0011414945
        0.0004221542  -0.0006997549
        0.0110097071  -0.0468387118  -0.0606878431   0.0028181030  -0.0090666682
       -0.0258677248  -0.0015674867  -0.0052819957   0.0022730926  -0.0004229962
       -0.0006999073   0.0014019732   0.0006699843   0.0001286421   0.0001540194
       -0.0001860277   0.0000364677   0.0001214083  -0.0000406923   0.0001546897
       -0.0002800519  -0.0122969959   0.0565769923   0.0636581731  -0.0026376871
        0.0051852125   0.0235814334   0.0024140799  -0.0001804444  -0.0052665717
       -0.0000638648  -0.0000426737  -0.0000282860   0.0001424328   0.0000141568
        0.0001902449   0.0000452002  -0.0000033411   0.0000106749   0.0000384407
       -0.0000209960   0.0000450952   0.0000679897   0.0000284758   0.0000208364
       -0.0000551669  -0.0000917299   0.0000048843   0.0000344849  -0.0000431008
        0.0001263858  -0.0004216185   0.0000537386   0.0002606279   0.0004521137
        0.0000911932   0.0002816283
        0.0426481063  -0.0533044653  -0.2644044420   0.0011371566  -0.0068099778
       -0.0101479269  -0.0012784506  -0.0005838046   0.0004987968  -0.0004349168
       -0.0003017827   0.0000231081   0.0000386800  -0.0000374648   0.0000039685
        0.0000167918   0.0001144064   0.0001071131   0.0005944605  -0.0002219564
        0.0003813177  -0.0492316092   0.0636581731   0.3029036619   0.0025886689
       -0.0013939279  -0.0231558838   0.0039588112  -0.0018898514  -0.0065749369
        0.0000928681  -0.0000864883  -0.0000847750   0.0000130398  -0.0000778675
        0.0000788169   0.0000296295   0.0001171587   0.0000683987   0.0000187278
        0.0000184432   0.0000055348   0.0000419100   0.0000555098  -0.0000099541
       -0.0000106069  -0.0000371378   0.0000526241   0.0002725201   0.0002477617
        0.0000605851   0.0000855827   0.0000316288   0.0003594718  -0.0005813699
        0.0005016428  -0.0001654786
       -0.0688243995   0.0579208802  -0.0454278494   0.0059885835  -0.0044107795
        0.0102058156   0.0007064074  -0.0045549151  -0.0023303626  -0.0000377913
        0.0003436451  -0.0012998993  -0.0010986966  -0.0008088317   0.0002074680
        0.0000419419  -0.0000053909  -0.0000078628  -0.0004523912  -0.0005247551
        0.0001228716   0.0027042762  -0.0026376871   0.0025886689   0.0756805029
       -0.0698007567   0.0542640966  -0.0130709331   0.0237036303  -0.0178906199
       -0.0004125928  -0.0000332383  -0.0008608448  -0.0001265035   0.0000854671
       -0.0002380710   0.0000778405   0.0001830560   0.0000201837   0.0000010543
        0.0000370383  -0.0000117877   0.0000504277   0.0000727849   0.0000373566
        0.0000460094   0.0000435991  -0.0000356090   0.0000206840   0.0000602496
       -0.0000536284   0.0000648971   0.0001445678  -0.0000949421  -0.0013593168
        0.0001814362   0.0008050161
        0.0606211560  -0.1775662268   0.1137675517   0.0077812476  -0.0233633884
        0.0150252785  -0.0023796473  -0.0064893091  -0.0041114575   0.0000701023
        0.0004703166  -0.0013395038  -0.0001174764  -0.0002147417   0.0001843573
        0.0002607524   0.0000299101  -0.0000146262   0.0004568618   0.0001168139
        0.0000253688  -0.0009681806   0.0051852125  -0.0013939279  -0.0698007567
        0.2049495753  -0.1252498641   0.0043108667  -0.0045047440   0.0037926828
       -0.0005548392   0.0006504688  -0.0005402124   0.0001525843   0.0001878054
       -0.0001513968  -0.0000043402  -0.0001666231  -0.0000563715   0.0000357725
        0.0001460676  -0.0000255553   0.0000710456  -0.0000039238   0.0000416149
        0.0000826547   0.0000249939  -0.0000252829   0.0001400404   0.0000320747
       -0.0000101836   0.0000161785  -0.0000751254   0.0000283989  -0.0001740223
        0.0005908433   0.0000531293
       -0.0455602932   0.1100024571  -0.1187460861   0.0007049365  -0.0042247087
        0.0029399601  -0.0002735688  -0.0015979917  -0.0008138836   0.0004079764
        0.0005123531  -0.0000604933  -0.0005480026  -0.0007021610  -0.0000743083
       -0.0000025410  -0.0001756769  -0.0001940724  -0.0000226265   0.0003077280
       -0.0000960275  -0.0095496077   0.0235814334  -0.0231558838   0.0542640966
       -0.1252498641   0.1384718842   0.0003172900  -0.0018612939   0.0020730415
       -0.0006568562  -0.0000330834  -0.0000636109   0.0000175100   0.0000645989
       -0.0000571293   0.0000290400  -0.0000581293  -0.0001185909   0.0000402201
        0.0000052466   0.0000225873  -0.0000180244  -0.0000649401  -0.0000065847
       -0.0000243134   0.0000376064  -0.0000525628  -0.0001128677  -0.0002779188
        0.0000115359  -0.0000766742   0.0000565421  -0.0001474696   0.0010643061
       -0.0003221975   0.0000676941
       -0.2785935699   0.0355529753   0.0315406322  -0.0222007901  -0.0028724573
        0.0005294103   0.0021555236   0.0021691066   0.0003628347  -0.0007913924
       -0.0027175356  -0.0003896280  -0.0001921829  -0.0000317091  -0.0000338925
       -0.0008118652  -0.0000289867  -0.0001966524  -0.0000704319  -0.0000895144
       -0.0001397708  -0.0086490972   0.0024140799   0.0039588112  -0.0130709331
        0.0043108667   0.0003172900   0.3221948541  -0.0382552483  -0.0359072759
       -0.0000515806   0.0000326258   0.0001621425   0.0001010273   0.0000864082
       -0.0000548521  -0.0000532154  -0.0001012259   0.0000061140  -0.0001042021
       -0.0002440622   0.0000277576  -0.0000023330   0.0000003350  -0.0000429038
        0.0000020618   0.0000752945   0.0000062145   0.0001373893  -0.0000541626
       -0.0000369780   0.0000367094   0.0000072909  -0.0001244078  -0.0000359715
       -0.0002540807   0.0000151544
        0.0363851592  -0.0504667689  -0.0032178585  -0.0281893279   0.0026242195
        0.0027742369   0.0012837739   0.0025991768   0.0005656149  -0.0015550080
       -0.0036993973  -0.0014587900  -0.0003601647   0.0000780670  -0.0000352493
       -0.0011938625  -0.0001141670  -0.0001836461   0.0006843160  -0.0001507608
       -0.0001138070   0.0077881423  -0.0001804444  -0.0018898514   0.0237036303
       -0.0045047440  -0.0018612939  -0.0382552483   0.0536633979   0.0056028223
       -0.0000580259  -0.0000415268  -0.0001104588  -0.0000838456   0.0000436594
       -0.0001595376  -0.0000004012   0.0000451625   0.0000490275  -0.0002248192
       -0.0002954689   0.0000264395  -0.0000006635   0.0000880990   0.0000153780
        0.0000234091   0.0000596623  -0.0000262953   0.0000651651   0.0001054673
       -0.0000136692  -0.0000081782  -0.0000421685   0.0000573216  -0.0000040509
        0.0001885347  -0.0000203837
        0.0319114951  -0.0027571175  -0.0480118146  -0.0076610516  -0.0010282859
        0.0011712539  -0.0001204409   0.0015682752  -0.0010465603  -0.0007268317
       -0.0017484469   0.0013473053   0.0002639032  -0.0000796987   0.0000463757
       -0.0005247830  -0.0000682711  -0.0000494303   0.0002500803   0.0000474229
        0.0001903345   0.0303724818  -0.0052665717  -0.0065749369  -0.0178906199
        0.0037926828   0.0020730415  -0.0359072759   0.0056028223   0.0507175474
        0.0000840619   0.0000689055   0.0001030396   0.0000769817  -0.0000303971
        0.0001076786  -0.0000447131  -0.0000428329   0.0000007999  -0.0000809335
       -0.0001245806   0.0000113328  -0.0000056858   0.0000283262   0.0000150899
        0.0000051444   0.0000037983  -0.0000366890   0.0000276427   0.0000640358
        0.0000572454  -0.0001360509  -0.0001725052   0.0000771215   0.0001065951
        0.0001424387  -0.0001987348
       -0.0004694371   0.0003988231  -0.0004892534   0.0007430508   0.0008194385
       -0.0004865775  -0.0001232303   0.0000115904   0.0000327357   0.0013167338
        0.0039018718  -0.0003119521  -0.0749671464  -0.0800393830   0.0137829625
        0.0003535320   0.0002083883  -0.0003956030   0.0001052446  -0.0001807536
        0.0001675652   0.0000597644  -0.0000638648   0.0000928681  -0.0004125928
       -0.0005548392  -0.0006568562  -0.0000515806  -0.0000580259   0.0000840619
        0.0844128006   0.0939383773  -0.0146231149  -0.0162918448  -0.0314615688
        0.0037423046   0.0049924436   0.0127087382  -0.0010749231   0.0001304179
        0.0000791920  -0.0000966417  -0.0000830062   0.0000364783   0.0000178500
        0.0002844829   0.0000913108  -0.0000507406  -0.0002334695  -0.0001902613
        0.0000088626  -0.0000828022   0.0001446143  -0.0000738221   0.0003166393
        0.0002098736   0.0003302740
       -0.0003053790   0.0003670923  -0.0006077802  -0.0004034608  -0.0008674326
        0.0004935658   0.0003079859  -0.0001880217   0.0000030621  -0.0029399402
       -0.0111784640   0.0046244975  -0.0806799600  -0.2471278580   0.0338015542
        0.0007475555  -0.0005805824   0.0031227743   0.0002110468   0.0009324662
       -0.0011415089  -0.0000281910  -0.0000426737  -0.0000864883  -0.0000332383
        0.0006504688  -0.0000330834   0.0000326258  -0.0000415268   0.0000689055
        0.0939383773   0.2858782993  -0.0404161677  -0.0031821203  -0.0027548936
       -0.0002100458  -0.0075135523  -0.0249176045   0.0002299723   0.0002953609
        0.0001235131  -0.0000696338  -0.0001159216   0.0003092012  -0.0000028718
       -0.0003411581  -0.0007501058   0.0004184982  -0.0000471812  -0.0001486521
        0.0000555992   0.0000184741  -0.0000451859  -0.0002175562   0.0000386764
        0.0003819603  -0.0000332931
        0.0000152093   0.0002786720  -0.0004337489   0.0007403164   0.0008174957
        0.0002268102  -0.0000274739   0.0000867496  -0.0001568915   0.0086495614
        0.0250856520  -0.0070864415   0.0143461058   0.0338577522  -0.0474857906
       -0.0010579073   0.0022563196  -0.0052348535  -0.0000227647   0.0009816617
        0.0009043893  -0.0000144054  -0.0000282860  -0.0000847750  -0.0008608448
       -0.0005402124  -0.0000636109   0.0001621425  -0.0001104588   0.0001030396
       -0.0146231149  -0.0404161677   0.0564784906  -0.0010639855  -0.0033860973
        0.0015333323  -0.0067167356  -0.0197154913   0.0025678346  -0.0001102799
       -0.0001716773  -0.0000898920  -0.0000561048  -0.0000764683  -0.0000967020
        0.0005530573   0.0016826595  -0.0005041699   0.0000525901  -0.0000518983
       -0.0000965696  -0.0000442612  -0.0000408158   0.0002326156   0.0000788952
       -0.0005093889  -0.0007130669
       -0.0002905397  -0.0003596634   0.0000822640   0.0006298477   0.0005014319
       -0.0022259667  -0.0004716174   0.0003726333   0.0001932083  -0.0098135635
        0.0016124274  -0.0063351411  -0.2798292077  -0.0004102948  -0.0342248533
        0.0009349159  -0.0003894794   0.0009876225   0.0009193227  -0.0001491468
        0.0008995509   0.0000318124   0.0001424328   0.0000130398  -0.0001265035
        0.0001525843   0.0000175100   0.0001010273  -0.0000838456   0.0000769817
       -0.0162918448  -0.0031821203  -0.0010639855   0.3228533452  -0.0002065275
        0.0411357629  -0.0189905981   0.0020885169   0.0003753773   0.0004426320
        0.0001638890  -0.0001017776  -0.0002818916   0.0000975985  -0.0000306467
        0.0000455877  -0.0001340139   0.0002579661   0.0003620175  -0.0000543403
       -0.0002160788   0.0000286944  -0.0000439188   0.0002568993  -0.0002534365
       -0.0001181633  -0.0000977331
        0.0000732526   0.0001062562  -0.0004352222  -0.0009630659   0.0001070437
        0.0016598482   0.0007282365  -0.0007015201  -0.0004035563   0.0088846028
       -0.0004915959   0.0040055702   0.0003496546  -0.0429206143  -0.0008736814
        0.0008981185   0.0004000416   0.0002967063  -0.0004570374   0.0001602257
       -0.0005180629  -0.0000972959   0.0000141568  -0.0000778675   0.0000854671
        0.0001878054   0.0000645989   0.0000864082   0.0000436594  -0.0000303971
       -0.0314615688  -0.0027548936  -0.0033860973  -0.0002065275   0.0472090316
       -0.0013239636   0.0225091622  -0.0008572719   0.0008513558  -0.0003989383
       -0.0003207626   0.0005928129   0.0001520205  -0.0001562302  -0.0000518043
       -0.0000945242  -0.0000105439  -0.0001910154   0.0000802430   0.0002797376
       -0.0001729667   0.0000668731  -0.0001130404  -0.0000020230  -0.0002350807
       -0.0001814851  -0.0000042347
       -0.0006470636  -0.0008174435   0.0005883964   0.0025623235   0.0006529842
       -0.0055107278  -0.0019714705   0.0015450512   0.0012903120  -0.0300977833
        0.0027186490  -0.0119297179  -0.0356878018  -0.0009166180  -0.0454897943
       -0.0003021930  -0.0008917941   0.0008084999  -0.0004884828   0.0003159755
        0.0010160631   0.0000272374   0.0001902449   0.0000788169  -0.0002380710
       -0.0001513968  -0.0000571293  -0.0000548521  -0.0001595376   0.0001076786
        0.0037423046  -0.0002100458   0.0015333323   0.0411357629  -0.0013239636
        0.0556015482   0.0208876128  -0.0011227202   0.0024745907   0.0003925018
        0.0005980399  -0.0001741925   0.0001301996   0.0000297842  -0.0001002443
        0.0000054943  -0.0002148333   0.0001952094   0.0004967291  -0.0001251899
       -0.0006189608   0.0001183892  -0.0000086860   0.0002943371  -0.0000108372
       -0.0001085002  -0.0001080177
       -0.0001333727   0.0000425268   0.0000135605   0.0004033528  -0.0004969235
       -0.0013884712   0.0001029075  -0.0001681714   0.0003491716   0.0020641738
       -0.0030032727  -0.0024575843  -0.0884965416   0.0655195697   0.0660117963
        0.0001482607  -0.0000465186   0.0001071246   0.0004641327   0.0000611947
       -0.0006107298   0.0000012132   0.0000452002   0.0000296295   0.0000778405
       -0.0000043402   0.0000290400  -0.0000532154  -0.0000004012  -0.0000447131
        0.0049924436  -0.0075135523  -0.0067167356  -0.0189905981   0.0225091622
        0.0208876128   0.0991956460  -0.0766484432  -0.0759639165  -0.0002956181
        0.0001496722   0.0001220267   0.0003143496  -0.0002832573   0.0001253649
       -0.0000862066  -0.0000560829  -0.0001491252   0.0001329860   0.0000034431
       -0.0001881673   0.0002584963  -0.0000446545  -0.0001252574  -0.0001002504
       -0.0000651510  -0.0000306266
       -0.0001750689  -0.0000805431   0.0000704652   0.0002044066   0.0003819301
       -0.0004755659  -0.0005276230   0.0002166625   0.0001044056  -0.0030847814
        0.0040822167   0.0031128167   0.0655832946  -0.1420849401  -0.0978011704
       -0.0002322898   0.0007381306   0.0010133957   0.0000119016   0.0003111520
        0.0007736154   0.0000537092  -0.0000033411   0.0001171587   0.0001830560
       -0.0001666231  -0.0000581293  -0.0001012259   0.0000451625  -0.0000428329
        0.0127087382  -0.0249176045  -0.0197154913   0.0020885169  -0.0008572719
       -0.0011227202  -0.0766484432   0.1623095782   0.1134124415   0.0000113802
       -0.0000929115  -0.0000805883  -0.0000122838  -0.0002193100   0.0003363974
        0.0000169181  -0.0000802972  -0.0000207041  -0.0001344021  -0.0000631536
        0.0000821161  -0.0000431910   0.0003212809   0.0001585054   0.0000973876
        0.0001598825   0.0001358843
       -0.0000357784   0.0001319542   0.0000386401   0.0004687599  -0.0014985591
       -0.0014159295   0.0001279041   0.0005645014   0.0003592448   0.0104828130
       -0.0168095590  -0.0225013199   0.0665831521  -0.0977393449  -0.1391661846
       -0.0001134531  -0.0008067535   0.0008883864  -0.0013622298   0.0016055492
       -0.0062460721   0.0000838160   0.0000106749   0.0000683987   0.0000201837
       -0.0000563715  -0.0001185909   0.0000061140   0.0000490275   0.0000007999
       -0.0010749231   0.0002299723   0.0025678346   0.0003753773   0.0008513558
        0.0024745907  -0.0759639165   0.1134124415   0.1644338379   0.0000997842
        0.0000417279  -0.0001062787  -0.0000594371   0.0007593624  -0.0001433150
       -0.0000596497  -0.0001221756   0.0002478455  -0.0002180906   0.0001164219
        0.0000941070   0.0006987389  -0.0010465152  -0.0015563827  -0.0000591647
        0.0003062897   0.0000803877
       -0.0010050911  -0.0003005606  -0.0002462384  -0.0010555200  -0.0030148462
        0.0003544710   0.0002429852  -0.0002497327  -0.0000465468  -0.0164489990
       -0.0035148485  -0.0013635824   0.0009638509   0.0010256008  -0.0005149058
       -0.2762797335   0.0049965001  -0.0442891208   0.0007514131   0.0010316117
        0.0001639503  -0.0000522700   0.0000384407   0.0000187278   0.0000010543
        0.0000357725   0.0000402201  -0.0001042021  -0.0002248192  -0.0000809335
        0.0001304179   0.0002953609  -0.0001102799   0.0004426320  -0.0003989383
        0.0003925018  -0.0002956181   0.0000113802   0.0000997842   0.3202036136
       -0.0046518859   0.0513398247  -0.0191850959   0.0034130319  -0.0014790323
       -0.0086552120   0.0015174398  -0.0041721229   0.0004639211  -0.0002289916
       -0.0000658386  -0.0001871989  -0.0000204671  -0.0000650752   0.0000690526
        0.0002399514   0.0000241967
       -0.0015938430  -0.0001171684  -0.0004381868  -0.0012629883  -0.0057520291
        0.0007336604   0.0006511108   0.0007156242  -0.0001468206  -0.0283320386
       -0.0028076795  -0.0036079871  -0.0003809321   0.0008393802  -0.0008570147
        0.0051057215  -0.0412366412   0.0007662191  -0.0009486703   0.0005395623
        0.0003761116  -0.0000647569  -0.0000209960   0.0000184432   0.0000370383
        0.0001460676   0.0000052466  -0.0002440622  -0.0002954689  -0.0001245806
        0.0000791920   0.0001235131  -0.0001716773   0.0001638890  -0.0003207626
        0.0005980399   0.0001496722  -0.0000929115   0.0000417279  -0.0046518859
        0.0499253516  -0.0020012697   0.0219504378  -0.0012293552   0.0028532581
        0.0088847843   0.0002527459   0.0022605749   0.0002634809  -0.0007296996
       -0.0003382493   0.0000900928  -0.0000828729  -0.0000137818   0.0001037578
        0.0001433399   0.0000462862
        0.0001714353  -0.0000291691   0.0001131819   0.0006783020   0.0009771891
        0.0001342155   0.0000928680  -0.0000697842  -0.0000124208   0.0033800164
       -0.0003652587   0.0004750270   0.0011075919   0.0003648913   0.0004376641
       -0.0444741816   0.0009430390  -0.0513835736  -0.0003943386  -0.0002429440
        0.0000878887   0.0000034272   0.0000450952   0.0000055348  -0.0000117877
       -0.0000255553   0.0000225873   0.0000277576   0.0000264395   0.0000113328
       -0.0000966417  -0.0000696338  -0.0000898920  -0.0001017776   0.0005928129
       -0.0001741925   0.0001220267  -0.0000805883  -0.0001062787   0.0513398247
       -0.0020012697   0.0567765912   0.0203984947  -0.0020200173   0.0031446464
       -0.0323746185   0.0023979628  -0.0093295523   0.0001610940  -0.0005579493
        0.0001356432  -0.0001619977   0.0000526833  -0.0001702090   0.0001325050
        0.0000620565  -0.0000781938
        0.0000253000   0.0004480416   0.0002138061   0.0003922716  -0.0010561302
       -0.0005622281  -0.0014501149  -0.0005652072   0.0001506650   0.0050544131
       -0.0059960450  -0.0065448948   0.0001628986   0.0000100207  -0.0001887619
       -0.0910668008   0.0710017075   0.0660146287  -0.0005474672  -0.0017781539
        0.0001668993   0.0000515196   0.0000679897   0.0000419100   0.0000504277
        0.0000710456  -0.0000180244  -0.0000023330  -0.0000006635  -0.0000056858
       -0.0000830062  -0.0001159216  -0.0000561048  -0.0002818916   0.0001520205
        0.0001301996   0.0003143496  -0.0000122838  -0.0000594371  -0.0191850959
        0.0219504378   0.0203984947   0.1036293237  -0.0808768084  -0.0769271133
        0.0025559824  -0.0026651169  -0.0024499609   0.0000771983  -0.0001145988
        0.0000586584  -0.0000749114  -0.0000000507  -0.0000632514   0.0003779366
       -0.0005202832  -0.0002997993
        0.0001181974   0.0002496995   0.0001812364   0.0007187293  -0.0006095447
       -0.0007945003  -0.0000695693   0.0008169663   0.0005059123   0.0106995584
       -0.0237911346  -0.0172192359   0.0001815141   0.0007568059  -0.0007562279
        0.0706969145  -0.1452663569  -0.0959885048  -0.0024228787  -0.0060392077
        0.0008227230   0.0001066248   0.0000284758   0.0000555098   0.0000727849
       -0.0000039238  -0.0000649401   0.0000003350   0.0000880990   0.0000283262
        0.0000364783   0.0003092012  -0.0000764683   0.0000975985  -0.0001562302
        0.0000297842  -0.0002832573  -0.0002193100   0.0007593624   0.0034130319
       -0.0012293552  -0.0020200173  -0.0808768084   0.1710756438   0.1120609347
       -0.0027318071   0.0053293235   0.0033082572  -0.0002917034   0.0001093888
        0.0001596838  -0.0000398799   0.0000349234   0.0001802140   0.0005741372
       -0.0014834641  -0.0011720494
        0.0000176999   0.0002263857   0.0000510444   0.0005475318  -0.0015057317
        0.0000144071  -0.0001220265   0.0011601705  -0.0001433979  -0.0020628999
        0.0001433120   0.0013785601  -0.0001363008   0.0010609510   0.0007096485
        0.0654066373  -0.0960682006  -0.1339648141  -0.0001160151  -0.0000908590
        0.0006078745   0.0000557455   0.0000208364  -0.0000099541   0.0000373566
        0.0000416149  -0.0000065847  -0.0000429038   0.0000153780   0.0000150899
        0.0000178500  -0.0000028718  -0.0000967020  -0.0000306467  -0.0000518043
       -0.0001002443   0.0001253649   0.0003363974  -0.0001433150  -0.0014790323
        0.0028532581   0.0031446464  -0.0769271133   0.1120609347   0.1539016319
        0.0147212172  -0.0203919445  -0.0256190149  -0.0001666494   0.0001137125
       -0.0000652802   0.0000901303   0.0001424137   0.0001610976   0.0000640542
       -0.0000639532   0.0001653068
        0.0000093066   0.0001537806  -0.0000734366   0.0007609208  -0.0015705124
        0.0010222371  -0.0000041891   0.0007596661  -0.0004365169   0.0010937514
       -0.0040595003   0.0107166908  -0.0003638866  -0.0019012929   0.0004186983
       -0.0503989313   0.0113327204  -0.0361104417   0.0002027705   0.0004433214
        0.0000867855   0.0000218036  -0.0000551669  -0.0000106069   0.0000460094
        0.0000826547  -0.0000243134   0.0000020618   0.0000234091   0.0000051444
        0.0002844829  -0.0003411581   0.0005530573   0.0000455877  -0.0000945242
        0.0000054943  -0.0000862066   0.0000169181  -0.0000596497  -0.0086552120
        0.0088847843  -0.0323746185   0.0025559824  -0.0027318071   0.0147212172
        0.0545840416  -0.0110962016   0.0416748062  -0.0002339468   0.0000916743
       -0.0002456319   0.0002596091   0.0000536935   0.0000457397  -0.0001239553
        0.0000075412   0.0000853446
        0.0001550440  -0.0000518293  -0.0002220316   0.0006811791   0.0000577483
        0.0005265525   0.0000138385   0.0001925648   0.0001410166   0.0023434777
       -0.0115554074   0.0265038633  -0.0023705251  -0.0052971290   0.0014397490
        0.0114500418  -0.0617156872   0.0634402696   0.0000321159   0.0007818583
        0.0009179198  -0.0000666863  -0.0000917299  -0.0000371378   0.0000435991
        0.0000249939   0.0000376064   0.0000752945   0.0000596623   0.0000037983
        0.0000913108  -0.0007501058   0.0016826595  -0.0001340139  -0.0000105439
       -0.0002148333  -0.0000560829  -0.0000802972  -0.0001221756   0.0015174398
        0.0002527459   0.0023979628  -0.0026651169   0.0053293235  -0.0203919445
       -0.0110962016   0.0733279368  -0.0755299278   0.0001848461  -0.0001451196
        0.0000329999  -0.0002140029  -0.0006093299  -0.0005493291   0.0000144421
        0.0002803452  -0.0000570180
       -0.0000529197  -0.0000540055  -0.0000076434  -0.0007986392   0.0010187331
       -0.0001875702   0.0004113388  -0.0009430522   0.0001766771   0.0008372718
        0.0047691885  -0.0067510494   0.0011707541   0.0022916294  -0.0000293530
       -0.0363212046   0.0639150345  -0.2570507904  -0.0001366827  -0.0011134759
        0.0008825811  -0.0000140471   0.0000048843   0.0000526241  -0.0000356090
       -0.0000252829  -0.0000525628   0.0000062145  -0.0000262953  -0.0000366890
       -0.0000507406   0.0004184982  -0.0005041699   0.0002579661  -0.0001910154
        0.0001952094  -0.0001491252  -0.0000207041   0.0002478455  -0.0041721229
        0.0022605749  -0.0093295523  -0.0024499609   0.0033082572  -0.0256190149
        0.0416748062  -0.0755299278   0.2979434019  -0.0001308094   0.0001471737
       -0.0001653808   0.0000132397  -0.0000188153   0.0002706083  -0.0000597300
       -0.0002113993  -0.0000351713
       -0.0003986394  -0.0001319402  -0.0002903950   0.0004661943   0.0011845876
        0.0021276546  -0.0017937654   0.0014520082  -0.0000479781  -0.0184654509
        0.0028951916   0.0025382583   0.0009482459  -0.0004821768  -0.0007018146
        0.0009604586  -0.0009923027  -0.0005650400  -0.2816883691  -0.0120354382
       -0.0239578301  -0.0001038590   0.0000344849   0.0002725201   0.0000206840
        0.0001400404  -0.0001128677   0.0001373893   0.0000651651   0.0000276427
       -0.0002334695  -0.0000471812   0.0000525901   0.0003620175   0.0000802430
        0.0004967291   0.0001329860  -0.0001344021  -0.0002180906   0.0004639211
        0.0002634809   0.0001610940   0.0000771983  -0.0002917034  -0.0001666494
       -0.0002339468   0.0001848461  -0.0001308094   0.3264803404   0.0124325601
        0.0265303378  -0.0125358898  -0.0002565851  -0.0047250465  -0.0145960454
       -0.0043608783  -0.0012903051
       -0.0004255276   0.0002341668   0.0002980855  -0.0001598600  -0.0015653535
       -0.0027555128   0.0019804455  -0.0012251298   0.0003800558   0.0206834623
       -0.0013138689  -0.0009660374  -0.0003464253   0.0003429924   0.0006116170
        0.0011732920   0.0004941080  -0.0000656982  -0.0121256728  -0.0432599351
        0.0000448274   0.0000926764  -0.0000431008   0.0002477617   0.0000602496
        0.0000320747  -0.0002779188  -0.0000541626   0.0001054673   0.0000640358
       -0.0001902613  -0.0001486521  -0.0000518983  -0.0000543403   0.0002797376
       -0.0001251899   0.0000034431  -0.0000631536   0.0001164219  -0.0002289916
       -0.0007296996  -0.0005579493  -0.0001145988   0.0001093888   0.0001137125
        0.0000916743  -0.0001451196   0.0001471737   0.0124325601   0.0502985417
        0.0030556100   0.0088553328   0.0010286019   0.0022649471  -0.0316732958
       -0.0044310663  -0.0025440439
       -0.0000567486   0.0000199927   0.0003654688   0.0001240520  -0.0018414279
       -0.0025286206   0.0018328329  -0.0011693546   0.0003795580   0.0202366554
       -0.0008148276  -0.0000899831   0.0007431688  -0.0001280206   0.0007667402
        0.0002475344   0.0006370268   0.0004045830  -0.0235742413  -0.0002062190
       -0.0455218247   0.0002079934   0.0001263858   0.0000605851  -0.0000536284
       -0.0000101836   0.0000115359  -0.0000369780  -0.0000136692   0.0000572454
        0.0000088626   0.0000555992  -0.0000965696  -0.0002160788  -0.0001729667
       -0.0006189608  -0.0001881673   0.0000821161   0.0000941070  -0.0000658386
       -0.0003382493   0.0001356432   0.0000586584   0.0001596838  -0.0000652802
       -0.0002456319   0.0000329999  -0.0001653808   0.0265303378   0.0030556100
        0.0516742863  -0.0322816034  -0.0008228893  -0.0062926134   0.0067288206
        0.0013483934   0.0014294804
       -0.0004047092  -0.0000021174   0.0002557801   0.0007173110   0.0000548780
        0.0012112051   0.0001163181  -0.0001196683  -0.0001884147   0.0022590876
       -0.0022206954   0.0116041969  -0.0004009244   0.0014154232   0.0017954624
        0.0000844810  -0.0002802192  -0.0001494355  -0.0579945106   0.0142590305
       -0.0561943037  -0.0007953159  -0.0004216185   0.0000855827   0.0000648971
        0.0000161785  -0.0000766742   0.0000367094  -0.0000081782  -0.0001360509
       -0.0000828022   0.0000184741  -0.0000442612   0.0000286944   0.0000668731
        0.0001183892   0.0002584963  -0.0000431910   0.0006987389  -0.0001871989
        0.0000900928  -0.0001619977  -0.0000749114  -0.0000398799   0.0000901303
        0.0002596091  -0.0002140029   0.0000132397  -0.0125358898   0.0088553328
       -0.0322816034   0.0658704993  -0.0180676224   0.0642378514   0.0027801591
       -0.0033590899   0.0091221645
       -0.0001461211  -0.0000838117   0.0000146641  -0.0001342794   0.0010872834
       -0.0000226383  -0.0002823898  -0.0003075920   0.0000993967  -0.0038202547
        0.0034778214  -0.0177472567   0.0012164790  -0.0017319292  -0.0024579899
        0.0001323966   0.0006241696  -0.0009054928   0.0144534318  -0.0588608457
        0.0572531686  -0.0005930737   0.0000537386   0.0000316288   0.0001445678
       -0.0000751254   0.0000565421   0.0000072909  -0.0000421685  -0.0001725052
        0.0001446143  -0.0000451859  -0.0000408158  -0.0000439188  -0.0001130404
       -0.0000086860  -0.0000446545   0.0003212809  -0.0010465152  -0.0000204671
       -0.0000828729   0.0000526833  -0.0000000507   0.0000349234   0.0001424137
        0.0000536935  -0.0006093299  -0.0000188153  -0.0002565851   0.0010286019
       -0.0008228893  -0.0180676224   0.0662841494  -0.0644216202   0.0072569433
       -0.0109600670   0.0300147273
       -0.0001310048   0.0001133530   0.0003094360  -0.0010555070   0.0004134922
       -0.0003814673   0.0001036713  -0.0004123771  -0.0001192504  -0.0023350390
        0.0021035404  -0.0226069527   0.0023298569  -0.0034781006  -0.0034701590
       -0.0001186385   0.0007254318   0.0007601012  -0.0563596278   0.0572987249
       -0.2531546853   0.0005336057   0.0002606279   0.0003594718  -0.0000949421
        0.0000283989  -0.0001474696  -0.0001244078   0.0000573216   0.0000771215
       -0.0000738221  -0.0002175562   0.0002326156   0.0002568993  -0.0000020230
        0.0002943371  -0.0001252574   0.0001585054  -0.0015563827  -0.0000650752
       -0.0000137818  -0.0001702090  -0.0000632514   0.0001802140   0.0001610976
        0.0000457397  -0.0005493291   0.0002706083  -0.0047250465   0.0022649471
       -0.0062926134   0.0642378514  -0.0644216202   0.2946776512  -0.0022360047
        0.0054902308  -0.0092432509
       -0.0016665887   0.0000951578  -0.0000510038   0.0008715328   0.0007350678
        0.0000310482   0.0000466625  -0.0004386379  -0.0001474194   0.0035302401
        0.0105155071  -0.0021889969   0.0002173216  -0.0000109084  -0.0003554044
       -0.0003232973   0.0013412833   0.0012359221  -0.0646746101  -0.0698992771
        0.0140139852  -0.0011414945   0.0004521137  -0.0005813699  -0.0013593168
       -0.0001740223   0.0010643061  -0.0000359715  -0.0000040509   0.0001065951
        0.0003166393   0.0000386764   0.0000788952  -0.0002534365  -0.0002350807
       -0.0000108372  -0.0001002504   0.0000973876  -0.0000591647   0.0000690526
        0.0001037578   0.0001325050   0.0003779366   0.0005741372   0.0000640542
       -0.0001239553   0.0000144421  -0.0000597300  -0.0145960454  -0.0316732958
        0.0067288206   0.0027801591   0.0072569433  -0.0022360047   0.0760654218
        0.0812107989  -0.0177662006
       -0.0006843907   0.0005864621  -0.0000040013  -0.0004122093  -0.0008388393
        0.0001896086  -0.0000087975   0.0002089875  -0.0000218883  -0.0051460702
       -0.0227333711   0.0010081156  -0.0001864121   0.0010228717   0.0011326740
        0.0023692379  -0.0032989362  -0.0033973991  -0.0695254672  -0.2562177613
        0.0451207808   0.0004221542   0.0000911932   0.0005016428   0.0001814362
        0.0005908433  -0.0003221975  -0.0002540807   0.0001885347   0.0001424387
        0.0002098736   0.0003819603  -0.0005093889  -0.0001181633  -0.0001814851
       -0.0001085002  -0.0000651510   0.0001598825   0.0003062897   0.0002399514
        0.0001433399   0.0000620565  -0.0005202832  -0.0014834641  -0.0000639532
        0.0000075412   0.0002803452  -0.0002113993  -0.0043608783  -0.0044310663
        0.0013483934  -0.0033590899  -0.0109600670   0.0054902308   0.0812107989
        0.2964905698  -0.0506635031
        0.0002200700  -0.0003055085   0.0000980513   0.0000190511   0.0004991124
        0.0004172701  -0.0001075623  -0.0000994969  -0.0000431838  -0.0055518546
       -0.0171463607   0.0022730649  -0.0002124893  -0.0011306131   0.0007740666
        0.0014641559  -0.0028090820  -0.0019622700   0.0139708986   0.0449548195
       -0.0522410841  -0.0006997549   0.0002816283  -0.0001654786   0.0008050161
        0.0000531293   0.0000676941   0.0000151544  -0.0000203837  -0.0001987348
        0.0003302740  -0.0000332931  -0.0007130669  -0.0000977331  -0.0000042347
       -0.0001080177  -0.0000306266   0.0001358843   0.0000803877   0.0000241967
        0.0000462862  -0.0000781938  -0.0002997993  -0.0011720494   0.0001653068
        0.0000853446  -0.0000570180  -0.0000351713  -0.0012903051  -0.0025440439
        0.0014294804   0.0091221645   0.0300147273  -0.0092432509  -0.0177662006
       -0.0506635031   0.0594831301
