           1           2   1.00990638720886     
           2           3  0.941419483130151     
           2           4  0.967395287187502     
           4           5   1.00936858457566     
           5           6  0.991054155678946     
           6           7  0.965171209075295     
           6           8  0.951788564438918     
           2           9  0.986537670336765     
           8           9   1.00089872829903     
           9          10   1.81011724698164     
           6          11  0.994654405048739     
          11          12   1.92664426625241     
          11          13   1.02782023358234     
           1          14  0.985361884122601     
           1          15  0.986244877665944     
           1          16  0.985554072216159     
           4          17  0.976953059729174     
           4          18  0.972072842390220     
           5          19  0.972480784541399     
           5          20  0.972812491476570     
           8          21  0.974708369546642     
           8          22  0.947750269176979     
          12          23  0.974908122337125     
          12          24  0.975646313254923     
          13          25  0.983006850295955     
          13          26  0.965290243558136     
          13          27  0.970071006452641     
