           1           2   1.03382751014445     
           2           3   1.38071602007619     
           3           4   1.43696780429846     
           4           5   1.45311705162167     
           5           6   1.35613279189122     
           2           7   1.43211137694356     
           6           7   1.35364092798750     
           6           8   1.00014994468453     
           8           9   1.42126996426296     
           8          10   1.42175837295613     
           9          10  0.321060047117798     
           1          11  0.963740475124676     
           1          12  0.983660616071389     
           1          13  0.963864241737257     
           3          14  0.964666623324098     
           4          15  0.965347642469671     
           5          16  0.961634957436983     
           7          17  0.959382677150792     
