$hessian                                                                        
        0.5063199489   0.0197915161  -0.0241634212  -0.0844122015   0.0338677526
       -0.0416285861   0.0038098402  -0.0044158758   0.0054865555  -0.0225832978
        0.0157570964  -0.0190996173  -0.0024436000  -0.0013130992  -0.0008646820
       -0.0010115346  -0.0001358336   0.0015439114  -0.0000582804   0.0003749090
        0.0001025387   0.0003964124   0.0000710631   0.0010405952  -0.0001921423
        0.0006418426  -0.0004084193  -0.0830724526   0.0154342917   0.0878060006
       -0.0472280746  -0.0288094460  -0.0064757637  -0.2712332930  -0.0506147500
       -0.0065269133   0.0016167011  -0.0006460565   0.0008771246   0.0002404114
       -0.0001099640   0.0000902724  -0.0001037138  -0.0000050599   0.0027136117
        0.0009934540  -0.0003858092   0.0007917757  -0.0000821595   0.0000379565
       -0.0004305889  -0.0003239799   0.0000382903   0.0000304924  -0.0001028495
        0.0000837379  -0.0002631572  -0.0000288967  -0.0000109089  -0.0000389288
       -0.0005002917   0.0003483469  -0.0005828005
        0.0197915161   0.4990961251   0.0291875759   0.0288389038  -0.1123749893
        0.0495866886  -0.0009699694   0.0013503858   0.0009808823   0.0050346783
        0.0035715322  -0.0012512609  -0.0005222472   0.0000438421   0.0000712657
        0.0001082212   0.0000042576  -0.0000198958  -0.0001021758   0.0001168920
       -0.0000063078   0.0007179990   0.0000400909  -0.0000437389  -0.0009604906
       -0.0012585828  -0.0001200824   0.0154961126  -0.0507165489  -0.0370076461
       -0.0287777642  -0.2653479942  -0.0569900134  -0.0508076198  -0.0541827673
       -0.0027241626   0.0134236543  -0.0230849831   0.0206258583  -0.0002931563
        0.0011732240  -0.0009458961   0.0001065068   0.0008136642  -0.0010603070
        0.0000452412   0.0001226881  -0.0001969037  -0.0000787086   0.0003231801
        0.0001747449  -0.0000745227   0.0001058575   0.0000267544  -0.0000702436
        0.0000700876   0.0000542849  -0.0000329938   0.0000064034   0.0000262939
       -0.0008729414   0.0001276349  -0.0003681338
       -0.0241634212   0.0291875759   0.4861974576  -0.0360716073   0.0504927136
       -0.1186500170  -0.0092585847   0.0162848445  -0.0279250255  -0.0074920608
        0.0013294567  -0.0018071185   0.0009457234  -0.0003186092  -0.0006451428
       -0.0002832540  -0.0000352875   0.0000221501  -0.0000230227   0.0000467566
        0.0000088700  -0.0000948039   0.0000533875   0.0001559646   0.0006770490
        0.0001825162   0.0003733562   0.0880185863  -0.0370575004  -0.2353624437
       -0.0064723828  -0.0573026019  -0.0576122181  -0.0065303011  -0.0030883334
       -0.0430128098   0.0008212139  -0.0009794690   0.0025717447  -0.0005788084
        0.0010041154   0.0010985608   0.0017454423  -0.0001417566  -0.0060590340
       -0.0009785011   0.0001953480   0.0007873255  -0.0000255678  -0.0000053691
       -0.0000024811   0.0000356281  -0.0000537676   0.0000390649   0.0000227591
        0.0000272533   0.0000048711   0.0000066400   0.0000419568  -0.0000070072
       -0.0003007262   0.0001367703  -0.0001760678
       -0.0844122015   0.0288389038  -0.0360716073   0.4709912562   0.0126098415
        0.0035748306  -0.0783188096   0.0053292227   0.0403894380  -0.1927435773
       -0.0186271266  -0.0006851758  -0.0279047656   0.0038685524   0.0017891748
        0.0000804212   0.0028107153   0.0008849170  -0.0010730944  -0.0002228977
       -0.0000338774   0.0014406219  -0.0016273789  -0.0002486993  -0.0170066417
       -0.0110963240  -0.0023189129   0.0044870270  -0.0057321036   0.0062680562
        0.0013976116   0.0001511635   0.0021522242  -0.0178551121   0.0177949900
       -0.0211187930  -0.0494810154  -0.0369399018  -0.0097798977   0.0013632805
        0.0009285114  -0.0022993718   0.0044968428  -0.0018293105  -0.0102231214
       -0.0158641237   0.0044947253   0.0280666082   0.0010187763  -0.0017610142
       -0.0004951694  -0.0007425130  -0.0001885309  -0.0000381273   0.0002032214
       -0.0000042949  -0.0000476833  -0.0003173372   0.0001101682   0.0000439036
        0.0002401325   0.0010920888   0.0001912840
        0.0338677526  -0.1123749893   0.0504927136   0.0126098415   0.5292058439
        0.0223903072   0.0068810454  -0.0701538694  -0.0222766426  -0.0277191891
       -0.0705816274  -0.0029871823   0.0201413481   0.0012100495  -0.0009996165
        0.0022532401  -0.0023226170  -0.0025179532   0.0002871117  -0.0004710193
       -0.0000761346  -0.0021722125  -0.0041825230  -0.0026360846  -0.0257022409
       -0.0052528501  -0.0004405556  -0.0015898726   0.0021785060  -0.0013116934
        0.0132063744  -0.0234750962   0.0197526036  -0.0006930992   0.0024022903
       -0.0026580012  -0.0362296254  -0.2417068555  -0.0525895593   0.0109799602
       -0.0082543876  -0.0276247259  -0.0061552982   0.0022652373   0.0164075398
       -0.0023659821   0.0011989062   0.0053812796   0.0025900173   0.0004405134
        0.0006136150   0.0013611040  -0.0001553261  -0.0000173366   0.0002034341
       -0.0000073051   0.0004146243  -0.0013127590  -0.0003577315  -0.0000607526
       -0.0004409505   0.0003948510   0.0007435554
       -0.0416285861   0.0495866886  -0.1186500170   0.0035748306   0.0223903072
        0.4478020674   0.0480569736  -0.0211681540  -0.1662724079  -0.0033470062
       -0.0032543234  -0.0563600793   0.0057737998  -0.0005523355   0.0025174755
        0.0006989306  -0.0025146761   0.0069147832   0.0001271449  -0.0000485932
       -0.0002142167  -0.0004628699  -0.0026961551   0.0061738037  -0.0058798884
       -0.0008348604  -0.0005346335  -0.0115780283   0.0163666428  -0.0228623255
        0.0024691292  -0.0009942129   0.0037728833  -0.0038805052   0.0028804361
       -0.0028543595  -0.0094994300  -0.0525795671  -0.0551284509   0.0038014968
       -0.0061164287  -0.0114771006   0.0074106387  -0.0014413902  -0.0229583320
        0.0039424124  -0.0007562611  -0.0036345088   0.0005690756   0.0007014350
       -0.0020919966   0.0003506193   0.0000110856  -0.0001983931   0.0000042970
        0.0004145316  -0.0015972039  -0.0003145277  -0.0000937391   0.0000035975
       -0.0001885065   0.0006995697  -0.0023505851
        0.0038098402  -0.0009699694  -0.0092585847  -0.0783188096   0.0068810454
        0.0480569736   0.5100953051   0.0044127950   0.0280243755  -0.0207002082
        0.0036656948   0.0256392461  -0.0022965984  -0.0015412197   0.0002264468
       -0.0010231394   0.0005526030  -0.0014173986  -0.0000536530   0.0003647474
        0.0000875055   0.0003495849   0.0005229346  -0.0009600819  -0.0002622717
        0.0004015253   0.0006879300  -0.0004150620   0.0015408334  -0.0026171829
        0.0002817737  -0.0001297236  -0.0000852163   0.0009880333   0.0000434279
       -0.0009030621   0.0017637098  -0.0002967852  -0.0015758448  -0.0480757384
       -0.0307026713  -0.0093600236  -0.0931314279   0.0641616772  -0.0728274551
       -0.2721254679  -0.0487204221  -0.0051303823  -0.0000620427  -0.0001588432
        0.0004257284  -0.0003125665   0.0000477112   0.0000118374  -0.0000882679
       -0.0000543280   0.0002830926  -0.0000338315  -0.0000332424   0.0000266292
       -0.0003891620   0.0000122098   0.0006654672
       -0.0044158758   0.0013503858   0.0162848445   0.0053292227  -0.0701538694
       -0.0211681540   0.0044127950   0.5209765397  -0.0089584119   0.0004026106
        0.0023690323   0.0039529346   0.0000493717  -0.0002788501   0.0002140969
       -0.0001012718  -0.0000133424  -0.0000177136  -0.0000986469   0.0001125251
        0.0000663882   0.0005858331   0.0000722407  -0.0000609242  -0.0006024064
       -0.0008171030  -0.0005067133   0.0012342149  -0.0013953611   0.0036449117
       -0.0004972018   0.0011871550   0.0010212469  -0.0004361124   0.0002647334
       -0.0000740129   0.0104461463  -0.0078861135  -0.0275501370  -0.0307280684
       -0.2624988153  -0.0607590927   0.0643293770  -0.1291347454   0.0940917670
       -0.0489370924  -0.0546010720  -0.0006287475  -0.0000756938   0.0003001702
       -0.0000019114  -0.0000465625   0.0000699457  -0.0000097635  -0.0000492028
        0.0000872082   0.0000010117  -0.0000270713   0.0000334995  -0.0000023643
       -0.0007743650  -0.0000441632   0.0004607446
        0.0054865555   0.0009808823  -0.0279250255   0.0403894380  -0.0222766426
       -0.1662724079   0.0280243755  -0.0089584119   0.4597259668   0.0105749601
        0.0009246107  -0.0027195311  -0.0010095370   0.0006536051  -0.0003355006
        0.0003910111  -0.0000015408   0.0001175620  -0.0000435350  -0.0000202591
        0.0000137473   0.0004478290  -0.0001171940   0.0001660745  -0.0011022244
       -0.0009298186  -0.0000408469  -0.0017356287   0.0026929904  -0.0035448017
        0.0004387537  -0.0009548814   0.0010817730   0.0008461082  -0.0004614369
        0.0006121102   0.0051623254  -0.0051169622  -0.0127209893  -0.0093643988
       -0.0604668964  -0.0595722775  -0.0729622451   0.0941970296  -0.1468563639
       -0.0052773290  -0.0003208455  -0.0416743126  -0.0000145654   0.0001907759
       -0.0000312245  -0.0000461689   0.0000716926   0.0000652683  -0.0000509192
        0.0000208989  -0.0000284784  -0.0000249059  -0.0000239206  -0.0000341332
       -0.0001298990  -0.0000836755  -0.0000266088
       -0.0225832978   0.0050346783  -0.0074920608  -0.1927435773  -0.0277191891
       -0.0033470062  -0.0207002082   0.0004026106   0.0105749601   0.6135769742
       -0.0033000649  -0.0133977131  -0.1791465168   0.1437873593   0.0387772938
       -0.0484738367   0.0136284612   0.0046203962   0.0037879856   0.0093504868
        0.0020513702  -0.0196803153  -0.0308874658  -0.0070964280  -0.1240134692
       -0.1115319596  -0.0256019947   0.0005869545  -0.0003736782   0.0004558303
        0.0007112619  -0.0003868722   0.0004871417  -0.0013319296   0.0011814502
       -0.0017681669  -0.0114919351  -0.0059815044  -0.0010536750   0.0006599257
       -0.0000740420  -0.0006390516   0.0005900407  -0.0000761361  -0.0005862756
       -0.0010076064   0.0000468140   0.0019021738   0.0053518352  -0.0077779239
       -0.0020561347  -0.0056750881  -0.0008049912   0.0001571435   0.0009574400
        0.0002106933   0.0000202231  -0.0057840172  -0.0013522307   0.0000290093
        0.0064093798   0.0166235044   0.0039629646
        0.0157570964   0.0035715322   0.0013294567  -0.0186271266  -0.0705816274
       -0.0032543234   0.0036656948   0.0023690323   0.0009246107  -0.0033000649
        0.6254958304   0.1162685514   0.0679435824  -0.2203363851  -0.0438582708
        0.0713365893   0.0401740016   0.0081465336   0.0096727273  -0.0630505071
       -0.0142924377  -0.0888640465   0.0108968735   0.0050172892  -0.0397840921
       -0.2704450529  -0.0532485273   0.0000223330   0.0004246465  -0.0002633641
        0.0004764556   0.0000291680  -0.0004145194   0.0027102539  -0.0016947660
        0.0025909268  -0.0287753417  -0.0100977166  -0.0019612665   0.0006783308
       -0.0001847228  -0.0000518089  -0.0004048313   0.0000973632   0.0004122350
        0.0008933590   0.0003521923  -0.0009472207   0.0140164481  -0.0254934208
       -0.0069174008  -0.0015240230   0.0016704361  -0.0015645071   0.0002238077
       -0.0006400205  -0.0001795504  -0.0006458939   0.0017174191  -0.0015961568
       -0.0054712583  -0.0242742760  -0.0061402493
       -0.0190996173  -0.0012512609  -0.0018071185  -0.0006851758  -0.0029871823
       -0.0563600793   0.0256392461   0.0039529346  -0.0027195311  -0.0133977131
        0.1162685514   0.1829523461   0.0201226878  -0.0458439687  -0.0612798786
        0.0188221331   0.0096144742   0.0014891497   0.0021160686  -0.0142839531
       -0.0096730675  -0.0214068831   0.0035371751   0.0013747977  -0.0078884798
       -0.0513575528  -0.0630188250  -0.0008902824  -0.0001223674  -0.0000816396
        0.0003532672  -0.0004237086   0.0004824037  -0.0027457992   0.0025604330
       -0.0025847816  -0.0073138616  -0.0027634845   0.0006181277   0.0000024485
        0.0000431533   0.0007844020   0.0007589131   0.0002527155   0.0001719823
        0.0035363882  -0.0008058117  -0.0049624019   0.0033399407  -0.0063434535
       -0.0006064482  -0.0000167985  -0.0015791000   0.0077892505   0.0000328763
       -0.0001865118   0.0000469743   0.0002174865  -0.0015790510   0.0078866064
       -0.0014968454  -0.0067020309  -0.0005022691
       -0.0024436000  -0.0005222472   0.0009457234  -0.0279047656   0.0201413481
        0.0057737998  -0.0022965984   0.0000493717  -0.0010095370  -0.1791465168
        0.0679435824   0.0201226878   0.6612503419   0.0121716673  -0.0110851189
       -0.3282177440   0.0059605955   0.0086496144  -0.0197899375  -0.0893683940
       -0.0214797163  -0.0572078263   0.0241196478   0.0072888568   0.0554644974
        0.0439213759   0.0094362301   0.0001384832  -0.0001725022  -0.0000155469
       -0.0002165297   0.0002714399  -0.0001237175  -0.0005591521   0.0006825686
       -0.0007479377   0.0001709439   0.0025577359   0.0006519028  -0.0001988559
        0.0001729737   0.0002553262   0.0001395407  -0.0001538591  -0.0000850765
       -0.0004636922   0.0002096194   0.0009905081  -0.0773435435  -0.0834967778
       -0.0194664074  -0.0213860164  -0.0001686180   0.0005330735   0.0003194237
       -0.0021723736  -0.0003289123  -0.0003632431   0.0005345651   0.0001483202
        0.0000547905  -0.0026817195  -0.0004540725
       -0.0013130992   0.0000438421  -0.0003186092   0.0038685524   0.0012100495
       -0.0005523355  -0.0015412197  -0.0002788501   0.0006536051   0.1437873593
       -0.2203363851  -0.0458439687   0.0121716673   0.6252971692   0.1252412774
       -0.0712154855  -0.0965379021  -0.0102839205  -0.0308848873   0.0101792950
        0.0030163212   0.0225670089  -0.0062919078  -0.0007394197  -0.0101817700
       -0.0591607042  -0.0146028383   0.0000886032   0.0001178471   0.0001123224
        0.0000408427  -0.0001819787  -0.0000997872  -0.0004378929   0.0000969704
       -0.0001571538  -0.0028681056   0.0013577449   0.0004391633   0.0000674286
       -0.0002026031  -0.0000274740   0.0000783797   0.0002085755  -0.0000616911
       -0.0004879803  -0.0000300573   0.0002035972  -0.0829229955  -0.2491656642
       -0.0508203714   0.0235607476   0.0013182650  -0.0004976708  -0.0027879193
       -0.0041622914  -0.0029313233   0.0005906863   0.0008550454   0.0002277709
       -0.0021799208  -0.0043364602  -0.0029574943
       -0.0008646820   0.0000712657  -0.0006451428   0.0017891748  -0.0009996165
        0.0025174755   0.0002264468   0.0002140969  -0.0003355006   0.0387772938
       -0.0438582708  -0.0612798786  -0.0110851189   0.1252412774   0.1467654558
       -0.0103104252  -0.0122804380  -0.0499871486  -0.0070658962   0.0045049025
        0.0024995404   0.0068769181  -0.0007612037  -0.0060664868  -0.0039007368
       -0.0160000198  -0.0027242929   0.0000268740   0.0000057216   0.0001243783
        0.0000447149  -0.0000403457   0.0000259718  -0.0002293827  -0.0000453184
       -0.0000277790  -0.0007125226   0.0003259864  -0.0000682398  -0.0000015296
       -0.0000871686   0.0000260469   0.0000132295   0.0000211900   0.0000932184
        0.0000285514   0.0000404409   0.0000392042  -0.0193171447  -0.0508027771
       -0.0460818156   0.0063699045   0.0001143025   0.0007207391  -0.0004863187
       -0.0029435619   0.0073109083   0.0001520231   0.0002324409  -0.0000887907
       -0.0003313735  -0.0029529045   0.0071821367
       -0.0010115346   0.0001082212  -0.0002832540   0.0000804212   0.0022532401
        0.0006989306  -0.0010231394  -0.0001012718   0.0003910111  -0.0484738367
        0.0713365893   0.0188221331  -0.3282177440  -0.0712154855  -0.0103104252
        0.6585708250  -0.0040628439  -0.0148808308  -0.1293307921  -0.0436397193
       -0.0086183024   0.0576782245  -0.0119405161  -0.0044093985  -0.0402203152
       -0.0325969461  -0.0071473033  -0.0000936366   0.0000511718   0.0001243078
        0.0000537713  -0.0002827575   0.0000141664  -0.0000135741   0.0000020399
       -0.0001171397   0.0002149443   0.0002042174   0.0000407449   0.0000417499
       -0.0002267843  -0.0001585739  -0.0001114697   0.0000857263  -0.0000654950
       -0.0000102534  -0.0000624105   0.0001140917  -0.0136214667  -0.0039887007
       -0.0006173147  -0.1384359209   0.1184671925   0.0318048357  -0.0147178224
       -0.0274051096  -0.0063604573  -0.0013634201   0.0037627779   0.0011556017
        0.0000049895  -0.0007486312  -0.0001973283
       -0.0001358336   0.0000042576  -0.0000352875   0.0028107153  -0.0023226170
       -0.0025146761   0.0005526030  -0.0000133424  -0.0000015408   0.0136284612
        0.0401740016   0.0096144742   0.0059605955  -0.0965379021  -0.0122804380
       -0.0040628439   0.6362116303   0.1279899999  -0.1210109466  -0.2869564927
       -0.0557478902   0.0467030327  -0.0616780320  -0.0167423183  -0.0338387448
       -0.0225458828  -0.0033663228  -0.0000185737   0.0000412721   0.0000163133
        0.0000169612  -0.0000127707  -0.0000168392  -0.0000764249  -0.0000262392
       -0.0000022706  -0.0001225089  -0.0001773342  -0.0000341773   0.0000311315
       -0.0000124094  -0.0000013706   0.0000111121   0.0000361764   0.0000387193
        0.0000368302  -0.0000649719  -0.0001784595  -0.0279796892  -0.0065999246
       -0.0010643822   0.1185108868  -0.1923036594  -0.0418983334  -0.0034653302
       -0.0050150178  -0.0012699694   0.0031209820  -0.0025871139  -0.0026759819
       -0.0006724156   0.0003863722   0.0001707509
        0.0015439114  -0.0000198958   0.0000221501   0.0008849170  -0.0025179532
        0.0069147832  -0.0014173986  -0.0000177136   0.0001175620   0.0046203962
        0.0081465336   0.0014891497   0.0086496144  -0.0102839205  -0.0499871486
       -0.0148808308   0.1279899999   0.1483323339  -0.0276781165  -0.0577487947
       -0.0611587080   0.0100463216  -0.0152217005  -0.0026485303  -0.0074295425
       -0.0034000469  -0.0059894437   0.0000587692   0.0000356722  -0.0000604480
        0.0000215532   0.0000006485   0.0000011102   0.0002606256  -0.0002692338
        0.0002829758  -0.0000295990  -0.0000327203  -0.0000005096  -0.0000116138
        0.0000026127   0.0000098208  -0.0000596930   0.0000133239  -0.0000550928
       -0.0002524386   0.0000657098   0.0003545840  -0.0065179396  -0.0016752834
        0.0003672423   0.0318109758  -0.0418991171  -0.0454107035  -0.0004579190
       -0.0006427906   0.0003246408   0.0010101649  -0.0026904992   0.0072494510
       -0.0001721578   0.0001651691  -0.0001552195
       -0.0000582804  -0.0001021758  -0.0000230227  -0.0010730944   0.0002871117
        0.0001271449  -0.0000536530  -0.0000986469  -0.0000435350   0.0037879856
        0.0096727273   0.0021160686  -0.0197899375  -0.0308848873  -0.0070658962
       -0.1293307921  -0.1210109466  -0.0276781165   0.6746553481   0.0074499527
       -0.0126552816  -0.1855264617   0.1500464298   0.0405280923  -0.0498283086
        0.0133713356   0.0046273333  -0.0000725858  -0.0000375312   0.0000446456
        0.0000669079  -0.0001251774   0.0000814512   0.0001063741  -0.0000252188
       -0.0000239902   0.0002419198   0.0002336903   0.0000427247   0.0000549488
       -0.0000689458  -0.0001378432  -0.0000754030  -0.0000165128  -0.0000462561
        0.0001088385  -0.0000360003   0.0000077687  -0.0057385612  -0.0013429533
        0.0000324182   0.0057817591   0.0169900630   0.0040522380  -0.2936266286
       -0.0354090393  -0.0020102407   0.0060951543  -0.0081461238  -0.0021508327
       -0.0057255298  -0.0007471512   0.0001751294
        0.0003749090   0.0001168920   0.0000467566  -0.0002228977  -0.0004710193
       -0.0000485932   0.0003647474   0.0001125251  -0.0000202591   0.0093504868
       -0.0630505071  -0.0142839531  -0.0893683940   0.0101792950   0.0045049025
       -0.0436397193  -0.2869564927  -0.0577487947   0.0074499527   0.6221181265
        0.1245676886   0.0725553021  -0.2293219419  -0.0465723304   0.0715289505
        0.0398737323   0.0076791536   0.0000132997  -0.0000502587   0.0000101301
       -0.0000919747   0.0002969937  -0.0000521815   0.0001174986   0.0000633586
        0.0000899696   0.0001564930   0.0002918197   0.0000721074  -0.0000875920
        0.0002328441   0.0002071582   0.0000119360  -0.0000250251  -0.0000546925
        0.0001016267   0.0001197860  -0.0000523681  -0.0006601872   0.0017719227
       -0.0015469092  -0.0069442303  -0.0241385585  -0.0059521118  -0.0354138685
       -0.0484300260  -0.0026703141   0.0157939938  -0.0244723472  -0.0066242389
       -0.0013903327   0.0017388808  -0.0015511201
        0.0001025387  -0.0000063078   0.0000088700  -0.0000338774  -0.0000761346
       -0.0002142167   0.0000875055   0.0000663882   0.0000137473   0.0020513702
       -0.0142924377  -0.0096730675  -0.0214797163   0.0030163212   0.0024995404
       -0.0086183024  -0.0557478902  -0.0611587080  -0.0126552816   0.1245676886
        0.1463864259   0.0214220504  -0.0485776920  -0.0603964639   0.0189576423
        0.0091692660   0.0030335152   0.0000176195  -0.0000018903   0.0000068375
       -0.0000258959   0.0000956496  -0.0000090040   0.0000163489   0.0000410238
        0.0000205105   0.0000301968   0.0000579492   0.0000519928  -0.0000215053
        0.0000406950   0.0000466433  -0.0000079718  -0.0000200790  -0.0000122097
        0.0000322330   0.0000116193  -0.0000273140   0.0001925694  -0.0015257939
        0.0077197759  -0.0018367449  -0.0065600105  -0.0008355560  -0.0020072876
       -0.0026838476  -0.0344051072   0.0037528317  -0.0060003674  -0.0008453578
        0.0000236768  -0.0015741497   0.0077891461
        0.0003964124   0.0007179990  -0.0000948039   0.0014406219  -0.0021722125
       -0.0004628699   0.0003495849   0.0005858331   0.0004478290  -0.0196803153
       -0.0888640465  -0.0214068831  -0.0572078263   0.0225670089   0.0068769181
        0.0576782245   0.0467030327   0.0100463216  -0.1855264617   0.0725553021
        0.0214220504   0.6576874573   0.0081705283  -0.0121506193  -0.3318673338
        0.0048414227   0.0087646307  -0.0000613923  -0.0001806064  -0.0000052544
       -0.0001097704   0.0002019405   0.0000794111   0.0002889358  -0.0000103711
        0.0001381555  -0.0003365661   0.0000982106   0.0000668442  -0.0001266756
        0.0002154219   0.0000267830  -0.0000574567  -0.0001567813  -0.0001021115
        0.0002677076   0.0000888558  -0.0001266159  -0.0003110545   0.0005587145
        0.0001334141   0.0004152653  -0.0029022026  -0.0005096474  -0.0222308684
        0.0223609087   0.0061014550  -0.0790541031  -0.0851936447  -0.0198065173
       -0.0219543856  -0.0001853137   0.0005615098
        0.0000710631   0.0000400909   0.0000533875  -0.0016273789  -0.0041825230
       -0.0026961551   0.0005229346   0.0000722407  -0.0001171940  -0.0308874658
        0.0108968735   0.0035371751   0.0241196478  -0.0062919078  -0.0007612037
       -0.0119405161  -0.0616780320  -0.0152217005   0.1500464298  -0.2293219419
       -0.0485776920   0.0081705283   0.6377302719   0.1281672211  -0.0722561240
       -0.0964535777  -0.0104609955  -0.0000688002   0.0000236205   0.0000458740
       -0.0001369727  -0.0000232926  -0.0000961519   0.0000867864   0.0001106347
       -0.0000335058  -0.0013423930  -0.0004571438  -0.0000978564  -0.0000993515
       -0.0000680054   0.0001083570  -0.0000485393   0.0000573297   0.0000112601
        0.0001621119  -0.0000025611  -0.0000514165   0.0004614809   0.0007438530
        0.0002325478  -0.0022273552  -0.0042750872  -0.0029828702  -0.0015734801
        0.0024925201   0.0005306365  -0.0852113953  -0.2506618950  -0.0510651809
        0.0237787894   0.0012485327  -0.0005245366
        0.0010405952  -0.0000437389   0.0001559646  -0.0002486993  -0.0026360846
        0.0061738037  -0.0009600819  -0.0000609242   0.0001660745  -0.0070964280
        0.0050172892   0.0013747977   0.0072888568  -0.0007394197  -0.0060664868
       -0.0044093985  -0.0167423183  -0.0026485303   0.0405280923  -0.0465723304
       -0.0603964639  -0.0121506193   0.1281672211   0.1483628964  -0.0102844139
       -0.0124636423  -0.0492521782   0.0000328385   0.0000695646  -0.0000336640
       -0.0000060079   0.0000432472  -0.0000737425   0.0001762065  -0.0002325717
        0.0001453828  -0.0002809504  -0.0001187949   0.0000387570  -0.0000547435
       -0.0000530541  -0.0000453096  -0.0000589487  -0.0000128139  -0.0000592888
       -0.0001254945   0.0001423807   0.0002821883   0.0001161223   0.0002229137
       -0.0001595463  -0.0003532381  -0.0029641228   0.0073639104   0.0001989883
       -0.0000855791   0.0004649795  -0.0198241552  -0.0510625569  -0.0464059414
        0.0064714796   0.0001253354   0.0006123967
       -0.0001921423  -0.0009604906   0.0006770490  -0.0170066417  -0.0257022409
       -0.0058798884  -0.0002622717  -0.0006024064  -0.0011022244  -0.1240134692
       -0.0397840921  -0.0078884798   0.0554644974  -0.0101817700  -0.0039007368
       -0.0402203152  -0.0338387448  -0.0074295425  -0.0498283086   0.0715289505
        0.0189576423  -0.3318673338  -0.0722561240  -0.0102844139   0.6678050047
       -0.0050212163  -0.0157979427  -0.0000284383  -0.0000645405  -0.0001622791
       -0.0007142447  -0.0005875955  -0.0003344238  -0.0002401205   0.0000634695
       -0.0003870171  -0.0060566950  -0.0020267590  -0.0003078459  -0.0005844711
       -0.0005826000   0.0000430220  -0.0000165663  -0.0001267495   0.0001269856
       -0.0002184811  -0.0001092238   0.0004115121  -0.0015242883   0.0035902913
        0.0011307166   0.0000091184  -0.0007489469  -0.0001925968  -0.0014799020
        0.0030447203   0.0009891896  -0.0135515031  -0.0041149471  -0.0006601495
       -0.1354734277   0.1184810159   0.0319914235
        0.0006418426  -0.0012585828   0.0001825162  -0.0110963240  -0.0052528501
       -0.0008348604   0.0004015253  -0.0008171030  -0.0009298186  -0.1115319596
       -0.2704450529  -0.0513575528   0.0439213759  -0.0591607042  -0.0160000198
       -0.0325969461  -0.0225458828  -0.0034000469   0.0133713356   0.0398737323
        0.0091692660   0.0048414227  -0.0964535777  -0.0124636423  -0.0050212163
        0.6221686366   0.1250587934  -0.0000700578  -0.0000597578  -0.0002729309
        0.0007864580   0.0001390581   0.0006258954   0.0003062906   0.0000769121
        0.0000809495  -0.0005424468   0.0001051510  -0.0002328169   0.0005770486
        0.0002140833  -0.0005547763  -0.0000637092  -0.0002126592   0.0001256792
        0.0002339495   0.0000180196  -0.0000675556   0.0028631770  -0.0028771913
       -0.0026905494  -0.0007937480   0.0004369441   0.0001815117   0.0036340318
       -0.0025057140  -0.0026185882  -0.0276446993  -0.0065334350  -0.0010856638
        0.1177826494  -0.1949100264  -0.0429157897
       -0.0004084193  -0.0001200824   0.0003733562  -0.0023189129  -0.0004405556
       -0.0005346335   0.0006879300  -0.0005067133  -0.0000408469  -0.0256019947
       -0.0532485273  -0.0630188250   0.0094362301  -0.0146028383  -0.0027242929
       -0.0071473033  -0.0033663228  -0.0059894437   0.0046273333   0.0076791536
        0.0030335152   0.0087646307  -0.0104609955  -0.0492521782  -0.0157979427
        0.1250587934   0.1475619871  -0.0000288059  -0.0000836588   0.0001198383
       -0.0000168605  -0.0004003542  -0.0000842943  -0.0000677460  -0.0002024713
        0.0000192857   0.0000253474  -0.0002135052   0.0010232500   0.0003539478
        0.0005664884  -0.0001174294   0.0000066072  -0.0000520013   0.0002072617
        0.0002226436   0.0002008914   0.0000546477   0.0009453716  -0.0027180522
        0.0070744636  -0.0002015689   0.0001828788  -0.0001750188   0.0011360054
       -0.0026084898   0.0070903161  -0.0064437065  -0.0016973074   0.0005185835
        0.0318272137  -0.0429663304  -0.0451395424
       -0.0830724526   0.0154961126   0.0880185863   0.0044870270  -0.0015898726
       -0.0115780283  -0.0004150620   0.0012342149  -0.0017356287   0.0005869545
        0.0000223330  -0.0008902824   0.0001384832   0.0000886032   0.0000268740
       -0.0000936366  -0.0000185737   0.0000587692  -0.0000725858   0.0000132997
        0.0000176195  -0.0000613923  -0.0000688002   0.0000328385  -0.0000284383
       -0.0000700578  -0.0000288059   0.0940238188  -0.0196961290  -0.1010215780
        0.0017526735  -0.0004632000  -0.0026536168  -0.0179284595   0.0052695490
        0.0303400974   0.0001279581  -0.0003612471   0.0001898738  -0.0000977732
       -0.0000409127  -0.0000364592   0.0003768594   0.0000198728  -0.0006478072
        0.0000654104   0.0001227295  -0.0001317987   0.0000507052  -0.0000222662
        0.0000009880   0.0000436515  -0.0000193318  -0.0000015625   0.0000384930
        0.0000091820  -0.0000047703   0.0000274872   0.0000326006   0.0000114588
        0.0000502785   0.0000418939   0.0000332325
        0.0154342917  -0.0507165489  -0.0370575004  -0.0057321036   0.0021785060
        0.0163666428   0.0015408334  -0.0013953611   0.0026929904  -0.0003736782
        0.0004246465  -0.0001223674  -0.0001725022   0.0001178471   0.0000057216
        0.0000511718   0.0000412721   0.0000356722  -0.0000375312  -0.0000502587
       -0.0000018903  -0.0001806064   0.0000236205   0.0000695646  -0.0000645405
       -0.0000597578  -0.0000836588  -0.0196961290   0.0566280495   0.0407600568
        0.0132472477  -0.0090362079  -0.0302089046  -0.0036984604   0.0017099942
        0.0061120061  -0.0003341618   0.0002888679   0.0004101023   0.0000808965
       -0.0000303119   0.0001111335  -0.0002333141   0.0001881290   0.0010365600
        0.0000551476  -0.0001033461  -0.0000788415  -0.0000019441  -0.0001178931
        0.0000024379  -0.0000199153  -0.0000114954  -0.0000068898  -0.0000121864
       -0.0000194007  -0.0000138900  -0.0000041140  -0.0000260729  -0.0000080681
        0.0001515987  -0.0000342782  -0.0000208774
        0.0878060006  -0.0370076461  -0.2353624437   0.0062680562  -0.0013116934
       -0.0228623255  -0.0026171829   0.0036449117  -0.0035448017   0.0004558303
       -0.0002633641  -0.0000816396  -0.0000155469   0.0001123224   0.0001243783
        0.0001243078   0.0000163133  -0.0000604480   0.0000446456   0.0000101301
        0.0000068375  -0.0000052544   0.0000458740  -0.0000336640  -0.0001622791
       -0.0002729309   0.0001198383  -0.1010215780   0.0407600568   0.2748932846
        0.0051083682  -0.0053799581  -0.0107776086   0.0032391816  -0.0004688145
       -0.0016294448   0.0003862096  -0.0001846710   0.0004272566  -0.0000266739
        0.0002167809   0.0003186475   0.0004314350   0.0000547865  -0.0016933123
       -0.0002461396  -0.0000397446   0.0002101287   0.0000116387   0.0000838804
       -0.0000036548   0.0000477183   0.0000119496  -0.0000069432   0.0000117575
       -0.0000056740   0.0000063052   0.0000517680  -0.0000045557  -0.0000114534
        0.0001077374  -0.0000179534  -0.0000389372
       -0.0472280746  -0.0287777642  -0.0064723828   0.0013976116   0.0132063744
        0.0024691292   0.0002817737  -0.0004972018   0.0004387537   0.0007112619
        0.0004764556   0.0003532672  -0.0002165297   0.0000408427   0.0000447149
        0.0000537713   0.0000169612   0.0000215532   0.0000669079  -0.0000919747
       -0.0000258959  -0.0001097704  -0.0001369727  -0.0000060079  -0.0007142447
        0.0007864580  -0.0000168605   0.0017526735   0.0132472477   0.0051083682
        0.0527524046   0.0328667669   0.0098719377  -0.0075686780  -0.0325067824
       -0.0088186724  -0.0006083256   0.0023255597  -0.0019125150   0.0002618594
       -0.0000049026   0.0000397994  -0.0000945789   0.0000358806   0.0000844571
       -0.0001883776  -0.0001811489  -0.0000818481   0.0000486178  -0.0001396448
       -0.0000383395   0.0000478319  -0.0000455489  -0.0000080996   0.0000687264
       -0.0000374382  -0.0000177632   0.0000324896  -0.0000086212  -0.0000085140
       -0.0007473501  -0.0005745464  -0.0010250816
       -0.0288094460  -0.2653479942  -0.0573026019   0.0001511635  -0.0234750962
       -0.0009942129  -0.0001297236   0.0011871550  -0.0009548814  -0.0003868722
        0.0000291680  -0.0004237086   0.0002714399  -0.0001819787  -0.0000403457
       -0.0002827575  -0.0000127707   0.0000006485  -0.0001251774   0.0002969937
        0.0000956496   0.0002019405  -0.0000232926   0.0000432472  -0.0005875955
        0.0001390581  -0.0004003542  -0.0004632000  -0.0090362079  -0.0053799581
        0.0328667669   0.3090708570   0.0652451097  -0.0045925950  -0.0107616239
       -0.0035475356   0.0022724245  -0.0030072512   0.0033479668   0.0000638676
        0.0003761654   0.0005878014  -0.0000805772   0.0002098198  -0.0002817430
       -0.0001094586  -0.0002354331   0.0000083408  -0.0001215584   0.0001150355
        0.0000119209  -0.0000308491  -0.0000202299  -0.0000031577   0.0000010174
        0.0000073598   0.0000014971  -0.0000674959   0.0000075711  -0.0000161912
       -0.0000413141   0.0006626949   0.0000025084
       -0.0064757637  -0.0569900134  -0.0576122181   0.0021522242   0.0197526036
        0.0037728833  -0.0000852163   0.0010212469   0.0010817730   0.0004871417
       -0.0004145194   0.0004824037  -0.0001237175  -0.0000997872   0.0000259718
        0.0000141664  -0.0000168392   0.0000011102   0.0000814512  -0.0000521815
       -0.0000090040   0.0000794111  -0.0000961519  -0.0000737425  -0.0003344238
        0.0006258954  -0.0000842943  -0.0026536168  -0.0302089046  -0.0107776086
        0.0098719377   0.0652451097   0.0660452948  -0.0003844028  -0.0016252839
        0.0002226951  -0.0018821825   0.0035523966  -0.0023253238  -0.0000953189
       -0.0001171843  -0.0004131145   0.0000262385  -0.0001821095   0.0000864622
        0.0000511860  -0.0000409027  -0.0000770123   0.0000563919  -0.0000144318
       -0.0000346004   0.0000227458  -0.0000062741  -0.0000076691   0.0000289775
       -0.0000117765  -0.0000063522   0.0000167575   0.0000092446   0.0000013355
       -0.0008539874  -0.0003301366  -0.0002989899
       -0.2712332930  -0.0508076198  -0.0065303011  -0.0178551121  -0.0006930992
       -0.0038805052   0.0009880333  -0.0004361124   0.0008461082  -0.0013319296
        0.0027102539  -0.0027457992  -0.0005591521  -0.0004378929  -0.0002293827
       -0.0000135741  -0.0000764249   0.0002606256   0.0001063741   0.0001174986
        0.0000163489   0.0002889358   0.0000867864   0.0001762065  -0.0002401205
        0.0003062906  -0.0000677460  -0.0179284595  -0.0036984604   0.0032391816
       -0.0075686780  -0.0045925950  -0.0003844028   0.3150348338   0.0574743102
        0.0091589603   0.0002384137  -0.0000384231   0.0004183743  -0.0001888784
       -0.0000643857  -0.0000866507   0.0000916573  -0.0000812106   0.0002403378
        0.0003954779   0.0001023212  -0.0003622642  -0.0000068124   0.0000678226
       -0.0000529477  -0.0001024710   0.0000509755   0.0000269062  -0.0000646273
        0.0000060790  -0.0000404103  -0.0000259684  -0.0000464745  -0.0000163260
       -0.0000246496   0.0000503606   0.0000136865
       -0.0506147500  -0.0541827673  -0.0030883334   0.0177949900   0.0024022903
        0.0028804361   0.0000434279   0.0002647334  -0.0004614369   0.0011814502
       -0.0016947660   0.0025604330   0.0006825686   0.0000969704  -0.0000453184
        0.0000020399  -0.0000262392  -0.0002692338  -0.0000252188   0.0000633586
        0.0000410238  -0.0000103711   0.0001106347  -0.0002325717   0.0000634695
        0.0000769121  -0.0002024713   0.0052695490   0.0017099942  -0.0004688145
       -0.0325067824  -0.0107616239  -0.0016252839   0.0574743102   0.0614823854
        0.0006107995   0.0007083947   0.0004231572  -0.0000919261  -0.0001945387
       -0.0002130712  -0.0000201018   0.0000385200  -0.0000756270  -0.0001209149
       -0.0000744608   0.0002103827   0.0001206977  -0.0000249212   0.0000311399
        0.0000817105   0.0000404124  -0.0000033479   0.0000090008   0.0000001117
       -0.0000107278   0.0000611400   0.0000176127   0.0000135309  -0.0000053591
        0.0001341861   0.0000826802   0.0002665243
       -0.0065269133  -0.0027241626  -0.0430128098  -0.0211187930  -0.0026580012
       -0.0028543595  -0.0009030621  -0.0000740129   0.0006121102  -0.0017681669
        0.0025909268  -0.0025847816  -0.0007479377  -0.0001571538  -0.0000277790
       -0.0001171397  -0.0000022706   0.0002829758  -0.0000239902   0.0000899696
        0.0000205105   0.0001381555  -0.0000335058   0.0001453828  -0.0003870171
        0.0000809495   0.0000192857   0.0303400974   0.0061120061  -0.0016294448
       -0.0088186724  -0.0035475356   0.0002226951   0.0091589603   0.0006107995
        0.0489791245   0.0002260334  -0.0004594797   0.0004814795  -0.0000066418
       -0.0000711896  -0.0000917873   0.0001841537  -0.0000790774   0.0001524924
        0.0002939332   0.0003281668  -0.0005942404   0.0000371214   0.0000012972
       -0.0000677686  -0.0000603648   0.0000098610   0.0000084880  -0.0000062537
        0.0000035229  -0.0000415933   0.0000009997  -0.0000109969  -0.0000115302
        0.0001054981  -0.0000101133  -0.0000084500
        0.0016167011   0.0134236543   0.0008212139  -0.0494810154  -0.0362296254
       -0.0094994300   0.0017637098   0.0104461463   0.0051623254  -0.0114919351
       -0.0287753417  -0.0073138616   0.0001709439  -0.0028681056  -0.0007125226
        0.0002149443  -0.0001225089  -0.0000295990   0.0002419198   0.0001564930
        0.0000301968  -0.0003365661  -0.0013423930  -0.0002809504  -0.0060566950
       -0.0005424468   0.0000253474   0.0001279581  -0.0003341618   0.0003862096
       -0.0006083256   0.0022724245  -0.0018821825   0.0002384137   0.0007083947
        0.0002260334   0.0648830612   0.0401243337   0.0105307545  -0.0002991869
        0.0008808886   0.0024566863   0.0000917131  -0.0001313000  -0.0005002492
        0.0002043391   0.0006966306   0.0001669412  -0.0010289176   0.0013280783
        0.0003442708   0.0001169584   0.0000437273   0.0000084414   0.0000328440
        0.0000697697   0.0000128827  -0.0004640259  -0.0001198234  -0.0000178367
        0.0000631611   0.0003151655   0.0000653288
       -0.0006460565  -0.0230849831  -0.0009794690  -0.0369399018  -0.2417068555
       -0.0525795671  -0.0002967852  -0.0078861135  -0.0051169622  -0.0059815044
       -0.0100977166  -0.0027634845   0.0025577359   0.0013577449   0.0003259864
        0.0002042174  -0.0001773342  -0.0000327203   0.0002336903   0.0002918197
        0.0000579492   0.0000982106  -0.0004571438  -0.0001187949  -0.0020267590
        0.0001051510  -0.0002135052  -0.0003612471   0.0002888679  -0.0001846710
        0.0023255597  -0.0030072512   0.0035523966  -0.0000384231   0.0004231572
       -0.0004594797   0.0401243337   0.2826425264   0.0600105803   0.0009081825
        0.0001876738  -0.0021220586  -0.0002128573   0.0004365689   0.0002063894
        0.0001911475   0.0001902430   0.0002782905  -0.0000233315   0.0004268542
        0.0000589798   0.0000132518   0.0000500416   0.0000149848  -0.0000599330
       -0.0000141353  -0.0000059525  -0.0001904276  -0.0001320398  -0.0000003021
        0.0001208972   0.0001629244   0.0000714099
        0.0008771246   0.0206258583   0.0025717447  -0.0097798977  -0.0525895593
       -0.0551284509  -0.0015758448  -0.0275501370  -0.0127209893  -0.0010536750
       -0.0019612665   0.0006181277   0.0006519028   0.0004391633  -0.0000682398
        0.0000407449  -0.0000341773  -0.0000005096   0.0000427247   0.0000721074
        0.0000519928   0.0000668442  -0.0000978564   0.0000387570  -0.0003078459
       -0.0002328169   0.0010232500   0.0001898738   0.0004101023   0.0004272566
       -0.0019125150   0.0033479668  -0.0023253238   0.0004183743  -0.0000919261
        0.0004814795   0.0105307545   0.0600105803   0.0698899667   0.0025220656
       -0.0019429870  -0.0058379841  -0.0003299902  -0.0004250467   0.0003530956
       -0.0003417287  -0.0001119276   0.0007055114  -0.0000033867   0.0000584459
        0.0001573147  -0.0000021141   0.0000159319  -0.0000150650  -0.0000140327
       -0.0000020984  -0.0000078600  -0.0000387192  -0.0000020042  -0.0001040404
        0.0000193404   0.0000616471  -0.0001100336
        0.0002404114  -0.0002931563  -0.0005788084   0.0013632805   0.0109799602
        0.0038014968  -0.0480757384  -0.0307280684  -0.0093643988   0.0006599257
        0.0006783308   0.0000024485  -0.0001988559   0.0000674286  -0.0000015296
        0.0000417499   0.0000311315  -0.0000116138   0.0000549488  -0.0000875920
       -0.0000215053  -0.0001266756  -0.0000993515  -0.0000547435  -0.0005844711
        0.0005770486   0.0003539478  -0.0000977732   0.0000808965  -0.0000266739
        0.0002618594   0.0000638676  -0.0000953189  -0.0001888784  -0.0001945387
       -0.0000066418  -0.0002991869   0.0009081825   0.0025220656   0.0532499346
        0.0362054640   0.0087032467   0.0019462395   0.0155874572   0.0025050888
       -0.0079375149  -0.0326730910  -0.0082767582   0.0000397405  -0.0001337241
       -0.0000361174   0.0000451926  -0.0000417325  -0.0000172128   0.0000647037
       -0.0000373808  -0.0000036124   0.0000319223  -0.0000116788   0.0000035780
       -0.0004908146  -0.0008794533   0.0006030627
       -0.0001099640   0.0011732240   0.0010041154   0.0009285114  -0.0082543876
       -0.0061164287  -0.0307026713  -0.2624988153  -0.0604668964  -0.0000740420
       -0.0001847228   0.0000431533   0.0001729737  -0.0002026031  -0.0000871686
       -0.0002267843  -0.0000124094   0.0000026127  -0.0000689458   0.0002328441
        0.0000406950   0.0002154219  -0.0000680054  -0.0000530541  -0.0005826000
        0.0002140833   0.0005664884  -0.0000409127  -0.0000303119   0.0002167809
       -0.0000049026   0.0003761654  -0.0001171843  -0.0000643857  -0.0002130712
       -0.0000711896   0.0008808886   0.0001876738  -0.0019429870   0.0362054640
        0.3043504993   0.0716838871  -0.0017257131  -0.0249030636  -0.0027993187
       -0.0042717823  -0.0104465035  -0.0023408664  -0.0000808755   0.0000729512
        0.0000544360  -0.0000155209  -0.0000246337  -0.0000030042   0.0000206643
       -0.0000018643   0.0000007030  -0.0000483300   0.0000068061   0.0000184107
       -0.0004064936   0.0002261449   0.0003668156
        0.0000902724  -0.0009458961   0.0010985608  -0.0022993718  -0.0276247259
       -0.0114771006  -0.0093600236  -0.0607590927  -0.0595722775  -0.0006390516
       -0.0000518089   0.0007844020   0.0002553262  -0.0000274740   0.0000260469
       -0.0001585739  -0.0000013706   0.0000098208  -0.0001378432   0.0002071582
        0.0000466433   0.0000267830   0.0001083570  -0.0000453096   0.0000430220
       -0.0005547763  -0.0001174294  -0.0000364592   0.0001111335   0.0003186475
        0.0000397994   0.0005878014  -0.0004131145  -0.0000866507  -0.0000201018
       -0.0000917873   0.0024566863  -0.0021220586  -0.0058379841   0.0087032467
        0.0716838871   0.0700915085   0.0021075282   0.0209527980   0.0048883101
       -0.0014613083  -0.0023846248   0.0003294296  -0.0001111243   0.0000874141
        0.0000089630  -0.0000398157   0.0000012771  -0.0000010814  -0.0000319854
        0.0000170907   0.0000018720  -0.0000471857  -0.0000059895   0.0000071428
        0.0006867290   0.0007410018  -0.0000552630
       -0.0001037138   0.0001065068   0.0017454423   0.0044968428  -0.0061552982
        0.0074106387  -0.0931314279   0.0643293770  -0.0729622451   0.0005900407
       -0.0004048313   0.0007589131   0.0001395407   0.0000783797   0.0000132295
       -0.0001114697   0.0000111121  -0.0000596930  -0.0000754030   0.0000119360
       -0.0000079718  -0.0000574567  -0.0000485393  -0.0000589487  -0.0000165663
       -0.0000637092   0.0000066072   0.0003768594  -0.0002333141   0.0004314350
       -0.0000945789  -0.0000805772   0.0000262385   0.0000916573   0.0000385200
        0.0001841537   0.0000917131  -0.0002128573  -0.0003299902   0.0019462395
       -0.0017257131   0.0021075282   0.1054799801  -0.0755942939   0.0831863054
       -0.0198112645   0.0198730864  -0.0224290248   0.0000528984  -0.0000144970
       -0.0000180157   0.0000390842  -0.0000159540  -0.0000086248   0.0000373297
        0.0000086202   0.0000076234   0.0000230243   0.0000358359   0.0000031298
        0.0000366705   0.0000562104  -0.0000067306
       -0.0000050599   0.0008136642  -0.0001417566  -0.0018293105   0.0022652373
       -0.0014413902   0.0641616772  -0.1291347454   0.0941970296  -0.0000761361
        0.0000973632   0.0002527155  -0.0001538591   0.0002085755   0.0000211900
        0.0000857263   0.0000361764   0.0000133239  -0.0000165128  -0.0000250251
       -0.0000200790  -0.0001567813   0.0000573297  -0.0000128139  -0.0001267495
       -0.0002126592  -0.0000520013   0.0000198728   0.0001881290   0.0000547865
        0.0000358806   0.0002098198  -0.0001821095  -0.0000812106  -0.0000756270
       -0.0000790774  -0.0001313000   0.0004365689  -0.0004250467   0.0155874572
       -0.0249030636   0.0209527980  -0.0755942939   0.1467280428  -0.1098252223
       -0.0019370863   0.0034477127  -0.0032798184  -0.0000005054  -0.0000612617
       -0.0000313265   0.0000125869  -0.0000118438   0.0000051739  -0.0000032225
       -0.0000211775  -0.0000014996   0.0000266618  -0.0000230357   0.0000007888
        0.0001821649  -0.0000201805  -0.0000056648
        0.0027136117  -0.0010603070  -0.0060590340  -0.0102231214   0.0164075398
       -0.0229583320  -0.0728274551   0.0940917670  -0.1468563639  -0.0005862756
        0.0004122350   0.0001719823  -0.0000850765  -0.0000616911   0.0000932184
       -0.0000654950   0.0000387193  -0.0000550928  -0.0000462561  -0.0000546925
       -0.0000122097  -0.0001021115   0.0000112601  -0.0000592888   0.0001269856
        0.0001256792   0.0002072617  -0.0006478072   0.0010365600  -0.0016933123
        0.0000844571  -0.0002817430   0.0000864622   0.0002403378  -0.0001209149
        0.0001524924  -0.0005002492   0.0002063894   0.0003530956   0.0025050888
       -0.0027993187   0.0048883101   0.0831863054  -0.1098252223   0.1733222543
       -0.0036184535   0.0020539167  -0.0014845983  -0.0000084222  -0.0001336461
       -0.0000748438  -0.0000519602  -0.0000150375  -0.0000058275  -0.0000188313
       -0.0000120235   0.0000097032  -0.0000481956  -0.0000098491  -0.0000080836
       -0.0000270759  -0.0000096209  -0.0000177935
        0.0009934540   0.0000452412  -0.0009785011  -0.0158641237  -0.0023659821
        0.0039424124  -0.2721254679  -0.0489370924  -0.0052773290  -0.0010076064
        0.0008933590   0.0035363882  -0.0004636922  -0.0004879803   0.0000285514
       -0.0000102534   0.0000368302  -0.0002524386   0.0001088385   0.0001016267
        0.0000322330   0.0002677076   0.0001621119  -0.0001254945  -0.0002184811
        0.0002339495   0.0002226436   0.0000654104   0.0000551476  -0.0002461396
       -0.0001883776  -0.0001094586   0.0000511860   0.0003954779  -0.0000744608
        0.0002939332   0.0002043391   0.0001911475  -0.0003417287  -0.0079375149
       -0.0042717823  -0.0014613083  -0.0198112645  -0.0019370863  -0.0036184535
        0.3158142155   0.0563916520   0.0040675358  -0.0000082741   0.0000345291
        0.0000762586  -0.0000962591   0.0000552822   0.0000053033  -0.0000626695
       -0.0000133782   0.0000405429  -0.0000269084  -0.0000488190  -0.0000065037
       -0.0000285502   0.0000451633   0.0000109087
       -0.0003858092   0.0001226881   0.0001953480   0.0044947253   0.0011989062
       -0.0007562611  -0.0487204221  -0.0546010720  -0.0003208455   0.0000468140
        0.0003521923  -0.0008058117   0.0002096194  -0.0000300573   0.0000404409
       -0.0000624105  -0.0000649719   0.0000657098  -0.0000360003   0.0001197860
        0.0000116193   0.0000888558  -0.0000025611   0.0001423807  -0.0001092238
        0.0000180196   0.0002008914   0.0001227295  -0.0001033461  -0.0000397446
       -0.0001811489  -0.0002354331  -0.0000409027   0.0001023212   0.0002103827
        0.0003281668   0.0006966306   0.0001902430  -0.0001119276  -0.0326730910
       -0.0104465035  -0.0023846248   0.0198730864   0.0034477127   0.0020539167
        0.0563916520   0.0596054816   0.0016443737  -0.0000052149   0.0000387732
       -0.0000168673   0.0000005621   0.0000073384  -0.0000113012  -0.0000032235
        0.0000064989  -0.0000319113   0.0000171212   0.0000032952   0.0000126416
        0.0001324269   0.0001626270  -0.0001752910
        0.0007917757  -0.0001969037   0.0007873255   0.0280666082   0.0053812796
       -0.0036345088  -0.0051303823  -0.0006287475  -0.0416743126   0.0019021738
       -0.0009472207  -0.0049624019   0.0009905081   0.0002035972   0.0000392042
        0.0001140917  -0.0001784595   0.0003545840   0.0000077687  -0.0000523681
       -0.0000273140  -0.0001266159  -0.0000514165   0.0002821883   0.0004115121
       -0.0000675556   0.0000546477  -0.0001317987  -0.0000788415   0.0002101287
       -0.0000818481   0.0000083408  -0.0000770123  -0.0003622642   0.0001206977
       -0.0005942404   0.0001669412   0.0002782905   0.0007055114  -0.0082767582
       -0.0023408664   0.0003294296  -0.0224290248  -0.0032798184  -0.0014845983
        0.0040675358   0.0016443737   0.0499628601  -0.0000497689   0.0000516474
       -0.0000896277   0.0000761211  -0.0000142428  -0.0000063383   0.0000071449
        0.0000251897  -0.0000690817   0.0000108635   0.0000218642   0.0000005269
       -0.0000245837   0.0001011602  -0.0001069706
       -0.0000821595  -0.0000787086  -0.0000255678   0.0010187763   0.0025900173
        0.0005690756  -0.0000620427  -0.0000756938  -0.0000145654   0.0053518352
        0.0140164481   0.0033399407  -0.0773435435  -0.0829229955  -0.0193171447
       -0.0136214667  -0.0279796892  -0.0065179396  -0.0057385612  -0.0006601872
        0.0001925694  -0.0003110545   0.0004614809   0.0001161223  -0.0015242883
        0.0028631770   0.0009453716   0.0000507052  -0.0000019441   0.0000116387
        0.0000486178  -0.0001215584   0.0000563919  -0.0000068124  -0.0000249212
        0.0000371214  -0.0010289176  -0.0000233315  -0.0000033867   0.0000397405
       -0.0000808755  -0.0001111243   0.0000528984  -0.0000005054  -0.0000084222
       -0.0000082741  -0.0000052149  -0.0000497689   0.0934170004   0.0933660742
        0.0212172046   0.0006123438  -0.0007123434  -0.0002614535  -0.0009304469
       -0.0014702423  -0.0003384916  -0.0000519299  -0.0000300803  -0.0000530459
        0.0001175797   0.0008910937   0.0002154746
        0.0000379565   0.0003231801  -0.0000053691  -0.0017610142   0.0004405134
        0.0007014350  -0.0001588432   0.0003001702   0.0001907759  -0.0077779239
       -0.0254934208  -0.0063434535  -0.0834967778  -0.2491656642  -0.0508027771
       -0.0039887007  -0.0065999246  -0.0016752834  -0.0013429533   0.0017719227
       -0.0015257939   0.0005587145   0.0007438530   0.0002229137   0.0035902913
       -0.0028771913  -0.0027180522  -0.0000222662  -0.0001178931   0.0000838804
       -0.0001396448   0.0001150355  -0.0000144318   0.0000678226   0.0000311399
        0.0000012972   0.0013280783   0.0004268542   0.0000584459  -0.0001337241
        0.0000729512   0.0000874141  -0.0000144970  -0.0000612617  -0.0001336461
        0.0000345291   0.0000387732   0.0000516474   0.0933660742   0.2813737660
        0.0610103989   0.0006346778   0.0008402860   0.0008666330  -0.0002467043
       -0.0004705448  -0.0001260666  -0.0000279825  -0.0001359873   0.0004180312
       -0.0005071123  -0.0015565574  -0.0003479989
       -0.0004305889   0.0001747449  -0.0000024811  -0.0004951694   0.0006136150
       -0.0020919966   0.0004257284  -0.0000019114  -0.0000312245  -0.0020561347
       -0.0069174008  -0.0006064482  -0.0194664074  -0.0508203714  -0.0460818156
       -0.0006173147  -0.0010643822   0.0003672423   0.0000324182  -0.0015469092
        0.0077197759   0.0001334141   0.0002325478  -0.0001595463   0.0011307166
       -0.0026905494   0.0070744636   0.0000009880   0.0000024379  -0.0000036548
       -0.0000383395   0.0000119209  -0.0000346004  -0.0000529477   0.0000817105
       -0.0000677686   0.0003442708   0.0000589798   0.0001573147  -0.0000361174
        0.0000544360   0.0000089630  -0.0000180157  -0.0000313265  -0.0000748438
        0.0000762586  -0.0000168673  -0.0000896277   0.0212172046   0.0610103989
        0.0383142904   0.0000688499   0.0009024979  -0.0025143940  -0.0000385802
       -0.0000928820   0.0000365684  -0.0000526323   0.0004187562  -0.0017234173
       -0.0001276014  -0.0003794458  -0.0001967993
       -0.0003239799  -0.0000745227   0.0000356281  -0.0007425130   0.0013611040
        0.0003506193  -0.0003125665  -0.0000465625  -0.0000461689  -0.0056750881
       -0.0015240230  -0.0000167985  -0.0213860164   0.0235607476   0.0063699045
       -0.1384359209   0.1185108868   0.0318109758   0.0057817591  -0.0069442303
       -0.0018367449   0.0004152653  -0.0022273552  -0.0003532381   0.0000091184
       -0.0007937480  -0.0002015689   0.0000436515  -0.0000199153   0.0000477183
        0.0000478319  -0.0000308491   0.0000227458  -0.0001024710   0.0000404124
       -0.0000603648   0.0001169584   0.0000132518  -0.0000021141   0.0000451926
       -0.0000155209  -0.0000398157   0.0000390842   0.0000125869  -0.0000519602
       -0.0000962591   0.0000005621   0.0000761211   0.0006123438   0.0006346778
        0.0000688499   0.1588520280  -0.1314203993  -0.0357798996   0.0009485443
       -0.0007173863  -0.0002662534   0.0001816644  -0.0003609367  -0.0000918617
       -0.0000186270   0.0000412199  -0.0000357739
        0.0000382903   0.0001058575  -0.0000537676  -0.0001885309  -0.0001553261
        0.0000110856   0.0000477112   0.0000699457   0.0000716926  -0.0008049912
        0.0016704361  -0.0015791000  -0.0001686180   0.0013182650   0.0001143025
        0.1184671925  -0.1923036594  -0.0418991171   0.0169900630  -0.0241385585
       -0.0065600105  -0.0029022026  -0.0042750872  -0.0029641228  -0.0007489469
        0.0004369441   0.0001828788  -0.0000193318  -0.0000114954   0.0000119496
       -0.0000455489  -0.0000202299  -0.0000062741   0.0000509755  -0.0000033479
        0.0000098610   0.0000437273   0.0000500416   0.0000159319  -0.0000417325
       -0.0000246337   0.0000012771  -0.0000159540  -0.0000118438  -0.0000150375
        0.0000552822   0.0000073384  -0.0000142428  -0.0007123434   0.0008402860
        0.0009024979  -0.1314203993   0.2175948258   0.0509862614   0.0005038408
        0.0004950510   0.0007510256   0.0008632092  -0.0015310660  -0.0003978953
        0.0000083076  -0.0001137434   0.0004308037
        0.0000304924   0.0000267544   0.0000390649  -0.0000381273  -0.0000173366
       -0.0001983931   0.0000118374  -0.0000097635   0.0000652683   0.0001571435
       -0.0015645071   0.0077892505   0.0005330735  -0.0004976708   0.0007207391
        0.0318048357  -0.0418983334  -0.0454107035   0.0040522380  -0.0059521118
       -0.0008355560  -0.0005096474  -0.0029828702   0.0073639104  -0.0001925968
        0.0001815117  -0.0001750188  -0.0000015625  -0.0000068898  -0.0000069432
       -0.0000080996  -0.0000031577  -0.0000076691   0.0000269062   0.0000090008
        0.0000084880   0.0000084414   0.0000149848  -0.0000150650  -0.0000172128
       -0.0000030042  -0.0000010814  -0.0000086248   0.0000051739  -0.0000058275
        0.0000053033  -0.0000113012  -0.0000063383  -0.0002614535   0.0008666330
       -0.0025143940  -0.0357798996   0.0509862614   0.0374905764   0.0000285369
        0.0007862749  -0.0024296976   0.0002061775  -0.0003641296  -0.0001084402
       -0.0000477612   0.0004344812  -0.0017621700
       -0.0001028495  -0.0000702436   0.0000227591   0.0002032214   0.0002034341
        0.0000042970  -0.0000882679  -0.0000492028  -0.0000509192   0.0009574400
        0.0002238077   0.0000328763   0.0003194237  -0.0027879193  -0.0004863187
       -0.0147178224  -0.0034653302  -0.0004579190  -0.2936266286  -0.0354138685
       -0.0020072876  -0.0222308684  -0.0015734801   0.0001989883  -0.0014799020
        0.0036340318   0.0011360054   0.0000384930  -0.0000121864   0.0000117575
        0.0000687264   0.0000010174   0.0000289775  -0.0000646273   0.0000001117
       -0.0000062537   0.0000328440  -0.0000599330  -0.0000140327   0.0000647037
        0.0000206643  -0.0000319854   0.0000373297  -0.0000032225  -0.0000188313
       -0.0000626695  -0.0000032235   0.0000071449  -0.0009304469  -0.0002467043
       -0.0000385802   0.0009485443   0.0005038408   0.0000285369   0.3311017590
        0.0395116820   0.0017890500   0.0008439748  -0.0004148258  -0.0001893296
       -0.0013123773   0.0000015502   0.0000410644
        0.0000837379   0.0000700876   0.0000272533  -0.0000042949  -0.0000073051
        0.0004145316  -0.0000543280   0.0000872082   0.0000208989   0.0002106933
       -0.0006400205  -0.0001865118  -0.0021723736  -0.0041622914  -0.0029435619
       -0.0274051096  -0.0050150178  -0.0006427906  -0.0354090393  -0.0484300260
       -0.0026838476   0.0223609087   0.0024925201  -0.0000855791   0.0030447203
       -0.0025057140  -0.0026084898   0.0000091820  -0.0000194007  -0.0000056740
       -0.0000374382   0.0000073598  -0.0000117765   0.0000060790  -0.0000107278
        0.0000035229   0.0000697697  -0.0000141353  -0.0000020984  -0.0000373808
       -0.0000018643   0.0000170907   0.0000086202  -0.0000211775  -0.0000120235
       -0.0000133782   0.0000064989   0.0000251897  -0.0014702423  -0.0004705448
       -0.0000928820  -0.0007173863   0.0004950510   0.0007862749   0.0395116820
        0.0576173585   0.0072759795   0.0008161931   0.0005749873   0.0007546923
        0.0011993850  -0.0000528464  -0.0000501987
       -0.0002631572   0.0000542849   0.0000048711  -0.0000476833   0.0004146243
       -0.0015972039   0.0002830926   0.0000010117  -0.0000284784   0.0000202231
       -0.0001795504   0.0000469743  -0.0003289123  -0.0029313233   0.0073109083
       -0.0063604573  -0.0012699694   0.0003246408  -0.0020102407  -0.0026703141
       -0.0344051072   0.0061014550   0.0005306365   0.0004649795   0.0009891896
       -0.0026185882   0.0070903161  -0.0000047703  -0.0000138900   0.0000063052
       -0.0000177632   0.0000014971  -0.0000063522  -0.0000404103   0.0000611400
       -0.0000415933   0.0000128827  -0.0000059525  -0.0000078600  -0.0000036124
        0.0000007030   0.0000018720   0.0000076234  -0.0000014996   0.0000097032
        0.0000405429  -0.0000319113  -0.0000690817  -0.0003384916  -0.0001260666
        0.0000365684  -0.0002662534   0.0007510256  -0.0024296976   0.0017890500
        0.0072759795   0.0256578442   0.0001096324   0.0007798909  -0.0023783219
        0.0003280602  -0.0000217282   0.0000087129
       -0.0000288967  -0.0000329938   0.0000066400  -0.0003173372  -0.0013127590
       -0.0003145277  -0.0000338315  -0.0000270713  -0.0000249059  -0.0057840172
       -0.0006458939   0.0002174865  -0.0003632431   0.0005906863   0.0001520231
       -0.0013634201   0.0031209820   0.0010101649   0.0060951543   0.0157939938
        0.0037528317  -0.0790541031  -0.0852113953  -0.0198241552  -0.0135515031
       -0.0276446993  -0.0064437065   0.0000274872  -0.0000041140   0.0000517680
        0.0000324896  -0.0000674959   0.0000167575  -0.0000259684   0.0000176127
        0.0000009997  -0.0004640259  -0.0001904276  -0.0000387192   0.0000319223
       -0.0000483300  -0.0000471857   0.0000230243   0.0000266618  -0.0000481956
       -0.0000269084   0.0000171212   0.0000108635  -0.0000519299  -0.0000279825
       -0.0000526323   0.0001816644   0.0008632092   0.0002061775   0.0008439748
        0.0008161931   0.0001096324   0.0931770028   0.0947227345   0.0215357456
        0.0006524648  -0.0007560320  -0.0002770625
       -0.0000109089   0.0000064034   0.0000419568   0.0001101682  -0.0003577315
       -0.0000937391  -0.0000332424   0.0000334995  -0.0000239206  -0.0013522307
        0.0017174191  -0.0015790510   0.0005345651   0.0008550454   0.0002324409
        0.0037627779  -0.0025871139  -0.0026904992  -0.0081461238  -0.0244723472
       -0.0060003674  -0.0851936447  -0.2506618950  -0.0510625569  -0.0041149471
       -0.0065334350  -0.0016973074   0.0000326006  -0.0000260729  -0.0000045557
       -0.0000086212   0.0000075711   0.0000092446  -0.0000464745   0.0000135309
       -0.0000109969  -0.0001198234  -0.0001320398  -0.0000020042  -0.0000116788
        0.0000068061  -0.0000059895   0.0000358359  -0.0000230357  -0.0000098491
       -0.0000488190   0.0000032952   0.0000218642  -0.0000300803  -0.0001359873
        0.0004187562  -0.0003609367  -0.0015310660  -0.0003641296  -0.0004148258
        0.0005749873   0.0007798909   0.0947227345   0.2823966663   0.0611636749
        0.0006936750   0.0008454999   0.0008771379
       -0.0000389288   0.0000262939  -0.0000070072   0.0000439036  -0.0000607526
        0.0000035975   0.0000266292  -0.0000023643  -0.0000341332   0.0000290093
       -0.0015961568   0.0078866064   0.0001483202   0.0002277709  -0.0000887907
        0.0011556017  -0.0026759819   0.0072494510  -0.0021508327  -0.0066242389
       -0.0008453578  -0.0198065173  -0.0510651809  -0.0464059414  -0.0006601495
       -0.0010856638   0.0005185835   0.0000114588  -0.0000080681  -0.0000114534
       -0.0000085140  -0.0000161912   0.0000013355  -0.0000163260  -0.0000053591
       -0.0000115302  -0.0000178367  -0.0000003021  -0.0001040404   0.0000035780
        0.0000184107   0.0000071428   0.0000031298   0.0000007888  -0.0000080836
       -0.0000065037   0.0000126416   0.0000005269  -0.0000530459   0.0004180312
       -0.0017234173  -0.0000918617  -0.0003978953  -0.0001084402  -0.0001893296
        0.0007546923  -0.0023783219   0.0215357456   0.0611636749   0.0386074733
        0.0000824696   0.0009158505  -0.0025481994
       -0.0005002917  -0.0008729414  -0.0003007262   0.0002401325  -0.0004409505
       -0.0001885065  -0.0003891620  -0.0007743650  -0.0001298990   0.0064093798
       -0.0054712583  -0.0014968454   0.0000547905  -0.0021799208  -0.0003313735
        0.0000049895  -0.0006724156  -0.0001721578  -0.0057255298  -0.0013903327
        0.0000236768  -0.0219543856   0.0237787894   0.0064714796  -0.1354734277
        0.1177826494   0.0318272137   0.0000502785   0.0001515987   0.0001077374
       -0.0007473501  -0.0000413141  -0.0008539874  -0.0000246496   0.0001341861
        0.0001054981   0.0000631611   0.0001208972   0.0000193404  -0.0004908146
       -0.0004064936   0.0006867290   0.0000366705   0.0001821649  -0.0000270759
       -0.0000285502   0.0001324269  -0.0000245837   0.0001175797  -0.0005071123
       -0.0001276014  -0.0000186270   0.0000083076  -0.0000477612  -0.0013123773
        0.0011993850   0.0003280602   0.0006524648   0.0006936750   0.0000824696
        0.1590357187  -0.1314269760  -0.0359516866
        0.0003483469   0.0001276349   0.0001367703   0.0010920888   0.0003948510
        0.0006995697   0.0000122098  -0.0000441632  -0.0000836755   0.0166235044
       -0.0242742760  -0.0067020309  -0.0026817195  -0.0043364602  -0.0029529045
       -0.0007486312   0.0003863722   0.0001651691  -0.0007471512   0.0017388808
       -0.0015741497  -0.0001853137   0.0012485327   0.0001253354   0.1184810159
       -0.1949100264  -0.0429663304   0.0000418939  -0.0000342782  -0.0000179534
       -0.0005745464   0.0006626949  -0.0003301366   0.0000503606   0.0000826802
       -0.0000101133   0.0003151655   0.0001629244   0.0000616471  -0.0008794533
        0.0002261449   0.0007410018   0.0000562104  -0.0000201805  -0.0000096209
        0.0000451633   0.0001626270   0.0001011602   0.0008910937  -0.0015565574
       -0.0003794458   0.0000412199  -0.0001137434   0.0004344812   0.0000015502
       -0.0000528464  -0.0000217282  -0.0007560320   0.0008454999   0.0009158505
       -0.1314269760   0.2193036889   0.0516671040
       -0.0005828005  -0.0003681338  -0.0001760678   0.0001912840   0.0007435554
       -0.0023505851   0.0006654672   0.0004607446  -0.0000266088   0.0039629646
       -0.0061402493  -0.0005022691  -0.0004540725  -0.0029574943   0.0071821367
       -0.0001973283   0.0001707509  -0.0001552195   0.0001751294  -0.0015511201
        0.0077891461   0.0005615098  -0.0005245366   0.0006123967   0.0319914235
       -0.0429157897  -0.0451395424   0.0000332325  -0.0000208774  -0.0000389372
       -0.0010250816   0.0000025084  -0.0002989899   0.0000136865   0.0002665243
       -0.0000084500   0.0000653288   0.0000714099  -0.0001100336   0.0006030627
        0.0003668156  -0.0000552630  -0.0000067306  -0.0000056648  -0.0000177935
        0.0000109087  -0.0001752910  -0.0001069706   0.0002154746  -0.0003479989
       -0.0001967993  -0.0000357739   0.0004308037  -0.0017621700   0.0000410644
       -0.0000501987   0.0000087129  -0.0002770625   0.0008771379  -0.0025481994
       -0.0359516866   0.0516671040   0.0379015067
