           1           2  0.975051265292937     
           2           3  0.957405458275839     
           2           4  0.961608094313465     
           4           5  0.959042980916744     
           4           6  0.966194079837292     
           6           7  0.957511067983323     
           6           8  0.977094234976275     
           8           9  0.956064829323390     
           8          10  0.943760211235333     
          10          11  0.948536143983416     
           2          12  0.956974092366373     
          10          12  0.960997084710233     
          10          13   1.01991777894503     
           8          14   1.00146836823985     
           6          15   1.00087007074456     
           4          16  0.998654745011972     
           1          17   1.01239408835128     
           1          18  0.967000059146548     
           1          19  0.966500167959974     
          13          20  0.830469050772115     
          14          21  0.845729996552472     
          15          22  0.845977691753279     
          16          23  0.850012692510351     
          17          24  0.856230807544205     
